0.950000
0.958333
0.966667
0.929167
0.937500
0.941667
0.937500
0.975000
0.966667
0.937500
0.912500
0.941667
0.204167
0.725000
0.925000
0.945833
0.937500
0.950000
0.958333
0.950000
0.970833
0.945833
0.958333
0.970833
0.950000
0.920833
0.937500
0.970833
0.995833
0.945833
0.941667
0.929167
0.941667
1.000000
0.979167
0.954167
0.945833
0.954167
0.979167
0.970833
0.975000
0.962500
0.945833
0.933333
0.950000
0.983333
0.945833
0.975000
0.975000
0.941667
0.533333
0.400000
0.920833
0.937500
0.970833
1.004167
1.004167
0.979167
0.970833
0.983333
0.991667
0.975000
0.966667
0.954167
0.991667
0.970833
1.004167
1.025000
1.025000
1.004167
1.000000
1.012500
1.025000
1.008333
0.958333
0.966667
0.975000
0.966667
0.970833
1.004167
0.950000
0.975000
0.970833
1.004167
1.012500
1.008333
1.020833
1.000000
1.008333
1.008333
1.008333
0.975000
1.008333
1.033333
1.029167
0.966667
0.991667
0.975000
0.991667
0.958333
0.950000
0.950000
0.966667
0.995833
1.025000
1.012500
0.991667
0.958333
0.945833
0.966667
0.954167
0.929167
0.941667
1.004167
1.000000
0.962500
0.987500
0.970833
0.941667
0.966667
0.941667
0.995833
1.012500
0.941667
0.970833
0.983333
0.995833
0.945833
0.983333
0.945833
0.954167
0.995833
1.004167
0.991667
0.920833
0.941667
0.966667
0.941667
0.958333
0.962500
0.925000
0.600000
0.320833
0.937500
0.966667
2.016667
0.983333
1.000000
0.954167
0.933333
0.950000
0.937500
0.995833
0.966667
0.995833
1.029167
1.016667
0.970833
0.979167
0.991667
0.987500
0.954167
0.991667
1.012500
0.962500
0.962500
0.945833
0.937500
0.962500
0.966667
0.987500
0.975000
0.945833
0.950000
0.975000
0.966667
0.979167
0.975000
0.987500
1.004167
0.983333
0.966667
0.970833
0.995833
0.991667
0.979167
0.958333
0.995833
0.983333
0.941667
0.937500
0.941667
0.916667
0.916667
0.883333
0.937500
0.975000
0.991667
0.983333
1.012500
1.012500
1.054167
1.000000
0.975000
1.070833
1.000000
0.950000
0.979167
1.145833
0.729167
1.079167
1.004167
1.000000
1.000000
0.937500
0.958333
0.966667
0.966667
0.950000
0.950000
0.933333
0.975000
1.012500
1.033333
1.029167
0.975000
0.950000
0.975000
0.991667
0.966667
0.725000
0.225000
1.083333
0.870833
0.991667
1.004167
0.945833
0.950000
0.966667
0.970833
0.966667
0.966667
0.958333
0.958333
0.379167
0.604167
0.987500
0.991667
0.945833
0.950000
0.979167
0.995833
0.966667
0.979167
0.625000
0.208333
1.191667
1.004167
1.012500
0.983333
0.979167
0.995833
0.945833
0.966667
0.987500
1.004167
0.987500
0.979167
0.950000
0.970833
0.979167
0.995833
0.958333
0.995833
0.983333
0.920833
0.941667
0.920833
0.950000
0.950000
0.954167
0.991667
0.966667
0.975000
0.975000
0.987500
0.970833
0.945833
0.945833
0.975000
0.966667
0.945833
0.958333
0.954167
0.954167
0.950000
0.966667
0.983333
0.941667
0.945833
0.945833
0.979167
0.975000
0.995833
0.954167
0.962500
0.983333
0.975000
0.987500
0.958333
0.920833
0.883333
0.929167
0.933333
0.983333
0.991667
0.966667
0.991667
0.958333
0.983333
1.012500
0.966667
1.012500
0.766667
0.254167
0.787500
1.170833
1.016667
0.975000
0.970833
0.975000
1.016667
0.991667
1.033333
1.000000
1.004167
0.991667
0.987500
1.000000
1.004167
0.983333
0.970833
0.970833
0.379167
0.600000
0.995833
0.950000
0.779167
1.145833
0.983333
1.012500
0.954167
0.991667
0.995833
0.983333
0.962500
0.970833
0.995833
0.975000
1.008333
1.025000
1.045833
1.012500
1.016667
1.083333
1.045833
1.000000
1.020833
0.991667
0.975000
1.000000
0.995833
0.970833
1.008333
0.966667
0.995833
0.979167
0.987500
1.025000
0.962500
1.020833
1.033333
1.012500
1.025000
0.987500
0.991667
0.979167
0.966667
0.958333
0.679167
0.916667
1.008333
1.016667
1.029167
1.033333
1.041667
1.045833
1.058333
1.025000
1.054167
1.020833
1.008333
0.358333
0.891667
0.775000
0.991667
0.854167
1.229167
1.058333
1.050000
1.020833
1.041667
1.012500
0.995833
1.016667
1.020833
1.012500
1.004167
0.995833
0.987500
0.995833
1.016667
1.012500
0.991667
0.762500
1.183333
0.991667
0.966667
0.954167
0.979167
0.979167
0.683333
0.304167
0.970833
0.991667
0.995833
0.975000
0.975000
1.000000
0.987500
1.004167
1.020833
0.987500
1.016667
0.966667
0.941667
1.008333
1.000000
1.020833
1.020833
0.970833
0.941667
0.958333
0.945833
0.970833
1.008333
0.991667
0.954167
0.975000
0.983333
0.945833
0.966667
0.983333
1.000000
0.970833
0.970833
1.004167
0.966667
0.970833
0.983333
0.979167
0.970833
0.962500
0.983333
0.975000
0.979167
0.991667
0.925000
0.945833
0.979167
1.000000
0.954167
0.966667
0.991667
1.008333
0.929167
0.987500
0.995833
1.012500
1.012500
1.008333
1.054167
1.025000
0.983333
1.916667
1.012500
0.983333
0.966667
0.979167
1.012500
0.962500
0.950000
0.916667
1.062500
1.012500
1.004167
1.008333
0.950000
0.983333
1.012500
0.979167
1.008333
0.970833
1.008333
0.970833
0.966667
0.950000
0.937500
0.987500
0.979167
0.979167
1.008333
1.012500
1.004167
1.004167
1.025000
1.000000
0.983333
0.991667
1.008333
0.958333
0.966667
0.979167
0.945833
0.983333
1.004167
0.962500
0.970833
1.016667
1.012500
0.983333
1.000000
1.012500
1.012500
0.945833
0.970833
0.958333
0.933333
1.000000
0.991667
0.945833
0.929167
0.945833
1.004167
0.887500
0.945833
0.941667
0.962500
0.991667
0.916667
0.941667
0.929167
0.937500
0.958333
0.850000
1.112500
0.983333
0.987500
0.950000
0.979167
1.000000
1.000000
0.962500
0.995833
0.979167
0.945833
0.975000
0.962500
1.000000
0.950000
0.954167
0.958333
0.937500
0.954167
0.970833
0.937500
0.966667
0.958333
0.954167
0.958333
0.979167
0.808333
1.170833
0.954167
0.945833
0.954167
0.995833
0.954167
0.975000
0.995833
0.991667
0.966667
0.979167
0.995833
1.008333
0.975000
0.987500
1.004167
0.970833
0.954167
0.962500
0.983333
1.012500
0.991667
0.962500
0.962500
0.983333
0.991667
0.983333
1.012500
0.970833
0.954167
0.970833
0.966667
0.937500
0.950000
0.941667
0.995833
0.970833
0.950000
0.975000
0.991667
0.950000
0.791667
1.170833
0.975000
0.937500
0.950000
0.954167
0.933333
0.916667
0.920833
0.895833
0.912500
0.883333
0.887500
