0.766667
0.754167
0.779167
0.775000
0.779167
0.762500
0.762500
0.766667
0.762500
0.800000
0.754167
0.779167
0.787500
0.779167
0.783333
0.770833
0.783333
0.525000
1.029167
0.529167
1.000000
0.808333
0.754167
0.787500
0.795833
0.770833
0.770833
0.779167
0.804167
0.783333
0.783333
0.737500
0.825000
0.804167
0.791667
0.783333
0.779167
0.800000
0.800000
0.795833
0.779167
0.779167
0.800000
0.800000
0.783333
0.779167
0.791667
0.795833
0.791667
0.787500
0.775000
0.787500
0.808333
0.795833
0.787500
0.783333
0.791667
0.808333
0.800000
0.783333
0.770833
0.791667
0.779167
0.787500
0.779167
0.787500
0.783333
0.787500
0.779167
0.775000
0.570833
0.954167
0.691667
0.854167
0.787500
0.770833
0.766667
0.766667
0.766667
0.762500
0.787500
0.783333
0.775000
0.762500
0.766667
0.558333
0.983333
0.833333
0.770833
0.787500
0.775000
0.766667
0.762500
0.762500
0.779167
0.775000
0.766667
0.754167
0.766667
0.762500
0.783333
0.775000
0.766667
0.562500
0.950000
0.783333
0.775000
0.766667
0.570833
0.941667
0.783333
0.766667
0.762500
0.758333
0.745833
0.779167
0.766667
0.758333
0.750000
0.754167
0.650000
0.900000
0.762500
0.754167
0.754167
0.750000
0.750000
0.645833
0.900000
0.733333
0.800000
0.762500
0.787500
0.783333
0.779167
0.775000
0.716667
0.829167
0.795833
0.783333
0.779167
0.770833
0.783333
0.795833
0.804167
0.791667
0.779167
0.783333
0.804167
0.808333
0.808333
0.595833
0.991667
0.808333
0.504167
1.037500
0.845833
0.825000
0.783333
0.820833
0.745833
0.891667
0.812500
0.795833
0.829167
0.816667
0.808333
0.620833
0.975000
0.579167
1.020833
0.825000
0.779167
0.787500
0.800000
0.629167
0.958333
0.791667
0.779167
0.591667
0.516667
0.895833
0.825000
0.825000
0.550000
0.987500
0.825000
0.820833
0.820833
0.770833
0.766667
0.779167
0.629167
0.950000
0.783333
0.766667
0.570833
0.966667
0.545833
1.025000
0.575000
0.995833
0.795833
0.766667
0.787500
0.775000
0.770833
0.766667
0.766667
0.779167
0.783333
0.770833
0.762500
0.766667
0.770833
0.775000
0.779167
0.783333
0.766667
0.516667
0.975000
0.779167
0.766667
0.758333
0.750000
0.754167
0.741667
0.808333
0.762500
1.508333
0.820833
0.770833
0.608333
0.912500
0.579167
0.970833
0.791667
0.758333
0.762500
0.783333
0.783333
0.775000
0.762500
0.775000
0.791667
0.779167
0.775000
0.766667
0.775000
0.787500
0.787500
0.775000
0.762500
0.775000
0.770833
0.800000
0.779167
0.762500
0.766667
0.783333
0.766667
0.762500
0.762500
0.791667
0.787500
0.783333
0.762500
0.800000
0.795833
0.783333
0.779167
0.787500
0.800000
0.787500
0.779167
0.770833
0.795833
0.800000
0.791667
0.791667
0.779167
0.808333
0.804167
0.791667
0.787500
0.816667
0.800000
0.787500
0.770833
0.804167
0.795833
0.791667
0.800000
0.800000
0.800000
0.804167
0.800000
0.783333
0.758333
0.758333
0.775000
0.779167
0.787500
0.783333
0.775000
0.787500
0.766667
0.762500
0.762500
0.745833
0.766667
0.779167
0.787500
0.787500
0.779167
0.787500
0.779167
0.770833
0.762500
0.766667
0.766667
0.787500
0.779167
0.766667
0.750000
0.758333
0.766667
0.779167
0.775000
0.770833
0.762500
0.770833
0.783333
0.795833
0.779167
0.775000
0.762500
0.791667
0.783333
0.775000
0.762500
0.787500
0.787500
0.775000
0.770833
0.762500
0.779167
0.783333
0.770833
0.766667
0.762500
0.783333
0.775000
0.770833
0.758333
0.758333
0.775000
0.779167
0.770833
0.762500
0.766667
0.783333
0.783333
0.775000
0.762500
0.766667
0.775000
0.766667
0.779167
0.783333
0.766667
0.541667
0.958333
0.829167
0.758333
0.775000
0.762500
0.779167
0.787500
0.783333
0.783333
0.791667
0.791667
0.783333
0.766667
0.779167
0.779167
0.787500
0.775000
0.787500
0.787500
0.775000
0.770833
0.758333
0.783333
0.775000
0.762500
0.766667
0.766667
0.779167
0.770833
0.766667
0.758333
0.758333
0.775000
0.787500
0.775000
0.791667
0.779167
0.770833
0.758333
0.770833
0.754167
0.787500
0.758333
0.787500
0.762500
0.758333
0.783333
0.787500
0.770833
0.758333
0.762500
0.787500
0.783333
0.770833
0.758333
0.787500
0.783333
0.516667
1.012500
0.833333
0.783333
0.775000
0.758333
0.800000
0.791667
0.775000
0.770833
0.770833
0.800000
0.783333
0.775000
0.770833
0.791667
0.779167
0.775000
0.583333
0.795833
0.516667
1.008333
0.745833
0.925000
0.591667
0.987500
0.808333
0.791667
0.779167
0.779167
0.750000
0.791667
0.658333
0.887500
0.741667
0.883333
0.687500
0.883333
0.629167
0.941667
0.787500
0.800000
0.591667
0.975000
0.791667
0.779167
0.550000
1.016667
0.820833
0.787500
0.779167
0.783333
0.595833
1.004167
0.787500
0.779167
0.554167
1.029167
0.820833
0.775000
0.725000
0.845833
0.800000
0.800000
0.787500
0.816667
0.795833
0.795833
0.783333
0.775000
0.562500
0.987500
0.766667
0.816667
0.779167
0.754167
0.779167
0.779167
0.787500
0.616667
0.908333
0.829167
0.783333
0.787500
0.779167
0.770833
0.762500
0.779167
0.770833
0.762500
0.762500
0.779167
0.775000
0.770833
0.745833
0.766667
0.762500
0.779167
0.775000
0.791667
0.779167
0.770833
0.754167
0.520833
0.975000
0.800000
0.775000
0.779167
0.558333
0.962500
0.762500
0.770833
0.787500
0.770833
0.775000
0.754167
0.762500
0.783333
0.750000
0.770833
0.658333
0.912500
0.770833
0.758333
0.766667
0.770833
0.783333
0.687500
0.875000
0.766667
0.766667
0.775000
0.550000
0.941667
0.795833
0.791667
0.787500
0.750000
0.775000
0.808333
0.800000
0.766667
0.787500
0.808333
0.800000
0.795833
0.787500
0.779167
0.787500
0.779167
0.770833
0.787500
0.808333
0.791667
0.775000
0.795833
0.795833
0.770833
0.779167
0.775000
0.775000
0.791667
0.795833
0.795833
0.787500
0.766667
0.791667
0.779167
0.804167
0.795833
0.791667
0.770833
0.779167
0.812500
0.800000
0.791667
0.787500
0.775000
0.800000
0.783333
0.783333
0.779167
0.800000
0.804167
0.770833
0.812500
0.829167
0.804167
0.791667
0.812500
0.812500
0.841667
0.808333
0.787500
0.816667
0.825000
0.816667
0.820833
0.808333
0.800000
0.758333
0.837500
0.816667
0.795833
0.791667
0.775000
0.783333
0.795833
0.795833
0.795833
0.812500
0.795833
0.800000
0.775000
0.762500
0.775000
0.800000
0.779167
0.775000
0.762500
0.762500
0.795833
0.783333
0.775000
0.762500
0.762500
0.754167
0.770833
0.779167
0.779167
0.775000
0.754167
0.766667
0.783333
0.783333
0.612500
0.679167
0.516667
0.966667
0.816667
0.804167
0.808333
0.800000
0.779167
0.666667
0.825000
0.729167
0.858333
0.691667
0.845833
0.591667
0.541667
1.008333
0.808333
0.816667
0.816667
0.783333
0.804167
0.816667
0.783333
0.775000
0.495833
0.991667
0.812500
0.825000
0.716667
0.904167
0.554167
0.779167
0.633333
0.979167
0.883333
0.833333
0.833333
0.837500
0.841667
0.804167
0.812500
0.808333
0.791667
0.783333
0.633333
0.554167
1.175000
0.833333
0.795833
0.808333
0.804167
0.683333
0.770833
0.512500
1.016667
0.633333
1.008333
0.841667
0.841667
0.837500
0.800000
0.779167
0.783333
0.587500
0.566667
1.183333
0.829167
0.783333
0.554167
1.008333
0.841667
0.770833
0.783333
0.783333
0.820833
0.795833
0.783333
0.791667
0.808333
0.804167
0.787500
0.783333
0.808333
0.562500
1.012500
0.787500
0.779167
0.800000
0.675000
0.908333
0.779167
0.775000
0.791667
0.783333
0.775000
0.770833
0.775000
0.791667
0.795833
0.775000
0.787500
0.600000
0.975000
0.787500
0.775000
0.570833
0.987500
0.791667
0.758333
0.779167
0.779167
0.783333
0.770833
0.762500
0.775000
0.783333
0.562500
0.958333
0.783333
0.770833
0.529167
0.983333
0.804167
0.741667
0.758333
0.758333
0.625000
0.920833
0.641667
0.870833
0.616667
0.904167
