1.375000
0.925000
0.737500
0.779167
0.808333
1.304167
0.841667
1.329167
0.908333
1.000000
1.175000
1.504167
1.633333
0.762500
1.341667
1.525000
1.345833
0.783333
1.083333
0.808333
1.008333
1.683333
0.841667
0.812500
0.983333
1.370833
0.950000
0.916667
0.825000
0.841667
1.666667
0.966667
0.816667
1.095833
0.670833
0.979167
0.783333
1.387500
1.695833
1.154167
1.158333
0.750000
0.800000
1.354167
1.033333
0.816667
0.912500
1.183333
1.083333
0.975000
0.875000
0.912500
0.804167
1.195833
0.820833
1.233333
1.112500
0.779167
1.579167
0.716667
1.720833
1.350000
1.412500
1.137500
0.987500
0.991667
1.595833
1.566667
1.129167
0.825000
1.029167
1.654167
0.704167
0.841667
1.100000
1.108333
1.200000
0.704167
0.825000
0.783333
1.004167
0.841667
0.975000
1.304167
1.395833
1.520833
1.016667
0.829167
0.862500
0.966667
0.850000
1.225000
1.300000
1.095833
1.462500
1.616667
0.712500
0.941667
0.850000
1.216667
1.004167
1.079167
1.520833
1.900000
1.004167
0.870833
0.741667
0.958333
1.095833
1.162500
0.754167
1.216667
1.112500
1.770833
1.725000
1.295833
0.920833
1.000000
0.929167
0.966667
0.962500
1.362500
1.712500
1.045833
1.083333
0.695833
1.845833
1.079167
0.850000
1.208333
0.779167
0.845833
1.116667
0.879167
0.716667
1.337500
0.741667
1.116667
1.600000
0.808333
1.208333
1.462500
1.020833
0.983333
1.612500
1.245833
1.245833
0.841667
0.687500
0.954167
1.370833
0.870833
0.695833
0.745833
0.883333
0.875000
1.258333
1.766667
1.575000
1.166667
1.079167
1.412500
1.458333
1.270833
0.854167
0.925000
0.875000
1.000000
0.920833
0.808333
0.908333
1.404167
1.154167
0.925000
1.270833
1.337500
0.995833
1.366667
0.704167
0.804167
1.783333
0.987500
0.812500
1.658333
0.766667
1.075000
1.183333
1.133333
0.970833
1.062500
0.733333
1.412500
0.729167
1.295833
1.629167
1.654167
0.679167
0.995833
1.170833
0.912500
0.862500
1.520833
1.129167
1.133333
0.966667
0.691667
0.812500
1.391667
1.079167
1.295833
0.808333
1.791667
0.704167
1.150000
1.237500
0.941667
1.683333
1.070833
0.708333
0.879167
1.745833
1.058333
1.095833
1.200000
1.266667
0.991667
1.208333
1.083333
0.779167
0.850000
1.341667
0.762500
0.670833
1.120833
0.970833
1.079167
1.170833
1.179167
0.625000
1.262500
0.650000
1.025000
0.804167
0.766667
1.200000
0.654167
0.679167
0.762500
0.775000
1.500000
1.358333
0.970833
0.858333
0.733333
1.483333
0.683333
0.912500
1.237500
1.095833
0.879167
0.833333
1.091667
1.125000
0.833333
1.020833
1.329167
0.712500
1.462500
1.479167
0.950000
0.870833
0.658333
0.883333
1.016667
1.112500
1.525000
1.345833
0.745833
0.962500
0.804167
1.620833
1.104167
0.754167
0.779167
0.975000
0.900000
0.845833
1.312500
1.279167
0.837500
0.733333
1.091667
1.083333
1.275000
0.991667
0.987500
0.866667
0.725000
0.979167
0.970833
0.733333
1.158333
1.366667
1.287500
1.329167
0.812500
0.787500
1.029167
1.250000
0.970833
1.725000
1.095833
0.970833
0.983333
1.229167
1.254167
1.275000
0.875000
1.025000
0.887500
0.833333
0.916667
1.100000
0.675000
1.283333
1.012500
1.325000
1.091667
0.720833
1.287500
0.925000
0.966667
1.125000
0.916667
1.133333
1.687500
1.091667
0.995833
1.600000
0.791667
0.925000
1.133333
1.608333
1.441667
1.300000
0.920833
0.691667
1.020833
0.608333
1.391667
0.725000
0.595833
1.058333
1.075000
0.670833
0.962500
0.825000
0.704167
1.137500
0.991667
1.145833
0.650000
0.833333
1.541667
1.162500
1.283333
1.466667
1.200000
0.925000
0.891667
1.241667
0.816667
0.904167
0.916667
1.370833
0.954167
0.758333
1.058333
0.829167
0.904167
1.270833
0.770833
2.012500
1.608333
1.141667
0.675000
1.033333
0.858333
0.837500
1.683333
0.679167
1.241667
0.845833
0.991667
1.350000
0.866667
1.095833
0.770833
1.016667
0.779167
0.754167
1.762500
0.841667
0.979167
1.183333
1.112500
1.220833
0.712500
1.458333
0.895833
1.225000
0.829167
1.045833
1.429167
0.812500
0.850000
1.091667
1.479167
0.745833
0.800000
0.808333
0.766667
1.620833
0.883333
0.845833
1.662500
0.737500
0.712500
1.350000
1.254167
0.700000
1.083333
0.687500
1.308333
1.020833
1.029167
0.966667
1.004167
1.333333
0.779167
1.183333
1.354167
0.766667
1.879167
0.891667
1.125000
0.966667
1.183333
0.666667
1.537500
1.079167
0.908333
0.875000
1.112500
0.870833
1.237500
0.845833
1.566667
1.604167
1.308333
0.829167
0.695833
0.916667
1.054167
1.625000
1.725000
1.175000
0.841667
1.004167
1.054167
0.641667
1.233333
0.745833
0.950000
0.916667
0.745833
0.779167
1.362500
0.737500
1.433333
0.762500
1.175000
0.745833
0.979167
1.262500
1.537500
1.166667
0.804167
0.758333
1.683333
1.112500
0.975000
1.033333
0.808333
1.112500
0.891667
0.908333
1.883333
1.866667
0.816667
1.104167
0.975000
1.250000
0.737500
1.091667
0.933333
0.895833
1.275000
1.129167
0.775000
1.295833
0.966667
1.583333
0.875000
1.383333
0.870833
1.041667
1.237500
1.795833
0.912500
0.833333
1.100000
0.650000
1.275000
1.116667
0.975000
0.966667
1.258333
1.420833
0.708333
1.104167
1.429167
1.233333
0.891667
1.000000
0.875000
0.658333
1.475000
0.741667
0.979167
0.783333
1.091667
1.137500
0.812500
1.012500
0.925000
1.245833
1.500000
1.345833
1.916667
1.208333
0.870833
1.616667
1.012500
0.866667
0.900000
0.758333
1.020833
1.012500
0.954167
0.691667
1.304167
0.654167
0.912500
0.875000
0.616667
1.329167
1.166667
1.050000
0.750000
1.650000
0.770833
0.837500
0.758333
0.750000
1.445833
0.645833
0.804167
1.020833
0.875000
1.558333
1.220833
