0.579167
0.583333
0.566667
0.583333
0.570833
0.562500
0.566667
0.562500
0.575000
0.562500
0.566667
0.579167
0.558333
0.575000
0.575000
0.558333
0.570833
0.579167
0.558333
0.575000
0.579167
0.566667
0.570833
0.579167
0.562500
0.575000
0.575000
0.562500
0.579167
0.579167
0.558333
0.583333
0.570833
0.562500
0.579167
0.570833
0.562500
0.583333
0.575000
0.562500
0.579167
0.587500
0.562500
0.579167
0.587500
0.566667
0.583333
0.587500
0.566667
0.583333
0.591667
0.566667
0.583333
0.591667
0.566667
0.587500
0.595833
0.570833
0.587500
0.591667
0.570833
0.591667
0.591667
0.570833
0.587500
0.591667
0.570833
0.583333
0.595833
0.570833
0.583333
0.591667
0.570833
0.587500
0.595833
0.575000
0.583333
0.600000
0.570833
0.591667
0.595833
0.570833
0.591667
0.587500
0.575000
0.600000
0.579167
0.583333
0.604167
0.575000
0.587500
0.604167
0.579167
0.587500
0.604167
0.575000
0.595833
0.595833
0.579167
0.595833
0.591667
0.575000
0.600000
0.587500
0.575000
0.595833
0.591667
0.579167
0.595833
0.595833
0.575000
0.591667
0.591667
0.570833
0.587500
0.583333
0.570833
0.591667
0.575000
0.679167
0.475000
0.575000
0.558333
0.583333
0.562500
0.558333
0.579167
0.558333
0.558333
0.575000
0.566667
0.554167
0.575000
0.566667
0.554167
0.570833
0.558333
0.558333
0.570833
0.558333
0.558333
0.570833
0.562500
0.554167
0.562500
0.566667
0.562500
0.554167
0.575000
0.570833
0.558333
0.579167
0.579167
0.579167
0.570833
0.591667
0.595833
0.587500
0.583333
0.604167
0.595833
0.587500
0.600000
0.595833
0.587500
0.687500
0.595833
0.487500
0.404167
0.166667
0.383333
0.583333
0.625000
0.745833
0.575000
0.587500
0.562500
0.570833
0.570833
0.566667
0.558333
0.575000
0.562500
0.562500
0.570833
0.558333
0.566667
0.570833
0.566667
0.558333
0.575000
0.566667
0.562500
0.575000
0.562500
0.558333
0.579167
0.570833
0.558333
0.575000
0.570833
0.554167
0.570833
0.562500
0.562500
0.562500
0.575000
0.554167
0.566667
0.562500
0.562500
0.558333
0.575000
0.554167
0.570833
0.570833
0.570833
0.558333
0.575000
0.562500
0.558333
0.579167
0.562500
0.570833
0.575000
0.579167
0.558333
0.570833
0.579167
0.562500
0.566667
0.587500
0.575000
0.562500
0.566667
0.595833
0.579167
0.587500
0.591667
0.579167
0.575000
0.583333
0.591667
0.579167
0.575000
0.587500
0.579167
0.575000
0.583333
0.579167
0.570833
0.579167
0.591667
0.562500
0.579167
0.587500
0.566667
0.575000
0.591667
0.566667
0.579167
0.587500
0.570833
0.575000
0.583333
0.570833
0.579167
0.583333
0.554167
0.562500
0.566667
0.570833
0.579167
0.562500
0.570833
0.562500
0.558333
0.579167
0.562500
0.562500
0.579167
0.550000
0.570833
0.566667
0.562500
0.562500
0.570833
0.550000
0.566667
0.570833
0.545833
0.566667
0.570833
0.562500
0.554167
0.570833
0.575000
0.558333
0.570833
0.575000
0.562500
0.566667
0.579167
0.566667
0.566667
0.583333
0.562500
0.566667
0.583333
0.566667
0.562500
0.579167
0.566667
0.570833
0.575000
0.575000
0.562500
0.579167
0.566667
0.562500
0.583333
0.570833
0.562500
0.575000
0.570833
0.562500
0.575000
0.570833
0.566667
0.570833
0.583333
0.562500
0.575000
0.575000
0.566667
0.558333
0.566667
0.570833
0.550000
0.570833
0.562500
0.558333
0.566667
0.570833
0.554167
0.566667
0.566667
0.558333
0.575000
0.562500
0.558333
0.570833
0.570833
0.558333
0.570833
0.575000
0.566667
0.566667
0.583333
0.562500
0.566667
0.579167
0.575000
0.562500
0.575000
0.579167
0.554167
0.575000
0.575000
0.566667
0.558333
0.579167
0.570833
0.562500
0.575000
0.575000
0.570833
0.566667
0.583333
0.566667
0.566667
0.583333
0.562500
0.570833
0.575000
0.583333
0.558333
0.575000
0.583333
0.575000
0.566667
0.587500
0.566667
0.575000
0.583333
0.562500
0.579167
0.583333
0.575000
0.570833
0.587500
0.566667
0.583333
0.570833
0.591667
0.566667
0.575000
0.587500
0.566667
0.583333
0.587500
0.575000
0.575000
0.591667
0.570833
0.575000
0.595833
0.575000
0.575000
0.587500
0.583333
0.566667
0.591667
0.575000
0.575000
0.591667
0.579167
0.566667
0.587500
0.579167
0.575000
0.587500
0.579167
0.575000
0.579167
0.591667
0.570833
0.583333
0.591667
0.570833
0.583333
0.595833
0.575000
0.575000
0.591667
0.579167
0.575000
0.587500
0.591667
0.575000
0.575000
0.595833
0.579167
0.575000
0.591667
0.583333
0.579167
0.583333
0.595833
0.566667
0.583333
0.595833
0.570833
0.575000
0.591667
0.591667
0.566667
0.583333
0.587500
0.562500
0.579167
0.579167
0.566667
0.566667
0.579167
0.575000
0.562500
0.579167
0.575000
0.562500
0.575000
0.575000
0.570833
0.566667
0.583333
0.562500
0.570833
0.579167
0.562500
0.562500
0.579167
0.570833
0.562500
0.575000
0.575000
0.558333
0.583333
0.579167
0.562500
0.575000
0.575000
0.562500
0.575000
0.575000
0.566667
0.566667
0.579167
0.570833
0.562500
0.579167
0.575000
0.558333
0.579167
0.579167
0.562500
0.575000
0.587500
0.562500
0.570833
0.587500
0.562500
0.570833
0.587500
0.583333
0.566667
0.575000
0.587500
0.562500
0.575000
0.583333
0.566667
0.566667
0.583333
0.583333
0.566667
0.579167
0.583333
0.562500
0.579167
0.583333
0.562500
0.583333
0.583333
0.570833
0.579167
0.591667
0.566667
0.583333
0.587500
0.566667
0.583333
0.591667
0.579167
0.570833
0.583333
0.591667
0.566667
0.583333
0.591667
0.566667
0.583333
0.591667
0.570833
0.570833
0.591667
0.575000
0.575000
0.591667
0.566667
0.583333
0.583333
0.570833
0.575000
0.595833
0.566667
0.575000
0.587500
0.570833
0.575000
0.579167
0.583333
0.562500
0.575000
0.579167
0.562500
0.579167
0.575000
0.566667
0.575000
0.583333
0.566667
0.575000
0.583333
0.570833
0.562500
0.583333
0.570833
0.566667
0.583333
0.575000
0.566667
0.587500
0.587500
0.562500
0.583333
0.587500
0.566667
0.583333
0.587500
0.566667
0.583333
0.591667
0.575000
0.570833
0.591667
0.579167
0.575000
0.591667
0.579167
0.575000
0.591667
0.595833
0.570833
0.579167
0.600000
0.579167
0.575000
0.591667
0.591667
0.579167
0.583333
0.600000
0.579167
0.575000
0.595833
0.591667
0.583333
0.575000
0.600000
0.587500
0.575000
0.591667
0.587500
0.566667
0.587500
0.583333
0.583333
0.575000
0.595833
0.587500
0.575000
0.591667
0.583333
0.570833
0.587500
0.587500
0.566667
0.583333
0.591667
0.562500
0.583333
0.583333
0.562500
0.579167
0.579167
0.566667
0.570833
0.587500
0.570833
0.570833
0.587500
0.570833
0.566667
0.591667
0.587500
0.562500
0.579167
0.587500
0.562500
0.579167
0.583333
0.562500
0.583333
0.583333
0.570833
0.570833
0.587500
0.575000
0.566667
0.587500
0.579167
0.562500
0.583333
0.583333
0.566667
0.579167
0.587500
0.562500
0.583333
0.579167
0.562500
0.579167
0.579167
0.570833
0.579167
0.583333
0.566667
0.575000
0.587500
0.558333
0.575000
0.579167
0.566667
0.562500
0.587500
0.570833
0.562500
0.583333
0.575000
0.558333
0.579167
0.583333
0.558333
0.575000
0.587500
0.566667
0.579167
0.587500
0.566667
0.583333
0.591667
0.570833
0.579167
0.591667
0.570833
0.587500
0.583333
0.566667
0.587500
0.591667
0.575000
0.570833
0.595833
0.587500
0.570833
0.591667
0.583333
0.570833
0.587500
0.591667
0.570833
0.579167
0.600000
0.579167
0.575000
0.595833
0.583333
0.566667
0.591667
0.587500
0.575000
0.579167
0.600000
0.566667
0.570833
0.591667
0.575000
0.566667
0.579167
0.583333
0.575000
0.550000
0.375000
0.195833
0.570833
0.575000
0.312500
0.250000
0.575000
0.283333
0.595833
0.154167
0.645833
0.529167
0.591667
0.270833
0.287500
0.575000
0.558333
0.566667
0.562500
0.575000
0.570833
0.545833
0.575000
0.575000
0.537500
0.566667
0.020833
0.554167
0.570833
0.516667
0.029167
0.554167
0.583333
0.575000
0.558333
0.545833
0.583333
0.558333
1.150000
0.541667
0.558333
0.566667
0.562500
0.566667
1.141667
0.545833
0.575000
0.575000
0.579167
0.570833
0.583333
0.579167
0.562500
0.583333
0.554167
0.587500
0.662500
0.466667
0.275000
0.304167
0.579167
0.570833
0.316667
0.262500
0.583333
0.570833
0.570833
0.570833
0.562500
0.579167
0.550000
0.575000
0.550000
0.587500
0.550000
0.550000
0.587500
0.591667
0.545833
0.679167
0.475000
0.554167
0.570833
0.312500
0.345833
0.458333
0.562500
0.566667
0.558333
0.583333
0.529167
0.570833
0.570833
0.566667
0.554167
0.579167
0.533333
0.566667
0.562500
0.558333
0.570833
0.554167
0.566667
0.545833
0.575000
0.545833
0.575000
0.545833
0.558333
0.558333
0.554167
0.562500
0.541667
0.570833
0.537500
0.566667
0.550000
0.554167
0.550000
0.558333
0.554167
0.537500
0.566667
0.537500
0.550000
0.550000
0.550000
0.558333
0.533333
0.554167
0.541667
0.550000
0.550000
0.541667
0.545833
0.550000
0.537500
0.541667
0.554167
0.537500
0.554167
0.550000
0.537500
0.558333
0.541667
0.545833
0.566667
0.554167
0.554167
0.537500
0.541667
0.575000
0.550000
0.558333
0.566667
0.545833
0.562500
0.558333
0.554167
0.570833
0.554167
0.566667
0.558333
0.562500
0.575000
0.554167
0.570833
0.570833
0.558333
0.583333
0.562500
0.575000
0.579167
0.570833
0.575000
0.579167
0.566667
0.595833
0.562500
0.595833
0.570833
0.587500
0.583333
0.570833
0.591667
0.562500
0.583333
0.575000
0.575000
0.583333
0.562500
0.583333
0.566667
0.579167
0.587500
0.562500
0.579167
0.570833
0.562500
0.587500
0.554167
0.579167
0.575000
0.554167
0.579167
0.566667
0.566667
0.583333
0.562500
0.566667
0.587500
0.562500
0.579167
0.579167
0.558333
0.583333
0.570833
0.566667
0.587500
0.562500
0.579167
0.579167
0.570833
0.575000
0.583333
0.558333
0.583333
0.570833
0.575000
0.579167
0.558333
0.587500
0.562500
0.579167
0.570833
0.566667
0.583333
0.570833
0.566667
0.583333
0.558333
0.570833
0.579167
0.566667
0.583333
0.566667
0.579167
0.583333
0.566667
0.579167
0.579167
0.566667
0.591667
0.575000
0.579167
0.583333
0.570833
0.587500
0.558333
0.583333
0.575000
0.562500
0.587500
0.562500
0.579167
0.583333
0.570833
0.566667
0.587500
0.558333
0.575000
0.570833
0.562500
0.575000
0.566667
0.558333
0.579167
0.579167
0.566667
0.575000
0.575000
0.554167
0.579167
0.566667
0.566667
0.583333
0.558333
0.575000
0.575000
0.558333
0.583333
0.570833
0.558333
0.587500
0.558333
0.575000
0.583333
0.554167
0.583333
0.566667
0.566667
0.583333
0.570833
0.562500
0.583333
0.554167
0.575000
0.579167
0.558333
0.579167
0.570833
0.562500
0.579167
0.579167
0.570833
0.579167
0.583333
0.558333
0.591667
0.566667
0.562500
0.587500
0.570833
0.566667
