0.925000
0.925000
0.925000
0.925000
0.929167
0.920833
0.925000
0.933333
0.925000
0.925000
0.937500
0.941667
0.933333
0.941667
0.950000
0.950000
0.941667
0.941667
0.945833
0.945833
0.945833
0.941667
0.937500
0.933333
0.937500
0.929167
0.933333
0.929167
0.916667
0.937500
0.925000
0.937500
0.933333
0.912500
0.937500
0.941667
0.929167
0.933333
0.937500
0.933333
0.925000
0.925000
0.933333
0.937500
0.925000
0.929167
0.916667
0.916667
0.920833
0.929167
0.929167
0.925000
0.941667
0.945833
0.941667
0.937500
0.950000
0.945833
0.937500
0.945833
0.945833
0.958333
0.941667
0.950000
0.937500
0.941667
0.933333
0.945833
0.941667
0.929167
0.933333
0.933333
0.941667
0.933333
0.937500
0.945833
0.945833
0.937500
0.937500
0.954167
0.941667
0.937500
0.937500
0.945833
0.941667
0.933333
0.933333
0.933333
0.912500
0.941667
0.925000
0.929167
0.912500
0.933333
0.925000
0.908333
0.925000
0.929167
0.925000
0.912500
0.925000
0.920833
0.916667
0.904167
0.920833
0.912500
0.908333
0.925000
0.920833
0.920833
0.933333
0.925000
0.925000
0.929167
0.925000
0.933333
0.929167
0.916667
0.925000
0.920833
0.929167
0.920833
0.933333
0.933333
0.929167
0.920833
0.929167
0.925000
0.933333
0.925000
0.929167
0.933333
0.929167
0.920833
0.933333
0.925000
0.925000
0.920833
0.920833
0.920833
0.916667
0.916667
0.920833
0.912500
0.916667
0.925000
0.929167
0.925000
0.920833
0.933333
0.933333
0.929167
0.920833
0.937500
0.929167
0.908333
0.941667
0.933333
0.920833
0.925000
0.916667
0.925000
0.925000
0.925000
0.925000
0.916667
0.925000
0.920833
0.920833
0.487500
1.166667
0.945833
0.925000
0.920833
0.929167
0.916667
0.916667
0.912500
0.916667
0.920833
0.920833
0.929167
0.925000
0.916667
0.920833
0.925000
0.920833
0.925000
0.929167
0.937500
0.933333
0.925000
0.929167
0.937500
0.925000
0.937500
0.937500
0.929167
0.933333
0.945833
0.929167
0.933333
0.929167
0.925000
0.925000
0.908333
0.929167
0.920833
0.920833
0.925000
0.925000
0.925000
0.929167
0.929167
0.929167
0.929167
0.920833
0.929167
0.925000
0.929167
0.920833
0.920833
0.920833
0.925000
0.925000
0.929167
0.929167
0.929167
0.933333
0.925000
0.925000
0.929167
0.941667
0.933333
0.937500
0.945833
0.945833
0.941667
0.941667
0.962500
0.958333
0.958333
0.954167
0.975000
0.958333
0.941667
0.941667
0.945833
0.945833
0.937500
0.945833
0.945833
0.937500
0.937500
0.941667
0.937500
0.933333
0.912500
0.933333
0.920833
0.920833
0.925000
0.920833
0.933333
0.925000
0.916667
0.929167
0.916667
0.920833
0.920833
0.933333
0.925000
0.925000
0.933333
0.933333
0.933333
0.929167
0.933333
0.929167
0.929167
0.925000
0.929167
0.920833
0.925000
0.925000
0.929167
0.929167
0.933333
0.937500
0.933333
0.925000
0.929167
0.933333
0.920833
0.925000
0.929167
0.920833
0.916667
0.920833
0.929167
0.925000
0.925000
0.929167
0.929167
0.925000
0.933333
0.933333
0.933333
0.925000
0.937500
0.937500
0.920833
0.929167
0.929167
0.933333
0.925000
0.941667
0.933333
0.933333
0.933333
0.937500
0.945833
0.941667
0.945833
0.941667
0.933333
0.937500
0.941667
0.933333
0.925000
0.929167
0.933333
0.920833
0.920833
0.916667
0.916667
0.912500
0.916667
0.916667
0.925000
0.916667
0.920833
0.929167
0.929167
0.920833
0.929167
0.925000
0.925000
0.929167
0.929167
0.929167
0.933333
0.937500
0.933333
0.929167
0.937500
0.941667
0.937500
0.925000
0.925000
0.937500
0.929167
0.925000
0.933333
0.933333
0.933333
0.925000
0.929167
0.920833
0.920833
0.920833
0.912500
0.908333
0.912500
0.916667
0.908333
0.916667
0.916667
0.933333
0.929167
0.916667
0.929167
0.933333
0.929167
0.933333
0.941667
0.937500
0.937500
0.937500
0.941667
0.941667
0.937500
0.937500
0.945833
0.954167
0.950000
0.954167
0.945833
0.950000
0.954167
0.950000
0.950000
0.950000
0.950000
0.941667
0.941667
0.937500
0.933333
0.920833
0.920833
0.929167
0.916667
0.912500
0.916667
0.929167
0.920833
0.916667
0.933333
0.941667
0.929167
0.929167
0.933333
0.929167
0.925000
0.937500
0.929167
0.920833
0.920833
0.900000
0.883333
0.879167
0.870833
0.866667
0.870833
0.870833
0.879167
0.887500
0.895833
0.891667
0.900000
0.904167
0.895833
0.904167
0.912500
0.904167
0.912500
0.929167
0.929167
0.925000
0.933333
0.925000
0.925000
0.920833
0.929167
0.929167
0.929167
0.929167
0.933333
0.937500
0.937500
0.929167
0.929167
0.933333
0.925000
0.925000
0.933333
0.925000
0.933333
0.925000
0.929167
0.925000
0.933333
0.925000
0.929167
0.925000
0.941667
0.933333
0.929167
0.929167
0.937500
0.925000
0.929167
0.925000
0.920833
0.925000
0.916667
0.925000
0.916667
0.925000
0.916667
0.912500
0.916667
0.912500
0.904167
0.916667
0.916667
0.916667
0.920833
0.916667
0.929167
0.920833
0.916667
0.925000
0.929167
0.929167
0.929167
0.933333
0.933333
0.920833
0.925000
0.929167
0.925000
0.920833
0.925000
0.920833
0.916667
0.916667
0.933333
0.920833
0.920833
0.933333
0.933333
0.933333
0.933333
0.929167
0.937500
0.929167
0.929167
0.933333
0.933333
0.929167
0.925000
0.937500
0.941667
0.933333
0.933333
0.945833
0.933333
0.941667
0.945833
0.933333
0.933333
0.933333
0.933333
0.941667
0.937500
0.933333
0.941667
0.937500
0.937500
0.933333
0.937500
0.933333
0.908333
0.979167
0.941667
0.941667
0.941667
0.958333
0.958333
0.945833
0.954167
0.954167
0.945833
0.945833
0.945833
0.945833
0.941667
0.945833
0.950000
0.941667
0.941667
0.945833
0.954167
0.941667
0.950000
0.950000
0.954167
0.941667
0.941667
0.945833
0.945833
0.766667
1.104167
0.941667
0.945833
0.929167
0.945833
0.937500
0.933333
0.954167
0.945833
0.937500
0.933333
0.954167
0.958333
0.954167
0.945833
0.958333
0.958333
0.945833
0.941667
0.962500
0.945833
0.937500
0.945833
0.958333
0.950000
0.945833
0.958333
0.954167
0.945833
0.958333
0.958333
0.954167
0.954167
0.958333
0.962500
0.958333
0.950000
0.954167
0.954167
0.950000
0.950000
0.941667
0.950000
0.933333
0.929167
0.933333
0.933333
0.925000
0.929167
0.933333
0.933333
0.925000
0.929167
0.933333
0.925000
0.920833
0.929167
0.933333
0.920833
0.929167
0.920833
0.929167
0.912500
0.912500
0.929167
0.933333
0.937500
0.925000
0.933333
0.937500
0.929167
0.929167
0.937500
0.937500
0.929167
0.941667
0.941667
0.937500
0.937500
0.945833
0.937500
0.941667
0.937500
0.945833
0.937500
0.937500
0.937500
