0.691667
0.512500
0.737500
0.658333
0.966667
0.691667
0.754167
0.566667
0.845833
0.458333
0.987500
0.712500
1.258333
0.845833
0.525000
0.691667
0.891667
0.720833
0.750000
0.529167
1.429167
0.854167
0.716667
0.704167
0.691667
0.725000
0.716667
0.708333
0.691667
0.733333
0.512500
0.933333
0.687500
0.695833
0.750000
0.570833
0.845833
0.687500
0.529167
0.812500
0.541667
0.991667
0.558333
0.912500
0.695833
0.691667
0.695833
0.620833
0.862500
0.683333
0.695833
0.587500
0.887500
0.700000
0.695833
0.733333
0.729167
0.562500
1.412500
0.741667
1.395833
0.687500
0.741667
0.870833
0.691667
0.670833
0.737500
0.733333
0.237500
0.825000
0.850000
0.800000
0.841667
0.708333
0.679167
0.766667
0.570833
0.841667
0.687500
0.770833
0.704167
0.700000
0.687500
0.729167
0.745833
0.550000
0.820833
0.679167
0.762500
0.704167
0.695833
0.679167
0.570833
0.904167
0.554167
1.379167
0.883333
0.570833
0.841667
0.683333
0.770833
0.541667
0.879167
0.687500
0.720833
0.745833
0.700000
0.687500
0.683333
0.733333
0.575000
0.841667
0.675000
0.566667
0.912500
0.704167
0.675000
0.679167
0.637500
1.425000
1.570833
0.720833
0.700000
1.270833
1.362500
1.487500
0.833333
0.600000
1.412500
1.445833
1.854167
0.829167
1.504167
1.500000
1.420833
1.562500
2.012500
0.612500
0.945833
0.575000
0.725000
0.716667
0.716667
0.541667
0.870833
0.866667
0.745833
0.712500
0.712500
0.604167
0.837500
0.600000
0.708333
0.700000
0.887500
0.737500
0.725000
0.716667
0.604167
0.733333
0.729167
0.866667
0.729167
0.562500
0.904167
0.733333
0.683333
0.629167
1.458333
0.812500
0.750000
0.595833
0.837500
0.687500
0.695833
0.541667
0.795833
0.533333
0.983333
0.716667
0.741667
0.695833
0.700000
0.691667
0.233333
1.145833
0.512500
0.775000
0.858333
0.737500
0.562500
0.833333
0.516667
0.720833
0.908333
0.695833
1.245833
0.845833
0.733333
0.704167
0.695833
0.716667
0.604167
0.691667
1.408333
0.862500
0.583333
0.833333
0.704167
0.729167
0.591667
0.841667
0.508333
0.750000
0.870833
0.725000
0.712500
0.666667
0.762500
0.562500
0.854167
0.700000
0.550000
0.887500
0.525000
0.900000
0.700000
0.733333
0.720833
0.654167
0.741667
0.579167
0.716667
0.808333
0.570833
0.879167
0.733333
0.712500
0.708333
0.708333
0.679167
0.766667
0.520833
0.900000
0.712500
0.720833
0.566667
0.725000
1.445833
0.858333
0.683333
0.720833
0.750000
0.566667
0.845833
0.683333
0.750000
0.508333
0.775000
0.558333
1.016667
0.745833
0.704167
0.695833
0.687500
0.737500
0.591667
0.716667
1.312500
0.829167
0.825000
0.554167
0.720833
0.420833
0.791667
0.858333
0.808333
0.704167
0.870833
0.704167
0.725000
0.541667
0.720833
1.604167
0.716667
0.733333
0.691667
0.733333
0.575000
0.850000
0.725000
0.562500
0.875000
0.687500
1.337500
0.833333
0.679167
0.737500
0.754167
0.687500
0.525000
0.687500
0.937500
0.570833
0.837500
0.687500
0.737500
1.312500
0.575000
0.733333
1.370833
0.800000
0.720833
0.700000
0.854167
0.495833
1.362500
1.383333
0.966667
0.691667
1.304167
1.391667
1.404167
2.450000
0.470833
1.408333
1.400000
1.445833
1.425000
1.437500
1.429167
1.458333
1.429167
1.420833
1.437500
1.441667
1.454167
1.462500
1.445833
1.454167
1.466667
1.462500
1.495833
2.266667
3.037500
16.229167
13.929167
2.733333
4.462500
0.733333
0.570833
0.733333
1.437500
0.708333
0.729167
0.841667
0.566667
0.870833
0.737500
0.570833
1.445833
0.870833
0.708333
0.720833
0.587500
0.850000
0.550000
0.716667
0.891667
1.304167
0.841667
0.725000
0.708333
0.575000
1.579167
0.704167
0.712500
0.725000
0.716667
1.295833
0.854167
0.733333
0.570833
0.858333
0.579167
0.854167
0.729167
0.716667
0.579167
0.729167
0.708333
0.866667
0.579167
0.879167
0.525000
0.891667
0.683333
0.737500
0.733333
0.500000
0.900000
0.712500
0.720833
0.566667
0.862500
0.716667
0.537500
0.695833
0.904167
0.700000
0.741667
0.704167
0.700000
0.737500
0.566667
0.862500
0.533333
0.895833
0.708333
0.700000
0.712500
0.725000
0.700000
0.700000
0.558333
1.612500
0.675000
0.687500
0.712500
0.745833
0.716667
0.700000
0.679167
0.737500
0.587500
0.858333
0.691667
0.691667
0.733333
0.725000
0.566667
0.654167
0.925000
0.716667
0.683333
0.708333
0.700000
0.758333
0.550000
0.866667
0.687500
0.566667
0.862500
0.725000
0.704167
0.691667
0.741667
0.712500
0.708333
0.700000
0.720833
0.708333
0.720833
0.708333
0.729167
0.537500
0.891667
0.712500
0.729167
0.708333
0.716667
0.562500
1.604167
0.695833
0.683333
0.750000
0.708333
0.700000
0.691667
0.737500
0.508333
0.791667
0.829167
0.700000
0.762500
0.566667
0.841667
0.550000
0.895833
0.570833
0.841667
0.516667
0.916667
0.737500
1.245833
1.454167
1.425000
1.429167
0.700000
0.720833
1.391667
1.445833
1.412500
0.837500
0.587500
1.433333
1.433333
0.700000
0.725000
1.429167
1.395833
1.470833
1.437500
1.433333
1.437500
1.166667
1.725000
1.454167
1.437500
1.450000
1.454167
1.387500
1.462500
0.558333
0.662500
1.545833
1.433333
0.570833
0.804167
0.595833
1.008333
0.679167
0.716667
0.695833
0.716667
0.725000
0.562500
0.829167
0.687500
0.729167
0.737500
0.700000
0.683333
0.700000
0.725000
0.733333
0.570833
0.829167
0.558333
1.462500
0.704167
1.395833
0.645833
0.825000
0.562500
0.975000
0.545833
0.762500
0.900000
0.683333
0.700000
0.741667
0.600000
0.845833
0.650000
0.570833
0.862500
0.541667
1.591667
0.695833
0.712500
0.687500
0.579167
1.375000
0.845833
0.737500
0.691667
0.725000
0.687500
0.725000
0.550000
1.425000
0.854167
0.691667
0.729167
0.708333
0.712500
0.700000
0.729167
0.554167
0.862500
0.566667
0.858333
0.529167
0.895833
0.704167
0.725000
0.695833
0.729167
0.562500
0.862500
0.566667
0.858333
0.550000
0.695833
0.695833
0.891667
0.704167
0.729167
0.558333
0.866667
0.712500
0.720833
0.708333
0.716667
0.700000
0.733333
0.708333
0.725000
0.562500
0.858333
0.570833
0.691667
0.695833
0.900000
0.700000
0.729167
0.700000
0.716667
0.716667
0.733333
0.562500
0.687500
0.662500
1.500000
0.841667
0.720833
0.729167
0.700000
0.720833
0.720833
0.716667
0.712500
0.720833
0.704167
0.733333
0.566667
0.858333
0.691667
0.729167
0.700000
0.716667
0.541667
0.900000
0.704167
0.720833
0.720833
0.720833
0.720833
0.720833
0.708333
0.725000
0.550000
0.891667
0.725000
0.716667
0.720833
0.716667
0.720833
0.712500
0.554167
0.891667
0.725000
0.720833
0.712500
0.720833
0.712500
0.729167
0.704167
0.545833
0.883333
0.733333
0.712500
0.708333
0.720833
0.716667
0.720833
0.712500
0.583333
0.683333
0.891667
0.712500
0.641667
0.766667
0.683333
0.729167
0.554167
0.875000
0.550000
0.875000
0.550000
0.870833
0.525000
0.891667
0.712500
0.720833
0.712500
0.708333
0.520833
0.708333
0.687500
0.854167
0.620833
0.908333
0.666667
0.750000
0.700000
0.725000
0.695833
0.729167
0.708333
0.716667
0.241667
1.083333
0.516667
0.970833
0.525000
0.875000
