0.841667
0.825000
0.825000
0.854167
0.841667
0.841667
0.841667
0.862500
0.858333
0.841667
0.854167
0.854167
0.837500
0.854167
0.829167
0.825000
0.812500
0.833333
0.829167
0.700000
0.858333
0.820833
0.837500
0.833333
0.837500
0.841667
0.841667
0.858333
0.816667
0.850000
0.866667
0.883333
0.862500
0.887500
0.875000
0.858333
0.850000
0.845833
0.875000
0.858333
0.845833
0.858333
0.875000
0.862500
0.854167
0.862500
0.858333
0.854167
0.670833
0.916667
0.775000
0.900000
0.795833
0.879167
0.850000
0.862500
0.854167
0.854167
0.875000
0.858333
0.837500
0.862500
0.845833
0.825000
0.820833
0.837500
0.841667
0.691667
0.866667
0.825000
0.812500
0.816667
0.841667
0.820833
0.795833
0.820833
0.800000
0.825000
0.804167
0.808333
0.820833
0.679167
0.870833
0.820833
0.841667
0.825000
0.829167
0.841667
0.837500
0.845833
0.650000
0.904167
0.795833
0.875000
0.837500
0.858333
0.862500
0.866667
0.858333
0.891667
0.866667
0.866667
0.854167
0.887500
0.870833
0.833333
0.858333
0.866667
0.845833
0.658333
0.908333
0.729167
0.879167
0.775000
0.841667
0.825000
0.837500
0.829167
0.841667
0.841667
0.820833
0.850000
0.850000
0.850000
0.854167
0.870833
0.862500
0.662500
0.929167
0.783333
0.887500
0.787500
0.879167
0.854167
0.854167
0.845833
0.883333
0.850000
0.833333
0.829167
0.841667
0.808333
0.808333
0.804167
0.820833
0.816667
0.670833
0.887500
0.820833
0.833333
0.825000
0.841667
0.837500
0.845833
0.845833
0.845833
0.837500
0.816667
0.845833
0.850000
0.683333
0.929167
0.791667
0.883333
0.829167
0.870833
0.862500
0.858333
0.854167
0.875000
0.258333
0.600000
0.837500
0.866667
0.854167
0.862500
0.850000
0.720833
0.937500
0.858333
0.845833
0.866667
0.858333
0.854167
0.845833
0.858333
0.470833
0.379167
0.850000
0.758333
0.883333
0.850000
0.854167
0.850000
0.866667
0.858333
0.841667
0.870833
0.854167
0.845833
0.870833
0.766667
0.891667
0.858333
0.862500
0.850000
0.866667
0.850000
0.850000
0.858333
0.841667
0.841667
0.695833
0.916667
0.854167
0.845833
0.850000
0.866667
0.866667
0.837500
0.854167
0.866667
0.866667
0.650000
0.920833
0.708333
0.916667
0.787500
0.870833
0.854167
0.854167
0.845833
0.862500
0.862500
0.866667
0.850000
0.887500
0.866667
0.854167
0.850000
0.866667
0.854167
0.745833
0.862500
0.845833
0.820833
0.804167
0.741667
0.841667
0.800000
0.800000
0.812500
0.816667
0.812500
0.804167
0.837500
0.854167
0.708333
0.870833
0.841667
0.825000
0.833333
0.858333
0.833333
0.812500
0.833333
0.812500
0.804167
0.812500
0.816667
0.795833
0.679167
0.854167
0.820833
0.825000
0.812500
0.841667
0.833333
0.345833
0.383333
0.850000
0.833333
0.833333
0.833333
0.837500
0.833333
0.812500
0.850000
0.829167
0.825000
0.850000
0.854167
0.837500
0.850000
0.850000
0.791667
0.850000
0.841667
0.854167
0.845833
0.841667
0.850000
0.825000
0.837500
0.825000
0.720833
0.891667
0.845833
0.845833
0.841667
0.883333
0.858333
0.812500
0.845833
0.833333
0.845833
0.829167
0.700000
0.866667
0.808333
0.795833
0.804167
0.804167
0.825000
0.812500
0.808333
0.829167
0.850000
0.845833
0.637500
0.912500
0.691667
0.916667
0.804167
0.495833
1.004167
0.870833
0.862500
0.858333
0.841667
0.779167
0.858333
0.858333
0.862500
0.841667
0.870833
0.866667
0.679167
1.187500
0.516667
0.900000
0.870833
0.854167
0.850000
0.879167
0.858333
0.862500
0.850000
0.870833
0.845833
0.837500
0.845833
0.833333
0.833333
0.833333
0.850000
0.791667
0.879167
0.866667
0.879167
0.854167
0.883333
0.866667
0.858333
0.866667
0.645833
0.929167
0.712500
0.945833
0.887500
0.875000
0.870833
0.925000
0.891667
0.883333
0.875000
0.879167
0.887500
0.875000
0.858333
0.862500
0.858333
0.845833
0.845833
0.845833
0.845833
0.845833
0.829167
0.850000
0.841667
0.816667
0.820833
0.779167
0.866667
0.829167
0.837500
0.862500
0.862500
0.837500
0.850000
0.858333
0.729167
0.883333
0.837500
0.850000
0.850000
0.862500
0.854167
0.841667
0.866667
0.758333
0.895833
0.783333
0.908333
0.837500
0.875000
0.862500
0.850000
0.850000
0.858333
0.854167
0.837500
0.837500
0.862500
0.854167
0.825000
0.833333
0.845833
0.837500
0.683333
0.900000
0.808333
0.833333
0.820833
0.837500
0.825000
0.820833
0.833333
0.833333
0.825000
0.787500
0.829167
0.825000
0.475000
0.241667
0.912500
0.820833
0.512500
0.312500
0.691667
0.879167
0.825000
0.816667
0.812500
0.841667
0.837500
0.645833
0.904167
0.700000
0.900000
0.825000
0.833333
0.833333
0.841667
0.854167
0.816667
0.850000
0.850000
0.858333
0.841667
0.862500
0.858333
0.800000
0.850000
0.845833
0.854167
0.850000
0.862500
0.845833
0.825000
0.858333
0.816667
0.812500
0.825000
0.816667
0.816667
0.708333
0.850000
0.825000
0.829167
0.829167
0.808333
0.820833
0.812500
0.825000
0.816667
0.695833
0.891667
0.845833
0.837500
0.833333
0.862500
0.854167
0.833333
0.845833
0.687500
0.904167
0.791667
0.850000
0.837500
0.829167
0.816667
0.825000
0.825000
0.812500
0.804167
0.812500
0.820833
0.791667
0.804167
0.800000
0.800000
0.787500
0.787500
0.800000
0.783333
0.787500
0.804167
0.820833
0.820833
0.766667
0.833333
0.825000
0.837500
0.845833
0.833333
0.845833
0.850000
0.845833
0.812500
0.841667
0.841667
0.850000
0.850000
0.808333
0.854167
0.837500
0.854167
0.858333
0.650000
0.908333
0.695833
0.912500
0.800000
0.837500
0.833333
0.837500
0.845833
0.850000
0.837500
0.866667
0.866667
0.720833
0.879167
0.862500
0.858333
0.841667
0.879167
0.858333
0.854167
0.850000
0.854167
0.870833
0.854167
0.837500
0.858333
0.704167
0.929167
0.875000
0.870833
0.875000
0.895833
0.879167
0.862500
0.879167
0.883333
0.866667
0.687500
0.925000
0.729167
0.929167
0.866667
0.866667
0.879167
0.883333
0.870833
0.850000
0.866667
0.841667
0.820833
0.820833
0.833333
0.837500
0.829167
0.662500
0.895833
0.795833
0.866667
0.829167
0.850000
0.845833
0.858333
0.845833
0.875000
0.858333
0.862500
0.841667
0.875000
0.883333
0.804167
0.908333
0.875000
0.883333
0.883333
0.895833
0.870833
0.875000
0.908333
0.895833
0.862500
0.895833
0.904167
0.883333
0.854167
0.879167
0.879167
0.854167
0.858333
0.841667
0.858333
0.820833
0.816667
0.812500
0.837500
0.833333
0.675000
0.870833
0.825000
0.825000
0.825000
0.841667
0.850000
0.850000
0.875000
0.833333
0.883333
0.875000
0.887500
0.895833
0.891667
0.875000
0.895833
0.891667
0.887500
0.900000
0.900000
0.883333
0.883333
0.891667
0.670833
0.937500
0.712500
0.904167
0.733333
0.916667
0.762500
0.887500
0.850000
0.858333
0.837500
0.870833
0.862500
0.850000
0.854167
0.841667
0.845833
0.879167
0.879167
0.700000
0.920833
0.700000
0.933333
0.745833
0.933333
0.733333
0.920833
0.787500
0.912500
0.887500
0.875000
0.875000
0.895833
0.883333
0.858333
0.866667
0.875000
0.870833
0.854167
0.870833
0.866667
0.875000
0.833333
0.841667
0.870833
0.879167
0.850000
0.845833
0.870833
0.879167
0.870833
0.879167
0.862500
0.850000
0.862500
0.845833
0.854167
0.704167
0.908333
0.737500
0.883333
0.829167
0.854167
0.854167
0.866667
0.870833
0.841667
0.850000
0.862500
