0.595833
0.375000
0.391667
0.487500
0.404167
0.216667
0.616667
0.220833
0.395833
0.725000
0.516667
0.408333
0.212500
0.300000
0.316667
0.612500
0.420833
0.454167
0.575000
0.416667
0.670833
0.537500
0.620833
0.612500
0.608333
0.612500
0.612500
0.616667
0.612500
0.612500
0.612500
0.612500
0.612500
0.620833
0.612500
0.612500
0.612500
0.616667
0.620833
0.616667
0.612500
0.612500
0.612500
0.612500
0.612500
0.616667
0.612500
0.612500
0.612500
0.616667
0.612500
0.608333
0.612500
0.616667
0.616667
0.616667
0.616667
0.616667
0.770833
0.241667
0.837500
0.625000
0.620833
0.620833
0.391667
0.225000
0.625000
0.620833
0.600000
0.650000
0.620833
0.620833
0.620833
0.625000
0.616667
0.616667
0.616667
0.616667
0.620833
0.620833
0.620833
0.612500
0.616667
0.616667
0.612500
0.620833
0.612500
0.616667
0.620833
0.616667
0.620833
0.616667
0.612500
0.616667
0.620833
0.620833
0.620833
0.620833
0.612500
0.620833
0.375000
0.241667
0.620833
0.616667
0.616667
0.616667
0.616667
0.616667
0.620833
0.562500
0.679167
0.612500
0.616667
0.616667
1.237500
0.404167
0.216667
0.616667
0.616667
0.620833
0.625000
0.616667
0.616667
0.616667
0.616667
0.620833
0.620833
0.616667
0.616667
0.616667
0.616667
0.620833
0.612500
0.616667
0.612500
0.616667
0.616667
0.620833
0.612500
0.612500
0.612500
0.616667
0.616667
0.620833
0.612500
0.616667
0.612500
0.620833
0.616667
0.616667
0.612500
0.616667
0.620833
0.620833
0.612500
0.620833
0.616667
0.616667
0.625000
0.616667
0.616667
0.616667
0.620833
0.620833
0.620833
0.620833
0.612500
0.620833
0.620833
0.625000
0.616667
0.616667
0.616667
0.620833
0.616667
0.620833
0.612500
0.616667
0.616667
0.625000
0.616667
0.612500
0.616667
0.616667
0.616667
0.620833
0.625000
0.612500
0.620833
0.620833
0.620833
0.625000
0.620833
0.620833
0.616667
0.620833
0.620833
0.625000
0.620833
0.620833
0.620833
0.625000
0.625000
0.629167
0.629167
0.629167
0.620833
0.620833
0.620833
0.625000
0.629167
0.625000
0.629167
0.620833
0.250000
0.258333
0.916667
0.379167
0.225000
0.287500
0.729167
0.366667
0.600000
0.350000
1.020833
0.233333
0.620833
1.116667
0.387500
0.575000
1.050000
1.266667
1.262500
1.895833
0.633333
0.637500
0.475000
0.783333
0.633333
0.633333
0.637500
0.637500
0.641667
0.637500
0.645833
0.400000
0.237500
0.641667
0.633333
0.633333
0.808333
1.083333
0.620833
0.954167
0.908333
0.620833
0.620833
0.620833
0.616667
0.612500
0.383333
0.500000
0.441667
0.533333
1.229167
0.608333
0.616667
0.616667
0.608333
0.612500
0.612500
0.612500
0.616667
0.616667
0.616667
0.612500
0.616667
0.620833
0.625000
0.620833
0.616667
0.625000
0.616667
0.633333
0.620833
0.625000
0.625000
0.491667
0.758333
0.629167
0.620833
0.620833
0.625000
0.629167
0.625000
0.620833
0.620833
0.625000
0.629167
0.625000
0.620833
0.620833
0.620833
0.620833
0.629167
0.291667
0.329167
0.616667
0.625000
0.620833
0.629167
0.625000
0.625000
0.616667
0.625000
0.629167
0.625000
0.620833
0.629167
0.629167
0.625000
0.629167
0.820833
0.433333
0.629167
0.629167
0.633333
1.250000
0.633333
0.625000
1.258333
0.629167
0.629167
0.629167
0.633333
0.629167
0.625000
0.629167
0.629167
0.633333
0.629167
0.633333
0.629167
0.629167
0.633333
0.629167
0.629167
0.629167
0.275000
0.354167
0.629167
0.633333
0.633333
0.625000
0.629167
0.625000
0.633333
0.625000
0.625000
0.629167
0.629167
0.633333
0.633333
0.620833
0.629167
0.629167
0.625000
0.625000
0.629167
0.625000
0.625000
0.625000
0.625000
0.625000
0.229167
0.400000
0.616667
0.625000
0.625000
0.620833
0.625000
0.616667
0.625000
0.620833
0.629167
0.620833
0.625000
0.625000
0.712500
0.545833
0.358333
0.275000
0.629167
0.620833
0.629167
0.629167
0.620833
0.625000
0.620833
1.254167
0.629167
0.625000
0.629167
0.629167
0.629167
0.629167
0.625000
0.629167
0.625000
0.629167
0.629167
0.629167
0.625000
0.629167
0.629167
0.629167
0.625000
0.629167
0.629167
0.512500
0.120833
0.625000
0.625000
0.629167
0.620833
0.629167
0.625000
0.783333
0.470833
0.625000
0.266667
0.362500
0.625000
0.229167
0.529167
0.483333
0.900000
0.341667
0.391667
0.866667
0.325000
0.404167
0.491667
0.625000
1.312500
1.166667
0.916667
1.562500
1.229167
1.075000
2.016667
1.854167
1.854167
0.625000
1.250000
0.625000
0.620833
0.625000
0.625000
0.629167
0.625000
0.625000
0.625000
0.295833
1.079167
1.125000
0.337500
0.291667
0.629167
0.625000
0.345833
0.658333
0.237500
0.316667
0.291667
1.016667
0.445833
0.925000
0.308333
0.429167
0.616667
0.620833
0.429167
0.429167
0.387500
0.416667
0.208333
0.608333
0.625000
0.616667
0.625000
0.620833
0.891667
0.500000
0.633333
0.454167
0.625000
0.625000
0.716667
1.154167
0.625000
0.920833
0.337500
0.633333
0.625000
1.262500
0.633333
0.633333
0.633333
0.633333
0.637500
0.637500
0.641667
0.637500
1.275000
0.637500
0.637500
0.629167
1.275000
0.637500
0.633333
0.633333
0.637500
0.633333
0.633333
0.633333
0.629167
0.637500
0.629167
0.633333
0.625000
0.633333
0.633333
0.633333
0.633333
0.629167
0.425000
0.204167
0.629167
0.629167
0.633333
0.633333
0.629167
0.620833
0.629167
0.625000
0.629167
0.633333
0.620833
0.629167
0.625000
0.625000
0.633333
0.629167
0.633333
0.625000
0.629167
0.633333
0.629167
0.633333
0.637500
0.629167
0.633333
0.633333
0.633333
0.633333
0.633333
0.629167
0.633333
0.633333
0.629167
0.637500
0.629167
0.633333
0.629167
0.633333
0.629167
0.633333
0.629167
0.633333
0.629167
0.629167
0.633333
0.633333
0.625000
0.633333
0.629167
0.633333
0.633333
0.629167
0.629167
0.625000
0.633333
0.629167
0.625000
0.625000
0.629167
0.629167
0.625000
0.625000
0.625000
0.629167
0.325000
0.300000
0.312500
0.316667
0.629167
0.629167
0.333333
0.283333
0.637500
0.254167
0.375000
0.812500
0.387500
0.795833
0.629167
0.512500
0.341667
0.429167
0.908333
0.208333
0.533333
0.412500
0.295833
0.270833
0.575000
0.787500
0.245833
0.625000
0.625000
1.245833
1.237500
1.237500
0.616667
0.620833
1.233333
1.237500
0.620833
0.620833
0.616667
0.358333
0.262500
0.620833
0.620833
0.625000
0.616667
0.620833
0.620833
0.620833
0.604167
0.641667
0.616667
0.620833
0.625000
0.620833
0.620833
0.620833
0.620833
0.620833
0.625000
0.620833
0.625000
0.629167
0.629167
0.629167
0.633333
0.629167
0.633333
0.629167
0.637500
0.629167
0.629167
0.629167
0.633333
0.633333
0.633333
0.633333
0.633333
0.637500
0.637500
0.633333
0.633333
0.633333
0.812500
0.545833
0.712500
0.529167
0.562500
0.633333
0.629167
0.633333
0.629167
0.633333
0.629167
0.633333
0.629167
0.633333
0.633333
0.625000
0.620833
0.633333
0.625000
0.629167
0.625000
0.625000
0.625000
0.629167
0.625000
0.625000
0.625000
0.620833
0.629167
0.629167
0.333333
0.291667
0.629167
0.608333
0.600000
0.041667
0.433333
0.433333
0.391667
0.387500
0.475000
0.383333
0.333333
0.391667
0.529167
0.479167
0.608333
0.525000
0.266667
0.625000
0.266667
0.358333
0.441667
0.508333
0.308333
0.620833
0.629167
0.625000
0.625000
0.625000
0.629167
0.625000
0.625000
0.625000
0.620833
0.633333
0.620833
0.629167
0.620833
0.620833
1.254167
0.616667
0.191667
0.429167
0.629167
0.625000
0.629167
0.625000
0.620833
0.629167
0.625000
0.633333
0.629167
0.629167
0.629167
0.625000
0.625000
0.629167
0.629167
0.229167
0.400000
0.620833
0.625000
0.625000
0.625000
0.629167
0.625000
0.625000
0.620833
0.625000
0.629167
0.629167
0.629167
0.629167
0.625000
0.633333
0.629167
0.633333
0.629167
0.633333
0.629167
0.629167
0.629167
0.633333
0.629167
0.637500
0.637500
0.650000
0.687500
0.679167
0.687500
0.691667
0.708333
0.725000
0.720833
0.725000
0.729167
0.733333
0.737500
0.733333
0.733333
0.733333
0.733333
0.737500
0.733333
0.733333
0.729167
0.733333
0.725000
0.720833
0.720833
0.729167
0.725000
0.729167
0.729167
0.729167
0.729167
0.729167
0.733333
0.725000
0.729167
0.737500
0.733333
0.720833
0.725000
0.716667
0.712500
0.708333
0.700000
0.700000
0.691667
0.691667
0.691667
0.695833
0.687500
0.708333
0.700000
0.700000
0.687500
0.687500
0.679167
0.683333
0.683333
0.679167
0.670833
0.670833
0.666667
0.666667
0.666667
0.666667
0.658333
0.654167
0.654167
0.666667
0.679167
0.679167
0.670833
0.670833
0.670833
0.658333
0.670833
0.679167
0.675000
0.679167
0.675000
0.670833
0.662500
0.658333
0.662500
0.666667
0.662500
0.654167
0.654167
0.650000
0.650000
0.654167
0.641667
0.637500
0.641667
0.637500
0.637500
0.633333
0.625000
0.633333
0.633333
0.637500
0.629167
0.625000
0.629167
0.625000
0.633333
0.629167
0.625000
0.620833
0.620833
0.629167
0.625000
0.625000
0.629167
0.616667
0.625000
0.616667
0.625000
0.625000
0.616667
0.566667
0.354167
0.566667
0.379167
0.616667
0.620833
0.629167
0.625000
0.629167
0.625000
0.625000
0.629167
0.625000
0.625000
0.629167
0.625000
0.616667
0.625000
0.629167
0.629167
0.629167
0.625000
0.629167
0.625000
0.633333
0.637500
0.629167
0.629167
0.629167
0.629167
0.633333
0.637500
0.629167
0.633333
0.633333
0.637500
0.637500
0.637500
0.629167
0.637500
0.633333
0.641667
0.633333
0.633333
0.625000
0.637500
0.633333
0.629167
0.637500
0.633333
0.633333
0.633333
0.629167
0.454167
0.812500
0.633333
0.637500
0.637500
0.633333
0.641667
0.650000
0.637500
0.641667
0.650000
0.650000
0.641667
0.650000
0.645833
0.645833
0.420833
0.229167
0.641667
0.641667
0.641667
0.645833
1.008333
0.279167
0.641667
0.641667
0.637500
0.637500
