0.783333
0.637500
0.541667
0.900000
0.975000
0.854167
0.754167
0.658333
0.508333
0.800000
0.879167
0.800000
0.662500
0.716667
0.729167
0.845833
0.700000
0.737500
0.450000
0.520833
0.862500
0.816667
0.812500
0.991667
0.891667
1.970833
0.858333
1.645833
1.208333
0.887500
1.262500
0.683333
0.816667
0.845833
0.737500
0.608333
0.941667
1.075000
0.766667
0.708333
0.666667
0.850000
1.041667
0.879167
0.533333
0.691667
0.787500
0.708333
0.962500
0.716667
0.845833
0.695833
0.970833
0.516667
0.845833
0.587500
0.708333
0.454167
0.445833
0.841667
0.437500
0.508333
1.262500
0.750000
0.712500
0.775000
1.166667
0.558333
0.708333
0.720833
0.641667
1.100000
1.079167
0.991667
0.566667
0.866667
0.845833
0.754167
0.750000
0.870833
1.125000
0.445833
1.308333
0.579167
0.866667
0.825000
0.675000
0.154167
0.379167
0.566667
0.333333
0.254167
0.412500
0.191667
0.475000
0.695833
0.612500
0.408333
0.591667
0.854167
0.825000
0.895833
0.658333
0.891667
1.020833
0.962500
0.700000
1.404167
0.570833
0.804167
1.058333
0.566667
0.558333
0.891667
0.579167
0.525000
1.025000
0.900000
0.770833
0.904167
0.833333
0.895833
0.729167
0.650000
0.545833
1.000000
0.441667
0.262500
0.170833
0.516667
0.525000
0.370833
0.520833
0.250000
0.133333
0.487500
0.775000
0.666667
0.962500
0.833333
0.895833
0.795833
0.854167
0.850000
0.704167
0.970833
0.450000
0.587500
0.345833
0.491667
0.520833
0.608333
0.404167
0.458333
0.275000
0.333333
0.233333
0.404167
0.754167
0.925000
0.720833
0.954167
0.566667
0.200000
0.462500
0.758333
0.679167
0.458333
0.270833
0.770833
1.041667
0.225000
2.020833
0.466667
0.862500
0.720833
0.837500
0.966667
0.866667
0.737500
0.962500
0.841667
0.808333
0.633333
1.158333
0.866667
0.575000
0.737500
0.800000
1.245833
0.987500
0.983333
0.979167
0.779167
0.783333
0.662500
0.920833
1.008333
1.204167
0.454167
0.787500
0.833333
1.291667
0.866667
0.712500
0.841667
1.137500
0.666667
0.929167
0.875000
1.300000
0.554167
0.908333
0.916667
0.529167
0.716667
0.791667
0.737500
0.837500
1.350000
0.637500
1.050000
0.679167
0.862500
0.633333
0.637500
0.954167
0.829167
0.833333
0.966667
1.004167
0.654167
0.991667
0.850000
0.845833
0.783333
0.695833
0.904167
0.691667
0.762500
0.820833
0.941667
0.808333
0.858333
0.887500
0.883333
0.725000
0.570833
0.675000
0.545833
1.133333
0.820833
0.875000
0.825000
1.262500
0.566667
1.045833
0.775000
0.629167
0.691667
0.970833
0.995833
0.562500
0.700000
1.566667
0.779167
0.929167
0.875000
0.837500
0.575000
0.625000
0.829167
0.658333
0.741667
0.891667
0.579167
0.970833
0.425000
0.987500
0.433333
0.875000
0.745833
0.883333
0.933333
0.412500
0.975000
0.675000
0.525000
0.954167
0.695833
1.091667
0.829167
0.833333
0.825000
0.829167
0.670833
0.925000
0.662500
0.795833
0.720833
0.950000
1.091667
0.783333
0.666667
1.237500
1.000000
0.579167
0.691667
0.658333
0.704167
0.325000
0.491667
0.237500
0.620833
0.412500
0.270833
0.275000
0.525000
0.441667
0.395833
0.195833
0.283333
0.683333
0.362500
0.554167
0.512500
0.187500
0.237500
0.420833
0.291667
0.350000
0.725000
0.625000
0.241667
0.512500
0.712500
0.462500
0.320833
0.212500
0.275000
0.245833
0.216667
0.254167
0.508333
0.729167
1.050000
0.458333
0.700000
0.508333
0.287500
0.850000
1.041667
0.937500
0.837500
0.845833
0.608333
0.787500
0.795833
1.375000
0.866667
0.825000
0.537500
0.766667
0.295833
0.516667
0.837500
0.970833
0.741667
0.812500
1.016667
0.854167
0.820833
0.795833
0.945833
0.650000
0.941667
0.904167
0.862500
1.391667
0.637500
0.866667
0.804167
1.225000
0.675000
0.641667
0.916667
0.762500
0.658333
0.870833
0.758333
1.025000
0.950000
0.570833
1.154167
0.458333
0.445833
0.516667
0.854167
0.941667
0.954167
0.400000
0.800000
0.829167
0.975000
0.758333
0.875000
0.845833
0.625000
0.729167
0.629167
0.379167
0.512500
0.829167
0.441667
0.708333
0.208333
0.241667
0.650000
1.233333
0.783333
0.529167
0.966667
0.954167
0.937500
0.708333
0.558333
0.866667
0.595833
0.970833
0.458333
0.937500
0.462500
0.816667
0.829167
0.745833
0.708333
1.075000
0.395833
0.491667
0.395833
0.670833
0.054167
0.904167
0.487500
0.275000
0.425000
0.704167
0.725000
0.979167
0.666667
1.075000
1.325000
0.345833
0.195833
0.704167
0.433333
0.583333
0.954167
0.570833
1.279167
1.250000
0.625000
1.025000
0.225000
0.991667
0.795833
1.479167
0.600000
0.795833
0.595833
0.879167
0.550000
1.125000
0.841667
0.191667
0.383333
0.966667
1.379167
0.420833
0.766667
0.175000
0.262500
0.420833
0.320833
0.700000
0.250000
0.516667
0.445833
0.466667
0.575000
0.304167
0.575000
0.558333
0.208333
0.625000
0.800000
0.804167
0.862500
0.929167
0.650000
0.454167
1.016667
0.466667
0.604167
0.433333
0.570833
1.195833
0.741667
0.920833
0.570833
0.795833
0.866667
0.675000
1.370833
1.291667
0.687500
1.058333
1.033333
0.545833
0.866667
0.216667
0.625000
0.829167
0.866667
0.641667
0.775000
0.950000
0.641667
0.704167
1.304167
0.837500
0.479167
0.541667
0.429167
0.820833
0.345833
0.325000
0.637500
1.241667
0.733333
0.795833
0.920833
1.345833
0.820833
1.087500
0.862500
0.500000
0.795833
0.983333
0.266667
0.275000
0.258333
0.537500
0.216667
0.391667
0.212500
0.333333
0.508333
0.445833
0.733333
0.695833
0.375000
0.616667
0.216667
0.758333
0.787500
0.970833
0.612500
0.662500
0.870833
1.016667
0.825000
0.708333
0.954167
1.058333
0.900000
0.491667
0.941667
0.725000
0.712500
0.737500
1.170833
1.037500
0.858333
0.970833
0.808333
0.775000
0.637500
0.704167
0.854167
1.058333
0.625000
0.983333
0.816667
0.825000
0.850000
0.841667
0.691667
0.954167
0.879167
0.758333
1.012500
0.904167
0.804167
1.287500
0.466667
0.733333
1.125000
0.725000
1.083333
0.954167
0.404167
0.879167
0.533333
0.795833
0.987500
0.766667
0.904167
0.758333
0.291667
0.679167
0.862500
0.429167
0.487500
0.512500
0.354167
0.958333
0.662500
0.275000
0.216667
0.458333
0.391667
0.308333
0.195833
0.979167
0.629167
0.537500
0.958333
0.720833
0.958333
0.683333
0.650000
0.720833
0.675000
1.541667
0.558333
1.120833
0.600000
0.675000
0.737500
0.183333
0.929167
0.645833
0.975000
0.416667
0.954167
0.920833
0.758333
1.254167
0.608333
0.725000
0.870833
1.170833
0.862500
0.845833
0.833333
0.587500
0.825000
1.095833
0.641667
0.837500
0.800000
0.912500
0.745833
0.862500
1.541667
0.475000
1.216667
1.141667
0.558333
0.804167
0.966667
0.333333
0.270833
0.266667
0.529167
0.995833
0.858333
0.837500
1.087500
1.200000
0.895833
0.550000
0.525000
1.129167
0.854167
0.912500
0.741667
0.941667
0.445833
0.804167
0.420833
0.791667
0.629167
0.758333
0.441667
1.033333
0.462500
0.791667
0.875000
0.720833
0.937500
0.770833
0.558333
0.712500
0.941667
0.566667
0.804167
0.900000
0.895833
1.387500
0.466667
0.800000
0.420833
1.083333
0.775000
0.662500
0.916667
0.712500
0.987500
0.850000
0.504167
0.837500
1.170833
0.541667
0.829167
0.687500
0.854167
0.820833
0.620833
0.745833
0.891667
0.862500
0.754167
0.970833
0.687500
0.758333
0.950000
0.787500
0.920833
0.887500
0.841667
0.745833
1.012500
0.750000
1.250000
0.862500
0.529167
0.887500
0.775000
1.604167
0.491667
0.687500
1.245833
0.625000
0.554167
0.529167
0.420833
0.225000
0.595833
0.758333
0.270833
0.429167
0.325000
0.804167
0.450000
0.208333
0.362500
0.175000
0.783333
0.358333
0.241667
0.691667
1.004167
0.400000
0.270833
0.254167
0.883333
0.241667
0.529167
0.395833
0.695833
0.404167
0.729167
1.316667
0.908333
0.662500
0.820833
0.625000
1.216667
0.745833
0.645833
0.562500
0.350000
0.641667
0.562500
0.604167
0.858333
0.662500
0.804167
0.858333
0.912500
0.958333
0.920833
1.062500
0.633333
0.750000
1.433333
0.970833
0.762500
0.783333
0.825000
0.729167
0.725000
0.895833
0.716667
0.691667
0.816667
0.612500
0.770833
0.854167
0.541667
0.883333
0.820833
0.870833
0.891667
0.512500
0.508333
0.970833
0.950000
1.429167
0.566667
0.641667
0.650000
0.516667
0.933333
0.850000
0.862500
