1.245833
1.691667
1.270833
0.737500
1.229167
2.450000
1.287500
1.250000
2.295833
1.404167
1.237500
1.550000
0.804167
2.204167
0.562500
1.283333
1.558333
2.291667
1.262500
2.308333
2.845833
0.712500
0.716667
0.695833
0.716667
0.695833
0.716667
0.591667
0.712500
0.829167
0.712500
1.429167
0.695833
0.720833
0.700000
0.345833
1.062500
0.745833
0.700000
0.720833
0.695833
0.720833
0.704167
0.712500
0.700000
0.600000
0.700000
0.983333
0.554167
0.708333
0.708333
0.716667
0.679167
0.737500
0.695833
0.712500
0.700000
0.875000
0.554167
0.716667
0.700000
0.604167
0.812500
0.716667
0.700000
0.716667
0.695833
0.720833
0.687500
0.558333
0.866667
0.712500
0.700000
0.716667
0.691667
0.400000
0.550000
0.545833
0.554167
0.554167
0.558333
1.012500
0.745833
0.766667
1.395833
1.416667
0.712500
0.716667
0.708333
0.608333
0.829167
0.716667
0.716667
0.716667
0.600000
0.829167
0.716667
0.716667
0.708333
0.716667
0.708333
0.541667
0.891667
0.712500
0.712500
1.187500
0.812500
0.854167
1.412500
0.570833
0.708333
0.820833
0.720833
0.670833
0.741667
0.691667
0.591667
0.812500
0.720833
0.683333
0.408333
0.583333
0.562500
0.562500
0.558333
1.012500
1.716667
0.695833
0.720833
0.700000
0.675000
0.733333
0.708333
0.700000
0.695833
0.554167
0.854167
0.720833
0.704167
0.658333
0.750000
0.712500
0.683333
0.533333
0.900000
0.712500
0.695833
0.716667
0.691667
0.725000
0.704167
0.712500
0.704167
0.720833
0.700000
0.720833
0.704167
0.712500
0.700000
0.729167
0.704167
0.716667
0.704167
0.712500
0.700000
0.720833
0.695833
0.566667
0.737500
0.825000
0.704167
0.720833
0.708333
0.595833
0.829167
0.716667
0.695833
0.716667
0.700000
0.720833
0.695833
0.725000
0.604167
0.683333
0.829167
0.716667
0.700000
0.712500
0.691667
0.720833
0.691667
0.720833
0.700000
0.716667
0.704167
0.695833
0.729167
0.612500
0.795833
0.712500
0.695833
0.716667
0.712500
0.700000
0.725000
0.704167
0.700000
0.591667
0.841667
1.429167
1.287500
1.420833
0.787500
0.720833
1.416667
0.691667
0.712500
1.404167
1.433333
0.700000
0.720833
1.441667
0.604167
1.512500
0.708333
0.700000
0.725000
0.712500
0.708333
0.712500
0.716667
0.708333
0.712500
0.712500
0.712500
0.700000
0.712500
0.716667
0.712500
0.712500
0.700000
0.720833
0.708333
0.708333
0.695833
0.704167
0.600000
0.816667
0.704167
0.479167
0.950000
0.716667
0.704167
0.712500
0.712500
0.691667
0.716667
0.712500
0.645833
0.741667
0.658333
0.733333
0.700000
0.720833
0.687500
0.720833
0.687500
0.716667
0.683333
0.862500
0.558333
0.720833
0.704167
0.704167
0.716667
0.704167
0.666667
0.716667
0.591667
0.829167
0.700000
0.670833
0.729167
0.708333
0.712500
0.716667
0.691667
0.708333
0.687500
0.712500
0.695833
0.737500
0.695833
0.725000
0.704167
0.716667
0.695833
0.720833
0.675000
0.729167
0.712500
0.716667
1.291667
0.825000
1.333333
0.800000
0.641667
0.700000
0.700000
0.662500
1.433333
0.712500
0.704167
0.712500
0.691667
0.716667
0.691667
0.591667
0.800000
0.733333
0.700000
0.720833
0.708333
0.716667
0.700000
0.720833
0.695833
0.712500
0.691667
0.695833
0.700000
0.716667
0.695833
0.708333
0.695833
0.712500
0.687500
0.712500
0.691667
0.708333
0.708333
0.716667
0.700000
0.716667
0.700000
0.725000
0.695833
0.720833
0.695833
0.720833
0.700000
0.716667
0.679167
0.733333
0.695833
0.716667
0.704167
0.712500
0.691667
0.716667
0.687500
0.712500
0.695833
0.704167
0.575000
0.829167
0.691667
0.704167
0.695833
0.779167
0.679167
0.641667
0.758333
0.720833
0.695833
0.716667
0.704167
1.412500
0.720833
0.687500
0.725000
0.691667
0.704167
0.691667
0.712500
0.683333
0.700000
0.841667
0.583333
0.700000
0.704167
0.708333
0.700000
0.708333
1.400000
1.545833
1.250000
1.925000
0.854167
1.412500
1.395833
0.712500
0.712500
1.420833
0.700000
0.712500
1.420833
0.700000
0.700000
1.420833
0.700000
0.712500
1.408333
0.708333
0.708333
0.704167
0.679167
0.716667
0.708333
0.683333
0.683333
0.725000
1.420833
0.687500
0.712500
0.687500
0.720833
0.695833
0.687500
0.604167
1.529167
0.700000
0.712500
0.704167
0.570833
0.837500
1.408333
0.679167
0.608333
0.795833
0.612500
0.783333
1.420833
0.708333
0.691667
0.712500
0.587500
0.716667
1.525000
0.695833
0.708333
0.700000
0.612500
0.795833
1.420833
1.404167
0.716667
0.579167
0.825000
0.695833
0.720833
0.695833
0.720833
0.700000
0.716667
0.695833
0.716667
0.695833
0.712500
0.691667
0.604167
0.691667
0.829167
0.704167
0.704167
0.700000
0.712500
0.695833
0.712500
0.687500
0.716667
0.695833
0.604167
0.695833
0.833333
0.704167
0.700000
0.700000
0.716667
0.691667
0.708333
0.695833
0.716667
0.587500
0.833333
0.695833
0.712500
0.695833
0.712500
0.695833
0.716667
0.683333
0.712500
0.687500
0.708333
0.691667
0.612500
0.800000
0.712500
0.691667
0.383333
0.525000
0.541667
0.545833
0.545833
0.545833
0.545833
0.550000
0.550000
0.562500
0.545833
0.545833
0.545833
0.545833
0.541667
0.545833
0.545833
0.545833
0.550000
0.550000
0.550000
0.545833
0.550000
0.550000
0.550000
0.545833
0.545833
0.550000
0.566667
1.000000
0.866667
0.858333
0.733333
0.812500
0.729167
0.716667
0.725000
0.600000
0.695833
0.675000
1.000000
0.595833
0.720833
0.712500
0.716667
0.700000
0.720833
0.704167
0.404167
0.870833
0.887500
0.700000
0.712500
0.712500
0.725000
0.716667
0.725000
0.712500
0.725000
0.708333
0.720833
0.708333
0.725000
0.700000
0.720833
0.712500
0.716667
0.708333
0.729167
0.704167
0.725000
0.708333
0.712500
0.708333
0.720833
0.704167
0.725000
0.587500
0.733333
0.825000
0.725000
0.712500
0.708333
0.708333
0.720833
0.700000
0.616667
0.704167
0.841667
0.716667
0.658333
0.733333
0.720833
0.662500
0.733333
0.616667
0.716667
0.966667
0.579167
0.712500
0.720833
0.712500
0.716667
0.700000
0.620833
0.808333
0.720833
0.700000
0.729167
0.704167
0.720833
1.445833
0.716667
1.341667
1.520833
0.716667
0.695833
1.445833
0.725000
0.708333
1.425000
0.370833
1.045833
0.820833
0.483333
1.545833
0.708333
0.708333
1.408333
0.700000
0.595833
0.816667
0.708333
0.708333
0.708333
0.708333
0.708333
0.708333
0.604167
0.812500
1.391667
1.295833
0.804167
0.587500
0.816667
0.416667
0.987500
0.679167
0.725000
0.700000
0.591667
0.812500
1.379167
0.708333
0.562500
1.450000
1.508333
1.383333
0.420833
0.991667
0.404167
1.004167
0.695833
0.720833
0.375000
1.037500
0.687500
0.687500
1.408333
1.416667
1.287500
1.475000
1.325000
1.504167
0.404167
1.004167
0.420833
0.991667
0.491667
0.920833
0.525000
0.791667
0.583333
1.416667
1.508333
1.395833
1.529167
2.100000
2.791667
1.433333
0.720833
0.708333
0.658333
0.729167
0.716667
0.691667
0.695833
0.725000
0.654167
0.729167
0.712500
0.712500
0.700000
0.712500
0.712500
0.650000
0.741667
0.700000
0.725000
0.700000
0.720833
1.420833
0.725000
0.708333
0.704167
0.708333
0.720833
0.683333
0.604167
0.800000
0.737500
0.712500
0.666667
0.729167
0.716667
0.691667
0.716667
0.570833
0.841667
0.666667
0.729167
0.704167
0.712500
0.700000
0.708333
0.708333
0.620833
0.691667
0.820833
0.691667
0.725000
0.700000
0.575000
0.829167
0.708333
0.704167
0.612500
0.712500
0.745833
0.716667
0.595833
0.841667
0.712500
0.675000
0.729167
0.708333
0.679167
0.720833
1.291667
0.800000
0.637500
0.800000
0.675000
0.687500
0.754167
0.712500
1.404167
0.712500
0.700000
0.725000
0.700000
0.612500
0.812500
0.712500
0.691667
0.720833
0.695833
0.712500
0.679167
0.720833
1.325000
0.700000
0.691667
0.825000
0.708333
