0.745833
0.733333
0.666667
0.733333
0.895833
0.679167
0.708333
0.679167
0.800000
0.716667
0.762500
0.870833
0.712500
0.741667
0.641667
0.808333
0.745833
0.770833
0.695833
0.662500
1.750000
0.691667
0.641667
0.725000
0.679167
0.750000
0.633333
0.729167
0.725000
0.679167
0.862500
0.658333
0.670833
0.750000
0.654167
0.758333
0.670833
0.720833
0.683333
0.770833
0.816667
0.729167
0.629167
0.795833
0.750000
0.745833
0.645833
0.729167
0.816667
0.741667
0.754167
0.608333
0.741667
0.775000
2.566667
0.754167
0.654167
0.633333
0.737500
0.804167
0.745833
0.766667
0.937500
0.679167
0.745833
0.729167
0.695833
0.908333
0.741667
0.720833
0.883333
0.812500
0.720833
0.687500
0.675000
0.662500
0.254167
0.483333
0.770833
0.679167
0.729167
0.733333
0.604167
0.687500
0.695833
0.745833
0.662500
0.791667
1.645833
0.683333
0.887500
0.662500
0.625000
0.900000
0.679167
0.733333
0.725000
0.745833
0.729167
0.750000
0.741667
0.858333
0.754167
1.625000
0.695833
0.645833
0.775000
0.670833
0.908333
0.695833
0.737500
0.825000
0.704167
0.670833
0.645833
0.841667
0.679167
0.741667
0.775000
0.691667
0.708333
0.695833
0.679167
0.712500
0.695833
1.820833
0.691667
0.704167
0.754167
0.720833
0.841667
0.754167
0.695833
0.658333
0.691667
0.666667
1.754167
0.825000
0.887500
0.775000
0.716667
0.695833
0.666667
0.704167
0.750000
0.695833
0.741667
0.858333
0.641667
0.725000
0.858333
0.716667
0.845833
0.758333
0.666667
0.820833
0.795833
1.712500
0.495833
0.800000
0.687500
0.779167
0.741667
0.670833
0.720833
0.800000
0.691667
0.779167
0.650000
0.733333
0.895833
0.854167
0.800000
0.750000
0.683333
0.875000
1.770833
0.691667
0.658333
0.666667
0.820833
0.645833
0.666667
0.687500
0.658333
0.766667
0.933333
0.750000
0.637500
0.691667
0.708333
0.787500
0.841667
0.662500
0.695833
0.775000
0.725000
0.708333
0.904167
0.845833
0.641667
0.804167
0.704167
0.670833
0.675000
0.908333
0.720833
0.658333
0.700000
0.737500
0.708333
0.679167
0.654167
0.695833
1.737500
1.608333
0.679167
0.754167
0.691667
0.650000
0.666667
0.708333
0.683333
0.683333
0.687500
0.662500
0.687500
0.679167
0.800000
0.616667
0.720833
0.804167
0.866667
0.875000
0.758333
0.716667
0.704167
0.812500
1.583333
1.700000
0.641667
1.633333
0.700000
0.629167
0.704167
0.837500
0.716667
0.700000
0.737500
0.704167
0.687500
0.683333
0.666667
0.683333
0.754167
0.654167
0.779167
0.729167
0.654167
0.679167
0.704167
1.700000
0.679167
0.808333
0.741667
0.691667
1.712500
0.662500
0.845833
0.720833
0.745833
0.700000
0.758333
0.641667
0.708333
1.100000
0.616667
0.504167
0.491667
0.125000
0.729167
0.495833
0.441667
0.562500
0.437500
0.125000
0.579167
0.162500
0.870833
0.758333
0.733333
0.308333
0.295833
0.820833
0.725000
0.654167
0.533333
0.700000
0.912500
0.587500
0.304167
0.300000
0.441667
1.079167
0.891667
0.800000
0.645833
0.670833
0.691667
0.695833
0.741667
0.729167
0.787500
0.712500
0.700000
0.650000
0.712500
0.841667
0.804167
0.700000
1.825000
0.337500
0.391667
0.654167
0.695833
0.733333
0.858333
0.245833
0.262500
0.250000
0.433333
0.304167
0.579167
0.291667
0.904167
0.662500
0.250000
0.662500
0.791667
0.508333
0.208333
0.633333
0.829167
0.691667
0.575000
0.825000
0.687500
0.233333
0.516667
0.279167
0.400000
0.629167
0.775000
0.537500
1.283333
0.287500
0.404167
0.633333
0.333333
0.308333
0.837500
0.520833
0.179167
0.437500
0.300000
0.691667
0.645833
0.620833
0.545833
0.258333
0.687500
0.637500
0.729167
0.770833
0.683333
0.545833
0.929167
0.862500
0.691667
0.670833
1.645833
0.791667
0.670833
0.616667
0.683333
0.745833
0.700000
0.712500
0.670833
0.666667
0.800000
0.700000
0.766667
0.541667
0.837500
0.783333
0.675000
0.620833
0.850000
0.808333
0.695833
0.712500
0.791667
0.779167
0.487500
0.254167
0.825000
0.683333
0.695833
0.733333
0.216667
0.525000
0.704167
0.737500
0.720833
0.762500
0.741667
0.683333
0.670833
0.716667
1.587500
0.625000
0.675000
0.454167
0.291667
0.504167
0.204167
0.620833
0.266667
0.341667
0.637500
0.666667
0.833333
0.708333
0.695833
0.720833
0.725000
0.595833
0.704167
0.720833
0.758333
0.604167
0.775000
0.712500
0.662500
0.666667
0.737500
0.800000
0.775000
0.762500
0.737500
0.720833
0.695833
0.720833
0.737500
0.620833
0.679167
0.650000
0.725000
0.654167
0.591667
0.708333
0.612500
0.370833
0.312500
0.200000
0.583333
0.695833
0.641667
0.745833
0.825000
0.700000
0.687500
0.845833
1.675000
0.854167
0.708333
0.658333
1.645833
1.454167
0.291667
0.762500
0.720833
0.675000
0.641667
0.700000
0.625000
0.625000
0.733333
0.708333
0.708333
0.641667
0.650000
0.695833
0.783333
0.658333
0.745833
0.670833
0.700000
0.700000
0.762500
0.758333
1.645833
0.600000
0.729167
0.675000
0.708333
0.900000
1.658333
0.608333
0.729167
0.787500
0.758333
0.812500
0.675000
0.625000
0.600000
0.754167
0.683333
0.670833
0.750000
0.725000
0.629167
0.641667
0.679167
0.695833
0.687500
1.383333
1.062500
0.670833
0.762500
0.741667
0.750000
0.733333
0.658333
1.691667
0.708333
0.708333
0.712500
0.783333
0.645833
0.741667
0.720833
0.700000
0.712500
0.620833
0.758333
0.675000
0.733333
0.683333
0.720833
0.754167
0.912500
0.633333
0.720833
0.666667
0.691667
0.687500
0.650000
0.800000
0.712500
0.670833
0.741667
1.379167
0.312500
0.729167
0.750000
0.712500
0.708333
0.712500
0.870833
0.358333
0.375000
0.645833
0.650000
1.662500
0.716667
0.733333
0.720833
0.691667
0.670833
0.625000
0.900000
0.687500
0.675000
0.750000
0.700000
0.841667
0.700000
0.720833
0.691667
0.704167
0.662500
0.666667
0.679167
0.795833
0.758333
0.804167
0.804167
0.612500
0.712500
0.770833
0.704167
0.733333
0.641667
1.766667
0.700000
0.704167
1.679167
0.687500
0.695833
0.679167
0.654167
0.725000
0.766667
0.695833
0.691667
0.683333
0.687500
0.758333
0.645833
0.716667
0.691667
0.600000
0.800000
0.658333
1.745833
0.808333
1.150000
0.550000
0.658333
0.712500
0.683333
1.812500
0.729167
0.725000
0.637500
0.708333
0.650000
0.687500
0.679167
0.712500
0.662500
0.679167
0.679167
0.695833
0.625000
0.870833
0.641667
0.616667
0.758333
0.779167
0.654167
0.766667
1.416667
0.304167
0.725000
0.712500
0.762500
0.625000
0.695833
0.645833
1.320833
1.358333
1.108333
0.420833
0.808333
0.754167
0.712500
0.700000
0.762500
0.729167
0.587500
0.154167
0.750000
0.700000
0.708333
0.933333
0.762500
0.754167
0.666667
0.662500
0.654167
0.712500
0.679167
0.708333
0.691667
0.775000
0.675000
0.641667
0.658333
0.725000
0.720833
0.695833
0.829167
0.737500
0.687500
0.675000
0.725000
0.833333
0.708333
0.712500
0.825000
0.720833
0.687500
0.712500
0.783333
0.720833
0.725000
0.741667
0.770833
0.875000
0.645833
0.854167
0.700000
0.675000
0.729167
0.725000
1.620833
0.770833
0.741667
0.770833
0.745833
0.800000
0.641667
1.591667
0.833333
0.708333
0.612500
0.666667
1.687500
1.637500
0.712500
0.741667
0.695833
0.750000
0.845833
0.737500
0.662500
0.683333
0.658333
0.783333
0.679167
0.762500
1.700000
0.775000
0.745833
0.720833
0.670833
0.779167
0.741667
0.687500
0.670833
0.708333
0.687500
0.729167
0.695833
0.658333
0.845833
0.770833
0.675000
0.800000
0.750000
0.683333
0.679167
0.800000
0.625000
0.800000
0.679167
0.654167
0.858333
0.704167
0.695833
0.758333
0.858333
0.704167
0.720833
0.616667
0.770833
0.779167
0.808333
0.745833
0.745833
1.545833
0.820833
0.741667
0.670833
0.662500
0.695833
0.700000
1.604167
0.816667
0.650000
0.675000
0.658333
0.825000
0.854167
0.708333
0.687500
0.700000
0.658333
0.695833
0.704167
0.645833
1.662500
0.720833
0.729167
0.808333
0.745833
0.883333
0.841667
0.716667
0.720833
0.662500
0.629167
1.716667
0.754167
0.654167
0.716667
0.741667
0.800000
0.700000
0.770833
0.720833
0.745833
0.716667
0.687500
0.762500
0.658333
0.700000
0.741667
0.700000
0.675000
1.708333
1.679167
