0.754167
0.745833
0.766667
0.762500
0.775000
0.762500
0.770833
0.779167
0.775000
0.770833
0.775000
0.783333
0.779167
0.766667
0.775000
0.779167
0.775000
0.758333
0.770833
0.770833
0.770833
0.758333
0.770833
0.770833
0.770833
0.754167
0.770833
0.775000
0.770833
0.754167
0.770833
0.770833
0.758333
0.550000
0.920833
0.795833
0.779167
0.770833
0.741667
0.770833
0.970833
0.158333
0.400000
0.741667
0.766667
0.766667
0.754167
0.770833
0.770833
0.762500
0.783333
0.770833
0.775000
0.558333
0.416667
0.929167
0.812500
0.770833
0.791667
0.783333
0.779167
0.779167
0.775000
0.591667
0.920833
0.800000
0.783333
0.770833
0.783333
0.779167
0.762500
0.783333
0.783333
0.775000
0.566667
0.408333
0.954167
0.800000
0.808333
0.795833
0.787500
0.791667
0.783333
0.758333
0.783333
0.775000
0.779167
0.758333
0.779167
0.779167
0.783333
0.783333
0.766667
0.787500
0.783333
0.754167
0.783333
0.783333
0.758333
0.787500
0.779167
0.783333
0.770833
0.770833
0.779167
0.779167
0.779167
0.758333
0.779167
0.775000
0.758333
0.787500
0.775000
0.770833
0.745833
0.770833
0.766667
0.762500
0.750000
0.766667
0.762500
0.766667
0.762500
0.741667
0.770833
0.762500
0.762500
0.750000
0.766667
0.762500
0.770833
0.770833
0.750000
0.766667
0.762500
0.762500
0.766667
0.758333
0.754167
0.762500
0.762500
0.762500
0.745833
0.762500
0.762500
0.741667
0.770833
0.762500
0.754167
0.762500
0.762500
0.766667
0.750000
0.750000
0.762500
0.758333
0.762500
0.745833
0.762500
0.762500
0.758333
0.741667
0.766667
0.758333
0.758333
0.754167
0.750000
0.758333
0.458333
0.941667
0.795833
0.775000
0.758333
0.775000
0.766667
0.770833
0.762500
0.758333
0.487500
0.941667
0.812500
0.770833
0.783333
0.783333
0.779167
0.775000
0.762500
0.775000
0.775000
0.770833
0.762500
0.762500
0.766667
0.770833
0.766667
0.754167
0.770833
0.770833
0.770833
0.775000
0.754167
0.775000
0.770833
0.770833
0.762500
0.762500
0.770833
0.770833
0.762500
0.762500
0.766667
0.766667
0.775000
0.750000
0.775000
0.770833
0.775000
0.766667
0.758333
0.775000
0.770833
0.779167
0.775000
0.758333
0.783333
0.783333
0.787500
0.762500
0.787500
0.779167
0.783333
0.754167
0.783333
0.779167
0.779167
0.770833
0.762500
0.775000
0.770833
0.762500
0.775000
0.770833
0.775000
0.770833
0.754167
0.770833
0.770833
0.770833
0.766667
0.754167
0.770833
0.766667
0.458333
0.941667
0.800000
0.779167
0.775000
0.775000
0.758333
0.754167
0.762500
0.766667
0.766667
0.750000
0.770833
0.770833
0.770833
0.758333
0.775000
0.775000
0.775000
0.779167
0.754167
0.779167
0.775000
0.750000
0.766667
0.766667
0.745833
0.770833
0.766667
0.754167
0.750000
0.775000
0.762500
0.758333
0.754167
0.762500
0.762500
0.758333
0.745833
0.762500
0.758333
0.762500
0.754167
0.762500
0.762500
0.745833
0.766667
0.758333
0.762500
0.754167
0.754167
0.762500
0.762500
0.745833
0.762500
0.762500
0.766667
0.754167
0.766667
0.762500
0.766667
0.766667
0.745833
0.762500
0.762500
0.758333
0.750000
0.766667
0.762500
0.762500
0.737500
0.770833
0.754167
0.762500
0.758333
0.750000
0.754167
0.758333
0.737500
0.762500
0.754167
0.758333
0.745833
0.741667
0.754167
0.754167
0.750000
0.737500
0.750000
0.750000
0.750000
0.745833
0.741667
0.754167
0.750000
0.758333
0.733333
0.762500
0.750000
0.762500
0.741667
0.758333
0.758333
0.754167
0.754167
0.745833
0.758333
0.754167
0.758333
0.745833
0.762500
0.754167
0.762500
0.758333
0.745833
0.766667
0.758333
0.758333
0.741667
0.754167
0.754167
0.758333
0.754167
0.754167
0.750000
0.733333
0.750000
0.750000
0.745833
0.733333
0.750000
0.750000
0.750000
0.737500
0.745833
0.750000
0.754167
0.741667
0.754167
0.758333
0.754167
0.758333
0.745833
0.762500
0.758333
0.758333
0.762500
0.745833
0.762500
0.762500
0.762500
0.758333
0.745833
0.766667
0.758333
0.762500
0.741667
0.766667
0.758333
0.766667
0.750000
0.758333
0.758333
0.766667
0.762500
0.750000
0.770833
0.762500
0.766667
0.766667
0.745833
0.766667
0.758333
0.745833
0.762500
0.758333
0.762500
0.758333
0.754167
0.762500
0.766667
0.766667
0.758333
0.754167
0.762500
0.762500
0.766667
0.745833
0.766667
0.758333
0.745833
0.762500
0.762500
0.766667
0.745833
0.754167
0.758333
0.762500
0.758333
0.750000
0.758333
0.762500
0.762500
0.741667
0.762500
0.762500
0.762500
0.762500
0.754167
0.766667
0.766667
0.750000
0.766667
0.766667
0.762500
0.750000
0.762500
0.762500
0.770833
0.750000
0.766667
0.762500
0.762500
0.766667
0.745833
0.766667
0.762500
0.766667
0.745833
0.766667
0.762500
0.762500
0.762500
0.750000
0.758333
0.766667
0.758333
0.745833
0.766667
0.762500
0.762500
0.762500
0.745833
0.770833
0.758333
0.762500
0.745833
0.762500
0.762500
0.758333
0.741667
0.758333
0.758333
0.758333
0.758333
0.741667
0.762500
0.754167
0.758333
0.745833
0.754167
0.754167
0.758333
0.758333
0.737500
0.766667
0.754167
0.758333
0.758333
0.754167
0.750000
0.741667
0.745833
0.750000
0.750000
0.741667
0.754167
0.758333
0.766667
0.762500
0.754167
0.770833
0.770833
0.775000
0.766667
0.762500
0.770833
0.770833
0.775000
0.779167
0.754167
0.462500
0.958333
0.812500
0.500000
0.375000
0.525000
0.387500
0.404167
0.904167
0.837500
0.783333
0.804167
0.795833
0.791667
0.791667
0.766667
0.787500
0.779167
0.770833
0.779167
0.770833
0.775000
0.458333
0.958333
0.804167
0.495833
0.925000
0.800000
0.495833
0.937500
0.783333
0.787500
0.458333
0.962500
0.804167
0.787500
0.787500
0.787500
0.779167
0.775000
0.779167
0.741667
0.804167
0.791667
0.454167
0.966667
0.808333
0.795833
0.791667
0.787500
0.766667
0.795833
0.454167
0.975000
0.808333
0.500000
0.375000
0.325000
0.537500
0.983333
0.837500
0.825000
0.500000
0.966667
0.837500
0.812500
0.795833
0.804167
0.795833
0.800000
0.783333
0.779167
0.787500
0.787500
0.783333
0.766667
0.791667
0.783333
0.783333
0.791667
0.766667
0.791667
0.783333
0.787500
0.779167
0.779167
0.791667
0.787500
0.787500
0.770833
0.791667
0.787500
0.787500
0.791667
0.770833
0.791667
0.787500
0.791667
0.770833
0.775000
0.783333
0.783333
0.779167
0.770833
0.779167
0.779167
0.779167
0.775000
0.766667
0.775000
0.779167
0.454167
0.966667
0.804167
0.800000
0.795833
0.791667
0.775000
0.758333
0.783333
0.779167
0.500000
0.937500
0.812500
0.795833
0.787500
0.766667
0.783333
0.462500
0.941667
0.783333
0.795833
0.779167
0.779167
0.766667
0.787500
0.775000
0.783333
0.766667
0.787500
0.779167
0.779167
0.762500
0.787500
0.775000
0.775000
0.770833
0.770833
0.770833
0.775000
0.775000
0.762500
0.770833
0.775000
0.770833
0.758333
0.770833
0.770833
0.775000
0.754167
0.770833
0.770833
0.775000
0.754167
0.775000
0.775000
0.770833
0.775000
0.758333
0.458333
0.362500
0.883333
0.800000
0.775000
0.779167
0.783333
0.233333
0.545833
0.758333
0.779167
0.775000
0.770833
0.770833
0.766667
0.500000
0.920833
0.791667
0.775000
0.758333
0.766667
0.770833
0.770833
0.770833
0.754167
0.775000
0.766667
0.770833
0.750000
0.770833
0.458333
0.945833
0.795833
0.766667
0.779167
0.779167
0.766667
0.766667
0.775000
0.775000
0.775000
0.762500
0.770833
0.775000
0.775000
0.766667
0.762500
0.775000
0.775000
0.758333
0.783333
0.770833
0.775000
0.754167
0.779167
0.770833
0.770833
0.766667
0.762500
0.754167
0.766667
0.758333
0.741667
0.462500
0.937500
0.795833
0.754167
0.779167
0.766667
0.766667
0.495833
0.912500
0.791667
0.770833
0.770833
0.766667
0.745833
0.458333
0.937500
0.791667
0.775000
0.770833
0.770833
0.745833
0.775000
0.758333
0.500000
0.375000
0.345833
1.066667
0.791667
0.500000
0.379167
0.320833
0.550000
0.416667
0.962500
0.820833
0.800000
0.787500
0.762500
0.783333
0.775000
0.775000
0.775000
0.758333
0.762500
0.770833
0.766667
0.458333
0.950000
0.804167
0.775000
0.779167
