0.737500
0.720833
0.729167
0.729167
0.729167
0.733333
0.729167
0.725000
0.720833
0.733333
0.741667
0.762500
0.754167
0.762500
0.762500
0.766667
0.770833
0.766667
0.758333
0.758333
0.758333
0.754167
0.754167
0.741667
0.745833
0.758333
0.758333
0.758333
0.762500
0.766667
0.758333
0.750000
0.754167
0.762500
0.754167
0.750000
0.762500
0.770833
0.770833
0.762500
0.745833
0.766667
0.766667
0.758333
0.758333
0.770833
0.775000
0.775000
0.770833
0.762500
0.750000
0.575000
0.925000
0.820833
0.804167
0.779167
0.779167
0.754167
0.745833
0.725000
0.729167
0.733333
0.741667
0.766667
0.766667
0.766667
0.783333
0.783333
0.770833
0.766667
0.754167
0.745833
0.758333
0.758333
0.766667
0.758333
0.762500
0.758333
0.758333
0.758333
0.758333
0.754167
0.508333
0.987500
0.800000
0.800000
0.766667
0.758333
0.766667
0.766667
0.770833
0.770833
0.766667
0.750000
0.754167
0.762500
0.758333
0.766667
0.754167
0.745833
0.754167
0.483333
0.908333
0.795833
0.791667
0.775000
0.779167
0.770833
0.770833
0.762500
0.754167
0.758333
0.758333
0.758333
0.758333
0.770833
0.766667
0.775000
0.779167
0.770833
0.775000
0.770833
0.754167
0.750000
0.750000
0.750000
0.754167
0.754167
0.729167
0.720833
0.725000
0.725000
0.729167
0.745833
0.741667
0.758333
0.758333
0.766667
0.754167
0.766667
0.750000
0.737500
0.741667
0.741667
0.754167
0.750000
0.570833
0.916667
0.800000
0.775000
0.770833
0.754167
0.750000
0.762500
0.758333
0.508333
0.525000
0.550000
0.616667
0.862500
0.758333
0.945833
0.812500
0.795833
0.795833
0.783333
0.779167
0.770833
0.766667
0.766667
0.758333
0.750000
0.737500
0.733333
0.745833
0.745833
0.754167
0.754167
0.745833
0.745833
0.762500
0.762500
0.762500
0.754167
0.741667
0.750000
0.737500
0.758333
0.750000
0.745833
0.745833
0.750000
0.745833
0.745833
0.741667
0.741667
0.741667
0.733333
0.729167
0.733333
0.725000
0.716667
0.716667
0.725000
0.708333
0.716667
0.720833
0.729167
0.729167
0.725000
0.729167
0.733333
0.720833
0.716667
0.716667
0.720833
0.700000
0.695833
0.695833
0.700000
0.708333
0.704167
0.700000
0.700000
0.695833
0.704167
0.708333
0.695833
0.700000
0.700000
0.712500
0.704167
0.700000
0.691667
0.700000
0.704167
0.708333
0.704167
0.695833
0.695833
0.700000
0.704167
0.700000
0.700000
0.704167
0.695833
0.695833
0.700000
0.700000
0.708333
0.704167
0.704167
0.708333
0.720833
0.712500
0.712500
0.712500
0.720833
0.491667
0.870833
0.770833
0.754167
0.754167
0.754167
0.750000
0.741667
0.737500
0.741667
0.745833
0.750000
0.491667
0.858333
0.795833
0.779167
0.766667
0.762500
0.775000
0.762500
0.762500
0.766667
0.775000
0.779167
0.762500
0.754167
0.754167
0.762500
0.766667
0.770833
0.754167
0.762500
0.762500
0.770833
0.762500
0.758333
0.758333
0.762500
0.758333
0.762500
0.762500
0.750000
0.741667
0.754167
0.741667
0.745833
0.737500
0.745833
0.754167
0.741667
0.758333
0.758333
0.762500
0.758333
0.745833
0.745833
0.750000
0.750000
0.745833
0.750000
0.741667
0.741667
0.750000
0.754167
0.750000
0.750000
0.741667
0.737500
0.745833
0.745833
0.745833
0.737500
0.729167
0.741667
0.745833
0.741667
0.737500
0.733333
0.729167
0.654167
0.795833
0.733333
0.729167
0.725000
0.733333
0.729167
0.737500
0.737500
0.725000
0.729167
0.729167
0.733333
0.741667
0.745833
0.725000
0.741667
0.745833
0.750000
0.741667
0.750000
0.662500
0.858333
0.762500
0.770833
0.758333
0.766667
0.770833
0.762500
0.779167
0.779167
0.783333
0.791667
0.783333
0.775000
0.775000
0.791667
0.787500
0.791667
0.787500
0.783333
0.775000
0.783333
0.791667
0.783333
0.787500
0.775000
0.783333
0.783333
0.779167
0.775000
0.766667
0.775000
0.791667
0.791667
0.791667
0.783333
0.775000
0.770833
0.775000
0.779167
0.783333
0.775000
0.779167
0.783333
0.770833
0.758333
0.766667
0.783333
0.779167
0.779167
0.775000
0.779167
0.779167
0.766667
0.762500
0.775000
0.775000
0.783333
0.779167
0.766667
0.762500
0.758333
0.766667
0.762500
0.758333
0.745833
0.762500
0.762500
0.770833
0.762500
0.750000
0.762500
0.750000
0.766667
0.762500
0.758333
0.754167
0.762500
0.762500
0.762500
0.758333
0.750000
0.750000
0.750000
0.750000
0.745833
0.745833
0.762500
0.762500
0.770833
0.762500
0.750000
0.745833
0.766667
0.750000
0.762500
0.754167
0.741667
0.754167
0.758333
0.750000
0.758333
0.750000
0.754167
0.754167
0.754167
0.762500
0.758333
0.758333
0.779167
0.795833
0.804167
0.820833
0.804167
0.800000
0.808333
0.808333
0.812500
0.825000
0.812500
0.812500
0.812500
0.820833
0.820833
0.837500
0.841667
0.845833
0.816667
0.783333
0.787500
0.791667
0.783333
0.770833
0.766667
0.758333
0.762500
0.770833
0.766667
0.766667
0.766667
0.754167
0.750000
0.758333
0.750000
0.750000
0.750000
0.762500
0.770833
0.770833
0.762500
0.758333
0.754167
0.762500
0.762500
0.766667
0.750000
0.745833
0.754167
0.766667
0.754167
0.750000
0.754167
0.750000
0.754167
0.754167
0.733333
0.720833
0.716667
0.725000
0.725000
0.733333
0.737500
0.750000
0.741667
0.529167
0.950000
0.775000
0.762500
0.762500
0.750000
0.741667
0.729167
0.745833
0.741667
0.737500
0.733333
0.725000
0.729167
0.729167
0.729167
0.729167
0.720833
0.720833
0.729167
0.729167
0.716667
0.725000
0.720833
0.720833
0.720833
0.716667
0.716667
0.537500
0.845833
0.737500
0.737500
0.741667
0.745833
0.758333
0.750000
0.754167
0.750000
0.745833
0.745833
0.750000
0.750000
0.758333
0.750000
0.741667
0.741667
0.741667
0.529167
0.970833
0.754167
0.745833
0.745833
0.745833
0.750000
0.758333
0.754167
0.754167
0.762500
0.758333
0.762500
0.754167
0.750000
0.754167
0.750000
0.754167
0.750000
0.745833
0.745833
0.745833
0.758333
0.758333
0.762500
0.762500
0.758333
0.762500
0.758333
0.762500
0.762500
0.762500
0.750000
0.654167
0.854167
0.770833
0.766667
0.754167
0.754167
0.762500
0.762500
0.750000
0.737500
0.745833
0.745833
0.750000
0.737500
0.737500
0.733333
0.733333
0.716667
0.704167
0.700000
0.712500
0.708333
0.712500
0.733333
0.741667
0.737500
0.729167
0.729167
0.733333
0.741667
0.733333
0.733333
0.720833
0.720833
0.725000
0.720833
0.716667
0.708333
0.704167
0.708333
0.704167
0.700000
0.695833
0.691667
0.695833
0.700000
0.704167
0.695833
0.700000
0.704167
0.708333
0.712500
0.712500
0.708333
0.708333
0.704167
0.708333
0.704167
0.695833
0.700000
0.695833
0.687500
0.683333
0.687500
0.687500
0.687500
0.687500
0.679167
0.679167
0.683333
0.683333
0.683333
0.679167
0.683333
0.683333
0.675000
0.683333
0.679167
0.679167
0.679167
0.683333
0.687500
0.683333
0.683333
0.683333
0.683333
0.679167
0.687500
0.683333
0.683333
0.679167
0.683333
0.687500
0.683333
0.683333
0.683333
0.679167
0.679167
0.683333
0.687500
0.687500
0.687500
0.691667
0.695833
0.691667
0.695833
0.700000
0.708333
0.716667
0.708333
0.708333
0.716667
0.725000
0.725000
0.733333
0.725000
0.737500
0.741667
0.733333
0.579167
0.883333
0.766667
0.745833
0.745833
0.737500
0.737500
0.758333
0.762500
0.766667
0.758333
0.766667
0.766667
0.770833
0.779167
0.766667
0.770833
0.766667
0.770833
0.754167
0.762500
0.770833
0.762500
0.758333
0.766667
0.775000
0.770833
0.766667
0.754167
0.766667
0.770833
0.775000
0.770833
0.770833
0.770833
0.770833
0.754167
0.754167
0.762500
0.766667
0.770833
0.770833
0.770833
0.766667
0.775000
0.775000
0.762500
0.620833
0.933333
0.812500
0.804167
0.783333
0.762500
0.762500
0.762500
0.745833
0.733333
0.712500
0.720833
0.712500
0.720833
0.725000
0.725000
0.729167
0.741667
0.745833
0.745833
0.754167
0.745833
0.741667
0.745833
0.754167
0.745833
0.745833
0.754167
0.750000
0.750000
0.650000
0.879167
0.762500
0.766667
0.766667
0.770833
0.750000
0.762500
0.766667
0.766667
0.775000
0.762500
0.775000
0.766667
0.775000
0.775000
0.775000
0.766667
0.758333
0.766667
0.758333
0.754167
0.758333
0.754167
0.758333
0.745833
0.754167
0.758333
