0.733333
0.683333
0.645833
0.966667
0.583333
1.050000
1.154167
1.966667
0.925000
0.562500
0.970833
1.437500
0.691667
0.587500
0.529167
0.987500
0.920833
0.687500
0.683333
0.658333
0.900000
1.000000
1.662500
0.862500
0.804167
0.700000
1.683333
0.766667
0.816667
0.954167
0.891667
0.629167
0.691667
0.520833
0.595833
0.658333
0.833333
0.995833
0.637500
1.141667
0.579167
0.550000
0.991667
0.695833
1.179167
0.908333
1.420833
1.070833
0.800000
0.929167
1.379167
0.708333
1.087500
1.400000
1.029167
0.687500
0.533333
0.516667
0.645833
0.725000
0.562500
0.708333
1.262500
0.745833
0.729167
0.950000
0.687500
0.520833
1.029167
1.275000
0.687500
0.670833
0.616667
0.741667
0.616667
1.154167
1.366667
1.337500
1.066667
0.904167
0.566667
0.683333
1.454167
0.687500
0.891667
1.216667
0.720833
0.587500
1.308333
0.712500
0.695833
1.591667
0.712500
1.179167
0.575000
0.633333
0.700000
1.225000
0.950000
1.316667
0.704167
0.645833
1.083333
0.687500
1.054167
1.283333
0.841667
0.991667
1.350000
0.695833
0.587500
1.950000
1.120833
1.325000
0.591667
0.725000
0.541667
0.562500
0.825000
1.187500
0.862500
0.808333
0.533333
0.525000
1.320833
0.858333
0.920833
0.604167
0.729167
0.650000
1.054167
1.208333
0.991667
1.058333
1.108333
0.662500
0.645833
1.462500
1.050000
0.720833
0.625000
0.833333
1.137500
1.712500
0.908333
1.033333
0.620833
0.583333
0.758333
1.241667
0.929167
0.729167
1.595833
0.583333
0.633333
1.000000
0.570833
1.070833
0.566667
0.608333
1.579167
0.995833
1.204167
0.566667
0.695833
1.012500
0.558333
0.641667
0.900000
0.912500
1.383333
0.595833
0.575000
1.250000
0.687500
0.875000
0.795833
0.550000
0.566667
0.537500
0.520833
0.525000
0.545833
0.900000
1.470833
0.545833
0.687500
0.545833
0.941667
0.816667
0.533333
1.691667
1.791667
0.754167
1.387500
0.658333
0.595833
0.691667
0.554167
0.904167
0.750000
0.800000
1.475000
0.779167
0.662500
0.679167
0.983333
0.550000
0.837500
0.708333
0.579167
1.166667
0.829167
1.070833
0.879167
0.525000
0.687500
0.658333
0.650000
0.566667
0.591667
0.645833
1.037500
1.045833
0.804167
0.750000
1.095833
0.800000
0.620833
0.895833
1.783333
0.587500
0.675000
0.533333
1.070833
0.562500
0.800000
0.641667
0.845833
0.762500
0.700000
1.175000
0.750000
1.079167
0.591667
1.495833
1.070833
0.545833
0.745833
1.525000
0.633333
0.962500
0.595833
0.979167
0.625000
0.904167
0.545833
0.541667
0.537500
0.529167
0.537500
1.545833
1.816667
1.070833
0.587500
0.787500
1.016667
0.666667
0.533333
0.966667
1.250000
0.591667
0.670833
1.091667
0.620833
1.087500
0.816667
0.633333
1.125000
0.579167
0.725000
0.604167
1.458333
1.091667
0.995833
1.020833
1.183333
1.087500
1.191667
0.816667
0.579167
0.645833
0.987500
0.545833
0.500000
0.991667
0.925000
0.620833
0.654167
0.970833
1.337500
0.850000
1.779167
0.883333
0.775000
0.916667
0.612500
0.825000
0.662500
0.695833
0.845833
1.108333
0.558333
0.837500
0.562500
0.550000
1.350000
0.558333
0.570833
0.841667
1.895833
1.350000
0.787500
1.100000
0.587500
0.754167
1.158333
0.741667
0.870833
1.179167
1.179167
0.629167
1.670833
0.912500
0.954167
0.579167
0.537500
0.704167
0.958333
0.766667
0.779167
1.004167
0.883333
0.837500
0.654167
0.587500
0.558333
1.758333
0.608333
0.825000
0.633333
0.900000
0.595833
0.966667
0.620833
1.404167
0.687500
1.233333
0.595833
0.633333
0.579167
0.966667
0.683333
0.770833
1.212500
1.429167
0.554167
0.554167
0.541667
0.525000
0.750000
0.766667
0.966667
0.583333
1.000000
0.870833
0.620833
0.708333
1.066667
0.733333
0.620833
0.575000
0.562500
0.854167
0.712500
0.583333
0.912500
0.550000
0.791667
0.600000
0.929167
0.554167
0.679167
0.991667
1.312500
0.837500
0.737500
0.800000
0.620833
0.558333
0.550000
0.700000
0.570833
0.587500
0.662500
1.316667
0.666667
0.520833
0.495833
0.675000
1.112500
0.633333
0.754167
0.670833
1.112500
0.595833
0.595833
0.537500
0.833333
1.337500
0.545833
0.554167
1.050000
1.041667
0.525000
0.512500
1.645833
0.604167
1.225000
0.866667
0.870833
0.808333
0.729167
0.583333
0.712500
1.162500
1.545833
1.200000
0.654167
0.670833
1.579167
0.566667
0.729167
1.083333
0.891667
0.908333
0.620833
0.766667
0.625000
0.637500
0.712500
0.629167
0.900000
0.608333
0.554167
0.575000
1.054167
1.154167
0.687500
0.708333
0.591667
0.850000
0.608333
0.600000
0.583333
0.595833
0.666667
0.995833
0.820833
0.987500
0.591667
0.608333
0.741667
0.850000
0.645833
1.466667
0.608333
1.325000
0.687500
1.837500
1.020833
1.225000
0.775000
0.587500
0.541667
1.433333
0.595833
0.812500
0.695833
0.716667
0.645833
0.791667
0.533333
0.866667
0.558333
0.750000
0.566667
0.616667
0.675000
1.320833
0.737500
0.650000
0.587500
0.937500
0.925000
0.554167
0.620833
0.850000
0.670833
1.191667
1.145833
0.575000
0.875000
0.841667
1.137500
0.679167
1.108333
0.562500
0.920833
0.820833
0.579167
0.650000
0.958333
0.612500
0.558333
0.566667
1.329167
0.720833
0.550000
0.520833
0.870833
0.945833
0.970833
0.550000
0.566667
0.716667
0.554167
0.866667
1.733333
0.945833
0.762500
0.629167
0.654167
0.816667
0.912500
1.233333
0.704167
1.029167
1.200000
1.808333
0.762500
0.570833
1.108333
1.058333
0.695833
0.791667
0.520833
0.858333
0.629167
0.575000
1.083333
1.200000
0.700000
0.816667
0.829167
0.766667
0.604167
0.662500
1.120833
1.183333
0.558333
1.133333
0.979167
1.004167
1.487500
0.754167
0.587500
0.541667
0.729167
0.675000
1.154167
0.675000
0.862500
0.958333
1.233333
0.991667
0.987500
0.866667
0.704167
1.166667
0.566667
0.608333
0.541667
0.625000
0.654167
0.587500
1.137500
0.620833
0.683333
0.845833
0.650000
0.645833
1.212500
0.595833
0.687500
1.054167
0.837500
0.879167
0.550000
0.787500
0.695833
0.650000
0.825000
0.750000
0.920833
0.612500
1.170833
1.608333
1.116667
0.804167
0.733333
0.733333
0.741667
0.516667
1.295833
0.787500
1.312500
1.391667
0.829167
0.916667
0.583333
0.570833
0.654167
0.900000
1.279167
1.716667
1.729167
0.554167
0.525000
0.891667
0.983333
0.641667
0.587500
0.550000
0.529167
1.020833
0.558333
1.775000
0.641667
0.795833
0.683333
0.987500
0.575000
0.516667
0.695833
0.808333
0.704167
0.616667
0.545833
0.504167
0.545833
0.575000
1.358333
0.895833
0.579167
1.008333
1.050000
1.058333
1.500000
0.787500
0.733333
1.666667
0.570833
0.937500
1.112500
0.691667
0.662500
0.554167
0.520833
0.920833
0.854167
1.250000
0.895833
0.566667
0.704167
0.591667
0.537500
1.116667
0.908333
0.591667
0.700000
1.037500
0.975000
0.841667
0.783333
0.791667
1.116667
0.616667
0.583333
0.570833
1.204167
1.483333
0.654167
1.308333
1.208333
0.687500
0.729167
0.537500
0.870833
0.716667
0.700000
0.575000
0.558333
1.404167
0.966667
1.087500
0.962500
0.558333
0.979167
0.800000
0.641667
0.841667
0.695833
1.158333
0.637500
0.541667
0.550000
0.550000
1.291667
1.187500
0.550000
0.708333
0.729167
0.545833
0.520833
0.812500
