0.879167
0.816667
0.858333
0.862500
0.829167
0.841667
0.854167
0.833333
0.837500
0.845833
0.845833
0.829167
0.845833
0.841667
0.829167
0.825000
0.837500
0.966667
0.870833
0.816667
0.825000
0.837500
0.600000
1.066667
0.845833
0.833333
0.833333
0.816667
0.845833
0.862500
0.837500
0.600000
1.129167
0.887500
0.612500
0.433333
0.729167
0.795833
0.841667
0.870833
0.941667
0.887500
0.850000
0.920833
0.895833
0.879167
0.887500
0.900000
0.887500
0.845833
0.595833
1.170833
0.870833
0.862500
0.870833
0.850000
0.837500
0.845833
0.845833
0.808333
0.841667
0.850000
0.829167
0.558333
1.112500
0.854167
0.812500
0.837500
0.845833
0.833333
0.845833
0.854167
0.850000
0.858333
0.816667
0.854167
0.854167
0.858333
0.833333
0.858333
0.875000
0.879167
0.654167
1.066667
0.879167
0.825000
0.854167
0.862500
0.825000
0.854167
0.875000
0.858333
0.654167
1.075000
0.870833
0.725000
0.954167
0.891667
0.945833
0.912500
0.641667
1.137500
0.637500
1.091667
0.866667
0.850000
0.841667
0.850000
0.850000
0.704167
1.004167
0.854167
0.820833
0.837500
0.845833
0.816667
0.837500
0.854167
0.816667
0.833333
0.854167
0.820833
0.562500
1.116667
0.837500
0.841667
0.854167
0.841667
0.854167
0.866667
0.829167
0.870833
0.879167
0.850000
0.866667
0.883333
0.854167
0.850000
0.862500
0.866667
0.820833
0.845833
0.591667
1.087500
0.850000
0.850000
0.820833
0.841667
0.841667
0.533333
1.112500
0.858333
0.845833
0.816667
0.833333
0.845833
0.837500
0.625000
1.045833
0.841667
0.629167
1.025000
0.829167
0.604167
1.050000
0.845833
0.820833
0.833333
0.537500
1.137500
0.620833
1.054167
0.850000
0.562500
1.079167
0.666667
0.966667
0.820833
0.820833
0.808333
0.812500
0.825000
0.833333
0.812500
0.829167
0.854167
0.812500
0.841667
0.858333
0.858333
0.841667
0.866667
0.870833
0.837500
0.858333
0.579167
1.108333
0.862500
0.854167
0.825000
0.845833
0.858333
0.829167
0.854167
0.862500
0.837500
0.858333
0.808333
0.879167
0.700000
0.962500
0.800000
0.679167
0.983333
0.816667
0.820833
0.833333
0.837500
0.808333
0.845833
0.870833
0.866667
0.837500
0.866667
0.887500
0.854167
0.862500
0.887500
0.866667
0.866667
0.883333
0.883333
0.841667
0.870833
0.895833
0.833333
0.858333
0.862500
0.866667
0.825000
0.858333
0.870833
0.854167
0.841667
0.841667
0.870833
0.829167
0.858333
0.829167
0.891667
0.745833
0.945833
0.833333
0.829167
0.845833
0.833333
0.833333
0.837500
0.845833
0.820833
0.845833
0.850000
0.816667
0.845833
0.870833
0.841667
0.841667
0.858333
0.841667
0.570833
1.133333
0.883333
0.829167
0.579167
0.520833
0.700000
0.766667
0.554167
1.104167
0.854167
0.812500
0.837500
0.858333
0.833333
0.858333
0.866667
0.875000
0.825000
0.704167
0.966667
0.812500
0.837500
0.845833
0.658333
1.008333
0.858333
0.816667
0.841667
0.841667
0.854167
0.775000
0.925000
0.870833
0.850000
0.604167
1.120833
0.875000
0.837500
0.870833
0.883333
0.862500
0.566667
1.170833
0.870833
0.829167
0.870833
0.866667
0.825000
0.862500
0.875000
0.837500
0.879167
0.895833
0.875000
0.670833
1.066667
0.858333
0.854167
0.866667
0.854167
0.837500
0.854167
0.854167
0.816667
0.658333
0.525000
0.637500
0.741667
0.829167
0.850000
0.850000
0.820833
0.858333
0.870833
0.862500
0.829167
0.866667
0.870833
0.858333
0.850000
0.862500
0.845833
0.558333
1.125000
0.862500
0.808333
0.841667
0.841667
0.800000
0.820833
0.829167
0.816667
0.812500
0.820833
0.820833
0.812500
0.825000
0.829167
0.804167
0.829167
0.833333
0.816667
0.833333
0.833333
0.829167
0.841667
0.595833
0.725000
0.483333
0.745833
0.658333
0.975000
0.825000
0.837500
0.829167
0.741667
0.937500
0.825000
0.833333
0.629167
1.066667
0.825000
0.845833
0.854167
0.829167
0.837500
0.862500
0.854167
0.587500
1.095833
0.679167
1.016667
0.825000
0.829167
0.837500
0.812500
0.837500
0.858333
0.837500
0.675000
1.025000
0.850000
0.562500
1.075000
0.616667
1.045833
0.833333
0.837500
0.816667
0.825000
0.841667
0.833333
0.816667
0.833333
0.837500
0.808333
0.837500
0.841667
0.837500
0.820833
0.841667
0.841667
0.825000
0.591667
1.050000
0.837500
0.787500
0.812500
0.833333
0.820833
0.587500
1.054167
0.750000
0.908333
0.587500
1.058333
0.829167
0.791667
0.825000
0.850000
0.841667
0.812500
0.858333
0.870833
0.650000
0.495833
0.625000
0.766667
0.850000
0.820833
0.554167
1.120833
0.620833
1.045833
0.837500
0.608333
0.362500
0.729167
0.779167
0.729167
0.925000
0.804167
0.741667
0.900000
0.804167
0.750000
0.887500
0.825000
0.729167
0.904167
0.645833
0.975000
0.691667
1.000000
0.845833
0.808333
0.837500
0.845833
0.820833
0.850000
0.879167
0.841667
0.604167
0.425000
0.770833
0.791667
0.833333
0.754167
0.950000
0.808333
0.845833
0.862500
0.833333
0.833333
0.841667
0.845833
0.804167
0.837500
0.845833
0.812500
0.854167
0.870833
0.833333
1.704167
0.866667
0.820833
0.854167
0.879167
0.854167
0.854167
0.875000
0.870833
0.841667
0.591667
1.108333
0.854167
0.804167
0.837500
0.854167
0.833333
0.812500
0.833333
0.808333
0.816667
0.825000
0.812500
0.816667
0.795833
0.808333
0.800000
0.808333
0.608333
1.020833
0.820833
0.837500
0.850000
0.820833
0.550000
1.141667
0.870833
0.812500
0.950000
0.758333
0.991667
0.845833
0.845833
0.858333
0.854167
0.825000
0.879167
0.520833
1.175000
0.833333
0.862500
0.875000
0.595833
0.433333
0.766667
0.750000
0.941667
1.008333
0.891667
0.891667
0.862500
0.875000
0.879167
0.845833
0.866667
0.879167
0.850000
0.825000
0.391667
0.662500
0.758333
0.875000
0.891667
0.658333
1.054167
0.879167
0.845833
0.854167
0.866667
0.858333
0.833333
0.854167
0.866667
0.841667
0.850000
0.854167
0.854167
0.833333
0.845833
0.850000
0.816667
0.841667
0.845833
0.829167
0.854167
0.716667
0.366667
0.720833
0.775000
0.854167
0.820833
0.850000
0.866667
0.845833
0.850000
0.870833
0.854167
0.850000
0.858333
0.841667
0.841667
0.858333
0.850000
0.837500
0.854167
0.633333
0.633333
0.483333
0.766667
0.837500
0.691667
0.929167
0.833333
0.808333
0.812500
0.829167
0.833333
0.804167
0.829167
0.850000
0.812500
0.445833
0.600000
0.770833
0.837500
0.816667
0.612500
1.016667
0.570833
1.041667
0.820833
0.812500
0.795833
0.816667
0.833333
0.816667
0.829167
0.850000
0.845833
0.833333
0.845833
0.858333
0.833333
0.608333
1.100000
0.862500
0.812500
0.562500
0.404167
0.870833
0.845833
0.850000
0.862500
0.875000
0.820833
0.858333
0.870833
0.845833
0.583333
1.116667
0.854167
0.833333
0.845833
0.837500
0.662500
0.995833
0.850000
0.829167
0.833333
0.845833
0.850000
0.837500
0.850000
0.854167
0.829167
0.845833
0.850000
0.820833
0.850000
0.870833
0.737500
0.966667
0.858333
0.858333
0.825000
0.845833
0.875000
0.833333
0.845833
0.616667
1.054167
0.841667
0.841667
0.820833
0.837500
0.937500
0.870833
0.837500
0.820833
0.804167
0.779167
0.795833
0.795833
0.783333
0.791667
0.783333
0.787500
0.783333
0.787500
0.791667
0.783333
0.795833
0.800000
0.795833
0.550000
1.037500
0.808333
0.783333
0.812500
0.808333
0.795833
0.620833
0.970833
0.804167
0.783333
0.795833
0.800000
0.808333
