0.604167
0.595833
0.612500
0.600000
0.600000
0.604167
0.608333
0.604167
0.604167
0.612500
0.604167
0.600000
0.612500
0.608333
0.600000
0.608333
0.608333
0.604167
0.604167
0.608333
0.604167
0.604167
0.608333
0.604167
0.604167
0.608333
0.604167
0.595833
0.612500
0.604167
0.600000
0.600000
0.608333
0.604167
0.600000
0.612500
0.604167
0.604167
0.608333
0.604167
0.604167
0.608333
0.612500
0.608333
0.600000
0.612500
0.604167
0.604167
0.612500
0.608333
0.600000
0.608333
0.604167
0.595833
0.608333
0.600000
0.595833
0.604167
0.604167
0.591667
0.608333
0.595833
0.591667
0.604167
0.600000
0.595833
0.600000
0.604167
0.604167
0.595833
0.608333
0.604167
0.595833
0.604167
0.604167
0.600000
0.604167
0.608333
0.604167
0.600000
0.612500
0.604167
0.604167
0.616667
0.608333
0.608333
0.616667
0.612500
0.604167
0.612500
0.612500
0.608333
0.608333
0.616667
0.612500
0.608333
0.616667
0.612500
0.608333
0.616667
0.608333
0.604167
0.612500
0.608333
0.604167
0.608333
0.612500
0.608333
0.600000
0.612500
0.604167
0.595833
0.608333
0.604167
0.595833
0.604167
0.604167
0.604167
0.595833
0.612500
0.600000
0.595833
0.604167
0.604167
0.604167
0.600000
0.608333
0.604167
0.595833
0.604167
0.604167
0.600000
0.600000
0.608333
0.604167
0.595833
0.604167
0.604167
0.595833
0.600000
0.604167
0.600000
0.600000
0.604167
0.600000
0.595833
0.608333
0.600000
0.595833
0.600000
0.600000
0.600000
0.595833
0.600000
0.600000
0.595833
0.600000
0.600000
0.595833
0.595833
0.600000
0.600000
0.595833
0.604167
0.600000
0.595833
0.604167
0.600000
0.587500
0.604167
0.591667
0.591667
0.595833
0.595833
0.587500
0.595833
0.591667
0.591667
0.587500
0.595833
0.591667
0.583333
0.591667
0.595833
0.587500
0.587500
0.595833
0.591667
0.583333
0.595833
0.591667
0.587500
0.591667
0.595833
0.591667
0.587500
0.600000
0.591667
0.591667
0.600000
0.595833
0.587500
0.600000
0.595833
0.587500
0.595833
0.595833
0.587500
0.591667
0.595833
0.587500
0.591667
0.595833
0.591667
0.587500
0.595833
0.591667
0.587500
0.595833
0.587500
0.587500
0.595833
0.587500
0.583333
0.591667
0.587500
0.579167
0.587500
0.583333
0.583333
0.587500
0.587500
0.587500
0.583333
0.595833
0.587500
0.583333
0.587500
0.587500
0.583333
0.587500
0.587500
0.583333
0.579167
0.591667
0.583333
0.579167
0.591667
0.583333
0.579167
0.587500
0.587500
0.583333
0.587500
0.591667
0.587500
0.587500
0.595833
0.591667
0.587500
0.591667
0.595833
0.595833
0.591667
0.595833
0.595833
0.591667
0.591667
0.600000
0.595833
0.587500
0.600000
0.595833
0.587500
0.595833
0.600000
0.591667
0.595833
0.595833
0.595833
0.591667
0.600000
0.595833
0.587500
0.591667
0.600000
0.591667
0.591667
0.595833
0.591667
0.591667
0.600000
0.591667
0.600000
0.600000
0.591667
0.595833
0.600000
0.600000
0.591667
0.600000
0.595833
0.595833
0.595833
0.600000
0.600000
0.595833
0.595833
0.600000
0.591667
0.591667
0.600000
0.600000
0.583333
0.587500
0.604167
0.591667
0.595833
0.600000
0.595833
0.587500
0.600000
0.591667
0.595833
0.595833
0.595833
0.595833
0.595833
0.604167
0.595833
0.595833
0.600000
0.604167
0.600000
0.600000
0.604167
0.600000
0.600000
0.608333
0.600000
0.595833
0.604167
0.604167
0.595833
0.600000
0.600000
0.595833
0.600000
0.600000
0.595833
0.600000
0.600000
0.600000
0.595833
0.604167
0.600000
0.591667
0.604167
0.600000
0.591667
0.595833
0.600000
0.595833
0.683333
0.208333
0.395833
0.491667
0.691667
0.195833
0.404167
0.175000
0.295833
0.191667
0.391667
0.579167
0.683333
0.458333
0.591667
0.575000
0.591667
0.575000
0.579167
0.575000
0.587500
0.575000
0.575000
0.575000
0.579167
0.683333
0.233333
0.245833
0.575000
0.579167
0.575000
0.583333
0.579167
0.570833
0.579167
0.583333
0.575000
0.575000
0.583333
0.579167
0.579167
0.579167
0.587500
0.579167
0.575000
0.587500
0.583333
0.575000
0.587500
0.583333
0.583333
0.583333
0.587500
0.583333
0.583333
0.591667
0.579167
0.587500
0.591667
0.583333
0.583333
0.591667
0.587500
0.583333
0.595833
0.587500
0.587500
0.595833
0.591667
0.583333
0.600000
0.595833
0.583333
0.595833
0.595833
0.591667
0.595833
0.595833
0.591667
0.600000
0.595833
0.595833
0.595833
0.600000
0.600000
0.595833
0.604167
0.600000
0.595833
0.604167
0.591667
0.604167
0.600000
0.595833
0.595833
0.608333
0.600000
0.591667
0.612500
0.600000
0.595833
0.604167
0.604167
0.604167
0.604167
0.604167
0.608333
0.600000
0.612500
0.600000
0.612500
0.604167
0.595833
0.612500
0.600000
0.604167
0.608333
0.604167
0.595833
0.608333
0.595833
0.608333
0.600000
0.612500
0.595833
0.612500
0.604167
0.604167
0.604167
0.608333
0.608333
0.583333
0.612500
0.595833
0.604167
0.604167
0.604167
0.608333
0.600000
0.604167
0.595833
0.600000
0.604167
0.595833
0.604167
0.604167
0.600000
0.591667
0.600000
0.604167
0.591667
0.604167
0.583333
0.604167
0.600000
0.600000
0.600000
0.600000
0.604167
0.595833
0.595833
0.604167
0.595833
0.604167
0.595833
0.595833
0.608333
0.600000
0.604167
0.608333
0.600000
0.608333
0.595833
0.604167
0.612500
0.595833
0.608333
0.608333
0.591667
0.612500
0.608333
0.591667
0.612500
0.595833
0.608333
0.612500
0.595833
0.608333
0.608333
0.591667
0.591667
0.608333
0.604167
0.600000
0.591667
0.600000
0.600000
0.591667
0.600000
0.600000
0.600000
0.595833
0.608333
0.600000
0.595833
0.604167
0.600000
0.600000
0.604167
0.604167
0.604167
0.600000
0.608333
0.604167
0.600000
0.612500
0.591667
0.612500
0.604167
0.579167
0.600000
0.608333
0.595833
0.612500
0.587500
0.595833
0.608333
0.600000
0.612500
0.608333
0.608333
0.600000
0.587500
0.612500
0.591667
0.583333
0.608333
0.629167
0.612500
0.583333
0.725000
0.508333
0.591667
0.604167
0.604167
0.608333
0.591667
0.591667
0.608333
0.612500
0.600000
0.600000
0.612500
0.608333
0.600000
0.595833
0.604167
0.600000
0.595833
0.604167
0.600000
0.600000
0.595833
0.600000
0.595833
0.595833
0.604167
0.595833
0.583333
0.600000
0.600000
0.579167
0.600000
0.600000
0.591667
0.591667
0.600000
0.587500
0.595833
0.595833
0.587500
0.591667
0.595833
0.587500
0.595833
0.587500
0.591667
0.600000
0.587500
0.591667
0.591667
0.591667
0.595833
0.575000
0.575000
0.583333
0.604167
0.604167
0.583333
0.591667
0.600000
0.591667
0.591667
0.595833
0.587500
0.600000
0.591667
0.583333
0.604167
0.587500
0.595833
0.600000
0.595833
0.600000
0.587500
0.604167
0.591667
0.604167
0.583333
0.595833
0.595833
0.600000
0.587500
0.600000
0.591667
0.579167
0.595833
0.595833
0.579167
0.595833
0.591667
0.587500
0.604167
0.575000
0.600000
0.583333
0.587500
0.608333
0.579167
0.600000
0.600000
0.575000
0.583333
0.595833
0.608333
0.579167
0.591667
0.591667
0.587500
0.591667
0.587500
0.595833
0.600000
0.595833
0.579167
0.604167
0.595833
0.575000
0.595833
0.608333
0.587500
0.583333
0.612500
0.562500
0.591667
0.608333
0.570833
0.612500
0.608333
0.612500
0.616667
0.591667
0.612500
0.616667
0.579167
0.616667
0.612500
0.608333
0.604167
0.604167
0.591667
0.600000
0.600000
0.604167
0.587500
0.608333
0.591667
0.595833
0.625000
0.570833
0.720833
0.483333
0.591667
0.637500
0.587500
0.620833
0.600000
0.587500
0.620833
0.620833
0.620833
0.608333
0.600000
0.608333
0.612500
0.595833
0.612500
0.591667
0.616667
0.575000
0.612500
0.608333
0.600000
0.616667
0.583333
0.612500
0.579167
0.612500
0.608333
0.591667
0.612500
0.583333
0.612500
0.600000
0.595833
0.616667
0.591667
0.616667
0.620833
0.587500
0.612500
0.620833
0.587500
0.625000
0.587500
0.595833
0.616667
0.616667
0.604167
0.595833
0.616667
0.579167
0.616667
0.616667
0.583333
0.620833
0.612500
0.591667
0.620833
0.604167
0.591667
0.620833
0.620833
0.587500
0.612500
0.616667
0.583333
0.612500
0.616667
0.591667
0.591667
0.616667
0.616667
0.604167
0.587500
0.600000
0.595833
0.595833
0.608333
0.604167
0.587500
0.600000
0.604167
0.583333
0.608333
0.600000
0.579167
0.600000
0.604167
0.575000
0.604167
0.600000
0.579167
0.600000
0.600000
0.587500
0.575000
0.595833
0.600000
0.575000
0.591667
0.600000
0.587500
0.583333
0.600000
0.595833
0.570833
0.600000
0.600000
0.575000
0.604167
0.600000
0.579167
0.600000
0.600000
0.579167
0.600000
0.566667
0.595833
0.600000
0.600000
0.583333
0.595833
0.608333
0.575000
0.595833
0.570833
0.579167
0.608333
0.587500
0.608333
0.604167
0.591667
0.600000
0.595833
0.587500
0.608333
0.604167
0.575000
0.604167
0.604167
0.579167
0.608333
0.595833
0.600000
0.612500
0.575000
0.612500
0.595833
0.583333
0.612500
0.604167
0.583333
0.604167
0.600000
0.575000
0.604167
0.600000
0.587500
0.608333
0.575000
0.608333
0.604167
0.579167
0.600000
0.612500
0.583333
0.583333
0.608333
0.600000
0.587500
0.604167
0.583333
0.604167
0.608333
0.579167
0.604167
0.608333
0.579167
0.608333
0.600000
0.579167
0.608333
0.604167
0.604167
0.587500
0.595833
0.591667
0.587500
0.608333
0.587500
0.583333
0.600000
0.608333
0.579167
0.604167
0.583333
0.608333
0.600000
0.587500
0.600000
0.608333
0.579167
0.608333
0.575000
0.600000
0.608333
0.600000
0.608333
0.583333
0.600000
0.600000
0.608333
0.587500
0.604167
0.608333
0.587500
0.604167
0.595833
0.600000
0.608333
0.579167
0.604167
0.595833
0.591667
0.608333
0.575000
0.604167
0.595833
0.583333
0.604167
0.583333
0.595833
0.608333
0.583333
0.604167
0.595833
0.575000
0.587500
0.579167
0.608333
0.587500
0.595833
0.570833
0.579167
0.595833
0.604167
0.583333
0.604167
0.579167
0.600000
0.604167
0.579167
0.604167
0.600000
0.579167
0.608333
0.604167
0.587500
0.608333
0.591667
0.600000
0.604167
0.604167
0.595833
0.608333
0.616667
0.600000
0.587500
0.600000
0.616667
0.579167
0.612500
0.608333
0.579167
0.612500
0.612500
0.587500
0.579167
0.595833
0.612500
0.612500
0.608333
0.608333
0.604167
0.579167
0.600000
0.608333
0.691667
0.491667
0.616667
0.579167
0.604167
0.612500
0.575000
0.595833
