0.620833
0.616667
0.625000
0.620833
0.620833
0.625000
0.620833
0.620833
0.616667
0.625000
0.616667
0.620833
0.620833
0.620833
0.616667
0.625000
0.620833
0.620833
0.629167
0.620833
0.625000
0.620833
0.625000
0.620833
0.620833
0.616667
0.620833
0.625000
0.620833
0.620833
0.625000
0.620833
0.625000
0.620833
0.625000
0.625000
0.625000
0.625000
0.620833
0.620833
0.620833
0.616667
0.620833
0.616667
0.612500
0.616667
0.612500
0.616667
0.616667
0.616667
0.612500
0.616667
0.612500
0.616667
0.616667
0.616667
0.612500
0.383333
0.787500
0.633333
0.620833
0.616667
0.620833
0.612500
0.620833
0.620833
0.616667
0.620833
0.625000
0.616667
0.625000
0.629167
0.620833
0.625000
0.625000
0.620833
0.620833
0.625000
0.620833
0.620833
0.625000
0.620833
0.625000
0.629167
0.625000
0.625000
0.625000
0.387500
0.795833
0.645833
0.625000
0.625000
0.625000
0.620833
0.620833
0.625000
0.620833
0.620833
0.616667
0.616667
0.620833
0.620833
0.620833
0.625000
0.625000
0.625000
0.625000
0.629167
0.629167
0.633333
0.633333
0.629167
0.633333
0.633333
0.629167
0.629167
0.633333
0.625000
0.625000
0.629167
0.625000
0.625000
0.620833
0.625000
0.625000
0.620833
0.625000
0.625000
0.625000
0.600000
0.645833
0.629167
0.625000
0.629167
0.629167
0.625000
0.629167
0.633333
0.633333
0.637500
0.637500
0.633333
0.633333
0.625000
0.637500
0.629167
0.629167
0.625000
0.629167
0.629167
0.625000
0.625000
0.625000
0.620833
0.625000
0.629167
0.625000
0.625000
0.625000
0.620833
0.625000
0.629167
0.625000
0.629167
0.625000
0.625000
0.625000
0.629167
0.629167
0.629167
0.637500
0.633333
0.633333
0.637500
0.637500
0.633333
0.637500
0.629167
0.633333
0.633333
0.637500
0.629167
0.637500
0.629167
0.629167
0.633333
0.629167
0.629167
0.633333
0.629167
0.633333
0.637500
0.633333
0.637500
0.633333
0.633333
0.633333
0.633333
0.637500
0.633333
0.633333
0.629167
0.637500
0.633333
0.637500
0.637500
0.633333
0.637500
0.637500
0.637500
0.637500
0.637500
0.633333
0.633333
0.637500
0.637500
0.641667
0.641667
0.641667
0.637500
0.641667
0.637500
0.637500
0.637500
0.633333
0.633333
0.629167
0.633333
0.629167
0.633333
0.629167
0.633333
0.629167
0.633333
0.633333
0.629167
0.629167
0.625000
0.629167
0.625000
0.625000
0.625000
0.625000
0.620833
0.625000
0.625000
0.625000
0.620833
0.625000
0.625000
0.625000
0.625000
0.625000
0.625000
0.629167
0.629167
0.625000
0.633333
0.625000
0.625000
0.633333
0.629167
0.625000
0.629167
0.629167
0.633333
0.629167
0.633333
0.629167
0.633333
0.625000
0.633333
0.629167
0.629167
0.629167
0.625000
0.625000
0.625000
0.625000
0.625000
0.620833
0.625000
0.625000
0.625000
0.625000
0.625000
0.629167
0.625000
0.625000
0.629167
0.637500
0.633333
0.625000
0.629167
0.629167
0.625000
0.625000
0.625000
0.625000
0.620833
0.625000
0.625000
0.629167
0.625000
0.625000
0.620833
0.629167
0.629167
0.625000
0.625000
0.629167
0.629167
0.629167
0.629167
0.508333
0.729167
0.629167
0.629167
0.625000
0.625000
0.629167
0.625000
0.625000
0.625000
0.625000
0.625000
0.625000
0.625000
0.620833
0.625000
0.625000
0.620833
0.629167
0.625000
0.625000
0.633333
0.625000
0.625000
0.629167
0.629167
0.625000
0.629167
0.629167
0.629167
0.629167
0.633333
0.629167
0.633333
0.629167
0.629167
0.629167
0.629167
0.625000
0.629167
0.625000
0.625000
0.629167
0.629167
0.625000
0.629167
0.629167
0.629167
0.625000
0.629167
0.629167
0.625000
0.625000
0.629167
0.625000
0.629167
0.620833
0.625000
0.625000
0.625000
0.625000
0.616667
0.629167
0.625000
0.625000
0.625000
0.616667
0.620833
0.625000
0.620833
0.616667
0.616667
0.620833
0.620833
0.616667
0.620833
0.620833
0.620833
0.620833
0.620833
0.620833
0.625000
0.620833
0.620833
0.625000
0.620833
0.625000
0.620833
0.620833
0.625000
0.620833
0.620833
0.620833
0.616667
0.620833
0.620833
0.620833
0.616667
0.620833
0.616667
0.616667
0.620833
0.620833
0.616667
0.620833
0.620833
0.620833
0.625000
0.625000
0.625000
0.625000
0.620833
0.625000
0.629167
0.625000
0.625000
0.625000
0.625000
0.625000
0.625000
0.620833
0.625000
0.625000
0.620833
0.625000
0.625000
0.625000
0.625000
0.625000
0.625000
0.620833
0.629167
0.625000
0.625000
0.625000
0.629167
0.629167
0.625000
0.625000
0.629167
0.625000
0.625000
0.633333
0.629167
0.629167
0.629167
0.629167
0.629167
0.629167
0.625000
0.625000
0.625000
0.625000
0.625000
0.483333
0.770833
0.629167
0.625000
0.625000
0.625000
0.625000
0.629167
0.620833
0.625000
0.383333
0.795833
0.645833
0.633333
0.625000
0.629167
0.625000
0.625000
0.629167
0.629167
0.629167
0.625000
0.633333
0.629167
0.633333
0.629167
0.633333
0.629167
0.629167
0.629167
0.629167
0.629167
0.625000
0.629167
0.625000
0.625000
0.620833
0.620833
0.620833
0.620833
1.237500
0.620833
0.620833
0.625000
0.620833
0.625000
0.629167
0.625000
0.625000
0.625000
0.625000
0.625000
0.625000
0.625000
0.620833
0.625000
0.620833
0.625000
0.620833
0.625000
0.629167
0.625000
0.625000
0.629167
0.633333
0.629167
0.629167
0.633333
0.629167
0.633333
0.629167
0.629167
0.633333
0.629167
0.625000
0.629167
0.629167
0.625000
0.625000
0.625000
0.625000
0.625000
0.629167
0.625000
0.625000
0.625000
0.629167
0.625000
0.629167
0.625000
0.629167
0.625000
0.625000
0.625000
0.625000
0.625000
0.625000
0.620833
0.629167
0.620833
0.620833
0.620833
0.620833
0.625000
0.625000
0.620833
0.616667
0.620833
0.620833
0.625000
0.625000
0.625000
0.625000
0.629167
0.625000
0.629167
0.625000
0.629167
0.629167
0.625000
0.629167
0.629167
0.629167
0.625000
0.629167
0.625000
0.625000
0.625000
0.629167
0.625000
0.625000
0.625000
0.625000
0.625000
0.633333
0.625000
0.629167
0.629167
0.629167
0.629167
0.629167
0.629167
0.633333
0.633333
0.629167
0.633333
0.633333
0.629167
0.629167
0.625000
0.629167
0.625000
0.625000
0.625000
0.629167
0.625000
0.629167
0.629167
0.625000
0.629167
0.629167
0.625000
0.625000
0.625000
0.625000
0.625000
0.629167
0.629167
0.629167
0.629167
0.629167
0.633333
0.633333
0.633333
0.633333
0.633333
0.637500
0.633333
0.633333
0.633333
0.633333
0.637500
0.633333
0.637500
0.633333
0.633333
0.633333
0.637500
0.633333
0.637500
0.637500
0.633333
0.637500
0.637500
0.637500
0.637500
0.637500
0.637500
0.637500
0.637500
0.637500
0.633333
0.458333
0.779167
0.645833
0.637500
0.637500
0.633333
0.633333
0.633333
0.633333
0.637500
0.637500
0.633333
0.637500
0.633333
0.633333
0.637500
0.637500
0.641667
0.637500
0.637500
0.633333
0.637500
0.633333
0.637500
0.633333
0.633333
0.633333
0.633333
0.633333
0.633333
0.629167
0.629167
0.633333
0.629167
0.629167
0.633333
0.629167
0.629167
0.625000
0.633333
0.629167
0.629167
0.625000
0.625000
0.633333
0.625000
0.629167
0.633333
0.629167
0.629167
0.633333
0.633333
0.633333
0.629167
0.633333
0.629167
0.633333
0.629167
0.633333
0.629167
0.633333
0.633333
0.629167
0.629167
0.633333
0.633333
0.629167
0.637500
0.462500
0.562500
0.495833
0.841667
0.662500
0.645833
0.637500
0.641667
0.637500
0.637500
0.637500
0.637500
0.637500
0.637500
0.633333
0.637500
0.633333
0.637500
0.633333
0.637500
0.633333
0.637500
0.633333
0.637500
0.633333
0.633333
0.633333
0.633333
0.633333
0.633333
0.633333
0.633333
0.629167
0.633333
0.629167
0.629167
0.633333
0.633333
0.633333
0.633333
0.629167
0.633333
0.633333
0.629167
0.633333
0.633333
0.629167
0.633333
0.629167
0.633333
0.633333
0.633333
0.629167
0.633333
0.633333
0.633333
0.633333
0.629167
0.629167
0.625000
0.629167
0.625000
0.625000
0.629167
0.620833
0.629167
0.625000
0.629167
0.629167
0.629167
0.625000
0.629167
0.625000
0.625000
0.629167
0.625000
0.625000
0.625000
0.625000
0.629167
0.625000
0.629167
0.625000
0.629167
0.629167
0.629167
0.629167
0.629167
0.629167
0.629167
0.625000
0.629167
0.625000
0.587500
0.666667
0.625000
0.629167
0.629167
0.629167
0.629167
0.629167
0.629167
0.475000
0.754167
0.637500
0.629167
0.633333
0.629167
0.629167
0.633333
0.633333
0.633333
0.633333
0.629167
0.633333
0.633333
0.633333
0.629167
0.637500
0.633333
0.633333
0.633333
0.633333
0.637500
0.633333
0.637500
0.641667
0.637500
0.645833
0.641667
0.637500
0.641667
0.641667
0.641667
0.637500
0.641667
0.637500
0.637500
0.637500
0.641667
0.637500
0.641667
0.637500
0.641667
0.641667
0.637500
0.641667
0.637500
0.633333
0.637500
0.633333
0.633333
0.637500
0.633333
0.633333
0.633333
0.633333
0.637500
0.637500
0.637500
0.637500
0.637500
0.641667
0.641667
0.641667
0.641667
0.641667
0.641667
0.641667
0.641667
0.641667
0.645833
0.645833
0.645833
0.641667
0.641667
0.641667
0.641667
0.641667
0.641667
0.641667
0.637500
0.645833
0.645833
0.645833
0.641667
0.637500
0.641667
0.637500
0.637500
0.637500
0.629167
0.633333
0.637500
0.629167
0.633333
0.633333
0.629167
0.633333
0.633333
0.633333
0.633333
0.633333
0.633333
0.633333
0.633333
0.637500
0.637500
0.637500
0.633333
0.633333
0.637500
0.633333
0.637500
0.633333
0.641667
0.637500
0.641667
0.641667
0.637500
0.633333
0.637500
0.633333
0.633333
0.487500
0.520833
0.870833
0.641667
0.633333
0.637500
0.637500
0.633333
0.637500
0.641667
0.570833
0.687500
0.645833
0.641667
0.641667
0.641667
0.637500
0.637500
0.637500
0.641667
0.633333
0.637500
0.633333
0.633333
0.637500
0.637500
0.637500
0.637500
0.637500
