1.008333
0.962500
1.000000
1.008333
1.004167
0.970833
0.979167
1.008333
1.004167
1.008333
0.970833
0.995833
1.004167
1.004167
0.995833
0.962500
1.004167
0.400000
0.208333
0.379167
0.529167
0.208333
0.237500
0.650000
0.329167
0.608333
0.308333
0.958333
0.375000
0.566667
0.925000
0.933333
0.920833
0.933333
0.933333
0.966667
0.941667
0.929167
0.433333
0.116667
1.283333
0.920833
0.933333
0.908333
0.900000
0.608333
0.291667
0.883333
0.883333
0.883333
0.650000
0.220833
0.883333
0.229167
0.533333
0.495833
0.066667
0.445833
0.870833
0.883333
0.941667
0.958333
0.929167
0.929167
1.000000
1.004167
0.962500
0.975000
1.004167
0.637500
0.329167
0.241667
0.325000
0.375000
0.225000
0.329167
0.425000
0.358333
0.237500
0.400000
0.158333
0.808333
0.375000
0.441667
0.587500
0.345833
0.195833
0.245833
0.554167
0.204167
0.541667
0.429167
0.916667
0.966667
0.945833
0.920833
0.950000
0.979167
0.962500
0.937500
0.983333
1.004167
1.004167
0.954167
0.991667
1.008333
0.983333
0.933333
0.970833
1.008333
0.987500
0.933333
0.962500
0.933333
0.929167
0.916667
0.962500
0.904167
0.950000
1.012500
0.983333
0.954167
1.016667
1.012500
0.975000
0.966667
1.000000
0.991667
0.962500
0.229167
0.750000
1.000000
0.987500
0.962500
0.995833
1.000000
0.991667
0.966667
1.000000
0.995833
0.970833
0.970833
0.995833
0.983333
0.950000
0.987500
1.004167
0.983333
0.954167
0.991667
0.987500
0.945833
0.954167
0.979167
0.970833
0.933333
0.954167
0.945833
0.937500
0.929167
0.987500
0.983333
0.954167
0.970833
1.008333
1.008333
0.958333
0.966667
0.991667
0.995833
0.970833
0.970833
1.008333
0.995833
0.975000
0.970833
1.000000
0.991667
0.962500
0.987500
0.995833
0.987500
0.954167
1.008333
0.995833
0.979167
0.945833
0.991667
1.012500
0.975000
0.958333
1.012500
1.000000
0.966667
0.987500
1.000000
1.000000
0.970833
0.991667
1.012500
1.008333
0.983333
0.966667
1.004167
0.979167
0.945833
0.933333
0.933333
0.916667
0.929167
0.958333
0.954167
0.945833
0.995833
1.004167
0.958333
0.983333
1.012500
0.970833
0.950000
1.008333
1.025000
0.975000
0.979167
1.012500
1.004167
0.970833
1.012500
1.008333
0.983333
0.966667
0.991667
1.008333
0.995833
0.962500
0.970833
0.379167
0.620833
0.491667
0.500000
0.966667
0.975000
0.991667
0.991667
0.950000
0.983333
1.008333
0.995833
0.966667
0.979167
1.004167
1.004167
0.995833
0.975000
1.016667
1.012500
1.004167
0.983333
1.012500
1.012500
1.016667
0.970833
1.008333
1.016667
1.016667
0.979167
1.004167
1.016667
1.004167
0.979167
1.016667
1.008333
1.008333
0.966667
1.008333
1.016667
1.004167
0.970833
1.000000
1.016667
1.008333
0.962500
0.991667
1.004167
0.995833
0.966667
1.004167
1.000000
0.966667
0.975000
1.008333
1.000000
0.966667
0.983333
1.012500
1.004167
0.970833
1.004167
1.012500
0.962500
1.008333
1.000000
0.962500
0.945833
0.970833
0.925000
0.958333
1.004167
1.000000
0.987500
0.970833
1.000000
0.995833
1.008333
0.983333
0.987500
1.012500
1.012500
1.020833
0.983333
1.020833
1.029167
1.020833
0.987500
1.025000
1.025000
1.020833
0.983333
1.020833
1.016667
1.004167
0.966667
1.000000
1.004167
0.995833
0.958333
1.004167
0.983333
0.958333
0.995833
1.000000
0.983333
0.966667
1.004167
0.995833
0.987500
0.975000
1.012500
1.008333
1.012500
0.975000
1.008333
1.016667
1.020833
1.000000
0.979167
1.020833
1.020833
1.008333
0.979167
0.287500
0.716667
0.470833
0.550000
1.008333
0.975000
1.008333
1.012500
1.008333
0.979167
1.016667
1.016667
0.991667
0.983333
1.016667
1.012500
0.962500
0.987500
1.004167
1.000000
0.962500
0.975000
1.004167
0.991667
0.966667
0.979167
0.991667
0.991667
0.979167
0.970833
1.000000
1.000000
0.991667
0.966667
1.004167
1.000000
1.000000
0.966667
0.995833
1.004167
1.000000
0.975000
0.975000
1.004167
1.004167
0.995833
0.970833
1.012500
1.008333
1.004167
0.975000
0.987500
1.012500
1.004167
0.970833
0.966667
1.004167
0.725000
0.266667
0.962500
0.987500
0.991667
0.975000
0.812500
1.095833
0.983333
0.437500
0.325000
1.108333
0.950000
0.920833
0.945833
1.904167
0.945833
0.958333
0.237500
0.704167
0.950000
1.008333
0.920833
0.333333
1.120833
0.391667
0.929167
0.912500
0.958333
0.933333
0.929167
0.983333
1.000000
1.016667
0.950000
0.979167
1.000000
0.995833
0.962500
0.979167
1.004167
1.000000
0.979167
0.975000
1.012500
1.008333
1.004167
0.970833
0.620833
0.366667
1.016667
0.979167
0.979167
0.970833
0.920833
0.962500
0.979167
0.979167
0.933333
0.987500
1.016667
1.016667
0.975000
0.987500
1.012500
1.008333
1.008333
0.975000
1.020833
1.020833
1.016667
1.008333
0.979167
1.020833
1.020833
1.020833
1.012500
0.987500
1.029167
1.029167
1.025000
0.987500
0.995833
1.025000
1.016667
1.008333
0.975000
1.012500
0.979167
0.995833
0.991667
0.925000
0.941667
0.970833
0.975000
0.920833
0.933333
0.966667
0.983333
0.937500
0.970833
1.008333
0.954167
0.945833
1.004167
1.012500
0.962500
0.975000
1.000000
0.995833
0.979167
0.979167
1.008333
0.995833
0.616667
0.345833
0.987500
0.995833
0.979167
0.975000
1.004167
1.000000
1.004167
0.970833
1.008333
1.020833
1.016667
0.979167
1.012500
1.029167
1.033333
0.987500
1.020833
1.041667
1.029167
0.991667
1.008333
1.025000
1.016667
0.983333
0.987500
1.016667
1.012500
0.983333
0.970833
1.000000
0.987500
0.958333
0.995833
0.983333
0.945833
0.958333
0.987500
1.004167
0.954167
0.966667
0.995833
1.000000
0.966667
0.979167
1.012500
1.008333
0.983333
0.975000
1.012500
0.987500
0.987500
0.975000
0.991667
0.958333
0.962500
0.966667
0.979167
0.983333
0.991667
0.966667
0.991667
0.995833
0.962500
0.991667
1.008333
0.995833
0.983333
1.016667
0.995833
0.991667
1.016667
0.995833
0.983333
1.004167
1.004167
0.620833
0.370833
0.987500
0.995833
0.991667
1.000000
0.991667
0.983333
0.375000
0.625000
0.991667
0.966667
0.258333
0.729167
0.987500
0.941667
0.970833
0.933333
0.962500
0.991667
1.012500
0.950000
0.970833
0.945833
0.958333
0.962500
0.970833
0.991667
0.954167
0.979167
0.975000
0.941667
0.645833
0.320833
0.433333
0.537500
0.987500
0.979167
0.954167
0.970833
0.979167
0.941667
0.975000
0.975000
0.979167
0.995833
0.975000
0.983333
0.954167
1.000000
1.137500
0.833333
0.441667
0.533333
0.979167
0.537500
0.300000
0.337500
0.241667
0.379167
0.691667
0.416667
0.987500
0.975000
0.966667
0.941667
0.941667
0.975000
0.962500
0.954167
0.958333
0.983333
0.970833
0.933333
0.950000
