0.787500
0.808333
0.825000
0.812500
0.791667
0.770833
0.766667
0.800000
0.816667
0.816667
0.825000
0.841667
0.858333
0.845833
0.841667
0.850000
0.854167
0.862500
0.845833
0.833333
0.841667
0.850000
0.862500
0.841667
0.845833
0.850000
0.850000
0.845833
0.829167
0.833333
0.850000
0.841667
0.820833
0.820833
0.837500
0.820833
0.800000
0.770833
0.775000
0.787500
0.779167
0.745833
0.733333
0.733333
0.741667
0.729167
1.420833
0.741667
0.737500
0.512500
0.233333
0.395833
0.354167
0.270833
0.483333
0.312500
0.250000
0.187500
0.262500
0.479167
0.412500
0.325000
0.495833
0.225000
0.720833
0.229167
0.500000
0.241667
0.487500
0.716667
1.037500
0.379167
0.712500
0.725000
0.733333
0.741667
0.745833
0.758333
0.737500
0.729167
0.716667
0.716667
0.725000
0.741667
0.758333
0.779167
0.800000
0.808333
0.816667
1.008333
0.237500
0.329167
0.745833
0.737500
0.737500
0.729167
0.716667
0.720833
0.725000
0.733333
0.720833
0.716667
0.720833
0.741667
0.754167
0.770833
0.766667
0.766667
0.779167
0.766667
0.762500
0.766667
0.770833
0.766667
0.754167
0.758333
0.754167
0.766667
0.758333
0.762500
0.762500
0.762500
0.762500
0.762500
0.770833
0.770833
0.783333
0.783333
0.795833
0.766667
0.750000
0.741667
0.745833
0.762500
0.750000
0.729167
0.712500
1.395833
0.712500
0.708333
0.708333
0.704167
0.704167
0.700000
0.691667
0.683333
0.683333
0.679167
0.675000
0.670833
0.675000
0.679167
0.679167
0.691667
0.695833
0.695833
0.708333
0.712500
0.716667
0.725000
0.729167
0.725000
0.725000
0.729167
0.733333
0.741667
0.750000
0.754167
0.745833
0.725000
0.716667
0.720833
0.725000
0.720833
0.716667
0.720833
0.733333
0.741667
0.733333
0.733333
0.741667
0.745833
0.741667
0.725000
0.716667
0.716667
0.729167
0.741667
0.733333
0.729167
0.737500
0.750000
0.745833
0.729167
0.729167
0.741667
0.754167
0.745833
0.733333
0.745833
0.737500
0.720833
0.504167
0.216667
0.720833
0.720833
0.708333
0.704167
0.704167
0.716667
0.737500
0.754167
0.762500
0.775000
0.750000
0.720833
0.720833
0.729167
0.745833
0.754167
0.750000
0.745833
0.741667
0.754167
0.775000
0.816667
0.820833
0.783333
0.745833
0.725000
0.729167
0.741667
0.725000
0.729167
0.733333
0.733333
0.750000
0.766667
0.766667
0.754167
0.762500
0.779167
0.783333
0.529167
0.250000
0.762500
0.383333
0.387500
0.745833
0.750000
0.762500
0.783333
0.795833
0.804167
0.791667
0.762500
0.737500
0.725000
0.737500
0.750000
0.750000
0.733333
0.733333
0.750000
0.754167
0.770833
0.758333
0.745833
0.741667
0.754167
0.766667
0.791667
0.816667
0.833333
0.837500
0.841667
0.837500
0.820833
0.775000
0.766667
0.770833
0.787500
0.791667
0.766667
0.750000
0.745833
0.754167
0.750000
0.754167
0.754167
0.758333
0.758333
0.750000
0.750000
0.754167
0.758333
0.762500
0.766667
0.758333
0.737500
0.733333
0.741667
0.783333
0.808333
0.770833
0.745833
0.737500
0.733333
0.737500
0.750000
0.758333
0.762500
0.775000
0.783333
0.787500
0.791667
0.795833
0.808333
0.804167
0.808333
0.820833
0.820833
0.808333
0.783333
0.741667
1.445833
0.725000
0.316667
0.408333
0.570833
0.295833
0.350000
0.233333
0.304167
0.541667
0.287500
0.308333
0.225000
0.512500
0.741667
0.387500
0.366667
0.233333
0.354167
0.166667
0.745833
0.308333
0.433333
0.245833
0.495833
0.433333
0.437500
0.433333
0.204167
0.325000
0.416667
0.737500
0.737500
0.758333
0.487500
0.270833
0.312500
0.429167
0.387500
0.350000
0.908333
0.416667
0.912500
0.733333
0.512500
0.216667
0.933333
0.550000
0.741667
0.445833
0.291667
0.729167
0.741667
0.754167
0.766667
0.766667
0.770833
0.783333
0.791667
0.804167
0.791667
0.770833
0.762500
0.766667
0.775000
0.766667
0.754167
0.766667
0.783333
0.775000
0.754167
0.762500
0.270833
0.508333
0.308333
0.775000
0.400000
0.737500
0.291667
0.445833
0.758333
0.475000
0.287500
0.575000
0.195833
0.250000
0.516667
0.250000
0.504167
0.762500
0.566667
0.204167
0.745833
0.295833
0.445833
0.729167
0.408333
0.320833
0.741667
0.766667
0.775000
0.775000
0.745833
0.750000
0.758333
0.762500
0.766667
0.775000
0.783333
0.775000
0.758333
0.758333
0.770833
0.766667
0.758333
0.758333
0.779167
0.795833
0.808333
0.820833
0.800000
0.775000
0.770833
0.787500
0.795833
0.791667
0.766667
0.754167
0.745833
0.766667
0.775000
0.770833
0.783333
0.795833
0.804167
0.804167
0.816667
0.816667
0.791667
0.766667
0.750000
0.766667
0.787500
0.787500
0.812500
0.837500
0.833333
0.825000
0.808333
0.800000
0.816667
0.820833
0.804167
0.816667
0.850000
0.841667
0.795833
0.779167
0.279167
0.470833
0.312500
0.454167
0.212500
0.512500
0.104167
0.741667
0.579167
0.412500
0.312500
0.883333
0.304167
0.245833
0.716667
1.429167
0.487500
0.220833
0.716667
0.733333
0.758333
0.766667
1.487500
0.725000
0.733333
0.754167
0.758333
0.766667
0.762500
0.766667
0.775000
0.787500
0.804167
0.791667
0.787500
0.791667
0.800000
0.791667
0.762500
0.754167
0.758333
0.766667
0.770833
0.758333
0.775000
0.787500
0.791667
0.770833
0.779167
0.795833
0.787500
0.750000
0.737500
0.737500
0.750000
0.766667
0.758333
0.741667
0.733333
0.733333
0.733333
0.750000
0.762500
0.779167
0.795833
0.795833
0.795833
0.520833
0.262500
0.758333
0.750000
0.729167
0.720833
0.716667
0.716667
0.725000
0.420833
0.533333
0.475000
0.495833
0.220833
0.716667
0.291667
0.429167
0.729167
0.716667
0.733333
0.737500
0.770833
0.775000
0.779167
1.516667
0.741667
0.741667
0.754167
0.770833
0.770833
0.770833
0.800000
0.800000
0.791667
0.800000
0.791667
0.804167
0.800000
0.783333
0.783333
0.800000
0.808333
0.791667
0.779167
0.783333
0.775000
0.745833
0.754167
0.745833
0.737500
0.729167
0.737500
0.750000
0.754167
0.750000
0.770833
0.791667
0.795833
0.779167
0.775000
0.791667
0.812500
0.808333
0.808333
0.829167
0.795833
0.783333
0.791667
0.795833
0.775000
0.770833
0.779167
0.775000
0.754167
0.750000
0.762500
0.770833
0.775000
0.787500
0.779167
0.770833
0.762500
0.741667
0.716667
0.712500
0.716667
0.737500
0.762500
0.775000
0.791667
0.787500
0.795833
0.795833
0.804167
0.816667
0.808333
0.762500
0.745833
0.750000
0.766667
0.275000
0.487500
0.012500
0.270833
0.525000
0.800000
0.795833
0.787500
0.783333
0.750000
1.195833
0.254167
0.725000
0.745833
0.758333
0.770833
0.795833
0.804167
0.800000
0.787500
0.766667
0.766667
0.775000
0.766667
0.741667
0.737500
0.745833
0.770833
0.783333
0.804167
0.812500
0.795833
0.783333
0.791667
0.816667
0.216667
0.566667
0.300000
0.212500
0.987500
0.770833
0.758333
0.687500
0.845833
0.758333
0.833333
0.162500
1.391667
0.112500
0.533333
0.766667
0.687500
0.404167
0.370833
0.725000
0.591667
1.362500
0.237500
0.745833
0.325000
0.454167
0.787500
0.791667
0.779167
0.575000
0.204167
0.770833
0.783333
0.670833
1.604167
0.745833
0.345833
1.175000
0.766667
0.770833
1.037500
1.312500
1.654167
0.604167
0.737500
0.741667
0.745833
0.745833
1.300000
0.929167
0.754167
0.429167
0.316667
0.216667
0.541667
0.416667
0.337500
0.500000
0.266667
0.775000
0.779167
0.783333
0.491667
1.041667
0.783333
0.270833
0.254167
0.254167
0.283333
0.508333
0.800000
0.266667
0.525000
0.795833
0.445833
0.350000
0.783333
0.775000
0.416667
0.362500
0.541667
0.241667
0.770833
0.550000
0.433333
1.233333
0.725000
0.741667
0.575000
0.337500
0.545833
0.937500
1.204167
1.216667
0.212500
0.704167
0.691667
0.437500
0.254167
0.687500
0.679167
0.687500
0.700000
0.712500
0.716667
0.712500
0.708333
0.708333
0.725000
0.729167
0.745833
0.750000
0.754167
0.758333
0.770833
0.758333
0.750000
0.766667
0.775000
0.762500
0.754167
0.754167
0.758333
0.758333
0.741667
0.741667
0.412500
0.320833
0.929167
0.500000
0.233333
0.491667
0.212500
0.525000
0.750000
0.758333
0.758333
0.762500
0.775000
0.750000
0.725000
1.458333
0.745833
0.762500
0.779167
0.770833
0.758333
0.741667
0.741667
0.737500
0.737500
0.737500
0.720833
0.712500
0.720833
0.712500
0.729167
0.729167
0.716667
0.754167
0.679167
0.729167
1.416667
0.716667
0.729167
0.745833
0.754167
0.754167
0.733333
0.725000
0.725000
0.737500
0.758333
0.745833
0.733333
0.741667
0.758333
0.770833
0.775000
0.800000
0.804167
0.791667
0.812500
0.829167
0.829167
0.812500
0.816667
0.825000
0.816667
0.804167
0.816667
0.825000
0.820833
0.800000
0.825000
0.829167
0.820833
0.808333
0.829167
0.845833
0.829167
0.804167
