0.979167
1.000000
1.004167
0.470833
0.400000
0.325000
0.400000
0.441667
0.312500
0.262500
0.695833
0.441667
0.341667
0.112500
0.091667
0.658333
0.295833
0.158333
0.695833
0.258333
0.591667
0.979167
0.979167
0.945833
0.950000
0.937500
0.958333
1.008333
1.058333
0.937500
1.070833
0.937500
1.083333
0.920833
0.979167
0.995833
0.991667
0.995833
0.991667
0.995833
1.000000
0.983333
0.970833
0.983333
0.995833
1.000000
1.004167
1.000000
1.004167
1.000000
0.975000
0.991667
0.995833
1.008333
1.004167
1.004167
0.983333
0.983333
1.008333
1.008333
1.008333
1.012500
1.012500
1.000000
0.987500
1.000000
1.012500
1.016667
1.016667
1.016667
1.000000
0.983333
1.008333
1.020833
1.016667
1.020833
1.025000
1.016667
1.000000
1.016667
1.029167
1.033333
1.033333
0.995833
0.979167
0.979167
0.970833
0.391667
0.845833
0.391667
0.237500
0.883333
0.883333
0.900000
0.445833
0.350000
0.104167
0.550000
0.212500
0.633333
0.425000
0.370833
0.495833
0.391667
0.704167
0.412500
0.904167
0.362500
0.216667
0.700000
0.583333
0.291667
0.366667
0.700000
0.270833
0.370833
0.283333
0.566667
0.183333
1.066667
0.554167
0.470833
0.850000
0.295833
0.583333
0.095833
0.304167
0.737500
0.683333
0.470833
0.504167
0.425000
0.275000
0.454167
0.250000
0.370833
0.825000
0.558333
0.937500
0.512500
0.979167
0.675000
1.995833
1.800000
0.945833
0.941667
0.958333
0.925000
0.912500
0.945833
0.950000
0.487500
0.370833
0.258333
0.608333
0.512500
0.362500
0.354167
0.595833
0.304167
0.675000
0.400000
0.633333
0.341667
0.383333
0.491667
0.400000
1.012500
0.900000
0.912500
0.912500
0.925000
0.445833
0.620833
0.520833
0.675000
0.354167
0.562500
0.316667
0.883333
0.908333
0.916667
0.962500
0.520833
0.604167
0.208333
0.416667
0.141667
0.312500
0.491667
0.308333
0.583333
0.675000
0.050000
0.220833
0.237500
0.379167
0.412500
0.204167
0.375000
0.500000
0.337500
0.312500
0.229167
0.725000
0.329167
0.608333
0.445833
0.395833
0.433333
0.920833
0.866667
0.891667
0.425000
0.454167
0.504167
0.375000
0.154167
0.345833
0.400000
0.875000
0.866667
0.550000
0.858333
0.341667
0.404167
0.462500
0.295833
0.570833
0.254167
0.275000
0.575000
0.629167
0.879167
0.875000
0.887500
0.866667
0.395833
0.200000
0.816667
0.341667
0.520833
0.445833
0.212500
0.325000
0.341667
0.600000
0.629167
0.233333
0.129167
0.433333
0.470833
0.233333
0.504167
0.416667
0.933333
0.225000
0.383333
0.416667
0.312500
1.066667
0.391667
0.800000
1.387500
0.162500
0.791667
1.770833
0.195833
0.237500
0.395833
0.366667
0.629167
0.629167
0.283333
0.729167
0.804167
0.866667
1.529167
1.083333
0.408333
0.466667
1.783333
0.866667
0.875000
0.895833
0.891667
0.895833
0.887500
0.887500
0.900000
0.866667
0.858333
0.866667
0.854167
0.845833
0.862500
0.879167
0.579167
0.358333
0.220833
0.383333
1.041667
0.879167
0.879167
0.883333
0.904167
0.341667
0.220833
0.333333
0.262500
0.612500
0.887500
0.341667
0.566667
0.300000
0.612500
0.904167
0.912500
0.945833
0.958333
0.925000
0.908333
0.654167
0.220833
0.341667
0.570833
0.904167
0.241667
0.679167
0.912500
0.916667
0.929167
0.912500
0.875000
0.895833
0.908333
0.912500
0.912500
0.912500
0.891667
0.887500
0.912500
0.920833
0.933333
0.916667
0.937500
0.920833
0.904167
0.912500
0.450000
0.237500
0.275000
0.804167
0.875000
0.866667
0.845833
0.845833
0.879167
0.916667
0.925000
0.916667
0.900000
0.916667
0.950000
0.966667
0.975000
0.933333
0.908333
0.941667
0.962500
0.975000
0.962500
0.937500
0.920833
0.958333
1.008333
0.983333
0.916667
0.904167
0.925000
0.950000
0.962500
0.962500
0.925000
0.912500
0.941667
0.962500
0.987500
0.991667
0.937500
0.958333
0.991667
0.995833
0.987500
0.962500
0.941667
0.975000
0.979167
0.966667
0.900000
0.420833
0.458333
0.900000
0.616667
0.425000
0.362500
0.370833
0.204167
0.329167
0.400000
0.366667
0.383333
0.395833
0.470833
0.466667
0.220833
0.308333
0.212500
0.420833
0.625000
0.158333
0.533333
0.279167
0.291667
1.004167
0.779167
0.229167
0.829167
0.245833
0.258333
0.583333
0.475000
0.470833
0.608333
0.487500
0.341667
0.537500
0.425000
0.987500
1.000000
0.225000
0.270833
0.370833
0.887500
0.862500
0.883333
0.870833
0.866667
0.750000
0.429167
0.400000
0.500000
0.450000
1.054167
0.391667
0.275000
0.879167
0.866667
0.462500
0.345833
0.412500
0.520833
0.416667
0.300000
0.383333
0.429167
0.229167
0.900000
0.883333
0.879167
0.270833
0.262500
0.370833
0.258333
0.629167
0.891667
0.879167
0.879167
1.137500
0.195833
0.412500
0.358333
0.291667
0.312500
0.575000
1.183333
0.191667
0.375000
0.229167
0.279167
0.320833
0.225000
0.175000
0.533333
0.750000
0.445833
0.579167
0.637500
0.279167
0.429167
0.566667
0.204167
0.708333
0.612500
1.162500
0.875000
0.895833
0.904167
0.908333
0.566667
0.345833
0.895833
0.862500
0.862500
0.912500
0.916667
0.933333
0.929167
0.945833
0.920833
0.908333
0.508333
0.545833
0.191667
0.437500
0.425000
0.200000
0.320833
0.904167
0.783333
0.250000
0.554167
0.329167
0.287500
0.600000
0.883333
0.904167
0.920833
0.920833
0.912500
0.900000
0.329167
0.537500
0.883333
0.908333
0.891667
0.887500
0.925000
0.933333
0.912500
0.904167
0.933333
0.958333
0.991667
0.829167
0.158333
0.329167
0.591667
0.541667
0.370833
0.583333
0.195833
0.650000
0.266667
0.166667
0.183333
0.520833
0.300000
0.366667
0.400000
0.841667
0.237500
0.250000
0.304167
0.375000
0.575000
0.366667
0.208333
0.504167
0.320833
0.437500
0.412500
0.412500
0.250000
0.712500
0.525000
0.366667
0.108333
0.237500
0.520833
0.608333
0.341667
0.562500
0.291667
1.725000
0.270833
0.462500
0.900000
0.908333
0.329167
0.254167
0.370833
0.516667
0.704167
0.404167
0.104167
0.437500
0.429167
0.791667
0.370833
0.720833
0.908333
0.950000
0.491667
0.687500
0.508333
0.287500
0.458333
0.916667
0.729167
0.862500
0.945833
0.929167
1.012500
0.112500
0.537500
0.575000
0.629167
0.441667
0.533333
0.204167
0.670833
0.970833
0.991667
0.920833
0.908333
0.920833
0.908333
0.887500
0.191667
0.383333
1.245833
0.933333
0.933333
0.920833
0.950000
0.975000
1.012500
0.991667
0.987500
0.983333
0.958333
0.945833
1.000000
1.029167
0.975000
1.041667
0.937500
1.050000
0.900000
0.991667
1.070833
0.920833
1.070833
0.891667
0.966667
0.991667
1.054167
0.908333
1.058333
0.895833
0.958333
0.983333
1.020833
0.958333
1.070833
0.912500
0.966667
0.600000
0.379167
0.254167
0.350000
0.300000
0.083333
0.337500
0.662500
0.487500
0.387500
0.812500
0.179167
0.254167
0.229167
0.525000
0.937500
0.958333
0.625000
0.391667
1.004167
0.958333
0.925000
0.325000
0.320833
0.312500
0.316667
0.483333
0.387500
0.604167
0.208333
0.412500
0.529167
0.783333
0.766667
0.370833
0.425000
0.479167
0.625000
0.470833
0.470833
0.333333
0.545833
0.391667
0.904167
0.908333
0.933333
0.933333
0.912500
0.904167
0.950000
0.925000
0.920833
0.975000
0.991667
1.016667
0.945833
0.975000
1.075000
0.929167
1.091667
0.895833
0.975000
1.000000
1.083333
0.929167
1.083333
0.916667
0.979167
0.970833
1.000000
1.083333
0.925000
1.095833
0.908333
0.983333
0.995833
1.016667
1.095833
0.929167
1.100000
0.912500
0.979167
1.004167
1.025000
1.100000
0.941667
1.004167
0.991667
1.012500
1.029167
1.104167
0.945833
1.025000
0.991667
1.033333
1.125000
0.962500
1.125000
0.929167
1.008333
1.045833
1.045833
1.116667
0.937500
0.991667
1.020833
0.345833
0.683333
0.204167
0.437500
0.341667
0.991667
1.025000
1.016667
0.979167
0.983333
1.016667
1.087500
0.933333
0.975000
1.004167
1.091667
0.937500
0.258333
0.329167
0.554167
0.091667
0.733333
1.012500
1.079167
0.900000
0.970833
1.012500
1.070833
0.929167
0.983333
0.970833
1.000000
1.079167
0.666667
1.275000
0.979167
0.991667
1.079167
0.925000
1.066667
0.904167
1.087500
0.941667
1.112500
0.941667
1.129167
0.950000
1.008333
1.020833
1.120833
0.929167
1.008333
1.037500
1.120833
0.950000
1.129167
0.937500
0.995833
1.025000
1.045833
1.041667
1.041667
1.041667
1.045833
1.004167
1.025000
1.050000
1.054167
1.045833
1.133333
0.966667
1.008333
1.020833
1.054167
1.137500
0.966667
1.020833
1.008333
1.041667
1.058333
1.141667
0.975000
1.025000
1.016667
1.066667
1.054167
1.054167
1.008333
