0.883333
0.529167
0.895833
0.554167
0.762500
0.691667
0.529167
0.812500
0.558333
0.687500
0.687500
1.083333
1.554167
0.529167
0.750000
0.858333
0.862500
0.808333
0.570833
0.720833
0.962500
0.725000
0.529167
0.750000
0.983333
0.845833
0.566667
0.529167
0.512500
0.837500
0.541667
0.716667
0.566667
1.079167
0.508333
0.837500
1.262500
0.570833
0.662500
0.862500
0.520833
0.725000
0.500000
0.795833
1.266667
0.983333
0.512500
0.633333
0.566667
0.570833
0.541667
0.500000
0.808333
0.533333
0.608333
0.500000
0.891667
0.537500
0.983333
0.533333
0.875000
0.545833
0.850000
0.562500
0.708333
0.462500
0.758333
0.529167
0.758333
0.558333
0.704167
0.725000
0.525000
0.829167
0.554167
0.637500
0.533333
0.766667
0.545833
0.770833
0.554167
0.654167
0.541667
0.908333
0.529167
0.795833
0.545833
0.670833
0.737500
0.891667
0.829167
0.608333
0.679167
0.929167
0.654167
0.529167
0.854167
0.520833
0.929167
0.554167
0.791667
0.537500
0.729167
0.766667
0.575000
0.791667
1.275000
0.812500
0.845833
0.541667
0.525000
0.908333
0.550000
0.770833
0.525000
0.758333
1.362500
0.529167
0.550000
0.750000
0.570833
0.733333
0.179167
0.716667
0.525000
1.004167
0.541667
0.816667
0.800000
0.387500
0.716667
0.516667
0.762500
0.662500
0.491667
0.945833
0.550000
1.108333
0.745833
0.645833
0.675000
0.775000
0.545833
0.645833
0.854167
0.766667
0.525000
0.800000
0.550000
0.687500
0.483333
0.862500
0.545833
0.625000
0.829167
0.666667
0.962500
0.625000
1.008333
1.125000
0.550000
0.820833
0.483333
0.625000
0.766667
0.516667
0.595833
0.550000
0.508333
0.950000
0.500000
0.758333
0.654167
0.804167
0.862500
0.504167
0.970833
0.500000
0.754167
0.525000
0.950000
0.554167
0.775000
0.854167
0.820833
0.637500
0.512500
0.941667
0.554167
0.587500
0.625000
0.741667
0.641667
0.795833
0.554167
0.800000
0.795833
0.537500
0.941667
0.500000
0.508333
0.691667
0.566667
0.745833
0.979167
0.600000
0.670833
0.645833
0.662500
0.516667
0.766667
0.504167
0.612500
0.325000
0.562500
0.566667
0.441667
0.191667
0.458333
0.566667
0.558333
0.462500
0.320833
0.466667
0.387500
0.279167
0.416667
0.720833
0.566667
0.579167
0.212500
0.491667
0.337500
0.883333
0.487500
0.483333
0.433333
1.087500
0.541667
0.541667
0.504167
0.754167
0.558333
0.720833
0.491667
0.887500
0.958333
0.362500
0.608333
0.979167
0.520833
0.491667
0.633333
0.412500
0.850000
0.845833
0.441667
0.695833
0.750000
0.966667
0.462500
0.537500
0.854167
1.216667
0.883333
0.741667
0.575000
0.708333
0.579167
0.779167
0.383333
0.554167
0.683333
0.812500
0.533333
0.583333
0.516667
0.708333
0.612500
0.325000
0.158333
0.475000
0.937500
0.533333
0.645833
0.737500
0.562500
0.512500
0.545833
0.720833
0.875000
0.704167
0.633333
0.787500
0.529167
0.304167
0.337500
0.600000
0.950000
0.850000
0.595833
0.508333
0.437500
0.779167
0.629167
1.016667
0.562500
0.670833
0.858333
0.862500
0.579167
0.625000
0.529167
0.791667
0.604167
0.470833
0.816667
0.625000
0.862500
0.629167
0.762500
0.533333
0.708333
0.691667
0.495833
0.812500
0.858333
0.633333
0.754167
0.820833
0.858333
0.529167
0.804167
0.604167
0.700000
0.516667
0.583333
0.812500
0.775000
0.666667
0.558333
0.729167
0.516667
0.941667
0.533333
0.970833
0.558333
0.570833
0.954167
0.512500
0.458333
0.745833
0.825000
1.012500
0.533333
0.541667
0.550000
0.516667
0.879167
0.550000
0.729167
0.629167
0.858333
0.583333
1.070833
0.566667
1.320833
1.291667
1.091667
0.520833
0.604167
0.683333
0.675000
0.495833
0.575000
0.554167
0.912500
0.491667
0.575000
0.837500
0.595833
0.712500
0.516667
0.750000
0.833333
0.841667
0.516667
0.800000
0.587500
0.529167
0.604167
0.812500
0.829167
0.900000
0.700000
0.583333
1.208333
0.591667
0.679167
0.833333
0.850000
0.541667
0.625000
0.883333
0.920833
0.850000
0.541667
0.700000
0.516667
0.970833
0.562500
0.729167
0.904167
0.545833
0.704167
1.016667
0.862500
0.583333
0.558333
0.545833
0.570833
0.937500
0.570833
0.670833
0.891667
1.066667
0.912500
0.654167
0.770833
0.966667
0.500000
0.791667
0.487500
0.558333
0.687500
0.529167
0.691667
0.891667
0.841667
0.837500
0.537500
0.770833
0.675000
1.000000
0.512500
0.525000
0.962500
0.541667
0.454167
1.033333
0.566667
0.725000
0.537500
0.787500
0.929167
0.858333
0.887500
1.070833
0.695833
0.766667
0.833333
0.516667
0.745833
0.662500
0.816667
0.491667
0.800000
0.650000
0.525000
0.591667
0.725000
0.933333
0.554167
0.937500
0.579167
0.883333
0.541667
0.779167
0.562500
0.745833
0.775000
0.887500
0.875000
0.491667
1.120833
1.300000
0.620833
0.800000
0.733333
0.595833
0.783333
0.595833
0.595833
0.754167
0.570833
0.741667
0.866667
0.604167
0.462500
1.066667
0.566667
0.762500
0.800000
0.520833
0.758333
0.658333
0.737500
0.795833
0.770833
0.862500
1.079167
0.750000
0.720833
0.533333
0.908333
0.587500
0.983333
0.775000
0.529167
0.620833
0.895833
0.825000
0.712500
0.833333
0.495833
0.550000
0.920833
1.500000
0.845833
0.479167
0.570833
1.516667
0.558333
0.683333
0.475000
0.516667
0.575000
0.508333
0.745833
0.612500
0.841667
0.470833
0.804167
0.529167
0.858333
0.620833
0.625000
0.725000
0.495833
0.795833
0.483333
0.837500
0.691667
0.429167
0.779167
0.958333
0.966667
0.825000
0.475000
0.495833
0.891667
1.283333
0.833333
0.587500
0.554167
0.650000
0.512500
0.620833
1.070833
0.562500
0.779167
0.608333
0.695833
0.862500
0.858333
0.862500
0.908333
0.541667
0.558333
1.358333
0.566667
0.754167
0.483333
1.016667
0.720833
0.662500
0.608333
0.866667
0.904167
0.516667
0.754167
0.854167
0.495833
0.750000
0.545833
0.516667
0.766667
0.666667
0.629167
0.766667
0.687500
0.858333
0.887500
0.816667
0.820833
0.545833
0.858333
0.745833
0.841667
0.520833
0.804167
0.616667
0.845833
0.491667
0.833333
0.508333
0.816667
0.508333
0.845833
0.512500
0.808333
0.866667
0.887500
0.891667
0.870833
0.637500
0.708333
0.954167
0.666667
0.900000
0.604167
0.737500
0.870833
0.741667
0.708333
0.683333
0.562500
0.925000
0.650000
1.029167
0.662500
0.687500
1.033333
0.858333
0.620833
0.529167
0.687500
0.841667
0.504167
0.979167
0.608333
0.741667
0.845833
0.883333
0.979167
1.075000
0.879167
0.908333
0.829167
0.487500
0.850000
0.912500
0.850000
0.533333
0.812500
0.887500
0.891667
0.537500
0.812500
0.687500
0.829167
0.712500
0.545833
0.820833
0.916667
0.529167
0.537500
0.929167
0.608333
0.891667
0.979167
0.987500
0.737500
0.720833
0.933333
0.841667
0.900000
0.862500
0.437500
0.791667
0.512500
0.750000
0.520833
0.745833
0.529167
0.537500
0.616667
0.579167
0.558333
0.541667
0.779167
0.491667
0.608333
0.854167
0.966667
0.483333
0.616667
1.083333
0.583333
0.720833
0.916667
0.783333
0.883333
0.875000
0.879167
0.483333
0.854167
0.487500
0.616667
0.695833
0.829167
0.662500
0.895833
0.833333
0.495833
0.812500
0.595833
0.816667
0.912500
0.641667
0.812500
0.791667
0.729167
0.562500
0.641667
1.329167
0.591667
0.762500
0.812500
0.775000
0.679167
0.545833
0.629167
0.720833
0.729167
0.804167
0.883333
0.795833
0.875000
0.875000
0.837500
0.529167
0.579167
0.654167
0.758333
0.562500
0.762500
0.875000
0.887500
0.516667
0.554167
0.700000
0.645833
0.720833
0.650000
0.825000
0.650000
0.479167
0.979167
0.629167
0.733333
0.837500
0.533333
1.404167
0.575000
0.733333
0.550000
0.970833
0.733333
0.525000
0.600000
0.558333
0.716667
0.866667
0.904167
0.562500
0.833333
0.820833
0.500000
0.587500
0.795833
0.550000
0.795833
0.712500
0.675000
0.770833
0.566667
0.879167
0.691667
0.708333
1.020833
0.587500
0.733333
0.508333
1.416667
0.566667
0.825000
0.820833
0.504167
0.800000
0.545833
0.825000
0.870833
0.870833
0.895833
0.845833
0.508333
0.825000
0.516667
0.850000
0.854167
0.512500
0.858333
0.808333
0.604167
0.666667
0.554167
0.525000
0.616667
0.787500
1.108333
0.725000
0.837500
0.862500
0.604167
0.641667
0.200000
0.487500
0.641667
0.558333
1.600000
0.991667
0.229167
0.450000
0.150000
0.566667
0.687500
0.633333
0.591667
0.900000
0.579167
0.716667
0.379167
0.304167
0.820833
0.458333
0.662500
0.662500
0.475000
0.800000
0.483333
0.725000
0.804167
0.650000
0.620833
0.808333
0.533333
0.791667
0.575000
0.825000
0.479167
0.850000
0.562500
0.491667
1.283333
0.554167
0.687500
0.545833
0.679167
0.595833
0.933333
0.508333
0.708333
0.441667
