0.766667
0.770833
0.770833
0.762500
0.766667
0.770833
0.770833
0.758333
0.758333
0.762500
0.770833
0.770833
0.762500
0.604167
1.733333
0.795833
0.795833
0.775000
0.762500
0.758333
0.775000
0.766667
0.775000
0.775000
0.783333
0.800000
0.641667
1.012500
0.887500
0.833333
0.804167
0.779167
0.791667
0.791667
0.779167
0.787500
0.533333
0.970833
0.833333
0.816667
0.820833
0.825000
0.808333
0.808333
0.804167
0.812500
0.783333
0.783333
0.795833
0.791667
0.791667
0.791667
0.775000
0.766667
0.766667
0.783333
0.800000
0.800000
0.787500
0.800000
0.795833
0.804167
0.787500
0.783333
0.779167
0.783333
0.795833
0.787500
0.779167
0.770833
0.770833
0.775000
0.783333
0.775000
0.779167
0.770833
0.775000
0.783333
0.775000
0.775000
0.787500
0.787500
0.783333
0.775000
0.779167
0.658333
0.991667
0.891667
0.841667
0.820833
0.566667
0.962500
0.850000
0.808333
0.783333
0.787500
0.779167
0.775000
0.762500
0.762500
0.741667
0.745833
0.754167
0.762500
0.770833
0.762500
0.766667
0.758333
0.758333
0.754167
0.770833
0.783333
0.775000
0.766667
0.762500
0.750000
0.754167
0.758333
0.750000
0.754167
0.758333
0.750000
0.529167
0.966667
0.829167
0.795833
0.770833
0.770833
0.783333
0.800000
0.791667
0.779167
0.779167
0.791667
0.779167
0.770833
0.766667
0.787500
0.766667
0.775000
0.775000
0.775000
0.758333
0.762500
0.745833
0.737500
0.750000
0.754167
0.750000
0.762500
0.758333
0.770833
0.783333
0.783333
0.791667
0.775000
0.775000
0.775000
0.770833
0.779167
0.795833
0.795833
0.795833
0.795833
0.783333
0.800000
0.800000
0.804167
0.795833
0.787500
0.779167
0.783333
0.775000
0.758333
0.754167
0.741667
0.737500
0.737500
0.754167
0.754167
0.512500
0.929167
1.650000
0.787500
0.787500
0.795833
0.800000
0.791667
0.791667
0.775000
0.770833
0.766667
0.750000
0.750000
0.750000
0.745833
0.537500
0.950000
0.804167
0.775000
0.795833
0.820833
0.816667
0.808333
0.795833
0.775000
0.762500
0.750000
0.733333
0.750000
0.745833
0.750000
0.745833
0.745833
0.745833
0.741667
0.741667
0.725000
0.741667
0.729167
0.733333
0.729167
0.729167
0.729167
0.729167
0.737500
0.725000
0.733333
0.733333
0.725000
0.729167
0.720833
0.745833
0.741667
0.745833
0.750000
0.754167
0.745833
0.750000
0.745833
0.754167
0.745833
0.745833
0.741667
0.750000
0.758333
0.754167
0.750000
0.750000
0.745833
0.750000
0.745833
0.750000
0.754167
0.758333
0.754167
0.762500
0.754167
0.758333
0.762500
0.754167
0.754167
0.745833
0.750000
0.750000
0.754167
0.754167
0.750000
0.754167
0.762500
0.654167
0.916667
0.812500
0.783333
0.762500
0.770833
0.745833
0.754167
0.754167
0.762500
0.754167
0.754167
0.750000
0.741667
0.741667
0.741667
0.741667
0.750000
0.737500
0.737500
0.737500
0.758333
0.758333
0.758333
1.520833
0.779167
0.770833
0.770833
1.450000
0.866667
0.766667
0.766667
0.775000
0.783333
0.787500
0.787500
0.783333
0.795833
0.783333
0.787500
0.783333
0.779167
0.783333
0.779167
0.783333
0.783333
0.787500
0.804167
0.795833
0.804167
0.816667
0.800000
0.737500
0.850000
0.795833
0.779167
0.795833
0.795833
0.791667
0.787500
0.775000
0.779167
0.791667
0.791667
0.783333
0.800000
0.637500
0.962500
0.887500
0.883333
0.870833
0.845833
0.837500
0.837500
0.829167
0.666667
1.012500
0.870833
0.850000
0.820833
0.829167
0.829167
0.812500
0.845833
0.833333
0.820833
0.820833
0.820833
0.808333
0.800000
0.791667
0.804167
0.783333
0.766667
0.779167
0.779167
0.783333
0.787500
0.787500
0.808333
0.812500
0.808333
0.812500
0.804167
0.800000
0.808333
0.804167
0.800000
0.795833
0.795833
0.800000
0.791667
0.804167
0.791667
0.787500
0.795833
0.795833
0.791667
0.779167
0.787500
0.787500
0.783333
0.787500
0.791667
0.787500
0.800000
0.800000
0.795833
0.791667
0.795833
0.791667
0.787500
0.795833
0.787500
0.791667
0.779167
0.783333
0.791667
0.779167
0.779167
0.779167
0.791667
0.791667
0.791667
0.787500
0.779167
0.658333
0.950000
0.854167
0.820833
0.800000
0.791667
0.783333
0.766667
0.762500
0.779167
0.779167
0.770833
0.775000
0.770833
0.766667
0.737500
0.725000
0.737500
0.737500
0.741667
1.529167
0.783333
0.779167
0.770833
0.766667
0.766667
0.766667
0.783333
0.779167
0.775000
0.787500
0.783333
0.783333
0.775000
0.783333
0.812500
0.808333
0.804167
0.812500
0.800000
0.787500
0.775000
0.795833
0.808333
0.804167
0.804167
0.812500
0.808333
0.800000
0.787500
0.800000
0.812500
0.812500
0.829167
0.808333
0.795833
0.545833
0.979167
0.891667
0.875000
0.858333
0.850000
0.829167
0.812500
0.800000
0.808333
0.812500
0.804167
0.804167
0.808333
0.800000
0.783333
0.787500
0.783333
0.791667
0.791667
0.795833
0.779167
0.770833
0.629167
0.962500
0.858333
0.837500
0.820833
0.808333
0.675000
0.929167
0.812500
0.808333
0.808333
0.808333
0.804167
0.800000
0.783333
0.775000
0.783333
0.779167
0.791667
0.783333
0.791667
0.550000
0.941667
0.825000
0.820833
0.800000
0.791667
0.779167
0.766667
0.762500
0.754167
0.745833
0.745833
0.758333
0.766667
0.758333
0.758333
0.762500
0.745833
0.741667
0.745833
0.741667
0.750000
0.745833
0.754167
0.754167
0.737500
0.741667
0.741667
0.750000
0.745833
0.750000
0.741667
0.745833
0.733333
0.737500
0.737500
0.733333
0.745833
0.745833
0.741667
0.737500
0.741667
0.737500
0.750000
0.750000
0.745833
0.745833
0.750000
0.758333
0.758333
0.750000
0.745833
0.754167
0.770833
0.762500
0.766667
0.758333
0.754167
0.754167
0.750000
0.758333
0.770833
0.758333
0.758333
0.758333
0.758333
0.750000
0.750000
0.754167
0.758333
0.758333
0.750000
0.758333
0.758333
0.745833
0.745833
0.750000
0.766667
0.783333
0.787500
0.783333
0.783333
0.779167
0.504167
0.954167
0.858333
0.762500
0.900000
0.808333
0.791667
0.795833
0.783333
0.787500
0.783333
0.779167
0.762500
0.770833
0.775000
0.787500
0.783333
0.775000
0.766667
0.762500
0.770833
0.775000
0.775000
0.779167
0.770833
0.754167
0.745833
0.758333
0.754167
0.762500
0.758333
0.758333
0.758333
0.750000
0.758333
0.766667
0.766667
0.762500
0.758333
0.750000
0.750000
0.745833
0.754167
0.766667
0.754167
0.754167
0.758333
0.754167
0.770833
0.766667
0.766667
0.754167
0.750000
0.745833
0.758333
0.758333
0.762500
0.745833
0.745833
0.745833
0.591667
1.754167
0.787500
0.550000
0.966667
0.800000
0.783333
0.775000
0.762500
0.754167
0.745833
0.737500
0.704167
0.787500
0.754167
0.741667
0.745833
0.754167
0.741667
0.741667
0.750000
0.754167
0.766667
0.762500
0.758333
0.758333
0.775000
0.775000
0.766667
0.595833
0.958333
0.820833
0.800000
0.791667
0.775000
0.766667
0.750000
0.745833
0.750000
0.750000
0.737500
0.758333
0.762500
0.762500
0.770833
0.762500
0.754167
0.758333
0.766667
0.775000
0.779167
0.779167
0.500000
0.487500
0.912500
0.841667
0.825000
0.800000
0.795833
0.779167
0.770833
0.783333
0.770833
0.775000
0.775000
0.775000
0.775000
0.770833
0.775000
0.795833
0.779167
0.800000
0.787500
0.800000
0.783333
0.787500
0.783333
0.770833
0.779167
0.783333
0.783333
0.804167
0.800000
0.791667
0.791667
0.791667
0.787500
0.775000
0.779167
0.779167
0.783333
0.795833
0.787500
0.783333
0.791667
0.775000
0.779167
0.783333
0.791667
0.787500
0.787500
0.783333
0.779167
0.520833
0.987500
0.858333
0.837500
0.812500
0.808333
0.804167
0.787500
0.779167
0.775000
0.787500
0.787500
0.770833
0.775000
0.762500
0.779167
0.783333
0.783333
0.775000
0.775000
0.775000
0.762500
0.562500
0.975000
0.841667
0.820833
0.800000
0.779167
0.779167
0.775000
0.770833
0.783333
0.783333
0.783333
0.783333
