0.645833
0.633333
0.637500
0.637500
0.645833
0.637500
0.633333
0.633333
0.641667
0.637500
0.637500
0.633333
0.641667
0.641667
0.637500
0.633333
0.641667
0.641667
0.637500
0.637500
0.637500
0.645833
0.200000
0.437500
0.637500
0.637500
0.637500
0.641667
0.637500
0.637500
0.637500
0.641667
0.637500
0.637500
0.637500
0.637500
0.641667
0.637500
0.637500
0.637500
0.637500
0.641667
0.637500
0.637500
0.633333
0.641667
0.754167
0.266667
0.245833
0.633333
0.500000
0.275000
0.500000
0.637500
0.629167
0.637500
0.629167
0.633333
0.633333
0.629167
0.625000
0.629167
0.625000
0.625000
0.620833
0.629167
0.629167
0.620833
0.620833
0.620833
0.629167
0.616667
0.616667
0.616667
0.625000
0.616667
0.616667
0.616667
0.616667
0.625000
0.616667
0.616667
0.625000
0.616667
0.616667
0.620833
0.625000
0.616667
0.620833
0.616667
0.616667
0.625000
0.620833
0.616667
0.620833
0.620833
0.625000
0.625000
0.620833
0.616667
0.625000
0.633333
0.620833
0.625000
0.620833
0.629167
0.625000
0.625000
0.625000
0.620833
0.625000
0.629167
0.625000
0.625000
0.620833
0.625000
0.629167
0.625000
0.620833
0.625000
0.625000
0.625000
0.625000
0.625000
0.625000
0.620833
0.629167
0.620833
0.625000
0.620833
0.625000
0.629167
0.625000
0.625000
0.625000
0.633333
0.633333
0.625000
0.625000
0.633333
0.637500
0.629167
0.629167
0.629167
0.637500
0.629167
0.629167
0.629167
0.629167
0.637500
0.629167
0.629167
0.629167
0.629167
0.637500
0.629167
0.633333
0.629167
0.629167
0.641667
0.629167
0.633333
0.633333
0.629167
0.641667
0.637500
0.312500
0.320833
0.633333
0.633333
0.629167
0.633333
0.637500
0.633333
0.633333
0.629167
0.641667
0.641667
0.641667
0.633333
0.641667
0.637500
0.641667
0.645833
0.637500
0.641667
0.637500
0.641667
0.645833
0.641667
0.641667
0.637500
0.650000
0.633333
0.633333
0.637500
0.637500
0.637500
0.633333
0.529167
0.741667
0.633333
0.633333
0.212500
0.420833
0.637500
0.633333
0.633333
0.629167
0.633333
0.633333
0.637500
0.633333
0.633333
0.629167
0.637500
0.629167
0.633333
0.629167
0.633333
0.637500
0.633333
0.633333
0.629167
0.637500
0.633333
0.629167
0.629167
0.629167
0.641667
0.629167
0.629167
0.633333
0.637500
0.637500
0.633333
0.633333
0.637500
0.637500
0.637500
0.637500
0.245833
0.387500
0.645833
0.637500
0.637500
0.641667
0.633333
0.637500
0.645833
0.637500
0.637500
0.641667
0.645833
0.641667
0.637500
0.633333
0.616667
0.666667
0.633333
0.637500
0.633333
0.637500
0.641667
0.633333
0.633333
0.633333
0.637500
0.641667
0.637500
0.637500
0.641667
0.637500
0.645833
0.645833
0.637500
0.645833
0.641667
0.650000
0.641667
0.645833
0.637500
0.645833
0.645833
0.408333
0.233333
0.633333
0.641667
0.641667
0.641667
0.637500
0.633333
0.641667
0.641667
0.637500
0.629167
0.637500
0.641667
0.633333
0.633333
0.633333
0.641667
0.633333
0.637500
0.633333
0.633333
0.633333
0.633333
0.629167
0.637500
0.633333
0.633333
0.633333
0.633333
0.629167
0.637500
0.633333
0.633333
0.629167
0.633333
0.641667
0.637500
0.633333
0.633333
0.637500
0.645833
0.637500
0.637500
0.633333
0.637500
0.641667
0.637500
0.633333
0.633333
0.641667
0.633333
0.633333
0.637500
0.733333
0.529167
0.595833
0.670833
0.629167
0.637500
0.633333
0.629167
0.629167
0.633333
0.637500
0.629167
0.629167
0.641667
0.633333
0.629167
0.633333
0.633333
0.637500
0.633333
0.629167
0.633333
0.637500
0.633333
0.629167
0.625000
0.633333
0.633333
0.629167
0.629167
0.629167
0.637500
0.633333
0.625000
0.629167
0.637500
0.637500
0.625000
0.629167
0.633333
0.637500
0.629167
0.625000
0.629167
0.637500
0.404167
0.225000
0.629167
0.629167
0.633333
0.637500
0.633333
0.633333
0.633333
0.641667
0.633333
0.637500
0.633333
0.641667
0.637500
0.637500
0.637500
0.637500
0.641667
0.533333
0.720833
0.650000
0.637500
0.637500
0.637500
0.641667
0.637500
0.633333
0.633333
0.637500
0.633333
0.637500
0.629167
0.637500
0.637500
0.633333
0.629167
0.629167
0.637500
0.633333
0.629167
0.629167
0.629167
0.633333
0.633333
0.629167
0.633333
0.629167
0.637500
0.633333
0.629167
0.629167
0.633333
0.633333
0.633333
0.587500
0.670833
0.633333
0.633333
0.633333
0.625000
0.633333
0.637500
0.633333
0.279167
0.354167
0.637500
0.637500
0.637500
0.637500
0.379167
0.258333
0.641667
0.633333
0.641667
0.633333
0.641667
0.637500
0.633333
0.633333
0.633333
0.637500
0.637500
0.629167
0.633333
0.637500
0.633333
0.629167
0.629167
0.641667
0.629167
0.629167
0.633333
0.637500
0.633333
0.633333
0.629167
0.633333
0.641667
0.633333
0.629167
0.629167
0.637500
0.637500
0.629167
0.633333
0.629167
0.641667
0.633333
0.629167
0.629167
0.262500
0.370833
0.208333
0.412500
0.633333
0.391667
0.229167
0.620833
0.404167
0.233333
0.616667
0.629167
0.625000
0.762500
0.491667
0.625000
0.620833
0.625000
0.220833
0.416667
0.208333
0.412500
0.325000
0.291667
0.629167
0.333333
0.300000
0.337500
0.283333
0.191667
0.441667
0.616667
0.295833
0.329167
0.395833
0.229167
0.625000
0.625000
0.620833
0.625000
0.629167
0.625000
0.633333
0.629167
0.629167
0.625000
0.629167
0.633333
0.633333
0.625000
0.629167
0.637500
0.629167
0.625000
0.633333
0.637500
0.625000
0.633333
0.625000
0.637500
0.620833
0.620833
0.633333
0.625000
0.629167
0.625000
0.625000
0.629167
0.633333
0.625000
0.629167
0.625000
0.633333
0.629167
0.620833
0.629167
0.625000
0.637500
0.629167
0.625000
0.625000
0.641667
0.633333
0.620833
0.629167
0.625000
0.629167
0.633333
0.641667
0.970833
0.275000
0.375000
0.262500
0.629167
0.237500
0.387500
0.625000
0.416667
0.212500
0.633333
0.620833
0.629167
0.304167
0.333333
0.620833
0.629167
0.620833
0.629167
0.637500
1.250000
0.312500
0.312500
0.629167
1.262500
0.616667
0.629167
0.629167
0.712500
0.545833
0.616667
0.629167
0.629167
0.629167
0.629167
0.625000
0.625000
0.325000
0.937500
0.629167
0.629167
0.620833
0.633333
0.687500
0.566667
0.208333
0.304167
0.379167
0.987500
0.687500
0.562500
0.629167
0.629167
0.625000
0.625000
0.625000
0.629167
0.629167
0.620833
0.625000
0.629167
0.629167
0.625000
0.625000
0.620833
0.625000
0.625000
0.625000
0.616667
0.629167
0.620833
0.625000
0.625000
0.625000
0.620833
0.625000
0.625000
0.625000
0.625000
0.625000
0.633333
0.629167
0.625000
0.625000
0.637500
0.633333
0.629167
0.629167
0.637500
0.637500
0.633333
0.633333
0.629167
0.637500
0.637500
0.633333
0.412500
0.216667
0.637500
0.633333
0.633333
0.625000
0.637500
0.633333
0.625000
0.629167
0.633333
0.629167
0.629167
0.629167
0.633333
0.629167
0.629167
0.629167
0.625000
0.637500
0.629167
0.633333
0.625000
0.637500
0.625000
0.629167
0.625000
0.629167
0.633333
0.625000
0.625000
0.625000
0.629167
0.625000
0.625000
0.625000
0.629167
0.633333
0.625000
0.625000
0.625000
0.629167
0.629167
0.620833
0.625000
0.625000
0.629167
0.625000
0.625000
0.625000
0.629167
0.629167
0.625000
0.625000
0.625000
0.633333
0.629167
0.625000
0.625000
0.629167
0.633333
0.629167
0.629167
0.629167
0.633333
0.633333
0.633333
0.441667
0.350000
0.091667
0.408333
0.608333
0.633333
0.629167
0.629167
0.641667
0.629167
0.629167
0.629167
0.633333
0.629167
0.637500
0.616667
0.633333
0.629167
0.629167
0.620833
0.629167
0.629167
0.633333
0.620833
0.629167
0.633333
0.625000
0.625000
0.620833
0.629167
0.629167
0.616667
0.625000
0.616667
0.633333
0.625000
0.620833
0.625000
0.616667
0.629167
0.629167
0.620833
0.629167
0.620833
0.354167
0.283333
0.633333
0.625000
0.179167
0.450000
0.637500
0.250000
0.383333
0.633333
0.629167
0.633333
0.629167
0.641667
0.629167
0.633333
0.629167
0.633333
0.629167
0.629167
0.625000
0.633333
0.629167
0.625000
0.616667
0.641667
0.625000
0.620833
0.625000
0.629167
0.625000
0.625000
0.629167
0.629167
0.625000
0.637500
0.345833
0.283333
0.387500
0.254167
0.612500
0.629167
0.633333
0.629167
0.629167
0.629167
0.629167
0.629167
0.629167
0.637500
0.629167
0.629167
0.629167
0.645833
0.220833
0.404167
0.283333
0.337500
0.637500
0.637500
0.633333
0.629167
0.633333
0.637500
0.637500
0.625000
0.637500
0.633333
0.633333
0.633333
0.625000
0.637500
0.629167
0.629167
0.629167
0.629167
0.633333
0.633333
0.629167
0.625000
0.641667
0.629167
0.629167
0.633333
0.633333
0.641667
0.625000
0.633333
1.270833
0.629167
0.633333
0.629167
0.633333
0.637500
0.633333
0.629167
0.629167
0.629167
0.433333
0.208333
0.637500
0.629167
0.633333
0.641667
0.633333
0.637500
0.633333
0.637500
0.641667
0.641667
0.633333
0.633333
0.633333
0.645833
0.633333
0.637500
0.625000
0.629167
0.383333
0.245833
0.641667
0.483333
0.491667
0.270833
0.391667
0.875000
0.629167
0.637500
0.625000
0.629167
0.629167
0.633333
0.691667
0.570833
0.366667
0.254167
0.633333
0.637500
0.633333
0.633333
0.204167
0.887500
0.170833
0.645833
0.666667
0.666667
0.225000
0.458333
0.670833
0.666667
0.325000
0.354167
0.683333
0.616667
0.291667
0.375000
0.770833
0.429167
1.125000
0.725000
1.175000
0.662500
0.716667
0.683333
0.675000
0.629167
0.412500
0.308333
0.662500
0.666667
0.775000
0.533333
0.658333
0.650000
0.258333
0.250000
0.766667
0.637500
0.629167
0.700000
0.279167
0.287500
0.225000
0.404167
0.633333
0.633333
0.629167
0.620833
0.629167
0.625000
0.620833
0.258333
0.375000
0.620833
0.616667
0.629167
0.620833
0.616667
0.620833
0.625000
0.620833
0.612500
0.625000
0.620833
0.616667
0.620833
0.279167
0.337500
0.366667
0.250000
0.725000
0.508333
0.204167
0.412500
0.608333
0.270833
0.345833
0.620833
0.612500
0.470833
0.762500
0.616667
0.612500
0.091667
0.529167
0.412500
0.204167
0.612500
0.612500
0.612500
0.625000
0.616667
0.612500
0.616667
0.616667
0.625000
1.083333
0.162500
0.620833
0.625000
0.629167
0.620833
0.620833
0.625000
0.629167
0.620833
0.625000
0.629167
0.625000
