0.758333
0.770833
0.775000
0.762500
0.762500
0.762500
0.779167
0.775000
0.779167
0.570833
0.916667
0.800000
0.795833
0.791667
0.791667
0.779167
0.770833
0.779167
0.787500
0.783333
0.787500
0.783333
0.783333
0.783333
0.787500
0.795833
0.795833
0.800000
0.800000
0.791667
0.804167
0.816667
0.820833
0.812500
0.804167
0.804167
0.816667
0.820833
0.804167
0.795833
0.787500
0.795833
0.804167
0.787500
0.783333
0.566667
0.900000
0.825000
0.816667
0.787500
0.779167
0.783333
0.787500
0.787500
0.787500
0.766667
0.762500
0.766667
0.770833
0.770833
0.770833
0.762500
0.754167
0.762500
0.775000
0.779167
0.791667
0.800000
0.783333
0.791667
0.791667
0.800000
0.804167
0.808333
0.812500
0.800000
0.816667
0.816667
0.825000
0.812500
0.804167
0.808333
0.820833
0.820833
0.820833
0.812500
0.795833
0.825000
0.820833
0.800000
0.770833
0.754167
0.791667
0.833333
0.841667
0.841667
0.829167
0.816667
0.825000
0.825000
0.820833
0.808333
0.787500
0.791667
0.808333
0.804167
0.804167
0.795833
0.791667
0.795833
0.804167
0.808333
0.800000
0.804167
0.808333
0.804167
0.804167
0.804167
0.795833
0.800000
0.791667
0.804167
0.800000
0.791667
0.795833
0.787500
0.791667
0.795833
0.791667
0.791667
0.795833
0.812500
1.608333
0.775000
0.783333
0.795833
0.791667
0.791667
0.775000
0.775000
0.779167
0.779167
0.779167
0.762500
0.758333
0.762500
0.762500
0.762500
0.750000
0.745833
0.750000
0.750000
0.750000
0.741667
0.737500
0.737500
0.750000
0.750000
0.741667
0.745833
0.745833
0.745833
0.754167
0.762500
0.762500
0.770833
0.758333
0.754167
0.766667
0.770833
0.770833
0.775000
0.770833
0.775000
0.775000
0.766667
2.345833
1.529167
0.779167
0.779167
0.770833
0.779167
0.787500
0.800000
0.795833
0.787500
0.787500
0.779167
0.770833
0.775000
0.779167
0.779167
0.766667
0.762500
0.766667
0.762500
0.775000
0.762500
0.587500
0.891667
0.783333
0.779167
0.779167
0.770833
0.758333
0.762500
0.758333
0.766667
0.770833
0.779167
0.775000
0.770833
0.766667
0.762500
0.766667
0.770833
0.775000
0.775000
0.783333
0.787500
0.779167
0.779167
0.783333
0.783333
0.783333
0.787500
0.800000
0.800000
0.804167
0.800000
0.791667
0.800000
0.800000
0.808333
0.808333
0.812500
0.554167
0.808333
0.820833
0.820833
0.837500
0.833333
0.829167
0.825000
0.845833
0.854167
0.845833
0.837500
0.833333
0.837500
0.850000
0.837500
0.825000
0.816667
0.841667
0.825000
0.825000
0.808333
0.808333
0.812500
0.820833
0.829167
0.825000
0.804167
0.795833
0.816667
0.833333
0.837500
0.820833
0.820833
0.820833
0.837500
0.837500
0.837500
0.833333
0.837500
0.841667
0.858333
0.862500
0.850000
0.837500
0.845833
0.845833
0.850000
0.854167
0.850000
1.687500
0.533333
0.970833
0.875000
0.858333
0.850000
0.850000
0.845833
0.829167
0.812500
0.808333
0.816667
0.816667
0.808333
0.800000
0.800000
0.804167
0.816667
0.812500
0.800000
0.795833
0.795833
0.804167
0.808333
0.791667
0.787500
0.775000
0.783333
0.787500
0.779167
0.779167
0.766667
0.758333
0.766667
0.770833
1.550000
0.758333
0.770833
0.779167
0.775000
0.766667
0.762500
0.775000
0.787500
0.662500
0.887500
0.791667
0.791667
0.795833
0.800000
0.795833
0.791667
0.779167
0.775000
0.779167
0.779167
0.779167
0.783333
0.783333
0.762500
0.766667
0.779167
0.783333
0.783333
0.525000
0.900000
0.820833
1.629167
0.783333
0.575000
0.958333
0.820833
0.816667
0.791667
0.783333
0.791667
0.787500
0.791667
0.775000
0.770833
0.783333
0.791667
0.791667
0.775000
0.775000
0.779167
0.787500
0.779167
0.766667
0.766667
0.779167
0.770833
0.779167
0.758333
0.762500
0.766667
0.770833
0.766667
0.762500
0.758333
0.754167
0.758333
0.762500
1.533333
0.762500
0.762500
0.762500
0.754167
0.750000
0.758333
0.762500
0.770833
0.775000
0.766667
0.762500
0.775000
0.779167
0.787500
0.783333
0.779167
0.779167
0.791667
0.800000
0.787500
0.775000
0.779167
0.716667
0.850000
0.766667
0.758333
0.754167
0.766667
0.758333
0.683333
0.833333
0.758333
0.766667
0.770833
0.762500
0.766667
0.762500
1.541667
0.758333
0.762500
0.766667
0.775000
0.770833
0.770833
0.762500
0.766667
0.779167
0.787500
0.787500
0.779167
0.783333
0.783333
0.791667
0.787500
0.795833
0.800000
0.716667
0.866667
0.795833
0.795833
0.791667
0.795833
0.795833
0.795833
0.800000
0.808333
0.791667
0.795833
1.616667
1.370833
0.950000
0.854167
0.829167
1.625000
0.808333
1.600000
0.770833
0.770833
0.770833
0.770833
0.754167
0.750000
0.758333
0.620833
0.908333
0.779167
0.766667
0.762500
0.766667
0.770833
0.766667
0.750000
0.758333
0.758333
0.770833
0.783333
0.779167
0.775000
0.766667
0.766667
0.420833
0.854167
0.808333
0.795833
0.791667
0.783333
0.775000
0.787500
0.791667
0.783333
0.779167
0.787500
0.787500
0.795833
0.795833
0.791667
0.775000
0.825000
0.820833
0.833333
0.816667
0.800000
0.808333
0.841667
0.841667
0.550000
0.904167
0.850000
0.845833
0.816667
0.791667
0.795833
1.595833
0.766667
0.758333
0.766667
0.770833
0.762500
0.758333
0.758333
0.770833
0.783333
0.775000
0.779167
0.775000
0.791667
0.787500
0.795833
0.808333
0.795833
0.795833
0.800000
0.812500
0.820833
0.816667
0.808333
0.816667
0.816667
0.829167
0.837500
0.845833
0.837500
0.845833
0.845833
0.837500
0.854167
0.854167
0.841667
0.854167
0.858333
0.866667
0.854167
0.833333
0.820833
0.841667
0.854167
0.862500
0.837500
0.812500
0.820833
0.850000
0.837500
0.812500
0.816667
0.829167
0.837500
0.554167
0.962500
0.841667
0.837500
0.808333
0.795833
0.795833
0.804167
0.804167
0.783333
0.775000
0.791667
0.795833
0.783333
0.775000
0.770833
0.779167
0.787500
0.795833
0.787500
0.787500
0.787500
0.800000
0.808333
0.804167
0.800000
0.816667
0.816667
0.812500
0.812500
0.829167
0.833333
0.837500
0.829167
0.833333
0.833333
0.820833
0.820833
0.820833
0.837500
0.829167
0.829167
0.829167
0.833333
0.841667
0.820833
0.808333
0.825000
0.829167
0.841667
0.829167
0.820833
0.812500
0.545833
0.958333
0.862500
0.866667
0.837500
0.825000
0.620833
0.979167
0.858333
0.825000
0.804167
0.795833
0.800000
0.791667
0.775000
0.766667
0.766667
0.770833
0.775000
0.520833
0.908333
0.795833
0.795833
0.783333
0.779167
0.758333
0.762500
0.779167
0.779167
0.779167
0.762500
0.770833
0.787500
0.795833
0.783333
0.779167
0.779167
0.779167
0.829167
0.770833
0.804167
0.800000
0.787500
0.766667
0.770833
0.804167
0.770833
0.783333
0.808333
0.800000
0.795833
0.787500
0.804167
0.800000
0.795833
0.787500
0.791667
0.800000
0.795833
0.791667
0.779167
0.783333
0.800000
0.791667
0.783333
0.770833
0.783333
0.620833
0.945833
0.808333
0.812500
0.800000
0.783333
0.775000
0.783333
0.787500
0.787500
0.779167
0.787500
0.766667
0.616667
0.895833
0.791667
0.783333
0.770833
0.787500
0.783333
0.787500
0.783333
0.791667
0.787500
0.783333
0.779167
0.766667
0.762500
0.770833
0.770833
0.770833
0.775000
0.770833
0.762500
0.775000
0.770833
0.775000
0.766667
0.762500
0.762500
0.770833
0.775000
0.775000
0.775000
0.775000
0.770833
0.766667
0.754167
0.770833
0.762500
0.758333
0.737500
0.775000
0.737500
0.745833
0.741667
0.758333
0.770833
0.779167
0.779167
0.766667
0.766667
0.766667
0.770833
0.775000
0.758333
0.758333
0.762500
0.766667
0.754167
0.745833
0.754167
0.762500
0.766667
0.754167
0.766667
0.770833
0.775000
0.770833
0.770833
