0.600000
0.616667
0.612500
0.600000
0.612500
0.612500
0.591667
0.616667
0.595833
0.612500
0.612500
0.595833
0.616667
0.600000
0.600000
0.612500
0.595833
0.616667
0.595833
0.616667
0.604167
0.608333
0.620833
0.591667
0.612500
0.616667
0.595833
0.612500
0.612500
0.600000
0.612500
0.604167
0.604167
0.612500
0.600000
0.604167
0.620833
0.612500
0.600000
0.600000
0.616667
0.591667
0.616667
0.616667
0.604167
0.612500
0.612500
0.604167
0.600000
0.616667
0.600000
0.608333
0.616667
0.591667
0.612500
0.616667
0.595833
0.616667
0.616667
0.600000
0.616667
0.608333
0.608333
0.612500
0.600000
0.616667
0.600000
0.612500
0.616667
0.600000
0.612500
0.600000
0.608333
0.604167
0.595833
0.604167
0.600000
0.600000
0.604167
0.591667
0.600000
0.604167
0.587500
0.604167
0.600000
0.591667
0.595833
0.600000
0.595833
0.595833
0.587500
0.600000
0.600000
0.583333
0.600000
0.595833
0.587500
0.604167
0.583333
0.604167
0.591667
0.591667
0.604167
0.587500
0.600000
0.600000
0.583333
0.587500
0.595833
0.587500
0.591667
0.600000
0.587500
0.604167
0.587500
0.595833
0.595833
0.604167
0.595833
0.595833
0.591667
0.587500
0.591667
0.591667
0.600000
0.595833
0.604167
0.604167
0.608333
0.600000
0.612500
0.608333
0.608333
0.616667
0.600000
0.608333
0.612500
0.608333
0.604167
0.608333
0.608333
0.608333
0.612500
0.616667
0.612500
0.625000
0.629167
0.620833
0.625000
0.612500
0.620833
0.608333
0.620833
0.616667
0.608333
0.620833
0.370833
0.858333
0.208333
0.408333
0.620833
0.095833
0.508333
0.604167
0.604167
0.600000
0.945833
0.862500
0.600000
0.591667
0.591667
0.608333
0.583333
0.595833
0.608333
0.583333
0.595833
0.616667
0.587500
0.608333
0.612500
0.583333
0.612500
0.612500
0.591667
0.616667
0.604167
0.604167
0.616667
0.595833
0.612500
0.608333
0.604167
0.604167
0.600000
0.604167
0.587500
0.608333
0.595833
0.583333
0.604167
0.604167
0.587500
0.608333
0.600000
0.587500
0.604167
0.604167
0.587500
0.604167
0.600000
0.591667
0.600000
0.600000
0.595833
0.700000
0.491667
0.587500
0.587500
0.591667
0.587500
0.700000
0.483333
0.591667
0.587500
0.591667
0.591667
0.583333
1.183333
0.687500
0.479167
0.591667
0.579167
0.595833
0.591667
0.575000
0.591667
0.595833
0.579167
0.591667
0.600000
0.583333
0.600000
0.600000
0.587500
0.600000
0.604167
0.587500
0.604167
0.604167
0.587500
0.595833
0.604167
0.587500
0.600000
0.604167
0.587500
0.600000
0.608333
0.587500
0.604167
0.604167
0.587500
0.604167
0.600000
0.591667
0.600000
0.600000
0.591667
0.595833
0.591667
0.587500
0.595833
0.591667
0.587500
0.591667
0.591667
0.583333
0.600000
0.587500
0.595833
0.587500
0.591667
0.591667
0.591667
0.591667
0.587500
0.595833
0.591667
0.587500
0.595833
0.600000
0.583333
0.591667
0.608333
0.583333
0.591667
0.600000
0.587500
0.591667
0.604167
0.587500
0.704167
0.500000
0.587500
0.591667
0.604167
0.587500
0.591667
0.604167
0.587500
0.591667
0.604167
0.600000
0.583333
0.600000
0.604167
0.583333
0.600000
0.595833
0.591667
0.604167
0.604167
0.587500
0.604167
0.608333
0.591667
0.604167
0.608333
0.595833
0.604167
0.616667
0.591667
0.612500
0.595833
0.595833
0.616667
0.579167
0.591667
0.604167
0.587500
0.595833
0.591667
0.583333
0.604167
0.579167
0.595833
0.600000
0.575000
0.591667
0.595833
0.683333
0.487500
0.591667
0.579167
0.583333
0.591667
0.583333
0.579167
0.595833
0.587500
0.579167
0.595833
0.595833
0.583333
0.595833
0.604167
0.579167
0.604167
0.600000
0.583333
0.600000
0.604167
0.583333
0.600000
0.604167
0.583333
0.595833
0.604167
0.591667
0.595833
0.604167
0.595833
0.587500
0.595833
0.604167
0.587500
0.591667
0.604167
0.587500
0.595833
0.604167
0.587500
0.600000
0.604167
0.591667
0.595833
0.608333
0.604167
0.591667
0.604167
0.604167
0.600000
0.600000
0.604167
0.600000
0.608333
0.604167
0.600000
0.608333
0.612500
0.600000
0.616667
0.600000
0.608333
0.616667
0.600000
0.608333
0.612500
0.595833
0.612500
0.608333
0.595833
0.612500
0.600000
0.595833
0.612500
0.595833
0.608333
0.612500
0.595833
0.612500
0.612500
0.600000
0.616667
0.608333
0.604167
0.600000
0.604167
0.600000
0.600000
0.608333
0.600000
0.608333
0.600000
0.600000
0.616667
0.600000
0.595833
0.608333
0.608333
0.595833
0.612500
0.608333
0.608333
0.604167
0.616667
0.604167
0.600000
0.616667
0.591667
0.612500
0.612500
0.600000
0.608333
0.608333
0.604167
0.608333
0.612500
0.595833
0.612500
0.608333
0.600000
0.616667
0.604167
0.600000
0.608333
0.612500
0.595833
0.600000
0.612500
0.612500
0.600000
0.591667
0.604167
0.612500
0.595833
0.604167
0.616667
0.604167
0.595833
0.604167
0.616667
0.591667
0.600000
0.612500
0.600000
0.600000
0.595833
0.604167
0.583333
0.600000
0.595833
0.587500
0.604167
0.587500
0.595833
0.595833
0.583333
0.583333
0.591667
0.600000
0.579167
0.587500
0.587500
0.591667
0.583333
0.595833
0.591667
0.583333
0.704167
0.487500
0.583333
0.595833
0.595833
0.579167
0.600000
0.591667
0.579167
0.604167
0.595833
0.583333
0.604167
0.600000
0.587500
0.604167
0.608333
0.587500
0.608333
0.608333
0.591667
0.612500
0.608333
0.600000
0.612500
0.604167
0.595833
0.612500
0.600000
0.604167
0.616667
0.279167
0.312500
0.616667
0.600000
0.591667
0.604167
0.608333
0.587500
0.604167
0.608333
0.591667
0.604167
0.612500
0.591667
0.604167
0.612500
0.595833
0.608333
0.616667
0.600000
0.604167
0.616667
0.600000
0.616667
0.612500
0.600000
0.616667
0.604167
0.600000
0.616667
0.591667
0.604167
0.608333
0.591667
0.600000
0.612500
0.595833
0.600000
0.608333
0.591667
0.600000
0.612500
0.587500
0.604167
0.608333
0.587500
0.604167
0.604167
0.591667
0.604167
0.604167
0.587500
0.604167
0.595833
0.595833
0.591667
0.591667
0.604167
0.595833
0.591667
0.587500
0.591667
0.604167
0.570833
0.595833
0.570833
0.600000
0.595833
0.595833
0.583333
0.583333
0.600000
0.583333
0.600000
0.591667
0.583333
0.600000
0.583333
0.600000
0.595833
0.587500
0.600000
0.591667
0.595833
0.575000
0.608333
0.587500
0.608333
0.583333
0.600000
0.591667
0.600000
0.595833
0.587500
0.604167
0.587500
0.595833
0.600000
0.583333
0.604167
0.583333
0.591667
0.595833
0.600000
0.587500
0.600000
0.583333
0.600000
0.583333
0.587500
0.595833
0.604167
0.587500
0.600000
0.583333
0.600000
0.591667
0.600000
0.583333
0.608333
0.587500
0.604167
0.595833
0.600000
0.595833
0.604167
0.604167
0.600000
0.604167
0.595833
0.612500
0.591667
0.616667
0.595833
0.612500
0.604167
0.604167
0.612500
0.595833
0.616667
0.604167
0.595833
0.604167
0.608333
0.587500
0.600000
0.608333
0.587500
0.608333
0.591667
0.608333
0.600000
0.587500
0.604167
0.583333
0.591667
0.608333
0.587500
0.608333
0.591667
0.608333
0.591667
0.604167
0.604167
0.595833
0.612500
0.600000
0.595833
0.608333
0.608333
0.595833
0.616667
0.600000
0.600000
0.616667
0.595833
0.608333
0.612500
0.600000
0.612500
0.591667
0.616667
0.595833
0.604167
0.608333
0.604167
0.600000
0.608333
0.595833
0.604167
0.608333
0.604167
0.604167
0.604167
0.604167
0.600000
0.608333
0.600000
0.604167
0.604167
0.600000
0.604167
0.600000
0.604167
0.600000
0.600000
0.604167
0.604167
0.591667
0.595833
0.595833
0.600000
0.595833
0.591667
0.600000
0.591667
0.341667
0.858333
0.591667
0.600000
0.595833
0.595833
0.600000
0.591667
0.591667
0.591667
0.600000
0.583333
0.600000
0.604167
0.587500
0.604167
0.600000
0.587500
0.608333
0.600000
0.591667
0.604167
0.595833
0.595833
0.608333
0.587500
0.604167
0.604167
0.587500
0.608333
0.600000
0.591667
0.608333
0.604167
0.591667
0.604167
0.608333
0.591667
0.604167
0.604167
0.595833
0.600000
0.608333
0.595833
0.595833
0.608333
0.595833
0.600000
0.608333
0.595833
0.604167
0.600000
0.604167
0.600000
0.604167
0.604167
0.600000
0.604167
0.608333
0.604167
0.612500
0.612500
0.612500
0.612500
0.616667
0.604167
0.620833
0.608333
0.616667
0.616667
0.608333
0.612500
0.608333
0.612500
0.604167
0.608333
0.608333
0.604167
0.604167
0.608333
0.600000
0.604167
0.604167
0.600000
0.604167
0.604167
0.600000
0.595833
0.600000
0.600000
0.591667
0.600000
0.600000
0.595833
0.595833
0.595833
0.600000
0.595833
0.595833
0.595833
0.595833
0.595833
0.600000
0.595833
0.595833
0.595833
0.595833
0.595833
0.595833
0.595833
0.591667
0.600000
0.595833
0.591667
0.595833
0.600000
0.595833
0.595833
0.600000
0.591667
0.595833
0.591667
0.595833
0.604167
0.587500
0.604167
0.604167
0.600000
0.591667
0.608333
0.600000
0.600000
0.604167
0.600000
0.604167
0.604167
0.604167
0.608333
0.604167
0.608333
0.604167
0.608333
0.604167
0.608333
0.608333
0.612500
0.604167
0.604167
0.608333
0.604167
0.604167
0.608333
0.600000
0.604167
0.608333
0.600000
0.604167
0.604167
0.600000
0.604167
0.608333
0.608333
0.604167
0.608333
0.604167
0.608333
0.608333
0.604167
0.608333
0.608333
0.604167
0.600000
0.608333
0.604167
0.604167
0.604167
0.604167
0.604167
0.604167
0.604167
0.600000
0.604167
0.600000
0.604167
0.600000
0.604167
0.604167
0.604167
0.604167
0.608333
0.608333
0.600000
0.612500
0.608333
0.608333
0.608333
0.616667
0.608333
0.608333
0.612500
0.608333
0.608333
0.608333
0.608333
0.608333
0.608333
0.608333
0.608333
0.612500
0.608333
0.608333
0.612500
0.608333
0.604167
0.612500
0.612500
0.604167
0.612500
0.608333
0.612500
0.608333
0.604167
0.604167
0.604167
0.608333
0.604167
0.608333
0.608333
0.608333
0.608333
0.608333
0.612500
0.612500
0.608333
0.608333
0.612500
0.608333
0.612500
0.608333
0.612500
0.608333
0.612500
0.608333
0.608333
0.612500
0.612500
0.612500
0.612500
0.612500
0.612500
0.612500
0.608333
0.612500
0.616667
0.620833
0.616667
0.620833
0.620833
0.625000
0.625000
0.629167
0.629167
0.625000
0.629167
0.620833
0.633333
0.625000
0.629167
0.629167
0.625000
0.629167
