0.558333
0.850000
0.704167
0.700000
0.704167
0.700000
0.533333
0.870833
0.700000
0.687500
0.566667
0.808333
0.679167
0.683333
0.679167
0.466667
0.887500
0.679167
0.670833
0.675000
0.458333
0.887500
0.683333
0.675000
0.679167
0.679167
0.683333
0.683333
0.600000
0.766667
0.679167
0.683333
0.687500
0.695833
0.695833
0.700000
0.695833
0.700000
0.695833
0.700000
0.691667
0.691667
0.554167
0.825000
0.691667
0.683333
0.583333
0.791667
0.687500
0.695833
0.570833
0.820833
0.695833
0.687500
0.691667
0.575000
0.816667
0.691667
0.687500
0.683333
0.687500
0.654167
0.733333
0.695833
0.691667
0.691667
0.695833
0.466667
0.937500
0.704167
0.695833
0.616667
0.779167
0.704167
0.700000
0.700000
0.695833
0.695833
0.700000
0.700000
0.695833
0.700000
0.691667
0.587500
0.804167
0.695833
0.691667
0.566667
0.820833
0.687500
0.695833
0.570833
0.829167
0.637500
0.416667
1.037500
0.662500
0.741667
0.700000
0.695833
0.687500
0.687500
0.687500
0.695833
0.695833
0.700000
0.691667
0.691667
0.587500
0.800000
0.691667
0.687500
0.687500
0.683333
0.691667
0.687500
0.691667
0.691667
0.687500
0.687500
0.687500
0.695833
0.691667
0.695833
0.491667
0.895833
0.604167
0.425000
1.075000
0.704167
0.687500
0.687500
0.641667
0.733333
0.687500
0.683333
0.679167
0.683333
0.683333
0.683333
0.679167
0.679167
0.683333
0.679167
0.683333
0.683333
0.687500
0.683333
0.612500
0.766667
0.695833
0.691667
0.695833
0.691667
0.687500
0.683333
0.545833
0.820833
0.675000
0.666667
0.666667
0.666667
0.658333
0.658333
0.662500
0.604167
0.720833
0.662500
0.666667
0.666667
0.666667
0.670833
0.666667
0.666667
0.675000
0.675000
0.679167
0.675000
0.679167
0.675000
0.587500
0.770833
0.679167
0.683333
0.683333
0.683333
0.679167
0.687500
0.558333
0.812500
0.687500
0.687500
0.683333
0.454167
0.920833
0.700000
0.695833
0.550000
0.833333
0.629167
0.354167
1.070833
0.712500
0.691667
0.683333
0.683333
0.695833
0.691667
0.691667
0.695833
0.520833
0.870833
0.695833
0.700000
0.700000
0.466667
0.945833
0.620833
0.387500
1.075000
0.725000
0.700000
0.704167
0.700000
0.508333
0.887500
0.704167
0.700000
0.525000
0.879167
0.704167
0.700000
0.529167
0.879167
0.695833
0.691667
0.695833
0.475000
0.937500
0.716667
0.700000
0.575000
0.854167
0.712500
0.708333
0.500000
0.920833
0.700000
0.687500
0.570833
0.825000
0.695833
0.691667
0.545833
0.829167
0.691667
0.683333
0.683333
0.583333
0.775000
0.679167
0.675000
0.675000
0.666667
0.666667
0.670833
0.666667
0.662500
0.662500
0.654167
0.658333
0.662500
0.475000
0.829167
0.654167
0.645833
0.450000
0.841667
0.650000
0.641667
0.508333
0.783333
0.650000
0.650000
0.650000
0.650000
0.650000
0.658333
0.658333
0.658333
0.654167
0.654167
0.654167
0.654167
0.654167
0.641667
0.670833
0.654167
0.654167
0.512500
0.808333
0.666667
0.666667
0.666667
0.666667
0.629167
0.391667
1.008333
0.687500
0.675000
0.666667
0.633333
0.712500
0.625000
0.395833
1.008333
0.679167
0.675000
0.675000
0.675000
0.687500
0.679167
0.679167
0.679167
0.516667
0.854167
0.612500
0.400000
1.033333
0.687500
0.679167
0.679167
0.683333
0.504167
0.862500
0.683333
0.683333
0.550000
0.833333
0.687500
0.687500
0.550000
0.829167
0.691667
0.687500
0.537500
0.858333
0.700000
0.691667
0.570833
0.829167
0.700000
0.700000
0.500000
0.916667
0.704167
0.708333
0.525000
0.891667
0.708333
0.700000
0.558333
0.841667
0.695833
0.691667
0.533333
0.875000
0.662500
0.420833
1.012500
0.700000
0.691667
0.687500
0.683333
0.508333
0.870833
0.683333
0.445833
0.937500
0.500000
0.875000
0.454167
0.929167
0.687500
0.683333
0.683333
0.687500
0.504167
0.891667
0.695833
0.695833
0.550000
0.854167
0.704167
0.704167
0.537500
0.870833
0.704167
0.704167
0.545833
0.887500
0.712500
0.708333
0.712500
0.470833
0.975000
0.720833
0.720833
0.716667
0.712500
0.533333
0.900000
0.712500
0.720833
0.529167
0.912500
0.712500
0.712500
0.708333
0.466667
0.975000
0.612500
0.808333
0.700000
0.700000
0.633333
0.787500
0.633333
0.366667
1.145833
0.708333
0.708333
0.704167
0.716667
0.500000
0.937500
0.712500
0.704167
0.704167
0.708333
0.708333
0.491667
0.941667
0.704167
0.700000
0.716667
0.458333
1.000000
0.508333
0.954167
0.441667
0.983333
0.716667
0.704167
0.708333
0.712500
0.520833
0.908333
0.712500
0.708333
0.533333
0.908333
0.712500
0.708333
0.583333
0.833333
0.708333
0.716667
0.516667
0.937500
0.608333
0.816667
0.712500
0.712500
0.533333
0.916667
0.616667
0.833333
0.716667
0.720833
0.595833
0.862500
0.729167
0.733333
0.729167
0.729167
0.720833
0.720833
0.725000
0.729167
0.725000
0.729167
0.729167
0.504167
0.937500
0.720833
0.712500
0.545833
0.908333
0.720833
0.712500
0.587500
0.829167
0.654167
0.425000
1.058333
0.716667
0.704167
0.700000
0.695833
0.720833
0.708333
0.708333
0.704167
0.558333
0.850000
0.708333
0.712500
0.566667
0.875000
0.716667
0.725000
0.566667
0.887500
0.729167
0.725000
0.508333
0.983333
0.533333
0.937500
0.462500
0.983333
0.720833
0.720833
0.729167
0.733333
0.725000
0.729167
0.725000
0.529167
0.916667
0.725000
0.729167
0.508333
0.954167
0.733333
0.716667
0.716667
0.729167
0.491667
0.987500
0.566667
0.904167
0.516667
0.920833
0.445833
1.008333
0.725000
0.725000
0.733333
0.725000
0.491667
0.962500
0.570833
0.887500
0.520833
0.962500
0.650000
0.804167
0.720833
0.633333
0.837500
0.729167
0.433333
1.041667
0.733333
0.712500
0.716667
0.720833
0.491667
0.983333
0.558333
0.925000
0.504167
0.950000
0.633333
0.837500
0.737500
0.587500
0.883333
0.729167
0.733333
0.516667
0.970833
0.633333
0.850000
0.725000
0.712500
0.629167
0.825000
0.625000
0.479167
1.091667
0.729167
0.712500
0.720833
0.733333
0.516667
0.945833
0.612500
0.479167
1.100000
0.716667
0.712500
0.712500
0.725000
0.612500
0.850000
0.733333
0.725000
0.733333
0.729167
0.733333
0.570833
0.904167
0.741667
0.737500
0.737500
0.583333
0.883333
0.733333
0.729167
0.733333
0.733333
0.729167
0.720833
0.725000
0.720833
0.616667
0.870833
0.737500
0.737500
0.737500
0.729167
0.729167
0.537500
0.929167
0.741667
0.737500
0.533333
0.962500
0.741667
0.745833
0.495833
1.008333
0.533333
0.958333
0.462500
1.008333
0.604167
0.845833
0.600000
0.862500
0.504167
0.962500
0.733333
0.725000
0.729167
0.729167
0.737500
0.750000
0.745833
0.750000
0.745833
0.745833
0.670833
0.800000
0.741667
0.741667
0.733333
0.504167
0.979167
0.725000
0.716667
0.616667
0.829167
0.645833
0.375000
1.145833
0.658333
0.783333
0.704167
0.704167
0.537500
0.895833
0.716667
0.720833
0.529167
0.933333
0.716667
0.737500
0.516667
0.970833
0.741667
0.733333
0.725000
0.720833
0.570833
0.879167
0.729167
0.733333
0.516667
0.958333
0.729167
0.720833
0.587500
0.858333
0.729167
0.733333
0.512500
0.966667
0.733333
0.720833
0.712500
0.570833
0.875000
0.720833
0.725000
0.733333
0.720833
0.716667
0.595833
0.845833
0.716667
0.725000
0.733333
0.737500
0.670833
0.795833
0.725000
0.725000
0.737500
0.733333
0.733333
0.733333
0.725000
0.600000
0.850000
0.725000
0.729167
0.508333
0.970833
0.616667
0.854167
0.720833
0.712500
0.716667
0.500000
0.958333
0.729167
0.725000
0.512500
0.954167
0.658333
0.391667
1.116667
0.729167
0.725000
0.729167
0.725000
0.716667
0.725000
0.733333
0.729167
0.737500
0.737500
0.733333
0.729167
0.550000
0.904167
0.733333
0.725000
0.516667
0.950000
0.720833
0.720833
0.720833
0.545833
0.916667
0.725000
0.725000
0.508333
0.941667
0.720833
0.716667
0.725000
0.470833
1.008333
0.558333
0.925000
0.512500
0.941667
0.450000
0.991667
0.720833
0.712500
0.708333
0.383333
1.037500
0.712500
0.700000
0.712500
0.712500
0.512500
0.920833
0.708333
0.704167
0.712500
0.570833
0.858333
0.700000
0.370833
1.070833
0.462500
0.970833
0.716667
0.720833
0.720833
0.712500
0.558333
0.879167
0.725000
0.733333
0.508333
0.979167
0.729167
0.733333
0.733333
0.729167
0.495833
0.954167
0.716667
0.712500
0.591667
0.833333
0.708333
0.708333
0.466667
0.987500
0.558333
0.900000
0.554167
0.891667
0.520833
0.908333
0.450000
1.004167
0.729167
0.720833
0.716667
0.712500
0.529167
0.912500
0.720833
0.729167
0.520833
0.950000
0.616667
0.412500
0.616667
0.541667
0.729167
0.483333
0.975000
0.566667
0.891667
0.708333
0.733333
0.729167
0.741667
0.487500
0.995833
0.595833
