1.062500
1.095833
0.908333
0.908333
0.912500
0.920833
0.845833
0.862500
1.058333
0.958333
0.920833
0.866667
0.845833
0.829167
0.754167
0.829167
1.095833
1.112500
1.112500
0.995833
0.783333
0.770833
0.754167
0.816667
1.095833
1.116667
1.120833
1.070833
0.804167
0.770833
0.800000
1.091667
1.108333
1.108333
1.016667
0.833333
0.787500
0.775000
0.841667
0.916667
0.870833
0.795833
0.833333
0.820833
0.837500
0.866667
0.804167
1.095833
1.104167
1.108333
1.112500
1.004167
0.829167
0.766667
0.758333
0.808333
1.091667
1.104167
1.108333
1.066667
0.883333
0.833333
0.754167
0.858333
1.100000
1.116667
1.120833
1.129167
1.120833
1.020833
0.875000
0.837500
0.850000
0.800000
1.000000
1.100000
1.116667
0.962500
0.891667
0.862500
0.837500
0.754167
0.783333
1.079167
1.091667
1.037500
0.804167
0.787500
0.770833
0.720833
0.750000
0.829167
1.075000
1.004167
0.800000
0.833333
0.820833
0.808333
0.787500
0.858333
1.087500
1.108333
1.112500
0.916667
0.795833
0.754167
0.812500
0.891667
1.100000
1.104167
0.504167
0.925000
0.775000
0.820833
0.866667
1.108333
1.120833
1.125000
1.120833
1.125000
1.120833
1.075000
0.783333
0.745833
0.716667
0.720833
0.795833
0.841667
0.862500
1.100000
1.112500
1.112500
1.112500
1.020833
0.775000
0.783333
0.758333
1.087500
1.100000
1.108333
1.112500
1.095833
1.100000
0.983333
0.791667
0.729167
0.708333
0.675000
0.737500
1.087500
1.112500
1.125000
1.137500
1.129167
1.137500
1.133333
1.116667
1.108333
1.016667
0.958333
1.079167
0.933333
1.041667
1.120833
1.129167
1.125000
1.116667
0.979167
0.766667
0.812500
1.083333
1.091667
1.100000
1.091667
1.100000
1.091667
1.029167
0.766667
0.729167
0.783333
0.987500
1.087500
1.087500
1.095833
1.104167
1.108333
1.108333
1.108333
1.108333
1.095833
0.991667
0.808333
0.845833
1.079167
1.087500
1.095833
1.095833
1.104167
1.104167
1.100000
1.104167
1.104167
1.095833
1.100000
1.095833
1.091667
1.091667
1.091667
1.079167
1.070833
1.016667
0.900000
1.066667
1.066667
1.070833
1.070833
1.079167
1.075000
1.075000
1.079167
1.075000
1.079167
1.075000
1.075000
1.083333
1.079167
1.079167
1.083333
1.079167
1.075000
1.075000
1.066667
1.058333
1.058333
1.058333
1.058333
1.066667
1.070833
1.070833
1.075000
1.075000
1.075000
1.079167
1.079167
1.079167
1.083333
1.075000
1.079167
1.087500
1.075000
1.075000
1.075000
1.070833
1.058333
1.062500
1.058333
1.062500
1.062500
1.066667
1.062500
1.070833
1.066667
1.070833
1.066667
1.066667
1.070833
1.066667
1.066667
1.070833
1.070833
1.066667
1.066667
1.075000
1.062500
1.058333
1.062500
1.062500
1.066667
1.066667
1.062500
1.066667
1.070833
1.066667
1.066667
1.070833
1.066667
1.066667
1.075000
1.066667
1.066667
1.070833
1.062500
1.058333
1.058333
1.058333
1.058333
1.062500
1.058333
1.058333
1.062500
1.054167
1.058333
1.066667
1.058333
1.058333
1.062500
1.058333
1.054167
1.062500
1.054167
1.054167
1.050000
1.054167
1.054167
1.058333
1.058333
1.062500
1.062500
1.058333
1.062500
1.066667
1.062500
1.062500
1.066667
1.062500
1.058333
1.062500
1.058333
1.058333
1.058333
1.050000
1.054167
1.054167
1.054167
1.062500
1.058333
1.054167
1.058333
1.054167
1.058333
1.054167
1.062500
1.054167
1.058333
1.054167
1.054167
1.054167
1.054167
1.045833
1.045833
1.050000
1.050000
1.054167
1.058333
1.045833
1.054167
1.058333
1.050000
1.058333
1.054167
1.054167
1.054167
1.062500
1.050000
1.058333
1.054167
1.050000
1.045833
1.054167
1.054167
1.054167
1.054167
1.054167
1.054167
1.054167
1.054167
1.050000
1.058333
1.050000
1.054167
1.054167
1.054167
1.050000
1.050000
1.041667
1.045833
1.050000
1.045833
1.045833
1.050000
1.045833
1.045833
1.050000
1.045833
1.050000
1.050000
1.045833
1.045833
1.050000
1.045833
1.050000
1.045833
1.045833
1.041667
1.045833
1.041667
1.045833
1.050000
1.050000
1.045833
1.054167
1.045833
1.050000
1.054167
1.050000
1.054167
1.054167
1.045833
1.045833
1.045833
1.045833
1.045833
1.045833
1.045833
1.050000
1.050000
1.045833
1.045833
1.045833
1.041667
1.045833
1.050000
1.041667
1.045833
1.041667
1.041667
1.033333
1.041667
1.037500
1.037500
1.045833
1.037500
1.041667
1.045833
1.041667
1.045833
1.041667
1.041667
1.045833
1.041667
1.041667
1.045833
1.037500
1.037500
1.037500
1.037500
1.041667
1.037500
1.045833
1.045833
1.041667
1.050000
1.050000
1.045833
1.050000
1.045833
1.045833
1.045833
1.050000
1.045833
1.037500
1.041667
1.041667
1.045833
1.041667
1.041667
1.041667
1.045833
1.041667
1.041667
1.041667
1.041667
1.041667
1.041667
1.041667
1.041667
1.045833
1.037500
1.041667
1.037500
1.033333
1.037500
1.041667
1.037500
1.041667
1.045833
1.037500
1.041667
1.045833
1.045833
1.041667
1.050000
1.041667
1.045833
1.041667
1.041667
1.045833
1.037500
1.037500
1.037500
1.041667
1.037500
1.045833
1.041667
1.041667
1.041667
1.045833
1.041667
1.050000
1.045833
1.041667
1.041667
1.041667
1.033333
1.037500
1.037500
1.033333
1.033333
1.037500
1.037500
1.041667
1.041667
1.041667
1.045833
1.041667
1.045833
1.041667
1.045833
1.041667
1.045833
1.041667
1.045833
1.041667
1.041667
1.045833
1.041667
1.041667
1.041667
1.037500
1.041667
1.037500
1.041667
1.041667
1.041667
1.045833
1.041667
1.041667
1.041667
1.045833
1.041667
1.041667
1.045833
1.041667
1.041667
1.045833
1.037500
1.037500
1.041667
1.037500
1.041667
1.041667
1.041667
1.041667
1.045833
1.041667
1.041667
1.041667
1.041667
1.045833
1.045833
1.037500
1.041667
1.037500
1.037500
1.041667
1.041667
1.037500
1.041667
1.041667
1.045833
1.045833
1.041667
1.045833
1.045833
1.037500
1.041667
1.041667
1.045833
1.037500
1.045833
1.045833
1.041667
1.041667
1.045833
1.045833
1.041667
1.045833
1.041667
1.045833
1.045833
1.041667
