0.766667
0.754167
0.750000
0.741667
0.758333
0.754167
0.754167
0.754167
0.741667
0.741667
0.741667
0.745833
0.745833
0.737500
0.733333
0.737500
0.750000
0.741667
0.745833
0.737500
0.741667
0.737500
0.745833
0.737500
0.533333
0.879167
0.783333
0.779167
0.775000
0.762500
0.766667
0.770833
0.766667
0.783333
0.770833
0.762500
0.762500
0.737500
0.750000
0.745833
0.754167
0.770833
0.775000
0.787500
0.791667
0.791667
0.795833
0.791667
0.775000
0.775000
0.783333
0.779167
0.766667
0.775000
0.775000
0.779167
0.766667
0.791667
0.800000
0.795833
0.795833
0.783333
0.783333
0.795833
0.791667
0.795833
0.791667
0.783333
0.770833
0.770833
0.779167
0.783333
0.766667
0.775000
0.783333
0.770833
0.775000
0.779167
0.783333
0.783333
0.783333
0.787500
0.783333
0.787500
0.779167
0.762500
0.766667
0.775000
0.779167
0.779167
0.770833
0.770833
0.758333
0.762500
0.779167
0.779167
0.783333
0.791667
0.787500
0.766667
0.783333
0.779167
0.770833
0.779167
0.787500
0.775000
0.779167
0.758333
0.766667
0.758333
0.766667
0.762500
0.762500
0.758333
0.775000
0.775000
0.775000
0.770833
0.779167
0.791667
0.783333
0.779167
0.791667
0.808333
0.808333
0.808333
0.783333
0.783333
0.783333
0.779167
0.766667
0.775000
0.779167
0.779167
0.783333
0.783333
0.775000
1.545833
0.787500
0.787500
0.779167
0.766667
0.770833
0.770833
0.779167
0.770833
0.762500
0.783333
0.779167
0.762500
0.770833
0.783333
0.775000
0.575000
0.954167
0.825000
0.804167
0.804167
0.787500
0.791667
0.795833
0.783333
0.783333
0.791667
0.800000
0.804167
0.808333
0.791667
0.804167
0.795833
0.808333
0.800000
0.791667
0.808333
0.795833
0.783333
0.787500
0.783333
0.458333
0.912500
0.829167
0.812500
0.791667
0.775000
0.783333
0.779167
0.787500
0.779167
0.779167
0.779167
0.791667
0.787500
0.783333
0.779167
0.775000
0.783333
0.787500
0.787500
0.787500
0.775000
0.779167
0.779167
0.766667
0.758333
0.770833
0.770833
0.779167
0.775000
0.775000
0.770833
0.762500
0.766667
0.770833
0.787500
0.779167
0.770833
0.770833
0.779167
0.766667
0.758333
0.750000
0.762500
0.775000
0.762500
0.762500
0.745833
0.770833
0.770833
0.775000
0.775000
0.762500
0.770833
0.779167
0.775000
0.766667
0.762500
0.766667
0.775000
0.775000
0.758333
0.754167
0.766667
0.775000
0.770833
0.766667
0.762500
0.766667
0.775000
0.783333
0.783333
0.779167
0.779167
0.791667
0.787500
0.800000
0.795833
0.783333
0.575000
0.929167
0.829167
0.812500
0.512500
0.925000
0.800000
0.804167
0.808333
0.791667
0.795833
0.791667
0.770833
0.770833
0.766667
0.775000
0.750000
0.770833
0.766667
0.754167
0.766667
0.766667
0.775000
0.770833
0.758333
0.766667
0.762500
0.762500
0.754167
0.745833
0.750000
0.745833
0.741667
0.737500
0.729167
0.733333
0.737500
0.745833
0.741667
0.750000
0.745833
0.741667
0.750000
0.758333
0.766667
0.762500
0.770833
0.775000
0.770833
0.770833
0.791667
0.787500
0.800000
0.804167
0.800000
0.791667
0.800000
0.808333
0.804167
0.816667
0.804167
0.795833
0.804167
0.804167
0.808333
0.791667
0.783333
0.787500
0.791667
0.791667
0.791667
0.791667
0.783333
0.787500
0.800000
0.804167
0.795833
0.808333
0.791667
0.791667
0.816667
0.808333
0.804167
0.800000
0.787500
0.808333
0.820833
0.820833
0.825000
0.812500
0.812500
0.825000
0.820833
0.825000
0.812500
0.820833
0.812500
0.816667
0.804167
0.804167
0.791667
0.812500
0.804167
0.820833
0.808333
0.791667
0.808333
0.812500
0.712500
0.912500
0.795833
0.791667
0.804167
0.795833
0.637500
0.925000
0.812500
0.816667
0.808333
0.804167
0.800000
0.787500
0.575000
0.954167
0.837500
0.820833
0.804167
0.795833
0.787500
0.795833
0.800000
0.791667
0.775000
0.770833
0.766667
0.783333
0.770833
0.779167
0.775000
0.762500
0.762500
0.770833
0.779167
0.779167
0.770833
0.770833
0.766667
0.775000
0.775000
0.779167
0.783333
0.779167
0.766667
0.766667
0.783333
0.783333
0.775000
0.762500
0.762500
0.758333
0.766667
0.775000
0.766667
0.762500
0.754167
0.758333
0.770833
0.770833
0.766667
0.766667
0.758333
0.770833
0.770833
0.770833
0.770833
0.766667
0.758333
0.762500
0.766667
0.762500
0.750000
0.758333
0.766667
0.770833
0.766667
0.762500
0.770833
0.783333
0.779167
0.779167
0.775000
0.770833
0.779167
0.791667
0.775000
0.779167
0.779167
0.779167
0.779167
0.766667
0.766667
0.783333
0.779167
0.779167
0.779167
0.779167
0.779167
0.775000
0.775000
0.770833
0.775000
0.787500
0.787500
0.787500
0.783333
0.770833
0.775000
0.779167
0.775000
0.775000
0.775000
0.770833
0.770833
0.779167
0.783333
0.770833
0.766667
0.770833
0.783333
0.787500
0.783333
0.775000
0.783333
0.779167
0.779167
0.775000
0.770833
0.766667
0.770833
0.766667
0.775000
0.770833
0.775000
0.766667
0.766667
0.766667
0.775000
0.775000
0.783333
0.762500
0.766667
0.762500
0.766667
0.766667
0.762500
0.750000
0.745833
0.750000
0.750000
0.750000
0.750000
0.741667
0.741667
0.750000
0.754167
0.750000
0.745833
0.750000
0.762500
0.766667
0.762500
0.762500
0.758333
0.754167
0.758333
0.766667
0.758333
0.758333
0.762500
0.762500
0.770833
0.775000
0.766667
0.770833
0.770833
0.766667
0.770833
0.770833
0.766667
0.762500
0.754167
0.754167
0.758333
0.762500
0.758333
0.766667
0.758333
0.754167
0.762500
0.758333
0.762500
0.758333
0.750000
0.750000
0.758333
0.750000
0.754167
0.745833
0.745833
0.737500
0.750000
0.750000
0.741667
0.741667
0.733333
0.741667
0.745833
0.737500
0.733333
0.729167
0.737500
0.737500
0.737500
0.733333
0.737500
0.737500
0.745833
0.741667
0.745833
0.733333
0.741667
0.745833
0.754167
0.745833
0.629167
0.870833
0.766667
0.754167
0.766667
0.758333
0.750000
0.750000
0.741667
0.750000
0.745833
0.750000
0.737500
0.741667
0.670833
1.300000
0.983333
0.733333
0.720833
0.729167
0.725000
0.716667
0.720833
0.712500
0.720833
0.729167
0.733333
0.729167
0.733333
0.729167
0.741667
0.737500
0.737500
0.729167
0.733333
0.725000
0.729167
0.729167
0.720833
0.725000
0.720833
0.733333
0.725000
0.729167
0.729167
0.725000
0.720833
0.729167
0.733333
0.729167
0.720833
0.720833
0.725000
0.733333
0.725000
0.725000
0.725000
0.725000
0.733333
0.733333
0.733333
0.733333
0.741667
0.745833
0.750000
0.750000
0.745833
0.750000
0.762500
0.762500
0.775000
0.762500
0.754167
0.791667
0.795833
0.787500
0.787500
0.787500
0.800000
0.800000
0.791667
0.791667
0.783333
0.787500
0.795833
0.795833
0.795833
0.795833
0.800000
0.800000
0.804167
0.804167
0.804167
0.783333
0.787500
0.783333
0.795833
0.800000
0.800000
0.791667
0.791667
0.787500
0.795833
0.787500
0.779167
0.775000
0.783333
0.783333
0.783333
0.783333
0.766667
0.766667
0.770833
0.770833
0.754167
0.737500
0.729167
0.708333
0.720833
0.737500
0.741667
0.762500
0.741667
0.779167
0.775000
0.779167
0.791667
0.775000
0.779167
0.770833
0.754167
0.770833
0.725000
0.737500
0.737500
0.729167
0.745833
0.741667
0.750000
0.737500
0.745833
0.754167
0.762500
0.775000
0.775000
0.775000
0.779167
0.787500
0.779167
0.783333
0.775000
0.775000
0.779167
0.762500
0.766667
0.766667
0.766667
0.754167
0.754167
0.758333
0.766667
0.762500
0.754167
0.750000
0.754167
0.758333
0.762500
0.754167
0.750000
0.750000
0.758333
0.766667
0.758333
0.750000
0.762500
0.762500
0.775000
0.766667
0.762500
0.770833
0.775000
0.779167
0.533333
0.908333
0.820833
0.645833
0.933333
0.816667
0.816667
0.820833
0.812500
0.804167
0.800000
0.808333
0.816667
0.808333
0.804167
0.800000
0.795833
0.804167
0.800000
0.808333
0.787500
0.787500
0.795833
0.800000
0.825000
0.795833
0.808333
0.808333
0.812500
0.791667
0.804167
0.808333
0.804167
