0.483333
1.175000
0.866667
0.495833
1.187500
0.895833
0.908333
0.887500
0.479167
0.991667
0.495833
1.195833
0.870833
0.479167
1.175000
0.858333
0.470833
1.150000
0.845833
0.500000
1.191667
0.854167
0.479167
1.154167
0.862500
0.862500
0.854167
0.862500
0.491667
0.983333
0.870833
0.479167
1.158333
0.862500
0.475000
1.195833
0.883333
0.504167
0.975000
0.887500
0.470833
0.950000
0.875000
0.858333
0.866667
0.858333
0.862500
0.479167
1.145833
0.866667
0.475000
1.162500
0.870833
0.858333
0.475000
0.954167
0.870833
0.875000
0.875000
0.483333
1.195833
0.870833
0.866667
0.858333
0.504167
0.975000
0.850000
0.470833
0.958333
0.850000
0.475000
1.158333
0.837500
0.483333
1.162500
0.850000
0.487500
1.170833
0.854167
0.483333
1.166667
0.862500
0.491667
1.179167
0.866667
0.500000
1.183333
0.870833
0.483333
1.204167
0.750000
0.975000
0.491667
0.970833
0.866667
0.483333
1.129167
0.866667
0.866667
0.875000
0.875000
0.883333
0.883333
0.883333
0.870833
0.862500
0.479167
1.166667
0.504167
1.004167
0.883333
0.500000
1.191667
0.875000
0.500000
1.200000
0.879167
0.487500
1.200000
0.870833
0.495833
1.195833
0.875000
0.479167
1.191667
0.858333
0.858333
0.470833
0.966667
0.858333
0.483333
1.200000
0.854167
0.845833
0.837500
0.508333
0.954167
0.845833
0.487500
0.958333
0.845833
0.495833
0.970833
0.854167
0.491667
0.954167
0.854167
0.491667
1.187500
0.870833
0.495833
1.200000
0.875000
0.483333
1.187500
0.870833
0.870833
0.879167
0.495833
1.187500
0.879167
0.491667
1.187500
0.875000
0.491667
0.945833
0.883333
0.479167
1.162500
0.875000
0.483333
1.183333
0.875000
0.883333
0.879167
0.887500
0.883333
0.887500
0.495833
1.166667
0.891667
0.887500
0.504167
1.000000
0.887500
0.883333
0.483333
0.966667
0.879167
0.487500
1.195833
0.875000
0.737500
0.995833
0.862500
0.870833
0.862500
0.854167
0.462500
1.141667
0.841667
0.837500
0.837500
0.479167
1.150000
0.850000
0.837500
0.837500
0.470833
1.158333
0.841667
0.470833
0.770833
1.037500
0.479167
1.158333
0.841667
0.825000
0.837500
0.825000
0.825000
0.491667
0.954167
0.833333
0.829167
0.833333
0.825000
0.820833
0.829167
0.825000
0.466667
1.170833
0.833333
0.466667
1.154167
0.841667
0.487500
1.166667
0.841667
0.495833
1.191667
0.837500
0.850000
0.837500
0.841667
0.845833
0.854167
0.479167
1.158333
0.866667
0.854167
0.850000
0.479167
1.158333
0.858333
0.475000
0.950000
0.858333
0.854167
0.858333
0.858333
0.866667
0.858333
0.504167
1.237500
0.875000
0.487500
1.170833
0.862500
0.495833
1.195833
0.858333
0.508333
1.195833
0.870833
0.858333
0.862500
0.854167
0.854167
0.475000
1.158333
0.862500
0.475000
1.158333
0.850000
0.479167
1.145833
0.841667
0.841667
0.845833
0.495833
1.179167
0.850000
0.479167
1.150000
0.850000
0.479167
1.170833
0.858333
0.850000
0.850000
0.854167
1.416667
0.858333
0.491667
0.975000
0.854167
0.475000
0.962500
0.858333
0.475000
1.162500
0.329167
1.366667
0.862500
0.504167
0.983333
0.870833
0.854167
0.866667
0.854167
0.470833
0.954167
0.862500
0.875000
0.866667
0.491667
1.175000
0.879167
0.500000
1.187500
0.883333
0.487500
0.612500
0.958333
0.912500
0.529167
0.583333
0.970833
0.908333
0.466667
0.991667
0.904167
0.495833
0.987500
0.875000
0.487500
1.195833
0.875000
0.870833
0.879167
0.870833
0.875000
0.483333
1.150000
0.879167
0.879167
0.879167
0.479167
0.600000
0.950000
0.504167
1.204167
0.875000
0.500000
1.208333
0.883333
0.483333
0.608333
0.970833
0.895833
0.891667
0.883333
0.462500
1.170833
0.875000
0.870833
0.858333
0.866667
0.854167
0.491667
1.179167
0.858333
0.470833
1.170833
0.858333
1.229167
0.400000
0.841667
0.837500
0.837500
0.475000
1.154167
0.841667
0.483333
0.362500
0.795833
0.841667
0.829167
0.833333
0.825000
0.829167
0.475000
1.150000
0.841667
0.454167
1.170833
0.850000
0.825000
0.829167
0.479167
1.162500
0.850000
0.483333
1.175000
0.858333
0.854167
0.845833
0.479167
1.145833
0.866667
1.612500
0.862500
0.854167
0.458333
0.954167
0.858333
0.858333
0.850000
0.850000
0.858333
0.470833
1.120833
0.858333
0.479167
1.162500
0.850000
0.837500
0.487500
0.975000
0.850000
0.483333
1.170833
0.858333
0.483333
0.962500
0.850000
0.845833
0.837500
0.841667
0.479167
1.183333
0.837500
0.479167
1.162500
0.833333
0.829167
0.470833
0.941667
0.829167
0.462500
1.141667
0.833333
0.479167
1.166667
0.841667
0.475000
1.162500
0.845833
0.479167
1.175000
0.862500
0.475000
0.608333
0.954167
0.491667
1.212500
1.687500
0.858333
0.479167
1.170833
0.845833
0.479167
1.154167
0.845833
0.845833
0.479167
0.954167
0.850000
0.475000
1.150000
0.854167
0.841667
0.850000
0.483333
1.175000
0.858333
0.854167
0.858333
0.487500
1.170833
0.858333
0.475000
1.175000
0.866667
0.479167
1.183333
0.887500
0.583333
0.837500
0.904167
0.483333
0.975000
0.883333
0.483333
1.162500
0.862500
0.854167
0.858333
0.854167
0.479167
1.145833
0.862500
0.475000
1.166667
0.862500
0.483333
0.620833
0.950000
0.883333
0.491667
0.600000
0.966667
0.900000
0.891667
0.879167
0.875000
0.875000
0.866667
0.866667
0.866667
0.866667
0.866667
0.854167
0.862500
0.850000
0.854167
0.479167
0.958333
0.845833
0.495833
0.958333
1.370833
0.495833
1.100000
0.829167
0.475000
0.970833
0.854167
0.479167
1.179167
0.866667
0.487500
0.962500
0.879167
0.491667
0.941667
0.858333
0.479167
1.162500
0.862500
0.862500
0.854167
0.870833
0.500000
0.920833
0.875000
0.487500
0.591667
0.950000
0.895833
0.900000
0.512500
1.200000
0.895833
0.495833
1.195833
0.891667
0.500000
1.004167
0.891667
0.483333
0.591667
0.962500
0.908333
0.908333
0.500000
0.604167
0.962500
0.487500
0.608333
0.970833
0.895833
0.900000
0.512500
0.566667
0.966667
0.487500
0.620833
0.987500
0.487500
0.612500
0.966667
0.895833
0.895833
0.879167
0.866667
0.516667
1.095833
0.870833
0.866667
0.491667
1.120833
0.866667
0.475000
1.154167
0.854167
0.858333
0.858333
0.470833
1.154167
0.858333
0.858333
0.858333
0.862500
0.858333
0.504167
0.979167
0.866667
0.479167
0.962500
0.862500
0.479167
0.595833
0.950000
0.875000
0.483333
1.162500
0.862500
0.475000
1.162500
0.858333
0.479167
1.170833
0.870833
0.870833
0.870833
0.879167
0.491667
0.983333
0.887500
0.879167
0.879167
0.479167
0.937500
0.887500
0.870833
0.866667
0.870833
0.854167
0.858333
0.858333
0.858333
0.850000
0.475000
1.133333
0.858333
0.858333
0.850000
0.845833
0.495833
0.979167
0.862500
0.850000
0.858333
0.854167
0.487500
0.966667
0.862500
0.854167
0.858333
0.850000
0.850000
0.850000
0.850000
0.858333
0.850000
0.850000
0.854167
0.850000
0.850000
0.841667
0.479167
0.945833
0.862500
0.504167
1.220833
0.862500
0.475000
1.125000
0.850000
0.845833
0.845833
0.845833
0.475000
1.120833
0.500000
0.987500
0.854167
0.858333
0.858333
0.858333
0.858333
0.858333
0.479167
1.150000
0.870833
0.475000
0.950000
0.875000
0.483333
0.954167
0.862500
0.483333
0.966667
0.858333
0.500000
1.187500
0.862500
1.408333
0.854167
0.470833
1.150000
0.854167
0.479167
0.958333
0.854167
0.491667
0.958333
0.850000
0.495833
0.962500
0.854167
0.483333
0.945833
0.870833
0.487500
