0.712500
0.716667
0.712500
0.712500
0.716667
0.712500
0.700000
0.629167
0.808333
0.725000
0.704167
0.725000
0.700000
0.720833
0.708333
0.720833
0.604167
0.825000
0.716667
0.595833
0.820833
0.704167
0.675000
0.720833
0.712500
0.725000
0.712500
0.679167
0.737500
0.712500
0.704167
0.704167
0.716667
0.700000
0.625000
0.704167
0.812500
0.704167
0.625000
0.808333
0.712500
0.691667
0.729167
0.691667
0.733333
0.708333
0.712500
0.712500
0.725000
0.700000
0.583333
0.741667
0.820833
0.683333
1.437500
0.716667
0.612500
0.812500
0.704167
0.725000
0.712500
0.616667
0.712500
0.716667
0.800000
0.733333
1.433333
0.716667
0.725000
0.612500
0.825000
0.712500
0.712500
0.708333
0.741667
0.716667
0.733333
0.720833
0.691667
0.733333
0.716667
0.666667
0.729167
0.720833
0.725000
0.616667
0.654167
0.775000
0.616667
0.929167
0.416667
0.908333
0.729167
1.345833
0.800000
0.504167
0.529167
0.558333
0.554167
0.554167
0.554167
0.554167
0.558333
0.558333
0.558333
0.562500
0.558333
0.558333
0.554167
0.558333
0.562500
0.562500
0.858333
0.866667
1.308333
1.520833
1.533333
0.712500
0.579167
0.883333
0.687500
0.795833
0.675000
0.729167
0.795833
0.708333
0.683333
0.737500
0.733333
0.704167
0.716667
0.708333
0.729167
0.712500
0.720833
0.712500
0.725000
0.716667
0.716667
0.704167
0.629167
0.779167
0.720833
0.716667
0.720833
0.716667
0.720833
0.700000
0.729167
0.716667
0.716667
0.708333
0.725000
0.708333
0.712500
0.700000
0.733333
0.712500
0.708333
0.683333
0.750000
0.708333
0.712500
0.695833
0.725000
0.704167
0.720833
0.708333
0.616667
0.704167
0.825000
0.708333
0.716667
0.604167
0.820833
0.708333
0.616667
0.795833
0.716667
0.695833
0.716667
1.325000
0.808333
0.704167
1.333333
0.795833
0.716667
0.695833
1.441667
0.716667
0.679167
0.687500
0.687500
0.704167
0.795833
0.712500
0.716667
0.695833
0.620833
0.804167
0.720833
0.704167
0.729167
0.712500
0.716667
0.700000
0.720833
0.695833
0.725000
0.600000
0.812500
0.695833
0.720833
1.425000
0.708333
0.716667
0.704167
0.716667
0.695833
0.620833
0.695833
0.966667
0.550000
0.720833
0.708333
0.712500
0.695833
0.716667
0.691667
0.700000
0.733333
0.716667
0.645833
0.741667
0.716667
0.712500
0.704167
0.712500
0.616667
0.712500
0.791667
0.720833
0.695833
0.729167
0.704167
0.716667
0.704167
0.720833
1.425000
0.604167
0.720833
0.800000
0.720833
0.695833
0.625000
0.695833
0.816667
0.695833
0.729167
0.708333
0.708333
0.712500
0.679167
0.679167
0.741667
0.633333
0.783333
0.733333
0.712500
0.712500
0.704167
0.716667
0.704167
0.712500
0.595833
0.708333
0.804167
1.429167
1.212500
0.466667
0.387500
1.008333
0.741667
0.625000
0.870833
0.425000
1.679167
0.812500
0.695833
0.629167
0.841667
0.433333
0.991667
0.608333
0.800000
0.366667
1.041667
0.620833
0.775000
0.537500
0.900000
0.441667
0.983333
0.704167
0.704167
0.445833
0.979167
0.375000
1.020833
0.729167
0.520833
0.808333
0.800000
1.416667
0.716667
0.591667
0.808333
0.687500
0.720833
0.700000
0.695833
0.716667
0.716667
0.695833
0.725000
0.704167
0.716667
0.704167
0.716667
0.700000
0.716667
0.695833
0.716667
0.600000
0.812500
0.683333
0.720833
0.700000
0.716667
0.700000
0.712500
0.708333
0.712500
0.700000
0.716667
0.808333
0.591667
0.716667
0.712500
0.708333
0.716667
0.695833
0.716667
0.695833
0.712500
0.700000
0.583333
0.845833
0.720833
0.700000
0.716667
0.708333
0.720833
0.700000
0.391667
1.012500
0.658333
0.800000
0.541667
0.787500
0.716667
0.804167
0.725000
0.712500
0.708333
0.725000
0.737500
0.683333
0.729167
0.708333
0.712500
0.716667
0.712500
0.712500
0.725000
0.708333
0.720833
0.704167
0.725000
0.708333
0.716667
0.700000
0.725000
0.704167
0.720833
0.704167
0.716667
0.708333
0.725000
0.704167
0.716667
0.716667
0.395833
0.908333
0.612500
0.862500
0.725000
0.679167
1.362500
0.716667
0.804167
0.695833
0.720833
0.725000
0.704167
0.720833
0.716667
0.712500
0.725000
0.708333
0.720833
0.708333
0.720833
0.612500
0.812500
0.704167
0.712500
0.704167
0.716667
0.700000
0.725000
0.704167
0.725000
0.708333
0.716667
0.700000
0.716667
0.658333
0.745833
0.712500
0.720833
1.320833
0.816667
0.716667
0.662500
0.733333
0.704167
0.720833
0.708333
0.720833
0.700000
0.725000
0.700000
0.720833
0.700000
1.416667
0.704167
0.679167
0.679167
0.762500
0.712500
0.687500
0.691667
0.758333
0.720833
0.700000
0.720833
0.704167
0.708333
0.691667
0.729167
0.712500
0.716667
0.704167
0.725000
0.712500
0.712500
0.708333
0.720833
0.704167
0.708333
0.595833
1.433333
0.812500
0.712500
0.716667
0.704167
0.720833
0.700000
0.716667
0.700000
0.716667
1.416667
0.691667
0.716667
0.683333
0.683333
0.750000
0.716667
0.666667
1.333333
0.804167
0.704167
0.716667
0.708333
0.716667
0.566667
0.841667
1.429167
1.412500
0.695833
0.716667
0.508333
1.166667
0.583333
0.566667
0.554167
0.562500
0.554167
0.562500
0.558333
0.562500
0.558333
0.562500
0.558333
0.583333
0.841667
1.025000
1.541667
0.600000
0.854167
0.462500
0.975000
0.675000
0.737500
0.387500
0.620833
0.766667
1.012500
0.808333
0.716667
0.454167
1.379167
1.404167
1.750000
1.145833
1.429167
1.429167
1.412500
1.400000
2.912500
1.433333
1.425000
1.412500
1.408333
1.408333
1.441667
1.445833
1.412500
1.404167
1.395833
1.404167
1.454167
1.395833
1.425000
1.412500
1.466667
1.425000
3.712500
3.533333
8.554167
1.287500
2.300000
2.879167
0.704167
0.720833
0.704167
0.720833
0.708333
0.720833
0.700000
0.612500
0.825000
0.708333
0.733333
0.716667
1.450000
0.720833
0.704167
0.729167
0.845833
0.733333
0.575000
0.720833
0.716667
0.720833
0.716667
0.716667
1.429167
0.700000
0.616667
0.808333
0.729167
1.429167
0.708333
0.720833
0.704167
0.725000
0.700000
0.716667
0.700000
0.729167
0.712500
0.712500
0.704167
0.729167
0.704167
0.720833
0.700000
0.720833
1.433333
0.708333
0.716667
0.708333
0.725000
0.712500
0.716667
0.700000
0.720833
0.695833
0.720833
0.704167
0.875000
0.554167
0.716667
0.704167
0.716667
0.712500
0.720833
0.704167
0.716667
0.704167
0.620833
0.800000
0.729167
0.716667
0.716667
0.704167
0.729167
0.700000
0.720833
0.708333
0.729167
0.716667
0.712500
0.704167
0.720833
0.708333
0.716667
0.716667
0.712500
0.704167
0.720833
0.695833
0.612500
0.833333
0.670833
0.741667
0.720833
0.716667
0.712500
0.725000
0.708333
0.716667
0.700000
0.875000
0.550000
0.725000
0.708333
0.725000
0.704167
0.725000
0.704167
0.716667
0.704167
0.720833
0.700000
0.720833
0.700000
0.725000
0.704167
1.425000
0.720833
0.700000
0.725000
0.695833
0.875000
0.558333
0.712500
0.700000
0.720833
0.708333
0.716667
1.420833
0.704167
1.404167
0.716667
0.704167
0.725000
0.712500
0.675000
0.750000
0.700000
0.712500
0.700000
0.720833
0.695833
0.604167
0.804167
0.733333
0.712500
0.725000
1.329167
0.804167
0.716667
0.712500
0.725000
0.700000
0.725000
0.708333
0.729167
0.716667
0.720833
0.716667
0.725000
0.708333
0.720833
0.712500
1.420833
0.716667
0.700000
0.729167
0.704167
0.716667
0.704167
0.716667
0.670833
0.733333
0.720833
0.708333
0.704167
0.716667
0.691667
0.716667
0.687500
0.716667
0.704167
0.712500
1.316667
1.504167
0.591667
0.816667
1.395833
1.391667
1.400000
0.683333
0.704167
1.416667
0.670833
0.704167
1.387500
0.683333
0.562500
1.545833
0.687500
0.725000
1.412500
0.683333
0.720833
1.412500
0.679167
0.575000
1.545833
0.700000
0.720833
