0.533333
0.883333
0.612500
0.375000
0.429167
0.520833
0.758333
0.475000
1.616667
0.595833
0.195833
0.479167
0.629167
0.520833
0.379167
1.012500
0.491667
1.325000
0.787500
0.654167
0.729167
0.525000
0.179167
0.570833
0.675000
0.670833
0.258333
0.358333
0.912500
0.658333
0.591667
1.054167
0.533333
1.150000
1.370833
0.700000
0.270833
1.000000
1.175000
0.512500
0.550000
0.258333
0.395833
0.725000
0.254167
0.204167
2.025000
0.466667
0.283333
0.391667
0.287500
0.729167
0.187500
0.350000
0.545833
0.429167
0.591667
0.691667
0.408333
0.200000
0.708333
0.266667
0.170833
1.000000
0.295833
0.325000
0.745833
0.425000
0.166667
0.716667
0.279167
0.279167
0.683333
0.787500
0.283333
0.333333
0.883333
0.862500
0.883333
0.425000
0.400000
0.920833
0.445833
0.487500
0.683333
0.395833
0.604167
0.433333
0.462500
0.462500
0.475000
0.458333
0.437500
0.804167
0.962500
0.504167
0.441667
0.437500
0.937500
0.983333
0.554167
0.187500
1.037500
0.883333
0.462500
0.425000
0.400000
0.245833
1.083333
0.845833
0.429167
0.229167
0.633333
1.425000
0.145833
1.162500
1.279167
0.875000
0.383333
0.150000
0.729167
0.804167
1.229167
0.854167
0.183333
0.316667
0.970833
0.187500
1.866667
0.379167
1.420833
1.129167
0.208333
0.266667
1.141667
1.304167
2.833333
1.816667
1.287500
2.600000
0.191667
1.458333
1.787500
0.320833
1.683333
1.287500
4.870833
3.250000
0.600000
1.316667
0.591667
0.804167
1.075000
1.245833
3.479167
1.075000
1.783333
2.754167
2.737500
3.545833
1.220833
5.058333
0.858333
1.279167
3.108333
0.333333
0.195833
0.400000
1.037500
1.154167
0.879167
0.612500
0.408333
0.287500
0.695833
0.883333
0.525000
1.137500
1.037500
0.875000
0.825000
0.612500
0.925000
1.308333
1.208333
0.800000
1.095833
0.500000
0.350000
1.762500
0.220833
0.945833
0.633333
0.745833
0.791667
1.191667
0.641667
1.004167
0.945833
0.779167
1.345833
0.491667
0.366667
1.220833
0.937500
0.554167
0.741667
1.512500
0.408333
0.454167
0.408333
0.629167
0.416667
0.345833
0.583333
1.087500
0.304167
0.312500
0.312500
0.433333
0.225000
0.387500
0.625000
0.229167
0.679167
0.158333
0.345833
0.437500
0.475000
1.104167
0.458333
0.262500
0.450000
0.462500
0.925000
0.787500
0.345833
0.512500
0.329167
0.479167
0.658333
0.470833
0.270833
0.495833
0.358333
0.512500
0.995833
0.508333
0.270833
0.429167
0.395833
0.591667
0.320833
0.400000
0.416667
0.516667
0.354167
0.700000
0.262500
0.512500
0.475000
0.445833
0.991667
0.470833
0.675000
0.270833
0.437500
1.170833
0.920833
0.291667
0.541667
1.066667
0.308333
0.479167
0.537500
0.400000
0.950000
0.975000
1.158333
0.258333
0.475000
0.558333
0.387500
0.712500
0.483333
0.250000
0.483333
0.220833
0.925000
0.283333
0.462500
0.229167
0.262500
0.683333
0.237500
0.225000
0.341667
0.583333
0.750000
0.670833
0.475000
0.483333
0.962500
0.275000
0.675000
0.233333
0.987500
0.720833
0.495833
0.266667
0.558333
0.358333
0.712500
0.504167
0.254167
0.575000
0.395833
0.662500
0.508333
0.283333
0.483333
0.691667
0.254167
0.691667
0.491667
0.495833
0.966667
0.950000
0.962500
0.483333
0.325000
0.158333
0.425000
0.479167
0.525000
0.458333
0.458333
0.295833
0.658333
0.141667
0.387500
0.479167
0.916667
0.491667
0.379167
1.054167
0.500000
0.812500
1.058333
0.529167
0.725000
0.687500
0.958333
1.408333
1.429167
0.991667
0.433333
0.512500
0.112500
1.183333
0.800000
1.495833
1.320833
0.270833
0.358333
1.062500
0.500000
0.233333
0.662500
0.445833
0.987500
0.462500
0.987500
0.483333
0.945833
0.525000
0.479167
0.458333
0.491667
0.983333
0.479167
0.483333
0.262500
0.475000
0.954167
0.708333
0.479167
0.479167
0.262500
0.450000
0.695833
0.816667
0.437500
0.483333
0.700000
0.429167
0.537500
0.291667
0.662500
0.258333
0.662500
0.995833
0.300000
0.662500
0.262500
0.475000
1.004167
0.404167
1.004167
0.391667
0.387500
0.312500
1.154167
0.833333
0.891667
0.437500
0.416667
0.445833
1.312500
0.429167
0.433333
0.420833
0.908333
1.308333
0.458333
0.220833
0.195833
0.912500
0.404167
0.466667
0.233333
0.425000
0.441667
0.633333
0.225000
0.616667
0.300000
0.341667
0.670833
0.979167
0.487500
0.466667
0.487500
0.995833
0.279167
0.675000
0.291667
0.475000
0.683333
0.491667
0.283333
0.612500
0.475000
0.358333
0.633333
0.441667
0.554167
0.945833
0.987500
0.500000
0.483333
0.483333
0.475000
0.970833
0.483333
0.745833
1.133333
0.991667
0.508333
0.254167
1.204167
0.479167
1.450000
0.466667
0.995833
0.479167
0.754167
1.179167
0.320833
0.666667
0.483333
0.466667
0.945833
0.991667
0.983333
0.900000
1.029167
0.466667
0.500000
0.475000
0.383333
1.570833
1.429167
1.804167
0.437500
0.508333
0.533333
0.470833
0.979167
0.475000
0.820833
0.575000
0.816667
0.700000
0.275000
0.475000
0.712500
0.262500
0.700000
0.266667
0.479167
0.475000
0.491667
0.487500
0.966667
0.541667
0.625000
0.433333
0.329167
0.483333
0.487500
0.479167
0.475000
0.500000
0.687500
0.762500
0.466667
0.475000
1.208333
0.270833
0.483333
0.483333
0.666667
0.304167
0.487500
0.479167
1.183333
0.479167
0.316667
0.670833
0.291667
1.129167
0.170833
0.508333
0.362500
0.725000
0.479167
1.120833
0.329167
0.654167
0.495833
0.495833
0.941667
0.300000
0.883333
0.220833
0.308333
0.679167
0.329167
1.120833
0.500000
0.954167
1.020833
0.295833
0.495833
1.425000
0.504167
0.495833
0.637500
0.954167
0.325000
0.345833
0.541667
0.758333
0.700000
0.691667
0.937500
0.220833
0.683333
0.804167
0.504167
0.370833
0.766667
0.479167
0.316667
0.325000
0.662500
0.675000
0.487500
0.550000
0.695833
0.608333
0.383333
0.875000
1.241667
0.462500
0.554167
0.454167
0.962500
0.458333
0.520833
0.320833
0.450000
0.379167
0.691667
0.245833
0.241667
0.762500
0.545833
0.162500
0.545833
1.012500
0.804167
0.541667
0.487500
0.304167
0.412500
0.270833
0.500000
0.375000
0.916667
0.620833
0.491667
0.841667
0.637500
0.304167
0.200000
0.366667
0.079167
0.479167
0.550000
1.229167
0.454167
0.733333
0.441667
0.350000
0.837500
0.729167
0.729167
0.745833
0.970833
0.954167
0.975000
0.995833
0.275000
0.491667
0.225000
1.450000
0.975000
1.445833
1.470833
0.916667
0.520833
1.266667
0.691667
0.279167
0.716667
0.245833
0.487500
0.687500
0.929167
0.529167
0.495833
0.454167
0.262500
1.166667
0.958333
1.545833
0.612500
1.429167
1.429167
0.812500
0.683333
0.758333
0.570833
0.241667
0.695833
0.933333
0.233333
0.720833
0.175000
0.604167
0.625000
0.337500
1.058333
0.804167
0.454167
0.950000
0.508333
0.450000
0.895833
0.933333
0.291667
0.545833
0.441667
0.316667
1.058333
0.429167
0.412500
0.925000
0.466667
0.695833
0.595833
0.258333
0.600000
0.404167
0.429167
0.237500
0.441667
0.525000
0.333333
0.450000
0.987500
0.570833
0.312500
0.375000
0.429167
0.204167
0.458333
0.304167
0.029167
0.412500
0.366667
0.529167
0.375000
0.412500
0.529167
0.387500
0.416667
0.458333
0.637500
0.695833
0.475000
0.445833
0.554167
0.437500
0.604167
0.337500
0.595833
0.300000
0.308333
0.687500
0.212500
0.462500
0.408333
0.683333
0.387500
0.416667
0.395833
0.691667
0.487500
0.812500
0.458333
0.362500
0.233333
0.412500
0.516667
0.333333
0.379167
0.191667
0.341667
0.429167
0.362500
0.529167
0.445833
0.412500
0.450000
0.383333
0.433333
0.466667
0.508333
0.391667
0.529167
0.370833
0.533333
0.570833
0.287500
0.454167
0.416667
0.512500
0.629167
0.466667
0.262500
0.475000
0.704167
0.470833
0.225000
0.562500
0.425000
1.179167
0.216667
0.558333
1.083333
0.637500
0.479167
0.479167
1.179167
0.991667
0.454167
0.141667
1.345833
0.858333
0.391667
0.983333
1.050000
0.404167
0.562500
1.091667
0.770833
0.562500
0.408333
0.879167
1.179167
0.333333
0.504167
0.675000
0.979167
0.491667
0.454167
0.379167
0.629167
1.479167
0.466667
0.279167
0.620833
0.550000
0.458333
0.820833
0.483333
0.483333
0.991667
0.650000
0.316667
0.687500
0.908333
0.387500
0.458333
0.270833
0.645833
0.333333
0.716667
0.979167
0.975000
0.979167
0.500000
0.283333
0.683333
1.470833
1.470833
0.487500
0.437500
1.029167
0.970833
0.495833
0.466667
0.491667
0.491667
0.962500
0.491667
0.508333
0.258333
0.608333
0.337500
0.570833
0.420833
0.687500
0.462500
0.270833
0.520833
0.550000
0.908333
0.466667
0.920833
0.783333
0.437500
0.300000
0.712500
0.554167
0.895833
0.479167
1.308333
0.895833
0.512500
0.716667
0.379167
1.075000
0.433333
0.075000
0.445833
0.791667
0.470833
0.691667
0.495833
0.241667
0.779167
0.925000
0.670833
1.216667
0.991667
0.687500
0.870833
0.304167
0.308333
0.650000
0.112500
0.475000
1.000000
0.287500
0.641667
0.170833
0.304167
0.420833
0.620833
0.966667
0.470833
0.379167
0.595833
0.225000
0.233333
0.462500
0.220833
0.758333
0.779167
1.045833
0.833333
0.937500
1.012500
0.445833
1.437500
1.466667
1.783333
0.412500
0.466667
0.500000
0.770833
0.704167
0.479167
0.829167
0.208333
0.737500
0.483333
0.683333
0.495833
0.400000
0.333333
0.520833
0.641667
0.191667
0.320833
0.408333
1.012500
0.204167
0.779167
0.329167
1.095833
0.875000
0.233333
1.195833
0.500000
0.491667
0.533333
0.416667
0.516667
0.262500
