0.650000
0.658333
0.654167
0.654167
0.645833
0.654167
0.650000
0.654167
0.658333
0.654167
0.654167
0.654167
0.645833
0.650000
0.641667
0.633333
0.629167
0.625000
0.654167
0.662500
0.658333
0.654167
0.645833
0.641667
0.637500
0.633333
0.629167
0.650000
0.654167
0.658333
0.666667
0.670833
0.670833
0.675000
0.670833
0.666667
0.666667
0.658333
0.654167
0.650000
0.641667
0.637500
0.637500
0.616667
0.629167
0.695833
0.662500
0.658333
0.658333
0.654167
0.654167
0.650000
0.650000
0.654167
0.654167
0.650000
0.650000
0.650000
0.641667
0.641667
0.641667
0.645833
0.645833
0.645833
0.645833
0.641667
0.645833
0.637500
0.633333
0.633333
0.629167
0.625000
0.616667
0.645833
0.658333
0.654167
0.658333
0.658333
0.654167
0.658333
0.650000
0.650000
0.645833
0.645833
0.645833
0.637500
0.641667
0.641667
0.633333
0.641667
0.637500
0.637500
0.637500
0.637500
0.645833
0.641667
0.645833
0.641667
0.645833
0.641667
0.650000
0.650000
0.662500
0.658333
0.658333
0.654167
0.654167
0.650000
0.650000
0.641667
0.645833
0.645833
0.641667
0.633333
0.637500
0.637500
0.629167
0.620833
0.645833
0.645833
0.641667
0.641667
0.645833
0.650000
0.645833
0.650000
0.650000
0.645833
0.641667
0.650000
0.658333
0.670833
0.675000
0.675000
0.666667
0.670833
0.662500
0.662500
0.658333
0.645833
0.641667
0.329167
0.783333
0.404167
0.791667
0.704167
0.666667
0.654167
0.654167
0.654167
0.645833
0.645833
0.637500
0.654167
0.662500
0.662500
0.666667
0.670833
0.666667
0.658333
0.658333
0.654167
0.650000
0.654167
0.650000
0.650000
0.645833
0.650000
0.650000
0.645833
0.645833
0.641667
0.650000
0.658333
0.662500
0.666667
0.662500
0.658333
0.345833
0.800000
0.375000
0.804167
0.370833
0.795833
0.387500
0.787500
0.704167
0.666667
0.662500
0.491667
0.766667
0.662500
0.662500
0.666667
0.675000
0.675000
0.675000
0.662500
0.662500
0.658333
0.662500
0.658333
0.654167
0.654167
0.654167
0.650000
0.650000
0.650000
0.654167
0.658333
0.666667
0.675000
0.670833
0.662500
0.666667
0.662500
0.662500
0.658333
0.645833
0.650000
0.645833
0.641667
0.645833
0.650000
0.645833
0.645833
0.641667
0.641667
0.333333
0.745833
0.416667
0.791667
0.691667
0.658333
0.654167
0.654167
0.662500
0.658333
0.662500
0.658333
0.658333
0.658333
0.658333
0.650000
0.645833
0.641667
0.633333
0.625000
0.616667
0.645833
0.637500
0.641667
0.633333
0.633333
0.629167
0.637500
0.645833
0.650000
0.658333
0.658333
0.658333
0.650000
0.654167
0.658333
0.654167
0.654167
0.645833
0.641667
0.329167
0.783333
0.695833
0.658333
0.650000
0.645833
0.645833
0.645833
0.645833
0.645833
0.641667
0.633333
0.650000
0.645833
0.650000
0.650000
0.645833
0.645833
0.641667
0.641667
0.641667
0.641667
0.645833
0.637500
0.637500
0.637500
0.641667
0.645833
0.650000
0.662500
0.658333
0.654167
0.658333
0.658333
0.654167
0.654167
0.645833
0.645833
0.654167
0.645833
0.633333
0.637500
0.633333
0.633333
0.625000
0.645833
0.641667
0.641667
0.650000
0.654167
0.658333
0.662500
0.658333
0.654167
0.650000
0.654167
0.654167
0.654167
0.654167
0.654167
0.654167
0.645833
0.645833
0.641667
0.637500
0.629167
0.629167
0.662500
0.670833
0.666667
0.675000
0.670833
0.658333
0.654167
0.645833
0.654167
0.658333
0.658333
0.650000
0.654167
0.654167
0.658333
0.650000
0.650000
0.645833
0.645833
0.650000
0.658333
0.666667
0.666667
0.670833
0.666667
0.658333
0.658333
0.654167
0.658333
0.654167
0.654167
0.654167
0.645833
0.645833
0.337500
0.795833
0.687500
0.666667
0.658333
0.645833
0.641667
0.645833
0.645833
0.662500
0.662500
0.666667
0.670833
0.666667
0.654167
0.658333
0.658333
0.658333
0.658333
0.662500
0.654167
0.658333
0.645833
0.641667
0.645833
0.641667
0.637500
0.641667
0.670833
0.662500
0.666667
0.662500
0.658333
0.658333
0.654167
0.362500
0.808333
0.679167
0.675000
0.675000
0.679167
0.666667
0.658333
0.658333
0.658333
0.658333
0.654167
0.645833
0.645833
0.645833
0.641667
0.637500
0.629167
0.666667
0.658333
0.658333
0.645833
0.645833
0.658333
0.670833
0.670833
0.679167
0.679167
0.666667
0.650000
0.645833
0.641667
0.658333
0.662500
0.670833
0.675000
0.675000
0.679167
0.683333
0.679167
0.675000
0.670833
0.666667
0.658333
0.654167
0.641667
0.650000
0.641667
0.641667
0.666667
0.670833
0.666667
0.658333
0.658333
0.658333
0.654167
0.650000
0.645833
0.641667
0.637500
0.637500
0.637500
0.637500
0.637500
0.637500
0.641667
0.641667
0.641667
0.645833
0.658333
0.650000
0.658333
0.654167
0.650000
0.650000
0.650000
0.650000
0.645833
0.654167
0.650000
0.641667
0.633333
0.633333
0.629167
0.654167
0.650000
0.650000
0.654167
0.654167
0.666667
0.670833
0.666667
0.662500
0.654167
0.650000
0.645833
0.641667
0.637500
0.629167
0.633333
0.629167
0.629167
0.645833
0.637500
0.641667
0.645833
0.645833
0.650000
0.645833
0.650000
0.650000
0.650000
0.650000
0.645833
0.650000
0.650000
0.650000
0.654167
0.658333
0.658333
0.654167
0.654167
0.654167
0.650000
0.654167
0.641667
0.645833
0.637500
0.641667
0.641667
0.650000
0.641667
0.641667
0.641667
0.641667
0.641667
0.637500
0.637500
0.637500
0.629167
0.629167
0.608333
0.595833
0.658333
0.641667
0.641667
0.650000
0.654167
0.650000
0.650000
0.641667
0.637500
0.641667
0.645833
0.641667
0.633333
0.637500
0.641667
0.633333
0.633333
0.625000
0.616667
0.600000
0.608333
0.675000
0.637500
0.645833
0.641667
0.641667
0.641667
0.641667
0.645833
0.641667
0.637500
0.637500
0.637500
0.645833
0.650000
0.654167
0.654167
0.654167
0.650000
0.650000
0.645833
0.645833
0.645833
0.645833
0.645833
0.641667
0.641667
0.645833
0.645833
0.650000
0.645833
0.650000
0.645833
0.654167
0.654167
0.654167
0.658333
0.650000
0.650000
0.645833
0.645833
0.654167
0.654167
0.645833
0.645833
0.645833
0.645833
0.650000
0.641667
0.645833
0.645833
0.650000
0.654167
0.658333
0.658333
0.650000
0.650000
0.645833
0.645833
0.645833
0.645833
0.637500
0.641667
0.645833
0.641667
0.641667
0.633333
0.637500
0.637500
0.637500
0.641667
0.645833
0.641667
0.641667
0.637500
0.641667
0.637500
0.629167
0.620833
0.620833
0.625000
0.625000
0.637500
0.645833
0.654167
0.662500
0.666667
0.662500
0.670833
0.675000
0.666667
0.666667
0.666667
0.658333
0.650000
0.645833
0.641667
0.637500
0.637500
0.633333
0.629167
0.620833
0.612500
0.645833
0.641667
0.641667
0.645833
0.654167
0.650000
0.654167
0.658333
0.650000
0.654167
0.650000
0.650000
0.645833
0.645833
0.645833
0.641667
0.641667
0.633333
0.637500
0.641667
0.641667
0.641667
0.641667
0.637500
0.637500
0.637500
0.645833
0.645833
0.641667
0.641667
0.633333
0.629167
0.654167
0.645833
0.641667
0.637500
0.637500
0.641667
0.637500
0.641667
0.637500
0.637500
0.641667
0.641667
0.650000
0.654167
0.645833
0.637500
0.633333
0.625000
0.645833
0.641667
0.637500
0.637500
0.637500
0.637500
0.637500
0.641667
0.637500
0.637500
0.637500
0.641667
0.641667
0.645833
0.641667
0.645833
0.645833
0.641667
0.637500
0.637500
0.633333
0.625000
0.625000
0.629167
0.645833
0.645833
0.645833
0.637500
0.629167
0.633333
0.700000
0.662500
0.654167
0.650000
0.645833
0.641667
0.641667
0.637500
0.641667
0.637500
0.637500
0.637500
0.633333
0.625000
0.625000
0.620833
0.629167
0.629167
0.637500
0.675000
0.650000
0.645833
0.645833
0.645833
0.645833
0.645833
0.641667
0.641667
0.637500
0.645833
0.645833
0.637500
0.645833
0.645833
0.650000
0.650000
0.650000
0.650000
0.641667
0.629167
0.658333
0.650000
0.645833
0.645833
0.645833
0.645833
0.641667
0.645833
0.641667
0.637500
0.637500
0.633333
0.641667
0.654167
0.654167
0.658333
0.662500
0.654167
0.658333
0.654167
0.650000
0.650000
0.645833
0.645833
0.650000
0.641667
0.641667
0.395833
0.787500
0.662500
0.637500
0.641667
0.633333
0.637500
0.641667
0.645833
0.654167
0.650000
0.658333
0.650000
0.650000
0.650000
0.650000
0.645833
0.654167
0.645833
0.645833
0.645833
0.645833
0.650000
0.650000
0.641667
0.650000
0.650000
0.658333
0.662500
0.662500
0.654167
0.650000
0.650000
0.637500
0.633333
0.658333
0.654167
0.650000
0.650000
0.641667
0.645833
0.645833
0.645833
0.654167
0.650000
0.641667
0.633333
0.637500
0.641667
0.658333
0.670833
0.683333
0.691667
0.695833
0.691667
0.687500
0.666667
0.650000
0.650000
0.650000
0.645833
0.645833
0.641667
0.641667
0.633333
0.687500
0.650000
0.650000
0.641667
0.641667
0.637500
0.629167
0.641667
0.641667
0.645833
0.645833
0.650000
0.650000
0.641667
0.645833
0.641667
0.641667
0.645833
0.645833
0.645833
0.645833
0.645833
0.645833
0.641667
0.641667
0.645833
0.645833
0.641667
0.637500
0.641667
0.645833
0.637500
0.641667
0.641667
0.637500
0.633333
0.641667
0.650000
0.645833
0.645833
0.641667
0.637500
0.629167
0.654167
0.650000
0.645833
0.645833
0.650000
0.641667
0.641667
0.641667
0.637500
0.641667
0.641667
0.645833
0.637500
0.641667
0.645833
0.654167
0.654167
0.654167
0.650000
0.645833
0.641667
0.645833
0.637500
0.637500
0.629167
0.637500
0.629167
0.629167
0.641667
0.387500
0.775000
0.687500
0.650000
0.645833
0.654167
0.658333
0.654167
0.650000
0.645833
