0.583333
0.587500
0.583333
0.587500
0.583333
0.579167
0.583333
0.583333
0.587500
0.579167
0.545833
0.620833
0.583333
0.579167
0.583333
0.583333
0.583333
0.579167
0.583333
0.583333
0.583333
0.583333
0.583333
0.583333
0.583333
0.583333
0.583333
0.583333
0.583333
0.583333
0.587500
0.583333
0.583333
0.583333
0.583333
0.583333
0.587500
0.583333
0.583333
0.583333
0.583333
0.587500
0.583333
0.583333
0.583333
0.587500
0.583333
0.583333
0.583333
0.579167
0.587500
0.587500
0.583333
0.587500
0.583333
0.587500
0.583333
0.583333
0.583333
0.587500
0.583333
0.583333
0.583333
0.583333
0.583333
0.583333
0.583333
0.583333
0.583333
0.583333
0.583333
0.583333
0.583333
0.583333
0.583333
0.583333
0.583333
0.579167
0.583333
0.583333
0.583333
0.583333
0.525000
0.641667
0.583333
0.583333
0.583333
0.583333
0.583333
0.583333
0.583333
0.583333
0.583333
0.579167
0.483333
0.683333
0.587500
0.583333
0.587500
0.583333
0.583333
0.587500
0.583333
0.579167
0.458333
0.716667
0.587500
0.583333
0.583333
0.583333
0.583333
0.583333
0.579167
0.583333
0.583333
0.583333
0.583333
0.583333
0.579167
0.583333
0.583333
0.575000
0.591667
0.583333
0.579167
0.583333
0.583333
0.525000
0.641667
0.583333
0.583333
0.583333
0.583333
0.570833
0.591667
0.583333
0.583333
0.583333
0.583333
0.583333
0.587500
0.575000
0.483333
0.687500
0.587500
0.583333
0.587500
0.583333
0.583333
0.583333
0.587500
0.583333
0.583333
0.583333
0.583333
0.583333
0.583333
0.583333
0.583333
0.583333
0.583333
0.583333
0.583333
0.583333
0.583333
0.583333
0.583333
0.583333
0.575000
0.470833
0.704167
0.587500
0.583333
0.583333
0.583333
0.583333
0.583333
0.587500
0.583333
0.583333
0.583333
0.583333
0.583333
0.583333
0.583333
0.583333
0.583333
0.583333
0.583333
0.583333
0.583333
0.583333
0.583333
0.583333
0.408333
0.762500
0.587500
0.583333
0.583333
0.583333
0.587500
0.583333
0.583333
0.583333
0.587500
0.570833
0.475000
0.704167
0.587500
0.583333
0.587500
0.537500
0.633333
0.583333
0.587500
0.583333
0.583333
0.583333
0.583333
0.583333
0.583333
0.583333
0.583333
0.583333
0.583333
0.583333
0.583333
0.583333
0.587500
0.583333
0.583333
0.583333
0.583333
0.583333
0.583333
0.583333
0.583333
0.583333
0.583333
0.583333
0.587500
0.583333
0.583333
0.583333
0.587500
0.583333
0.583333
0.579167
0.475000
0.700000
0.587500
0.583333
0.587500
0.583333
0.587500
0.583333
0.587500
0.583333
0.583333
0.587500
0.583333
0.583333
0.583333
0.583333
0.587500
0.583333
0.583333
0.583333
0.583333
0.583333
0.583333
0.583333
0.587500
0.583333
0.575000
0.587500
0.587500
0.583333
0.587500
0.587500
0.583333
0.587500
0.583333
0.583333
0.583333
0.583333
0.583333
0.583333
0.583333
0.583333
0.583333
0.583333
0.583333
0.583333
0.575000
0.583333
0.587500
0.583333
0.583333
0.550000
0.616667
0.583333
0.583333
0.583333
0.583333
0.579167
0.583333
0.583333
0.583333
0.579167
0.583333
0.583333
0.579167
0.583333
0.583333
0.583333
0.529167
0.633333
0.583333
0.579167
0.583333
0.583333
0.583333
0.583333
0.579167
0.583333
0.583333
0.583333
0.583333
0.579167
0.583333
0.583333
0.583333
0.583333
0.579167
0.583333
0.583333
0.583333
0.583333
0.583333
0.583333
0.579167
0.583333
0.583333
0.583333
0.583333
0.583333
0.583333
0.583333
0.583333
0.583333
0.583333
0.583333
0.404167
0.762500
0.587500
0.329167
0.833333
0.595833
0.583333
0.583333
0.583333
0.587500
0.583333
0.583333
0.583333
0.583333
0.583333
0.587500
0.579167
0.587500
0.579167
0.583333
0.583333
0.583333
0.583333
0.583333
0.583333
0.579167
0.583333
0.583333
0.583333
0.583333
0.512500
0.654167
0.583333
0.579167
0.583333
0.583333
0.583333
0.583333
0.583333
0.583333
0.579167
0.587500
0.579167
0.583333
0.583333
0.583333
0.583333
0.583333
0.583333
0.583333
0.583333
0.587500
0.579167
0.575000
0.587500
0.587500
0.583333
0.587500
0.583333
0.583333
0.583333
0.583333
0.583333
0.583333
0.583333
0.583333
0.583333
0.579167
0.583333
0.583333
0.583333
0.579167
0.583333
0.583333
0.579167
0.583333
0.583333
0.583333
0.579167
0.583333
0.583333
0.583333
0.570833
0.591667
0.583333
0.583333
0.583333
0.583333
0.583333
0.579167
0.570833
0.591667
0.583333
0.583333
0.583333
0.587500
0.583333
0.583333
0.583333
0.583333
0.583333
0.570833
0.375000
0.800000
0.591667
0.579167
0.583333
0.583333
0.579167
0.583333
0.583333
0.583333
0.579167
0.583333
0.583333
0.583333
0.579167
0.583333
0.575000
0.579167
0.587500
0.583333
0.583333
0.583333
0.583333
0.583333
0.583333
0.583333
0.583333
0.579167
0.583333
0.583333
0.583333
0.579167
0.583333
0.579167
0.583333
0.570833
0.579167
0.587500
0.583333
0.583333
0.579167
0.583333
0.579167
0.583333
0.583333
0.579167
0.583333
0.579167
0.583333
0.579167
0.579167
0.583333
0.579167
0.583333
0.579167
0.583333
0.579167
0.579167
0.583333
0.579167
0.583333
0.579167
0.583333
0.579167
0.533333
0.629167
0.583333
0.583333
0.579167
0.583333
0.583333
0.583333
0.579167
0.583333
0.583333
0.583333
0.583333
0.583333
0.583333
0.583333
0.579167
0.587500
0.570833
0.475000
0.704167
0.583333
0.583333
0.587500
0.583333
0.583333
0.583333
0.583333
0.583333
0.583333
0.579167
0.583333
0.583333
0.583333
0.579167
0.583333
0.583333
0.504167
0.658333
0.583333
0.583333
0.583333
0.579167
0.583333
0.583333
0.583333
0.583333
0.570833
0.462500
0.712500
0.575000
0.320833
0.850000
0.591667
0.583333
0.583333
0.579167
0.583333
0.583333
0.579167
0.583333
0.579167
0.583333
0.579167
0.583333
0.583333
0.579167
0.583333
0.579167
0.583333
0.579167
0.583333
0.583333
0.579167
0.583333
0.579167
0.583333
0.583333
0.583333
0.579167
0.583333
0.583333
0.575000
0.591667
0.579167
0.583333
0.583333
0.583333
0.583333
0.579167
0.575000
0.483333
0.691667
0.583333
0.583333
0.583333
0.583333
0.587500
0.583333
0.579167
0.583333
0.583333
0.583333
0.583333
0.583333
0.583333
0.579167
0.583333
0.583333
0.583333
0.579167
0.583333
0.583333
0.583333
0.583333
0.579167
0.583333
0.583333
0.583333
0.583333
0.583333
0.575000
0.579167
0.591667
0.583333
0.583333
0.587500
0.583333
0.583333
0.583333
0.583333
0.583333
0.583333
0.583333
0.583333
0.583333
0.583333
0.583333
0.579167
0.583333
0.583333
0.583333
0.579167
0.583333
0.583333
0.583333
0.579167
0.583333
0.583333
0.583333
0.525000
0.637500
0.583333
0.579167
0.583333
0.583333
0.583333
0.583333
0.583333
0.579167
0.583333
0.583333
0.583333
0.583333
0.583333
0.583333
0.583333
0.583333
0.583333
0.583333
0.583333
0.583333
0.583333
0.587500
0.583333
0.583333
0.583333
0.587500
0.583333
0.587500
0.583333
0.583333
0.575000
0.583333
0.591667
0.587500
0.583333
0.587500
0.583333
0.587500
0.583333
0.583333
0.583333
0.587500
0.583333
0.583333
0.583333
0.583333
0.583333
0.583333
0.583333
0.583333
0.583333
0.583333
0.579167
0.583333
0.583333
0.583333
0.583333
0.583333
0.579167
0.583333
0.583333
0.583333
0.583333
0.583333
0.579167
0.583333
0.583333
0.583333
0.545833
0.616667
0.583333
0.587500
0.575000
0.575000
0.525000
0.650000
0.583333
0.583333
0.583333
0.583333
0.583333
0.583333
0.583333
0.583333
0.579167
0.583333
0.583333
0.579167
0.583333
0.583333
0.579167
0.583333
0.579167
0.583333
0.579167
0.583333
0.583333
0.579167
0.583333
0.579167
0.583333
0.579167
0.583333
0.579167
0.583333
0.579167
0.583333
0.579167
0.583333
0.583333
0.579167
0.583333
0.579167
0.570833
0.595833
0.583333
0.570833
0.587500
0.583333
0.583333
0.583333
0.583333
0.583333
0.583333
0.583333
0.583333
0.583333
0.583333
0.583333
0.583333
0.579167
0.462500
0.704167
0.587500
0.579167
0.583333
0.575000
0.579167
0.583333
0.583333
0.583333
0.583333
0.583333
0.579167
0.583333
0.583333
0.579167
0.583333
0.579167
0.579167
0.579167
0.583333
0.579167
0.579167
0.583333
0.579167
0.579167
0.579167
0.583333
0.579167
0.579167
0.579167
0.579167
0.541667
0.620833
0.579167
0.583333
0.579167
0.579167
0.583333
0.579167
0.579167
0.583333
0.579167
0.583333
0.579167
0.579167
0.583333
0.579167
0.583333
0.579167
0.583333
0.579167
0.583333
0.579167
0.583333
0.579167
0.583333
0.583333
0.579167
0.583333
0.583333
0.579167
0.575000
0.483333
0.687500
0.583333
0.583333
0.583333
0.583333
0.579167
0.583333
0.583333
0.583333
0.579167
0.583333
0.579167
0.583333
0.579167
0.583333
0.579167
0.583333
0.579167
0.583333
0.579167
0.583333
0.579167
0.583333
0.579167
0.583333
0.579167
0.583333
0.579167
0.583333
0.583333
0.579167
0.583333
0.583333
0.583333
0.579167
0.583333
0.583333
0.583333
0.570833
0.583333
0.587500
0.583333
0.583333
0.583333
0.583333
0.583333
0.583333
0.579167
0.583333
0.583333
0.579167
0.583333
0.583333
0.579167
0.583333
0.579167
0.583333
0.583333
0.579167
0.583333
0.583333
0.537500
0.625000
0.583333
0.583333
0.583333
0.583333
0.579167
0.583333
0.583333
0.583333
0.583333
0.583333
0.583333
0.579167
0.520833
0.645833
0.583333
0.400000
0.770833
0.587500
0.583333
0.583333
0.583333
0.583333
0.583333
0.583333
0.579167
0.583333
0.583333
0.583333
0.579167
0.583333
0.583333
0.579167
0.583333
0.583333
0.475000
0.687500
0.583333
0.579167
0.587500
0.579167
0.583333
0.583333
0.579167
0.583333
0.583333
0.583333
0.579167
0.583333
0.583333
0.583333
0.583333
0.583333
0.579167
0.583333
0.583333
0.583333
0.583333
0.583333
0.583333
0.583333
0.583333
0.583333
0.583333
0.583333
0.583333
0.583333
0.587500
0.583333
0.583333
0.583333
0.579167
0.529167
0.637500
0.583333
0.587500
0.583333
0.583333
0.583333
0.583333
0.587500
0.583333
0.583333
0.579167
0.583333
0.583333
0.583333
0.583333
0.579167
0.583333
0.583333
0.545833
0.620833
0.579167
0.583333
0.583333
0.583333
0.529167
0.633333
0.583333
0.575000
0.579167
0.587500
0.583333
0.583333
0.583333
0.583333
0.579167
0.583333
0.583333
0.583333
0.579167
0.583333
0.583333
0.579167
0.583333
0.579167
0.583333
0.579167
0.583333
0.583333
0.579167
0.583333
0.579167
0.583333
0.566667
0.595833
0.583333
0.583333
0.579167
0.575000
0.583333
0.583333
0.583333
0.583333
0.583333
0.583333
0.583333
0.583333
0.583333
0.583333
0.579167
