0.612500
0.612500
0.612500
0.608333
0.608333
0.608333
0.608333
0.608333
0.608333
0.604167
0.608333
0.608333
0.604167
0.608333
0.608333
0.604167
0.608333
0.604167
0.608333
0.608333
0.604167
0.608333
0.608333
0.604167
0.608333
0.608333
0.608333
0.608333
0.604167
0.608333
0.608333
0.608333
0.608333
0.608333
0.600000
0.608333
0.612500
0.612500
0.608333
0.608333
0.612500
0.608333
0.608333
0.608333
0.608333
0.608333
0.608333
0.608333
0.604167
0.608333
0.608333
0.604167
0.579167
0.545833
0.495833
0.483333
0.487500
0.491667
0.491667
0.487500
0.495833
0.495833
0.504167
0.504167
0.504167
0.495833
0.504167
0.508333
0.504167
0.508333
0.508333
0.512500
0.508333
0.500000
0.508333
0.512500
0.508333
0.616667
0.683333
0.466667
0.708333
0.525000
0.516667
0.525000
0.512500
0.525000
0.520833
0.520833
0.516667
0.516667
0.516667
0.516667
0.520833
0.520833
0.516667
0.508333
0.512500
0.562500
0.770833
0.570833
0.704167
0.620833
0.616667
0.616667
0.616667
0.616667
0.616667
0.616667
0.612500
0.616667
0.612500
0.616667
0.612500
0.616667
0.612500
0.616667
0.612500
0.616667
0.612500
0.612500
0.616667
0.612500
0.612500
0.616667
0.612500
0.612500
0.604167
0.504167
0.733333
0.616667
0.612500
0.612500
0.616667
0.612500
0.612500
0.612500
0.612500
0.612500
0.595833
0.550000
0.491667
0.479167
0.487500
0.491667
0.491667
0.491667
0.483333
0.487500
0.629167
0.720833
0.545833
0.500000
0.504167
0.512500
0.504167
0.512500
0.512500
0.504167
0.512500
0.512500
0.512500
0.504167
0.516667
0.512500
0.520833
0.516667
0.520833
0.516667
0.516667
0.512500
0.520833
0.516667
0.512500
0.516667
0.520833
0.512500
0.508333
0.616667
0.695833
0.525000
0.787500
0.625000
0.554167
0.679167
0.616667
0.575000
0.658333
0.616667
0.612500
0.612500
0.612500
0.616667
0.612500
0.612500
0.612500
0.608333
0.612500
0.612500
0.612500
0.612500
0.608333
0.612500
0.612500
0.608333
0.612500
0.612500
0.612500
0.608333
0.612500
0.612500
0.612500
0.608333
0.612500
0.612500
0.612500
0.612500
0.612500
0.608333
0.612500
0.612500
0.600000
0.616667
0.612500
0.612500
0.612500
0.612500
0.612500
0.612500
0.608333
0.612500
0.612500
0.608333
0.612500
0.608333
0.608333
0.612500
0.608333
0.608333
0.612500
0.608333
0.608333
0.583333
0.562500
0.545833
0.495833
0.483333
0.491667
0.491667
0.483333
0.500000
0.491667
0.487500
0.500000
0.500000
0.491667
0.508333
0.508333
0.495833
0.508333
0.516667
0.500000
0.516667
0.516667
0.516667
0.516667
0.508333
0.516667
0.520833
0.516667
0.512500
0.520833
0.516667
0.508333
0.520833
0.520833
0.520833
0.520833
0.512500
0.508333
0.512500
0.520833
0.508333
0.512500
0.779167
0.654167
0.437500
0.808333
0.629167
0.541667
0.687500
0.616667
0.616667
0.612500
0.612500
0.616667
0.612500
0.612500
0.612500
0.608333
0.604167
0.495833
0.737500
0.616667
0.612500
0.612500
0.612500
0.612500
0.612500
0.612500
0.612500
0.608333
0.612500
0.612500
0.608333
0.612500
0.608333
0.612500
0.608333
0.608333
0.612500
0.608333
0.608333
0.608333
0.612500
0.608333
0.608333
0.595833
0.516667
0.712500
0.612500
0.608333
0.608333
0.612500
0.608333
0.608333
0.608333
0.608333
0.604167
0.608333
0.608333
0.604167
0.608333
0.604167
0.604167
0.608333
0.604167
0.608333
0.595833
0.608333
0.608333
0.608333
0.608333
0.608333
0.604167
0.608333
0.608333
0.604167
0.608333
0.604167
0.608333
0.604167
0.604167
0.608333
0.604167
0.604167
0.608333
0.604167
0.604167
0.604167
0.604167
0.608333
0.604167
0.604167
0.604167
0.604167
0.608333
0.604167
0.604167
0.604167
0.604167
0.608333
0.595833
0.608333
0.608333
0.608333
0.608333
0.604167
0.608333
0.604167
0.608333
0.604167
0.608333
0.604167
0.604167
0.608333
0.604167
0.604167
0.604167
0.604167
0.608333
0.604167
0.604167
0.604167
0.604167
0.604167
0.608333
0.604167
0.604167
0.604167
0.604167
0.604167
0.608333
0.604167
0.604167
0.604167
0.608333
0.604167
0.608333
0.604167
0.604167
0.608333
0.604167
0.608333
0.604167
0.595833
0.612500
0.608333
0.608333
0.608333
0.604167
0.608333
0.608333
0.604167
0.608333
0.604167
0.608333
0.608333
0.604167
0.604167
0.608333
0.604167
0.604167
0.570833
0.545833
0.487500
0.479167
0.487500
0.495833
0.491667
0.495833
0.495833
0.495833
0.495833
0.495833
0.504167
0.708333
0.512500
0.800000
0.616667
0.608333
0.612500
0.608333
0.608333
0.608333
0.612500
0.608333
0.608333
0.608333
0.608333
0.608333
0.608333
0.608333
0.608333
0.608333
0.608333
0.608333
0.608333
0.608333
0.612500
0.608333
0.600000
0.616667
0.604167
0.604167
0.616667
0.608333
0.612500
0.612500
0.612500
0.608333
0.608333
0.608333
0.612500
0.608333
0.608333
0.608333
0.604167
0.608333
0.608333
0.600000
0.562500
0.529167
0.483333
0.483333
0.487500
0.491667
0.495833
0.491667
0.495833
0.495833
0.495833
0.558333
0.758333
0.637500
0.620833
0.612500
0.612500
0.604167
0.616667
0.612500
0.612500
0.612500
0.608333
0.612500
0.612500
0.608333
0.612500
0.608333
0.612500
0.608333
0.608333
0.608333
0.612500
0.608333
0.608333
0.608333
0.558333
0.662500
0.612500
0.608333
0.608333
0.608333
0.608333
0.612500
0.608333
0.608333
0.612500
0.608333
0.608333
0.608333
0.612500
0.608333
0.608333
0.612500
0.604167
0.604167
0.612500
0.608333
0.612500
0.608333
0.608333
0.612500
0.608333
0.608333
0.595833
0.558333
0.533333
0.495833
0.487500
0.487500
0.491667
0.491667
0.491667
0.608333
0.666667
0.616667
0.504167
0.504167
0.512500
0.512500
0.508333
0.512500
0.508333
0.500000
0.504167
0.504167
0.629167
0.720833
0.629167
0.525000
0.520833
0.508333
0.516667
0.516667
0.504167
0.516667
0.512500
0.504167
0.508333
0.525000
0.770833
0.520833
0.745833
0.620833
0.612500
0.612500
0.612500
0.612500
0.412500
0.808333
0.620833
0.608333
0.612500
0.612500
0.608333
0.612500
0.612500
0.612500
0.612500
0.608333
0.612500
0.612500
0.612500
0.612500
0.612500
0.612500
0.612500
0.608333
0.616667
0.612500
0.608333
0.604167
0.620833
0.616667
0.612500
0.616667
0.612500
0.612500
0.612500
0.608333
0.612500
0.612500
0.608333
0.600000
0.558333
0.554167
0.491667
0.479167
0.483333
0.487500
0.487500
0.604167
0.587500
0.687500
0.508333
0.504167
0.500000
0.512500
0.508333
0.500000
0.508333
0.504167
0.500000
0.508333
0.504167
0.562500
0.650000
0.712500
0.491667
0.758333
0.620833
0.612500
0.612500
0.612500
0.612500
0.612500
0.608333
0.612500
0.612500
0.608333
0.612500
0.612500
0.612500
0.608333
0.612500
0.612500
0.608333
0.612500
0.612500
0.612500
0.608333
0.612500
0.612500
0.612500
0.612500
0.612500
0.608333
0.612500
0.612500
0.612500
0.612500
0.612500
0.608333
0.612500
0.612500
0.612500
0.612500
0.612500
0.612500
0.612500
0.612500
0.612500
0.608333
0.616667
0.600000
0.620833
0.612500
0.616667
0.612500
0.616667
0.612500
0.612500
0.612500
0.612500
0.612500
0.612500
0.608333
0.612500
0.608333
0.612500
0.608333
0.612500
0.608333
0.608333
0.612500
0.608333
0.608333
0.608333
0.612500
0.608333
0.600000
0.516667
0.712500
0.612500
0.608333
0.612500
0.608333
0.608333
0.608333
0.608333
0.608333
0.608333
0.608333
0.608333
0.608333
0.608333
0.608333
0.608333
0.608333
0.608333
0.608333
0.608333
0.608333
0.608333
0.608333
0.608333
0.608333
0.608333
0.608333
0.608333
0.608333
0.608333
0.608333
0.608333
0.608333
0.608333
0.608333
0.608333
0.608333
0.608333
0.608333
0.608333
0.595833
0.520833
0.708333
0.612500
0.604167
0.612500
0.608333
0.608333
0.608333
0.604167
0.608333
0.608333
0.608333
0.604167
0.608333
0.604167
0.608333
0.604167
0.608333
0.604167
0.608333
0.604167
0.595833
0.479167
0.741667
0.612500
0.604167
0.608333
0.604167
0.608333
0.608333
0.604167
0.604167
0.608333
0.608333
0.604167
0.604167
0.608333
0.604167
0.604167
0.608333
0.604167
0.604167
0.608333
0.604167
0.604167
0.608333
0.604167
0.604167
0.608333
0.604167
0.608333
0.604167
0.604167
0.608333
0.604167
0.608333
0.604167
0.608333
0.604167
0.604167
0.608333
0.604167
0.608333
0.604167
0.608333
0.604167
0.608333
0.604167
0.608333
0.608333
0.604167
0.608333
0.604167
0.608333
0.608333
0.604167
0.608333
0.562500
0.654167
0.604167
0.595833
0.612500
0.608333
0.608333
0.608333
0.487500
0.729167
0.612500
0.604167
0.608333
0.604167
0.608333
0.604167
0.608333
0.604167
0.604167
0.608333
0.604167
0.604167
0.608333
0.479167
0.733333
0.608333
0.604167
0.604167
0.608333
0.604167
0.604167
0.604167
0.604167
0.608333
0.604167
0.604167
0.604167
0.608333
0.604167
0.604167
0.608333
0.595833
0.495833
0.720833
0.608333
0.608333
0.604167
0.608333
0.604167
0.604167
0.608333
0.604167
0.604167
0.604167
0.604167
0.604167
0.608333
0.600000
0.604167
0.604167
0.604167
0.604167
0.604167
0.604167
0.600000
0.595833
0.608333
0.608333
0.604167
0.604167
0.604167
0.608333
0.604167
0.604167
0.604167
0.604167
0.600000
0.604167
0.604167
0.604167
0.604167
0.604167
0.604167
0.600000
0.604167
0.604167
0.604167
0.604167
0.600000
0.595833
0.554167
0.658333
0.608333
0.604167
0.604167
0.604167
0.604167
0.604167
0.604167
0.604167
0.604167
0.604167
0.604167
0.600000
0.604167
0.604167
0.604167
0.604167
0.604167
0.604167
0.600000
0.604167
0.604167
0.604167
0.604167
0.604167
0.604167
0.604167
0.604167
0.604167
0.604167
0.604167
0.600000
0.604167
0.604167
0.604167
0.604167
0.604167
0.608333
0.600000
0.591667
0.612500
0.604167
0.608333
0.604167
0.604167
0.604167
0.608333
0.604167
0.604167
0.604167
0.604167
0.600000
0.604167
0.604167
0.604167
0.604167
0.600000
0.604167
0.604167
0.604167
0.604167
0.600000
0.604167
0.604167
0.600000
0.570833
0.637500
0.604167
0.600000
0.604167
0.604167
0.537500
0.670833
0.604167
0.604167
0.604167
0.600000
0.604167
0.604167
0.604167
0.604167
0.604167
0.604167
0.604167
0.604167
0.604167
0.604167
0.604167
0.604167
0.604167
0.604167
0.604167
0.604167
0.604167
0.608333
0.604167
0.604167
0.604167
0.604167
0.604167
0.608333
0.604167
0.604167
