0.612500
0.595833
0.600000
0.591667
0.500000
0.679167
0.583333
0.516667
0.270833
0.495833
0.495833
0.450000
0.862500
0.916667
0.683333
0.575000
0.579167
0.450000
0.708333
0.587500
0.579167
0.583333
0.583333
1.158333
0.587500
0.462500
0.304167
0.512500
0.483333
0.554167
0.579167
0.583333
0.425000
0.737500
0.579167
0.400000
0.754167
0.579167
0.570833
0.579167
0.508333
0.570833
0.375000
0.833333
0.587500
0.445833
0.229167
0.587500
0.475000
0.545833
0.537500
0.595833
0.562500
0.550000
0.595833
0.566667
0.575000
0.570833
0.570833
0.583333
0.475000
0.679167
0.591667
0.604167
0.533333
0.408333
0.354167
0.545833
0.516667
0.475000
0.404167
0.341667
0.562500
0.558333
0.579167
0.454167
0.712500
1.145833
0.566667
0.616667
0.583333
0.579167
0.583333
0.591667
0.583333
0.587500
0.591667
0.587500
0.533333
0.637500
0.587500
0.579167
0.587500
0.575000
0.587500
0.583333
0.583333
1.154167
0.587500
0.595833
0.570833
0.587500
0.591667
0.587500
0.575000
0.595833
0.579167
0.433333
0.729167
0.604167
0.579167
0.579167
0.600000
0.575000
0.575000
0.570833
0.620833
0.508333
0.341667
0.900000
0.591667
0.537500
0.641667
0.579167
0.437500
0.741667
0.579167
0.587500
0.591667
0.595833
0.595833
0.591667
0.570833
0.583333
0.600000
0.591667
0.591667
0.591667
0.504167
0.312500
0.470833
0.491667
0.575000
0.583333
0.445833
0.737500
0.604167
0.533333
0.666667
0.608333
0.600000
0.625000
0.608333
0.625000
0.604167
0.620833
0.608333
0.604167
0.600000
0.595833
0.395833
0.783333
0.516667
0.675000
0.570833
1.154167
0.587500
0.579167
0.575000
0.366667
0.587500
0.620833
0.579167
0.687500
0.466667
0.570833
0.512500
0.612500
0.562500
1.137500
0.558333
0.612500
0.600000
0.429167
1.166667
0.600000
0.545833
0.579167
0.270833
0.945833
0.841667
0.775000
1.108333
0.512500
0.637500
0.641667
0.754167
1.404167
0.525000
0.604167
0.529167
0.600000
0.537500
0.558333
0.570833
0.554167
0.554167
0.554167
0.579167
0.554167
0.562500
0.575000
0.562500
0.554167
0.562500
0.583333
0.575000
0.558333
0.583333
0.566667
0.562500
0.537500
0.466667
0.695833
0.595833
0.570833
0.558333
0.583333
0.550000
0.562500
0.575000
0.570833
0.558333
0.570833
0.562500
0.350000
0.775000
0.550000
0.620833
1.133333
0.579167
0.566667
0.558333
0.579167
0.562500
0.562500
1.133333
0.579167
0.575000
0.579167
0.566667
0.570833
0.575000
0.587500
0.566667
0.579167
0.570833
0.570833
0.579167
0.566667
0.570833
0.579167
0.591667
0.579167
0.512500
0.637500
0.508333
0.633333
0.583333
0.879167
0.300000
0.570833
0.533333
0.454167
0.854167
0.375000
0.591667
0.658333
0.450000
0.566667
0.429167
0.695833
0.558333
0.562500
0.562500
0.566667
0.562500
0.562500
0.512500
0.620833
0.558333
1.129167
0.566667
0.566667
0.558333
0.566667
0.583333
0.558333
0.554167
0.570833
0.583333
0.579167
0.670833
0.470833
0.579167
0.575000
0.562500
0.575000
1.125000
0.591667
0.550000
0.600000
0.579167
0.575000
0.566667
1.145833
0.583333
0.570833
0.591667
0.575000
0.570833
0.595833
0.591667
0.575000
0.575000
1.183333
0.587500
0.604167
0.508333
0.412500
0.829167
0.608333
0.587500
0.570833
0.612500
0.579167
0.587500
0.533333
0.412500
0.320833
0.575000
0.516667
0.570833
0.575000
0.670833
0.479167
0.416667
0.745833
0.591667
0.579167
0.575000
0.570833
0.579167
0.566667
0.570833
0.579167
0.587500
0.579167
0.450000
0.358333
0.362500
0.595833
0.558333
0.529167
0.650000
0.579167
0.445833
0.733333
0.587500
0.512500
0.458333
0.366667
0.537500
1.062500
0.604167
0.495833
0.666667
0.591667
0.516667
0.637500
0.591667
0.495833
0.683333
0.583333
0.529167
0.879167
0.487500
0.500000
0.562500
0.583333
0.504167
0.404167
0.800000
0.595833
0.579167
0.545833
0.608333
0.583333
0.583333
0.583333
0.500000
0.654167
0.529167
0.645833
0.587500
0.495833
0.666667
0.595833
0.541667
0.625000
0.587500
0.575000
0.625000
0.595833
0.591667
0.541667
0.345833
0.870833
0.566667
0.400000
0.816667
0.475000
0.720833
0.595833
0.591667
0.591667
0.595833
0.583333
0.520833
0.650000
0.595833
0.533333
0.637500
0.587500
0.587500
0.595833
0.600000
0.600000
0.595833
0.608333
0.612500
0.604167
0.608333
0.612500
0.620833
0.391667
0.816667
0.629167
0.612500
0.620833
0.620833
0.608333
0.433333
0.366667
0.529167
0.525000
0.583333
0.604167
1.195833
0.600000
0.604167
0.470833
0.845833
0.504167
0.575000
0.583333
0.591667
0.533333
0.675000
0.595833
0.604167
0.608333
0.604167
0.604167
0.620833
0.612500
0.612500
0.620833
0.629167
0.495833
0.854167
0.545833
0.600000
0.608333
0.558333
0.679167
0.608333
0.620833
0.612500
0.608333
0.483333
0.750000
0.608333
0.620833
0.616667
0.604167
0.604167
0.612500
0.612500
0.529167
0.433333
0.858333
0.620833
1.225000
0.608333
0.608333
0.612500
0.616667
0.612500
0.525000
0.816667
0.533333
0.591667
0.612500
0.433333
0.887500
0.537500
0.591667
0.604167
0.595833
0.604167
0.600000
0.591667
0.604167
0.608333
0.595833
0.600000
0.608333
0.608333
0.600000
0.612500
0.608333
0.604167
0.612500
0.616667
0.608333
0.612500
0.620833
0.612500
0.612500
0.483333
0.754167
0.537500
0.408333
0.887500
0.570833
0.300000
0.491667
0.516667
0.516667
0.666667
0.558333
0.662500
0.600000
0.466667
0.737500
0.541667
0.658333
0.604167
0.604167
0.595833
0.608333
0.562500
0.291667
0.387500
0.441667
0.733333
0.608333
0.520833
0.554167
0.270833
0.558333
0.533333
0.425000
0.766667
0.608333
0.595833
0.604167
0.612500
0.541667
0.245833
0.991667
0.616667
0.595833
0.520833
0.679167
0.595833
0.591667
0.450000
0.741667
0.604167
0.600000
0.608333
0.608333
0.604167
0.600000
0.612500
0.612500
0.608333
0.608333
0.620833
0.612500
0.612500
0.504167
0.312500
0.520833
0.537500
0.595833
0.612500
0.620833
0.608333
0.616667
0.537500
0.283333
0.512500
0.533333
0.595833
0.575000
0.341667
0.679167
0.495833
0.825000
0.625000
0.604167
0.604167
0.595833
0.487500
0.704167
1.195833
0.600000
0.508333
0.479167
0.812500
0.795833
0.654167
0.495833
0.500000
0.566667
0.600000
0.608333
0.504167
0.395833
0.887500
0.625000
0.604167
0.595833
0.545833
0.679167
0.600000
0.600000
0.550000
0.508333
0.387500
0.487500
0.525000
0.595833
0.608333
0.504167
0.295833
0.525000
0.529167
0.591667
0.608333
0.612500
0.487500
0.595833
0.291667
0.545833
0.541667
0.591667
0.600000
0.608333
0.612500
0.600000
0.604167
0.612500
0.604167
0.604167
0.612500
0.620833
0.608333
0.608333
0.620833
0.479167
0.416667
0.916667
0.629167
0.604167
0.604167
0.612500
0.604167
0.600000
0.537500
0.683333
0.600000
0.604167
0.608333
0.616667
0.604167
0.612500
0.616667
0.616667
0.612500
0.616667
0.625000
0.616667
0.612500
0.625000
0.629167
0.616667
0.620833
0.625000
0.633333
0.612500
0.620833
0.616667
0.612500
0.620833
0.625000
0.625000
0.612500
0.462500
0.770833
0.616667
0.616667
0.616667
0.608333
0.608333
0.616667
0.608333
0.604167
0.608333
0.616667
0.604167
0.595833
0.416667
0.808333
0.512500
0.429167
0.891667
0.558333
0.679167
0.512500
0.695833
0.608333
0.616667
0.608333
0.616667
0.625000
0.625000
0.616667
0.629167
0.637500
0.625000
0.629167
0.637500
0.637500
0.629167
0.629167
0.637500
0.633333
0.629167
0.633333
0.641667
0.629167
0.629167
0.633333
0.633333
0.625000
0.629167
0.637500
0.620833
0.612500
0.620833
0.620833
0.608333
0.604167
0.616667
0.500000
0.712500
0.550000
0.679167
0.604167
0.608333
0.616667
0.608333
0.604167
0.629167
0.612500
0.620833
0.550000
0.491667
0.820833
0.633333
0.633333
0.620833
0.616667
0.379167
0.866667
0.633333
0.629167
0.620833
0.620833
0.983333
0.366667
0.562500
0.537500
0.591667
0.529167
0.350000
0.458333
0.541667
0.533333
0.583333
0.587500
0.600000
0.512500
0.675000
0.591667
0.600000
0.591667
0.529167
0.654167
0.566667
0.633333
0.595833
0.604167
0.600000
0.600000
0.608333
0.616667
0.608333
0.612500
0.616667
0.629167
0.533333
0.420833
0.891667
0.629167
0.350000
0.391667
0.575000
0.550000
0.600000
0.516667
1.291667
0.620833
0.608333
0.529167
0.687500
0.604167
0.608333
0.616667
0.541667
0.666667
0.612500
0.612500
0.608333
0.608333
0.595833
0.608333
0.604167
1.204167
0.608333
0.529167
0.670833
0.591667
0.591667
0.545833
0.450000
0.762500
0.595833
0.445833
0.437500
0.866667
0.608333
0.533333
0.395833
0.812500
0.608333
0.495833
0.666667
0.595833
0.591667
0.483333
0.679167
0.600000
0.595833
0.587500
0.587500
0.562500
0.645833
0.591667
0.612500
0.604167
0.600000
1.225000
0.616667
0.608333
0.620833
0.616667
0.537500
0.691667
0.629167
0.533333
0.700000
0.616667
0.629167
0.616667
0.529167
0.345833
0.487500
0.533333
0.504167
0.700000
0.620833
0.616667
0.612500
0.625000
0.629167
0.620833
0.625000
0.633333
0.637500
0.625000
0.629167
0.625000
0.612500
0.625000
0.504167
0.825000
0.533333
1.195833
0.608333
0.604167
0.541667
0.658333
0.612500
0.600000
0.600000
1.220833
0.620833
0.608333
0.620833
0.620833
0.504167
0.287500
0.433333
0.650000
0.616667
0.620833
0.625000
0.633333
0.570833
0.666667
0.625000
0.625000
0.512500
0.312500
0.525000
0.541667
0.595833
0.612500
0.587500
0.650000
0.612500
0.608333
0.620833
0.625000
0.625000
0.541667
0.337500
0.491667
0.537500
0.595833
0.566667
0.275000
0.504167
0.516667
1.170833
0.537500
0.533333
0.300000
0.525000
0.520833
0.579167
0.587500
0.587500
0.354167
0.820833
0.600000
0.595833
0.600000
0.591667
0.587500
0.600000
0.608333
0.591667
0.600000
0.520833
0.700000
0.604167
0.512500
0.708333
0.625000
0.608333
0.612500
0.620833
0.558333
0.662500
0.612500
0.616667
0.604167
0.608333
0.616667
0.612500
0.608333
0.608333
0.620833
0.612500
0.608333
0.625000
0.629167
0.504167
0.408333
0.929167
0.620833
0.612500
0.608333
0.600000
0.487500
0.700000
0.608333
0.495833
0.841667
0.495833
0.554167
0.575000
0.429167
0.300000
0.375000
0.700000
0.600000
0.600000
