0.875000
0.775000
1.162500
0.825000
0.808333
1.420833
0.983333
0.879167
1.241667
1.291667
1.808333
1.004167
1.375000
0.925000
1.783333
1.637500
1.437500
1.050000
0.975000
0.970833
0.625000
1.512500
1.037500
1.825000
0.787500
1.420833
0.787500
0.983333
1.204167
0.983333
1.262500
1.516667
0.954167
1.512500
1.141667
1.250000
1.116667
1.062500
1.366667
1.016667
1.237500
0.825000
0.829167
1.045833
0.954167
1.191667
1.270833
0.987500
0.800000
1.379167
1.329167
1.095833
1.791667
1.704167
2.116667
0.891667
1.583333
0.825000
1.325000
1.091667
0.812500
0.625000
1.616667
1.016667
1.308333
1.733333
0.916667
1.187500
1.883333
0.866667
0.904167
0.883333
1.045833
1.000000
0.629167
1.470833
0.858333
0.966667
0.775000
1.708333
1.562500
1.137500
1.045833
0.966667
0.758333
0.929167
1.412500
0.833333
0.750000
0.841667
0.720833
0.820833
0.695833
0.966667
1.266667
1.150000
1.362500
1.483333
1.083333
0.975000
1.579167
1.029167
1.220833
1.275000
1.250000
1.325000
1.154167
0.675000
1.183333
1.325000
1.645833
1.025000
1.125000
1.129167
1.104167
1.591667
0.729167
0.733333
0.875000
0.858333
1.270833
0.941667
1.279167
1.712500
0.816667
1.575000
1.025000
1.250000
1.412500
0.729167
0.733333
1.358333
0.850000
0.787500
1.916667
1.008333
0.937500
1.395833
1.633333
1.287500
1.083333
1.550000
0.766667
1.037500
1.958333
0.966667
1.004167
1.462500
1.129167
0.737500
1.525000
1.104167
1.087500
0.804167
0.875000
1.141667
1.337500
1.220833
0.866667
1.179167
0.812500
0.720833
0.941667
1.166667
0.958333
1.595833
0.725000
1.266667
1.295833
1.012500
0.929167
0.704167
1.762500
0.845833
1.320833
0.725000
1.645833
1.454167
0.941667
1.262500
1.041667
0.829167
1.516667
1.154167
1.720833
1.495833
0.775000
1.458333
1.120833
0.654167
0.804167
0.808333
0.762500
1.066667
1.254167
0.750000
0.708333
0.929167
1.054167
0.870833
1.416667
0.933333
1.233333
0.987500
1.033333
1.283333
1.325000
1.075000
1.433333
1.833333
1.483333
1.554167
0.804167
1.075000
1.408333
0.916667
0.879167
1.100000
1.000000
1.529167
1.241667
1.812500
1.837500
1.287500
0.891667
1.891667
1.016667
1.991667
0.987500
0.820833
1.066667
1.554167
1.758333
0.787500
1.333333
2.054167
1.279167
0.775000
0.733333
1.266667
1.033333
1.075000
1.550000
1.120833
0.791667
0.791667
1.562500
0.945833
1.100000
0.816667
0.783333
0.820833
1.112500
0.812500
0.950000
1.479167
0.945833
1.233333
0.754167
0.991667
1.337500
1.183333
0.954167
0.708333
1.629167
1.262500
1.070833
1.154167
1.025000
0.895833
1.095833
1.037500
0.870833
1.166667
1.095833
1.045833
1.258333
1.412500
0.704167
1.233333
1.000000
1.245833
1.075000
0.933333
0.808333
1.020833
0.820833
1.250000
1.004167
2.012500
1.108333
0.800000
0.962500
1.208333
0.725000
1.725000
1.220833
0.854167
0.791667
1.270833
0.870833
1.995833
0.866667
0.854167
1.862500
0.858333
1.283333
0.904167
1.550000
1.175000
1.187500
1.783333
1.904167
0.925000
0.783333
0.816667
1.220833
1.675000
0.954167
1.008333
1.766667
0.933333
1.408333
1.004167
0.916667
1.525000
1.216667
0.704167
2.000000
1.083333
1.379167
1.100000
1.054167
0.891667
1.883333
0.758333
1.254167
0.800000
1.075000
1.495833
0.800000
0.758333
0.858333
1.012500
1.033333
0.950000
0.787500
1.620833
1.200000
1.616667
1.529167
1.441667
0.979167
0.991667
1.558333
1.345833
1.783333
1.158333
0.954167
1.437500
1.275000
0.795833
1.575000
1.033333
1.604167
0.750000
0.725000
1.241667
1.241667
0.912500
1.200000
1.637500
0.737500
1.091667
1.104167
0.766667
1.725000
1.229167
1.550000
1.087500
1.141667
0.891667
0.745833
0.954167
1.504167
1.691667
0.750000
1.120833
0.833333
0.787500
1.091667
0.916667
1.279167
1.075000
1.783333
1.812500
0.987500
1.179167
0.900000
1.300000
1.004167
1.483333
1.537500
1.187500
1.462500
0.791667
1.054167
1.383333
0.695833
1.400000
1.495833
0.979167
1.520833
1.404167
1.083333
0.775000
1.400000
1.104167
1.079167
1.083333
0.691667
1.395833
0.804167
1.129167
0.950000
0.979167
1.070833
1.116667
1.808333
0.829167
1.170833
0.825000
1.658333
1.720833
1.220833
1.020833
0.775000
1.483333
1.625000
1.120833
0.683333
1.287500
1.225000
0.816667
1.437500
1.116667
1.629167
1.712500
0.762500
1.137500
1.233333
1.041667
1.058333
1.079167
0.704167
1.504167
0.900000
2.137500
1.354167
1.350000
1.258333
1.320833
0.750000
1.116667
1.050000
0.933333
0.970833
0.854167
0.770833
0.879167
0.737500
1.345833
0.900000
1.725000
1.225000
1.175000
1.141667
0.875000
1.183333
1.029167
1.750000
0.766667
1.379167
1.550000
1.820833
1.058333
1.787500
0.883333
1.329167
0.945833
1.016667
1.237500
0.695833
1.066667
0.704167
1.737500
1.841667
0.825000
0.779167
1.066667
1.341667
0.808333
1.770833
0.754167
1.525000
1.191667
0.891667
1.016667
0.845833
0.687500
1.733333
0.804167
1.066667
0.741667
1.054167
0.845833
0.862500
0.816667
0.820833
0.825000
0.929167
0.858333
0.829167
0.841667
0.900000
0.720833
1.670833
1.954167
1.225000
1.366667
1.300000
1.345833
1.029167
1.408333
1.670833
1.054167
1.079167
0.800000
1.433333
1.520833
1.166667
0.666667
0.920833
