0.795833
0.779167
0.579167
1.000000
0.558333
1.033333
0.758333
0.770833
0.775000
0.754167
0.750000
0.783333
0.783333
0.783333
0.762500
0.779167
0.787500
0.787500
0.766667
0.779167
0.791667
0.791667
0.779167
0.775000
0.787500
0.795833
0.795833
0.775000
0.775000
0.550000
1.058333
0.779167
0.775000
0.791667
0.791667
0.791667
0.795833
0.800000
0.804167
0.783333
0.795833
0.804167
0.795833
0.779167
0.808333
0.808333
0.800000
0.787500
0.808333
0.816667
0.812500
0.795833
0.791667
0.812500
0.808333
0.783333
0.808333
0.804167
0.804167
0.779167
0.795833
0.800000
0.804167
0.791667
0.804167
0.800000
0.775000
0.779167
0.791667
0.791667
0.779167
0.783333
0.804167
0.800000
0.783333
0.808333
0.791667
0.775000
0.795833
0.800000
0.779167
0.775000
0.795833
0.795833
0.779167
0.783333
0.800000
0.795833
0.770833
0.791667
0.795833
0.795833
0.775000
0.779167
0.791667
0.804167
0.783333
0.770833
0.795833
0.795833
0.775000
0.770833
0.791667
0.800000
0.795833
0.775000
0.779167
0.800000
0.804167
0.783333
0.770833
0.804167
0.800000
0.779167
0.787500
0.808333
0.816667
0.800000
0.783333
0.812500
0.812500
0.800000
0.783333
0.808333
0.808333
0.800000
0.779167
0.816667
0.816667
0.804167
0.787500
0.812500
0.816667
0.804167
0.791667
0.800000
0.833333
0.804167
0.795833
0.812500
0.829167
0.816667
0.787500
0.791667
0.816667
0.808333
0.791667
0.791667
0.825000
0.800000
0.775000
0.783333
0.816667
0.795833
0.775000
0.795833
0.808333
0.566667
1.045833
0.775000
0.791667
0.783333
0.762500
0.754167
0.783333
0.779167
0.770833
0.762500
0.787500
0.787500
0.783333
0.766667
0.795833
0.800000
0.795833
0.770833
0.791667
0.787500
0.787500
0.775000
0.775000
0.795833
0.795833
0.787500
0.775000
0.795833
0.795833
0.787500
0.770833
0.795833
0.795833
0.795833
0.783333
0.800000
0.800000
0.804167
0.787500
0.804167
0.800000
0.800000
0.779167
0.800000
0.791667
0.795833
0.775000
0.795833
0.795833
0.783333
0.766667
0.541667
0.729167
0.416667
0.691667
0.754167
0.779167
0.779167
0.770833
0.758333
0.783333
0.783333
0.775000
0.762500
0.779167
0.783333
0.787500
0.762500
0.775000
0.787500
0.791667
0.766667
0.775000
0.787500
0.791667
0.762500
0.608333
0.970833
0.533333
1.050000
0.779167
0.766667
0.754167
0.741667
0.766667
0.770833
0.750000
0.566667
0.925000
0.775000
0.775000
0.758333
0.741667
0.795833
0.787500
0.762500
0.770833
0.783333
0.770833
0.758333
0.758333
0.770833
0.766667
0.750000
0.745833
0.766667
0.762500
0.758333
0.745833
0.770833
0.762500
0.758333
0.745833
0.745833
0.750000
0.766667
0.716667
0.745833
0.775000
0.762500
0.754167
0.741667
0.762500
0.766667
0.766667
0.750000
0.750000
0.766667
0.770833
0.762500
0.754167
0.775000
0.775000
0.783333
0.758333
0.762500
0.770833
0.766667
0.754167
0.775000
0.775000
0.758333
0.758333
0.775000
0.770833
0.754167
0.750000
0.525000
1.020833
0.720833
0.775000
0.754167
0.758333
0.762500
0.745833
0.770833
0.604167
0.970833
0.762500
0.733333
0.775000
0.770833
0.762500
0.745833
0.762500
0.770833
0.775000
0.720833
0.762500
0.795833
0.795833
0.770833
0.775000
0.725000
0.420833
0.958333
0.804167
0.783333
0.804167
0.795833
0.791667
0.775000
0.775000
0.791667
0.695833
0.420833
0.575000
0.679167
0.775000
0.766667
0.762500
0.758333
0.766667
0.770833
0.766667
0.750000
0.750000
0.762500
0.762500
0.745833
0.750000
0.770833
0.775000
0.762500
0.754167
0.775000
0.775000
0.775000
0.766667
0.795833
0.800000
0.791667
0.779167
0.800000
0.808333
0.804167
0.775000
0.766667
0.791667
0.787500
0.766667
0.770833
0.787500
0.787500
0.779167
0.766667
0.800000
0.791667
0.787500
0.775000
0.779167
0.791667
0.795833
0.775000
0.779167
0.795833
0.770833
0.804167
0.783333
0.791667
0.775000
0.812500
0.779167
0.783333
0.766667
0.816667
0.795833
0.775000
0.754167
0.812500
0.791667
0.770833
0.741667
0.791667
0.558333
1.037500
0.608333
0.933333
0.762500
0.745833
0.695833
0.583333
0.920833
0.716667
0.750000
0.754167
0.725000
0.745833
0.700000
0.770833
0.791667
0.500000
1.112500
0.745833
0.800000
0.758333
0.770833
0.758333
0.779167
0.754167
0.775000
0.779167
0.783333
0.762500
0.766667
0.787500
0.787500
0.779167
0.770833
0.800000
0.800000
0.795833
0.770833
0.779167
0.795833
0.795833
0.783333
0.787500
0.800000
0.804167
0.795833
0.804167
0.812500
0.804167
0.791667
0.808333
0.812500
0.791667
0.783333
0.808333
0.800000
0.787500
0.775000
0.795833
0.787500
0.787500
0.779167
0.783333
0.795833
0.783333
0.766667
0.783333
0.787500
0.762500
0.758333
0.779167
0.783333
0.766667
0.754167
0.779167
0.779167
0.754167
0.750000
0.775000
0.770833
0.762500
0.754167
0.775000
0.775000
0.762500
0.754167
0.770833
0.783333
0.766667
0.758333
0.775000
0.779167
0.783333
0.762500
0.775000
0.779167
0.766667
0.766667
0.762500
0.787500
0.754167
0.791667
0.779167
0.795833
0.762500
0.816667
0.800000
0.787500
0.741667
0.812500
0.829167
0.800000
0.750000
0.829167
0.804167
0.775000
0.779167
0.804167
0.791667
0.775000
0.650000
0.962500
0.770833
0.641667
0.908333
0.779167
0.625000
0.912500
0.770833
0.779167
0.775000
0.758333
0.770833
0.779167
0.783333
0.770833
0.762500
0.795833
0.791667
0.787500
0.770833
0.804167
0.804167
0.795833
0.779167
0.804167
0.808333
0.800000
0.787500
0.808333
0.816667
0.816667
0.791667
0.783333
0.795833
0.795833
0.791667
0.775000
0.795833
0.554167
1.054167
0.633333
0.937500
0.775000
0.766667
0.762500
0.783333
0.779167
0.783333
0.741667
0.791667
0.587500
1.012500
0.733333
0.754167
0.787500
0.787500
0.758333
0.750000
0.733333
0.787500
0.720833
0.758333
0.795833
0.812500
0.804167
0.779167
0.779167
0.779167
0.775000
0.750000
0.766667
0.770833
0.750000
0.750000
0.770833
0.770833
0.758333
0.758333
0.775000
0.766667
0.750000
0.762500
0.775000
0.775000
0.770833
0.758333
0.775000
0.775000
0.779167
0.762500
0.787500
0.783333
0.758333
0.762500
0.779167
0.783333
0.758333
0.762500
0.708333
0.841667
0.762500
0.758333
0.783333
0.787500
0.775000
0.758333
0.762500
0.775000
0.762500
0.758333
0.783333
0.783333
0.775000
0.770833
0.791667
0.795833
0.791667
0.779167
0.787500
0.804167
0.804167
0.783333
0.800000
0.800000
0.804167
0.783333
0.800000
0.804167
0.804167
0.787500
0.800000
0.808333
0.800000
0.791667
0.812500
0.808333
0.800000
0.783333
0.808333
0.800000
0.804167
0.783333
0.791667
0.791667
0.791667
0.770833
0.775000
0.791667
0.795833
0.779167
0.558333
1.045833
0.533333
1.062500
0.725000
0.583333
0.762500
1.020833
0.704167
0.737500
0.729167
0.662500
0.725000
0.658333
0.695833
0.700000
0.720833
0.733333
0.729167
0.687500
0.766667
0.854167
0.754167
0.804167
0.754167
0.762500
0.716667
0.700000
0.729167
0.733333
0.712500
0.683333
0.725000
0.691667
0.737500
0.695833
0.733333
0.725000
0.729167
0.737500
0.725000
0.720833
0.725000
0.737500
0.725000
0.720833
0.733333
0.741667
0.750000
0.750000
0.741667
0.758333
0.779167
0.783333
0.795833
0.729167
0.775000
0.779167
0.800000
0.725000
0.787500
0.762500
0.766667
0.758333
0.766667
0.741667
0.745833
0.545833
0.991667
0.750000
0.737500
0.741667
0.750000
0.745833
0.733333
0.733333
0.750000
0.754167
0.741667
0.741667
0.762500
0.770833
0.779167
0.758333
0.758333
0.775000
0.783333
0.766667
0.758333
0.783333
0.779167
0.766667
0.762500
0.779167
0.770833
0.770833
0.750000
0.770833
0.779167
0.775000
0.758333
0.758333
0.775000
0.783333
0.754167
0.758333
0.779167
0.779167
0.762500
0.762500
0.775000
0.783333
0.770833
0.779167
0.791667
0.795833
0.783333
0.775000
0.770833
0.783333
0.783333
