0.133333
0.900000
0.529167
0.429167
0.400000
0.275000
0.191667
0.154167
0.891667
0.420833
0.316667
0.533333
0.366667
0.750000
0.154167
0.379167
0.245833
0.304167
0.625000
0.300000
0.908333
0.554167
0.358333
0.491667
0.137500
0.283333
0.554167
0.379167
0.900000
0.254167
0.633333
0.916667
0.920833
0.941667
0.908333
0.912500
0.912500
0.920833
0.900000
0.895833
0.908333
1.037500
0.279167
0.525000
0.879167
0.891667
0.941667
0.916667
0.900000
0.904167
0.920833
0.895833
0.920833
0.937500
0.300000
0.654167
1.000000
1.004167
0.454167
0.320833
0.537500
0.291667
0.316667
0.962500
0.408333
0.033333
0.712500
0.025000
0.504167
0.391667
0.358333
0.345833
0.583333
0.458333
0.904167
0.395833
0.658333
0.166667
0.845833
0.079167
0.679167
0.250000
0.266667
0.620833
0.154167
0.441667
0.583333
0.708333
0.304167
0.779167
0.266667
0.462500
0.445833
0.962500
0.454167
0.433333
0.179167
0.891667
0.437500
0.525000
0.991667
0.675000
0.712500
0.200000
0.350000
0.370833
0.554167
0.933333
0.937500
0.912500
0.916667
0.475000
0.441667
0.662500
0.420833
0.833333
0.975000
0.320833
0.362500
0.275000
0.404167
0.412500
0.812500
0.229167
0.808333
0.162500
0.933333
0.929167
0.916667
0.920833
0.925000
0.904167
0.925000
0.891667
0.908333
0.891667
0.900000
0.937500
0.975000
0.925000
0.916667
1.008333
1.041667
1.054167
1.029167
1.033333
1.033333
1.037500
1.050000
1.041667
1.008333
1.012500
1.045833
1.041667
1.045833
1.037500
1.012500
0.920833
1.100000
1.037500
1.041667
1.041667
1.033333
0.925000
1.108333
0.958333
1.137500
1.054167
1.054167
1.054167
1.066667
1.062500
0.920833
1.104167
0.950000
1.108333
1.041667
1.050000
0.950000
1.095833
0.975000
1.133333
1.058333
1.054167
0.933333
1.129167
0.975000
1.137500
0.962500
1.025000
1.129167
0.975000
1.020833
1.041667
1.133333
0.970833
1.100000
0.945833
1.116667
0.958333
1.100000
0.741667
0.291667
1.025000
1.029167
0.929167
1.020833
0.979167
1.045833
1.112500
1.054167
1.062500
1.045833
1.041667
1.050000
1.045833
1.045833
0.925000
1.100000
0.962500
1.108333
1.033333
1.037500
1.029167
1.029167
0.933333
1.108333
0.975000
1.129167
0.975000
1.137500
0.970833
1.129167
0.979167
1.112500
0.941667
1.029167
1.120833
0.987500
1.116667
0.983333
1.133333
0.991667
1.141667
0.983333
1.029167
1.025000
1.050000
1.120833
0.970833
1.129167
1.050000
0.933333
1.079167
1.645833
0.412500
1.066667
0.900000
0.933333
0.970833
1.025000
0.991667
1.033333
0.987500
0.983333
0.950000
0.466667
0.495833
0.945833
0.929167
0.529167
0.425000
0.991667
0.920833
0.916667
0.933333
0.908333
0.908333
0.925000
0.937500
0.958333
0.387500
0.545833
0.437500
0.108333
0.445833
1.079167
1.104167
1.062500
1.045833
1.062500
1.054167
1.054167
1.020833
1.012500
1.029167
1.025000
1.033333
0.929167
1.091667
0.870833
1.183333
0.995833
0.912500
0.962500
0.970833
0.279167
1.704167
1.679167
1.466667
0.329167
0.200000
0.466667
0.933333
0.379167
0.679167
1.020833
1.058333
1.045833
1.008333
0.920833
1.095833
1.033333
1.033333
0.912500
0.975000
1.029167
1.079167
1.029167
1.020833
0.541667
0.475000
0.275000
0.733333
1.004167
0.404167
0.545833
0.958333
1.025000
0.666667
0.316667
0.979167
0.333333
0.795833
0.179167
0.691667
0.541667
0.495833
0.345833
0.345833
0.295833
0.662500
0.279167
0.354167
0.225000
0.300000
0.491667
0.362500
0.391667
0.879167
1.000000
0.987500
0.991667
1.029167
0.979167
0.970833
1.025000
1.004167
0.954167
0.637500
0.287500
1.104167
0.762500
0.937500
0.958333
0.941667
0.945833
0.966667
1.012500
1.000000
0.995833
1.050000
1.008333
1.000000
1.045833
1.029167
1.025000
1.000000
1.020833
1.041667
1.041667
1.041667
1.045833
1.050000
0.920833
1.116667
1.045833
1.045833
1.041667
0.916667
1.112500
1.004167
0.987500
1.020833
1.016667
1.045833
1.045833
1.037500
1.045833
1.020833
0.937500
1.133333
1.062500
1.058333
1.062500
1.062500
1.062500
1.070833
1.066667
0.941667
1.141667
1.075000
1.066667
1.062500
1.037500
0.937500
1.145833
1.050000
1.054167
0.920833
1.104167
1.054167
1.054167
1.050000
1.020833
0.925000
1.125000
0.916667
1.104167
1.029167
1.012500
0.912500
1.095833
0.970833
1.050000
0.920833
1.062500
1.045833
1.029167
1.025000
1.008333
0.937500
1.116667
1.045833
1.054167
1.054167
1.062500
1.066667
1.037500
0.970833
1.145833
1.066667
1.070833
1.066667
1.066667
1.070833
1.075000
0.958333
1.133333
0.995833
1.158333
1.075000
1.079167
1.070833
0.954167
1.145833
0.991667
1.154167
1.070833
1.070833
1.075000
1.070833
1.070833
1.062500
0.966667
1.154167
0.987500
1.158333
1.066667
1.050000
1.045833
0.958333
1.125000
1.054167
1.058333
1.062500
1.062500
1.062500
1.062500
0.966667
1.116667
0.983333
1.150000
1.062500
1.066667
1.070833
1.070833
1.075000
1.070833
1.070833
1.079167
0.962500
1.170833
1.087500
1.083333
1.087500
1.079167
1.070833
1.066667
1.070833
1.087500
1.075000
1.079167
1.075000
1.075000
1.070833
1.083333
1.070833
0.945833
1.141667
1.070833
1.066667
1.066667
1.066667
1.070833
0.954167
1.154167
1.083333
1.087500
1.070833
0.958333
1.158333
1.079167
1.079167
1.083333
1.075000
1.070833
0.958333
1.158333
1.087500
1.070833
1.079167
1.066667
0.945833
1.141667
1.075000
1.079167
1.075000
1.070833
0.950000
1.120833
1.070833
1.066667
1.062500
1.062500
1.075000
0.941667
1.133333
1.083333
1.075000
1.079167
1.075000
1.079167
0.945833
1.137500
1.075000
1.075000
1.066667
1.062500
0.945833
1.100000
0.962500
1.120833
1.045833
0.925000
1.083333
1.054167
1.062500
1.058333
0.941667
1.129167
1.070833
1.062500
1.066667
1.070833
0.945833
1.133333
1.079167
1.075000
0.958333
1.129167
1.070833
1.066667
0.945833
1.108333
0.983333
1.129167
1.070833
1.054167
0.945833
1.120833
0.983333
1.145833
0.933333
1.108333
1.037500
1.037500
1.025000
1.025000
0.925000
1.104167
1.045833
1.041667
1.050000
1.041667
0.937500
1.125000
1.045833
1.050000
1.050000
1.058333
1.058333
1.058333
1.029167
1.054167
1.079167
1.070833
1.066667
1.075000
1.070833
1.079167
0.945833
1.120833
0.979167
1.158333
1.075000
1.070833
1.079167
1.075000
1.083333
1.079167
1.058333
1.054167
1.087500
1.066667
1.041667
1.083333
1.079167
1.079167
1.075000
0.941667
1.141667
1.070833
1.070833
1.070833
1.070833
1.070833
0.937500
1.137500
1.070833
1.066667
1.062500
1.025000
1.050000
1.066667
1.066667
1.066667
1.041667
0.945833
1.145833
1.075000
1.062500
1.066667
