0.858333
0.858333
0.866667
0.879167
0.879167
0.875000
0.858333
0.858333
0.870833
0.883333
0.883333
0.883333
0.858333
0.866667
0.875000
0.891667
0.900000
0.866667
0.870833
0.891667
0.900000
0.900000
0.866667
0.879167
0.895833
0.916667
0.900000
0.879167
0.887500
0.900000
0.916667
0.912500
0.875000
0.887500
0.900000
0.916667
0.908333
0.879167
0.883333
0.904167
0.904167
0.920833
0.895833
0.875000
0.879167
0.895833
0.912500
0.916667
0.908333
0.879167
0.883333
0.908333
0.912500
0.920833
0.900000
0.891667
0.900000
0.904167
0.920833
0.912500
0.929167
0.904167
0.900000
0.912500
0.933333
0.920833
0.900000
0.912500
0.920833
0.937500
0.895833
0.895833
0.900000
0.904167
0.900000
0.895833
0.875000
0.883333
0.887500
0.887500
0.891667
0.891667
0.875000
0.883333
0.891667
0.900000
0.904167
0.900000
0.883333
0.895833
0.904167
0.912500
0.904167
0.895833
0.904167
0.916667
0.916667
0.925000
0.908333
0.895833
0.908333
0.916667
0.925000
0.916667
0.895833
0.912500
0.912500
0.925000
0.904167
0.891667
0.904167
0.908333
0.904167
0.908333
0.895833
0.887500
0.891667
0.895833
0.904167
0.904167
0.895833
0.883333
0.895833
0.904167
0.908333
0.908333
0.891667
0.900000
0.916667
0.908333
0.912500
0.887500
0.900000
0.904167
0.908333
0.904167
0.887500
0.895833
0.900000
0.908333
0.904167
0.887500
0.900000
0.908333
0.920833
0.895833
0.887500
0.904167
0.904167
0.916667
0.883333
0.883333
0.891667
0.895833
0.895833
0.883333
0.870833
0.879167
0.891667
0.887500
0.895833
0.883333
0.866667
0.879167
0.887500
0.891667
0.895833
0.900000
0.895833
0.879167
0.891667
0.904167
0.908333
0.904167
0.891667
0.904167
0.912500
0.925000
0.900000
0.895833
0.900000
0.912500
0.908333
0.908333
0.887500
0.900000
0.916667
0.916667
0.612500
1.008333
0.908333
0.920833
0.929167
0.591667
0.612500
0.983333
0.895833
0.916667
0.916667
0.900000
0.916667
0.925000
0.954167
0.604167
1.016667
0.916667
0.925000
0.933333
0.941667
0.904167
0.916667
0.920833
0.929167
0.929167
0.908333
0.916667
0.925000
0.933333
0.920833
0.908333
0.920833
0.925000
0.941667
0.908333
0.908333
0.916667
0.929167
0.937500
0.929167
0.908333
0.925000
0.933333
0.941667
0.929167
0.904167
0.920833
0.925000
0.929167
0.916667
0.900000
0.912500
0.916667
0.916667
0.908333
0.895833
0.900000
0.912500
0.916667
0.904167
0.895833
0.908333
0.912500
0.920833
0.916667
0.900000
0.912500
0.929167
0.920833
0.908333
0.925000
0.933333
0.958333
0.916667
0.908333
0.925000
0.933333
0.920833
0.900000
0.912500
0.916667
0.929167
0.883333
0.883333
0.891667
0.900000
0.900000
0.895833
0.891667
0.883333
0.883333
0.879167
0.862500
0.875000
0.875000
0.891667
0.904167
0.575000
0.979167
0.883333
0.891667
0.908333
0.908333
0.883333
0.895833
0.904167
0.925000
0.891667
0.883333
0.895833
0.895833
0.904167
0.879167
0.870833
0.879167
0.887500
0.900000
0.870833
0.862500
0.870833
0.875000
0.879167
0.875000
0.879167
0.858333
0.858333
0.858333
0.866667
0.866667
0.879167
0.858333
0.866667
0.870833
0.883333
0.887500
0.883333
0.866667
0.879167
0.887500
0.900000
0.895833
0.879167
0.887500
0.900000
0.912500
0.904167
0.887500
0.895833
0.908333
0.912500
0.920833
0.887500
0.895833
0.904167
0.912500
0.916667
0.891667
0.895833
0.908333
0.912500
0.900000
0.879167
0.891667
0.895833
0.895833
0.908333
0.883333
0.600000
0.991667
0.879167
0.883333
0.883333
0.891667
0.900000
0.866667
0.875000
0.883333
0.887500
0.895833
0.904167
0.883333
0.870833
0.887500
0.895833
0.895833
0.904167
0.587500
0.995833
0.887500
0.895833
0.900000
0.891667
0.870833
0.887500
0.891667
0.895833
0.908333
0.895833
0.883333
0.895833
0.908333
0.916667
0.925000
0.908333
0.900000
0.908333
0.929167
0.929167
0.920833
0.900000
0.916667
0.925000
0.933333
0.916667
0.900000
0.912500
0.920833
0.933333
0.904167
0.895833
0.908333
0.916667
0.916667
0.891667
0.912500
0.916667
0.933333
0.895833
0.895833
0.904167
0.908333
0.916667
0.900000
0.883333
0.895833
0.904167
0.912500
0.891667
0.570833
1.000000
0.891667
0.895833
0.908333
0.575000
0.591667
0.958333
0.862500
0.879167
0.887500
0.570833
0.608333
0.954167
0.866667
0.879167
0.891667
0.908333
0.900000
0.879167
0.895833
0.908333
0.925000
0.908333
0.891667
0.908333
0.916667
0.929167
0.904167
0.891667
0.904167
0.908333
0.900000
0.879167
0.629167
0.262500
0.416667
0.470833
0.245833
0.637500
0.529167
0.329167
0.608333
0.241667
0.858333
0.850000
0.841667
0.854167
0.929167
0.712500
0.808333
0.808333
0.458333
0.350000
0.837500
0.825000
0.745833
0.808333
0.779167
0.770833
0.791667
0.800000
0.791667
0.779167
0.775000
0.775000
0.795833
0.795833
0.787500
0.783333
0.775000
0.791667
0.804167
0.791667
0.779167
0.779167
0.787500
0.795833
0.804167
0.791667
0.787500
0.787500
0.804167
0.808333
0.787500
0.783333
0.429167
0.345833
0.491667
0.320833
0.800000
0.879167
0.733333
0.804167
0.525000
0.283333
0.812500
0.837500
1.433333
1.141667
0.500000
0.733333
0.550000
0.191667
1.250000
0.920833
0.708333
0.704167
0.691667
0.675000
0.666667
0.662500
0.670833
0.679167
0.691667
0.708333
0.716667
0.729167
0.745833
0.758333
0.733333
0.741667
1.475000
0.729167
0.729167
0.725000
0.729167
0.720833
0.725000
0.704167
0.704167
0.700000
0.700000
0.691667
0.695833
1.395833
1.216667
1.520833
1.345833
2.054167
0.704167
1.454167
0.737500
0.741667
0.745833
0.745833
0.729167
1.483333
0.454167
1.041667
0.762500
0.758333
1.541667
0.779167
0.775000
0.450000
1.087500
0.766667
0.466667
0.425000
0.579167
0.737500
0.762500
0.391667
0.387500
0.804167
0.716667
0.587500
0.300000
0.520833
0.304167
0.458333
0.337500
0.491667
0.266667
0.383333
0.420833
0.229167
0.550000
0.775000
0.783333
0.787500
0.762500
0.775000
0.779167
0.783333
0.787500
0.791667
0.766667
0.791667
0.787500
0.795833
0.808333
0.816667
0.800000
0.804167
0.808333
0.804167
0.812500
0.816667
0.820833
0.808333
0.816667
0.829167
0.845833
0.866667
0.862500
0.858333
0.887500
0.904167
0.895833
0.900000
0.858333
0.879167
0.891667
0.904167
0.920833
0.916667
0.879167
0.925000
0.933333
0.937500
0.941667
0.900000
0.929167
0.933333
0.933333
0.895833
0.937500
0.941667
0.933333
0.900000
0.925000
0.937500
0.933333
0.933333
0.912500
0.554167
1.154167
0.987500
0.941667
0.945833
0.516667
1.170833
0.587500
1.333333
0.604167
1.204167
0.491667
1.066667
0.916667
0.554167
1.233333
0.870833
0.887500
0.879167
0.850000
0.883333
0.916667
0.929167
0.912500
0.891667
0.933333
0.945833
0.945833
0.954167
0.516667
1.166667
0.995833
0.950000
0.920833
0.900000
0.937500
0.945833
0.529167
0.395833
0.941667
0.875000
0.950000
0.970833
0.945833
0.945833
1.004167
1.000000
0.991667
0.929167
0.966667
0.970833
0.962500
0.954167
0.912500
0.966667
0.979167
0.975000
0.975000
0.941667
0.933333
1.000000
1.000000
