0.720833
0.716667
0.462500
0.858333
0.754167
0.750000
0.733333
0.729167
0.729167
0.729167
0.725000
0.725000
0.729167
0.729167
0.725000
0.725000
0.729167
0.725000
0.725000
0.729167
0.725000
0.729167
1.450000
0.729167
0.729167
0.729167
0.725000
0.725000
0.729167
0.729167
0.729167
0.725000
0.729167
0.725000
0.733333
0.729167
0.729167
0.725000
0.729167
0.729167
0.733333
0.725000
0.725000
0.733333
0.733333
0.729167
0.716667
0.737500
0.733333
0.729167
0.725000
0.737500
0.733333
0.733333
0.725000
0.741667
0.733333
0.729167
0.733333
0.729167
0.729167
0.720833
0.737500
0.733333
0.725000
0.733333
0.729167
0.729167
0.725000
0.733333
0.729167
0.729167
0.729167
0.729167
0.725000
0.725000
1.383333
0.754167
0.750000
0.741667
0.737500
0.733333
0.737500
0.737500
0.733333
0.733333
0.737500
0.733333
0.733333
0.733333
0.733333
0.733333
0.729167
0.733333
0.729167
0.737500
0.729167
0.729167
0.479167
0.737500
0.729167
0.733333
0.729167
0.733333
0.733333
0.729167
0.737500
0.733333
0.733333
0.729167
0.741667
0.733333
0.733333
0.733333
0.466667
0.270833
0.733333
0.729167
0.733333
0.733333
0.729167
0.733333
0.729167
0.729167
0.725000
0.733333
0.729167
0.725000
0.733333
0.725000
0.729167
0.729167
0.729167
0.729167
0.733333
0.725000
0.733333
0.729167
0.733333
0.725000
0.733333
0.729167
0.645833
0.808333
0.733333
0.733333
0.733333
0.729167
0.741667
0.729167
0.733333
0.729167
0.741667
0.729167
0.733333
0.729167
0.737500
0.729167
0.729167
0.725000
0.733333
1.454167
0.725000
0.733333
0.725000
0.725000
0.725000
0.729167
0.725000
0.720833
0.725000
0.250000
0.470833
0.725000
0.720833
0.720833
0.725000
0.720833
0.720833
0.666667
1.341667
0.141667
0.720833
0.720833
0.725000
0.720833
0.725000
0.716667
0.729167
0.725000
0.720833
0.725000
0.725000
0.716667
0.729167
0.720833
0.725000
0.725000
0.720833
0.725000
0.725000
0.720833
0.716667
0.725000
0.720833
0.720833
0.725000
0.725000
0.720833
0.725000
0.720833
0.720833
0.725000
0.729167
0.716667
0.729167
0.725000
0.725000
0.725000
0.729167
0.729167
0.725000
0.729167
0.725000
0.733333
0.729167
0.733333
0.725000
0.737500
0.733333
0.733333
0.729167
0.737500
0.733333
0.737500
0.729167
0.741667
0.733333
0.733333
0.733333
0.550000
0.870833
0.754167
0.745833
0.745833
0.741667
0.733333
0.733333
0.737500
1.350000
0.116667
0.733333
0.733333
0.733333
0.733333
0.725000
0.737500
0.729167
0.729167
0.725000
0.733333
0.725000
0.733333
0.729167
0.725000
0.729167
0.483333
0.875000
0.762500
0.745833
0.741667
0.737500
0.737500
0.729167
0.733333
0.733333
0.733333
0.729167
0.733333
0.729167
0.729167
0.729167
0.737500
0.733333
0.733333
0.725000
0.741667
0.733333
0.733333
0.729167
0.745833
0.733333
0.733333
0.741667
0.733333
0.733333
0.737500
0.737500
0.737500
0.737500
0.725000
0.745833
0.733333
0.737500
0.729167
0.745833
0.733333
0.737500
0.729167
0.745833
0.733333
0.737500
0.729167
0.741667
0.741667
0.733333
0.737500
0.737500
0.733333
0.733333
0.554167
0.870833
0.758333
0.750000
0.745833
0.741667
0.737500
0.737500
0.741667
0.737500
0.737500
0.729167
0.741667
0.737500
0.737500
0.737500
0.737500
0.733333
0.525000
0.208333
0.475000
0.266667
0.204167
0.533333
0.845833
0.387500
0.475000
0.500000
0.291667
0.412500
0.408333
0.254167
0.691667
0.416667
0.391667
0.533333
0.437500
0.579167
1.104167
0.350000
0.737500
0.983333
0.475000
0.729167
0.416667
0.320833
0.450000
0.283333
0.291667
0.437500
0.729167
0.737500
0.237500
0.500000
0.729167
0.733333
0.504167
0.229167
0.733333
0.733333
0.729167
0.733333
0.737500
0.733333
0.729167
0.733333
0.737500
0.612500
0.120833
0.733333
0.729167
0.737500
0.729167
0.733333
0.737500
0.733333
0.729167
1.466667
0.733333
1.466667
0.737500
0.733333
0.733333
1.470833
1.445833
0.745833
0.562500
0.183333
0.741667
0.737500
0.733333
0.737500
0.737500
0.737500
0.737500
0.741667
0.737500
0.737500
0.737500
0.737500
0.737500
0.741667
0.733333
0.741667
0.737500
0.737500
0.737500
0.750000
0.741667
0.741667
0.733333
0.745833
0.745833
0.741667
0.737500
0.750000
0.741667
0.741667
0.745833
0.741667
0.741667
0.737500
0.750000
0.737500
0.741667
0.741667
0.741667
0.737500
0.745833
0.741667
0.741667
0.733333
0.500000
0.250000
0.404167
0.337500
0.591667
0.150000
0.566667
1.275000
1.108333
0.741667
1.483333
2.225000
0.737500
0.491667
0.900000
1.662500
0.537500
1.529167
0.758333
0.754167
0.750000
0.750000
0.512500
0.237500
0.750000
0.745833
0.745833
0.750000
0.750000
0.745833
0.741667
0.745833
0.745833
0.745833
0.745833
0.241667
0.500000
0.750000
0.741667
0.745833
0.750000
0.741667
0.750000
0.745833
0.745833
0.745833
0.745833
0.745833
0.750000
0.750000
0.750000
0.395833
0.345833
0.741667
0.741667
0.741667
0.716667
0.766667
0.750000
0.741667
0.745833
0.741667
0.745833
0.741667
0.750000
1.487500
0.745833
0.745833
0.745833
0.745833
0.745833
0.750000
0.745833
0.750000
0.745833
0.745833
0.750000
0.750000
0.745833
0.750000
0.750000
0.750000
0.745833
0.750000
0.750000
0.745833
0.745833
0.750000
0.745833
0.745833
0.745833
0.745833
0.750000
0.750000
0.745833
0.750000
0.745833
0.754167
0.745833
0.750000
1.425000
0.770833
0.766667
0.758333
0.754167
0.758333
0.754167
0.754167
0.750000
0.750000
0.754167
0.750000
0.750000
0.745833
0.537500
0.212500
1.387500
0.112500
0.745833
0.750000
0.745833
0.750000
0.745833
0.750000
0.745833
0.745833
0.745833
0.745833
0.745833
0.750000
0.745833
0.745833
0.750000
0.491667
0.904167
0.775000
0.766667
0.762500
0.762500
0.754167
0.758333
0.754167
0.758333
0.750000
0.758333
0.750000
0.754167
0.750000
0.504167
0.908333
0.775000
0.770833
0.766667
0.766667
0.758333
0.762500
0.758333
0.758333
0.758333
0.758333
0.754167
0.758333
0.754167
0.754167
0.754167
0.754167
0.754167
0.754167
0.750000
0.750000
0.754167
0.750000
0.750000
0.745833
0.745833
0.750000
0.745833
0.745833
0.745833
0.750000
0.616667
0.862500
0.758333
0.750000
0.758333
0.750000
0.750000
0.754167
0.750000
0.750000
0.745833
0.754167
0.750000
0.745833
0.750000
0.741667
0.750000
0.750000
0.745833
0.741667
0.750000
0.745833
0.741667
0.745833
0.745833
0.741667
0.741667
0.750000
0.745833
0.745833
0.745833
0.741667
0.750000
0.745833
0.745833
0.750000
0.745833
0.750000
0.741667
0.754167
0.745833
0.745833
0.750000
0.750000
0.745833
0.745833
0.750000
0.741667
0.500000
0.900000
0.775000
0.762500
0.766667
0.533333
0.904167
0.770833
0.762500
0.770833
0.758333
0.754167
0.758333
0.754167
0.754167
0.750000
0.754167
0.750000
0.754167
0.750000
0.754167
0.750000
0.754167
0.750000
0.750000
0.754167
0.754167
0.750000
0.750000
0.566667
0.895833
0.766667
0.675000
0.833333
0.766667
0.758333
0.762500
0.754167
0.758333
0.754167
0.758333
0.754167
0.754167
0.754167
0.754167
0.754167
0.754167
0.754167
0.754167
0.758333
0.750000
0.758333
0.754167
0.754167
0.758333
0.750000
0.758333
0.754167
0.754167
0.758333
0.504167
0.904167
0.779167
0.575000
0.895833
0.779167
0.770833
0.762500
0.766667
0.762500
0.758333
0.758333
0.762500
0.754167
0.758333
0.758333
0.754167
0.754167
0.754167
0.754167
0.754167
0.750000
0.754167
0.566667
0.891667
0.766667
0.766667
0.762500
0.758333
0.762500
0.758333
0.754167
0.758333
0.754167
0.758333
0.758333
0.754167
0.758333
0.750000
0.758333
0.758333
0.758333
0.758333
0.758333
0.754167
0.758333
0.758333
0.754167
0.758333
0.754167
0.758333
0.754167
0.758333
0.754167
0.754167
0.758333
0.500000
0.900000
0.779167
0.775000
0.766667
0.766667
0.758333
0.762500
0.758333
0.491667
0.908333
0.779167
0.770833
0.766667
0.766667
0.766667
0.758333
0.762500
0.758333
0.758333
0.758333
0.712500
0.804167
0.758333
0.758333
0.758333
0.758333
0.758333
0.762500
0.758333
0.758333
0.758333
0.758333
0.758333
0.758333
0.758333
0.758333
0.758333
0.758333
0.762500
0.758333
0.758333
0.758333
0.758333
0.762500
0.758333
0.762500
0.758333
0.758333
0.758333
0.762500
0.758333
0.758333
0.762500
0.758333
0.762500
