0.900000
0.875000
0.500000
1.004167
0.929167
0.537500
1.050000
0.937500
0.937500
0.525000
1.058333
0.945833
0.941667
0.529167
1.075000
0.954167
0.950000
0.937500
0.570833
1.079167
0.958333
0.954167
0.525000
1.066667
0.991667
0.962500
0.954167
0.950000
0.945833
0.933333
0.925000
0.925000
0.925000
0.916667
0.579167
1.075000
0.954167
0.945833
0.945833
0.933333
0.912500
0.925000
0.541667
0.975000
0.945833
0.933333
0.933333
0.916667
0.900000
0.587500
1.066667
0.937500
0.920833
0.900000
0.895833
0.516667
1.041667
0.954167
0.904167
0.516667
1.054167
0.945833
0.929167
0.937500
0.520833
1.058333
0.950000
0.941667
0.937500
0.929167
0.570833
1.075000
0.945833
0.954167
0.941667
0.925000
0.537500
1.075000
0.954167
0.945833
0.937500
0.937500
0.558333
1.075000
0.525000
1.079167
0.950000
0.950000
0.945833
0.933333
0.933333
0.566667
1.079167
0.970833
0.950000
0.941667
0.920833
0.912500
0.583333
1.079167
0.958333
0.950000
0.541667
1.083333
0.958333
0.950000
0.941667
0.925000
0.920833
0.520833
1.066667
1.591667
0.945833
0.962500
0.550000
1.070833
0.950000
0.950000
0.933333
0.920833
0.558333
1.050000
0.962500
0.941667
0.933333
0.908333
0.566667
1.075000
0.962500
0.950000
0.950000
0.945833
0.541667
1.062500
0.958333
0.929167
0.920833
0.904167
0.925000
0.570833
1.062500
0.950000
0.958333
0.937500
0.929167
0.912500
0.912500
0.604167
1.091667
0.954167
0.950000
0.529167
1.066667
0.958333
0.945833
0.933333
0.612500
1.083333
0.954167
0.954167
0.950000
0.937500
0.920833
0.554167
1.070833
0.962500
0.941667
0.925000
0.912500
0.520833
1.070833
0.954167
0.933333
0.925000
0.929167
0.916667
0.920833
0.916667
0.916667
0.570833
1.079167
0.529167
1.070833
0.529167
1.054167
0.966667
0.954167
0.945833
0.937500
0.912500
0.920833
0.925000
0.929167
0.520833
1.075000
0.962500
0.954167
0.945833
0.920833
0.925000
0.570833
1.075000
0.950000
0.945833
0.929167
0.929167
0.912500
0.904167
0.533333
1.079167
0.954167
0.941667
0.945833
0.941667
0.925000
0.916667
0.908333
0.912500
0.583333
1.075000
0.945833
1.125000
0.708333
0.891667
0.883333
0.875000
0.879167
0.858333
0.575000
1.062500
0.916667
0.908333
0.891667
0.875000
0.591667
1.029167
0.937500
0.895833
0.895833
0.562500
1.045833
0.941667
0.933333
0.520833
1.025000
0.941667
0.912500
0.558333
1.050000
0.945833
0.929167
0.937500
0.912500
0.554167
1.029167
0.958333
0.950000
0.958333
0.950000
0.558333
1.079167
0.983333
0.975000
0.520833
1.050000
1.020833
0.983333
0.537500
1.075000
1.004167
0.975000
0.970833
0.966667
0.970833
0.966667
0.966667
0.962500
0.958333
0.945833
0.925000
0.925000
0.520833
1.070833
0.950000
0.937500
0.941667
0.933333
0.916667
0.895833
0.900000
0.900000
0.879167
0.875000
0.887500
0.562500
1.062500
0.941667
0.950000
0.545833
1.054167
0.937500
0.929167
0.558333
0.225000
0.820833
0.937500
0.908333
0.562500
1.025000
0.912500
0.883333
0.883333
0.566667
1.033333
0.929167
0.950000
0.925000
0.587500
1.037500
0.933333
0.908333
0.875000
0.875000
0.558333
1.029167
0.912500
0.916667
0.912500
0.904167
0.900000
0.900000
0.904167
0.558333
1.045833
0.950000
0.945833
0.525000
1.037500
0.929167
0.920833
0.904167
0.904167
0.508333
1.025000
0.908333
0.558333
1.050000
0.912500
0.891667
0.908333
0.558333
0.337500
0.287500
0.162500
0.895833
0.283333
0.158333
0.416667
0.758333
0.279167
0.920833
0.666667
0.250000
1.120833
0.308333
0.929167
0.308333
0.725000
0.916667
0.908333
0.908333
0.887500
0.604167
1.054167
0.920833
0.916667
0.562500
1.037500
0.929167
0.916667
0.545833
1.045833
0.941667
0.925000
0.566667
1.070833
0.937500
0.941667
0.545833
1.029167
0.937500
0.941667
0.566667
1.054167
0.541667
1.066667
0.525000
1.045833
0.933333
0.916667
0.925000
0.570833
1.062500
0.941667
0.920833
0.933333
0.516667
1.041667
0.941667
0.912500
0.458333
0.529167
0.508333
0.858333
0.191667
0.358333
0.575000
0.916667
0.533333
1.045833
0.929167
0.900000
0.900000
0.545833
1.033333
0.916667
0.920833
0.912500
0.541667
1.045833
0.920833
0.912500
0.904167
0.895833
0.554167
1.045833
0.900000
1.037500
0.195833
0.537500
0.562500
1.025000
0.675000
1.083333
0.991667
0.687500
0.900000
1.458333
0.883333
0.875000
0.866667
0.625000
1.020833
0.895833
0.887500
0.883333
0.570833
1.033333
0.900000
0.904167
0.908333
0.579167
1.041667
0.912500
0.920833
0.608333
1.066667
0.941667
0.941667
0.545833
1.012500
0.954167
0.916667
0.912500
0.562500
1.058333
0.945833
0.925000
0.520833
1.041667
0.937500
0.925000
0.520833
1.050000
0.520833
1.054167
0.529167
1.062500
0.925000
0.912500
0.520833
1.050000
0.920833
1.858333
0.525000
1.041667
0.933333
0.291667
0.604167
0.833333
0.845833
0.491667
0.962500
0.916667
0.845833
0.845833
1.437500
0.862500
0.541667
0.987500
0.883333
1.441667
0.908333
0.525000
1.012500
0.895833
0.895833
0.529167
1.016667
0.920833
0.900000
0.904167
0.887500
0.504167
1.004167
0.533333
1.045833
0.525000
1.041667
0.933333
0.541667
1.033333
0.904167
0.887500
0.283333
0.329167
0.250000
0.554167
1.012500
0.912500
0.537500
1.008333
0.920833
0.908333
0.583333
1.033333
0.920833
0.541667
1.012500
0.904167
0.870833
0.854167
0.466667
0.979167
0.895833
0.875000
0.487500
0.979167
0.891667
0.900000
0.904167
0.908333
0.895833
0.570833
1.058333
0.920833
0.545833
1.025000
0.945833
0.516667
1.020833
0.900000
0.891667
0.554167
1.033333
0.508333
1.037500
0.529167
1.037500
0.920833
0.929167
0.920833
0.920833
0.912500
0.550000
1.041667
0.916667
0.891667
0.545833
1.025000
0.908333
0.904167
0.550000
1.041667
0.608333
0.304167
0.916667
0.512500
0.991667
0.537500
1.050000
1.545833
0.525000
0.420833
0.912500
0.541667
1.050000
0.900000
0.908333
0.883333
0.900000
0.600000
1.041667
0.920833
0.912500
0.508333
1.033333
0.933333
1.462500
0.333333
0.875000
0.329167
0.529167
1.445833
0.862500
0.516667
0.983333
0.904167
0.887500
0.883333
0.883333
0.883333
0.550000
1.029167
0.912500
0.912500
0.525000
1.041667
0.525000
1.020833
0.533333
1.050000
0.525000
1.037500
0.525000
1.041667
0.608333
0.500000
0.487500
0.295833
0.283333
0.325000
0.837500
0.408333
0.212500
0.108333
0.329167
0.333333
0.262500
0.354167
0.550000
0.912500
0.354167
0.541667
0.575000
0.320833
0.562500
1.037500
0.912500
0.904167
0.550000
1.033333
0.925000
0.904167
0.904167
0.941667
0.575000
1.016667
0.920833
0.887500
0.904167
0.900000
0.508333
1.012500
0.545833
1.029167
0.920833
0.750000
0.212500
1.466667
0.920833
0.883333
0.883333
0.879167
0.508333
1.004167
0.870833
0.862500
0.866667
0.570833
1.012500
0.900000
0.891667
0.550000
1.012500
0.520833
1.020833
0.920833
0.908333
0.900000
0.545833
1.029167
0.937500
0.908333
0.537500
1.054167
0.525000
1.025000
0.945833
0.925000
0.929167
0.925000
0.525000
1.045833
0.929167
0.925000
0.520833
1.045833
1.016667
0.241667
0.054167
0.533333
0.233333
0.295833
0.725000
0.308333
0.295833
0.429167
0.187500
0.908333
0.887500
0.566667
0.316667
0.520833
1.041667
0.916667
0.904167
