2.320833
1.487500
1.437500
1.200000
2.387500
1.800000
1.995833
1.975000
2.062500
1.912500
1.808333
1.325000
0.983333
1.587500
2.004167
1.270833
1.983333
1.250000
1.083333
2.225000
1.108333
1.154167
2.104167
1.304167
1.850000
2.233333
1.062500
1.095833
1.150000
1.954167
2.008333
1.845833
2.112500
1.816667
1.429167
1.837500
2.158333
1.158333
1.816667
2.112500
1.354167
1.754167
1.670833
1.995833
1.379167
1.237500
1.120833
1.216667
2.495833
2.241667
1.920833
1.058333
1.091667
1.408333
1.066667
1.295833
2.245833
1.083333
1.295833
1.725000
1.775000
1.216667
1.983333
1.758333
1.950000
1.620833
1.254167
1.133333
1.950000
2.200000
1.504167
1.137500
1.237500
1.108333
2.320833
1.145833
1.166667
1.750000
1.179167
1.929167
2.054167
1.941667
1.145833
1.950000
1.295833
1.641667
1.675000
1.700000
2.458333
1.225000
1.737500
1.112500
1.162500
1.554167
1.691667
2.220833
1.716667
1.708333
1.350000
1.220833
2.079167
1.154167
1.883333
1.683333
2.354167
1.633333
2.004167
2.058333
1.512500
1.416667
2.120833
1.679167
1.595833
1.137500
2.266667
1.991667
1.741667
2.229167
1.504167
1.950000
2.045833
1.995833
1.841667
1.816667
1.895833
1.062500
1.291667
1.704167
2.204167
1.195833
1.795833
2.016667
1.029167
1.629167
2.112500
1.283333
1.604167
1.333333
1.550000
1.500000
1.845833
1.129167
1.175000
2.054167
2.225000
1.604167
1.516667
1.695833
2.220833
2.062500
1.854167
1.816667
2.070833
1.991667
1.458333
1.470833
1.745833
1.229167
1.495833
1.987500
2.120833
1.466667
1.975000
2.316667
1.495833
1.775000
2.104167
1.804167
2.262500
1.612500
1.400000
1.483333
1.879167
1.891667
1.604167
2.025000
2.020833
1.345833
1.983333
1.600000
1.679167
1.187500
2.079167
1.941667
1.579167
2.095833
1.462500
1.862500
1.166667
1.716667
0.970833
1.250000
1.166667
1.679167
1.600000
1.716667
1.666667
1.212500
1.325000
1.291667
1.525000
2.220833
1.291667
2.383333
1.545833
2.270833
1.241667
1.462500
1.641667
2.200000
2.108333
1.650000
1.366667
1.620833
2.100000
1.483333
1.420833
2.212500
1.050000
1.612500
1.695833
2.179167
1.225000
1.650000
1.316667
2.083333
1.708333
1.208333
2.004167
2.258333
2.162500
1.141667
1.562500
1.550000
2.225000
1.016667
1.225000
1.300000
1.441667
1.595833
1.850000
1.275000
2.104167
1.270833
2.133333
1.645833
1.316667
1.454167
2.062500
1.654167
1.420833
1.462500
1.437500
1.304167
2.470833
2.258333
2.250000
1.883333
2.066667
2.237500
1.891667
2.033333
1.470833
1.037500
1.700000
1.241667
1.816667
2.137500
1.379167
2.091667
2.095833
1.075000
1.162500
1.933333
1.512500
1.091667
1.704167
1.987500
1.354167
2.233333
2.104167
1.770833
1.970833
2.212500
2.004167
1.716667
1.229167
1.975000
1.437500
1.220833
1.891667
1.154167
1.950000
1.362500
2.041667
2.158333
2.383333
1.916667
1.658333
1.495833
1.929167
2.083333
1.787500
1.645833
1.637500
1.958333
2.179167
1.216667
1.687500
1.025000
1.245833
1.862500
1.462500
2.079167
1.179167
2.229167
2.133333
2.083333
2.045833
1.445833
1.404167
1.454167
1.591667
1.962500
2.254167
1.304167
1.720833
1.829167
1.133333
1.754167
1.633333
1.895833
1.170833
1.666667
2.125000
1.691667
1.191667
1.179167
1.095833
1.166667
2.187500
2.100000
1.162500
2.237500
1.262500
1.579167
2.133333
1.833333
1.708333
1.237500
1.212500
2.266667
1.170833
1.458333
2.079167
1.212500
1.925000
1.283333
1.154167
2.125000
2.300000
1.604167
1.225000
2.191667
1.591667
1.916667
1.945833
1.437500
1.025000
1.408333
1.645833
2.262500
