0.475000
0.245833
0.637500
0.520833
0.483333
0.462500
0.470833
0.466667
0.241667
0.466667
0.212500
0.454167
0.170833
0.791667
0.458333
0.137500
0.387500
0.408333
0.470833
0.475000
0.279167
0.666667
0.475000
0.033333
0.883333
0.258333
0.512500
0.654167
0.470833
0.470833
0.466667
0.245833
0.645833
0.333333
0.658333
0.470833
0.458333
0.470833
0.466667
0.237500
0.425000
0.766667
0.283333
0.650000
0.300000
0.416667
0.458333
0.525000
0.808333
0.612500
0.654167
0.470833
0.287500
0.475000
0.658333
0.462500
0.720833
0.504167
0.679167
0.470833
0.466667
0.041667
0.854167
0.520833
0.279167
0.466667
0.650000
0.925000
0.279167
0.675000
0.308333
1.025000
0.716667
0.475000
0.870833
1.454167
0.466667
0.466667
0.950000
0.470833
0.933333
0.462500
0.112500
0.845833
0.287500
0.658333
0.937500
0.283333
0.675000
0.470833
0.466667
0.466667
0.920833
0.291667
0.487500
0.400000
1.041667
0.441667
0.912500
0.304167
0.500000
0.645833
0.470833
0.475000
0.454167
1.308333
0.879167
0.908333
0.941667
0.629167
0.808333
0.466667
0.458333
0.479167
0.466667
0.712500
0.683333
0.304167
0.462500
1.062500
0.462500
0.716667
0.675000
0.483333
0.441667
0.479167
0.470833
0.466667
0.716667
0.679167
0.466667
0.466667
0.945833
0.712500
1.137500
0.512500
0.470833
0.462500
0.458333
0.462500
0.470833
0.454167
0.750000
0.675000
0.466667
0.483333
0.454167
0.470833
0.754167
0.679167
0.475000
0.458333
0.483333
0.462500
0.475000
0.454167
0.925000
0.500000
0.479167
0.462500
0.475000
0.454167
0.483333
0.287500
0.650000
0.483333
0.437500
0.483333
0.758333
0.675000
0.466667
0.470833
0.716667
0.508333
0.666667
0.462500
0.466667
0.720833
1.162500
0.483333
0.470833
0.712500
0.979167
0.650000
0.166667
0.770833
0.950000
0.620833
0.808333
0.933333
1.400000
0.154167
0.800000
0.291667
1.108333
0.950000
0.479167
0.462500
0.929167
0.945833
0.475000
0.483333
0.466667
0.470833
0.462500
0.700000
0.704167
0.291667
0.645833
0.483333
0.941667
0.708333
0.508333
0.670833
0.466667
0.466667
0.458333
0.937500
0.487500
0.458333
0.470833
0.466667
0.716667
0.687500
0.950000
0.466667
0.470833
0.475000
0.466667
0.475000
0.458333
0.716667
0.691667
0.283333
0.675000
0.458333
0.470833
0.941667
0.445833
0.508333
0.466667
0.466667
0.933333
0.475000
0.487500
0.470833
0.470833
0.466667
0.458333
0.725000
0.504167
0.662500
0.470833
0.450000
0.441667
0.433333
0.708333
0.691667
0.475000
0.470833
0.470833
0.462500
0.929167
0.933333
0.445833
0.875000
0.887500
1.183333
1.904167
0.254167
0.970833
0.679167
0.458333
0.450000
0.316667
1.004167
0.445833
0.316667
0.566667
0.716667
0.670833
0.929167
0.241667
0.700000
0.479167
0.466667
0.475000
0.458333
0.462500
0.479167
0.483333
0.470833
0.466667
0.470833
0.466667
0.462500
0.762500
0.662500
0.466667
0.475000
0.454167
0.470833
0.758333
0.654167
0.462500
0.041667
0.912500
0.462500
0.933333
0.487500
0.470833
0.470833
0.454167
0.466667
0.754167
0.675000
0.466667
1.395833
0.950000
0.483333
0.470833
0.720833
1.170833
0.925000
0.466667
0.254167
1.183333
0.470833
0.470833
0.462500
0.479167
0.470833
0.470833
0.712500
1.641667
0.725000
0.662500
0.516667
0.470833
0.466667
0.716667
0.841667
1.279167
0.470833
0.662500
0.562500
0.470833
1.120833
0.458333
1.425000
0.475000
0.470833
0.458333
0.725000
1.158333
0.470833
0.458333
0.708333
1.158333
0.462500
0.479167
0.479167
0.466667
0.712500
0.700000
0.475000
0.470833
0.470833
0.470833
0.708333
0.495833
0.666667
0.479167
0.716667
0.937500
0.691667
0.479167
0.466667
0.466667
0.941667
0.295833
0.658333
0.470833
0.470833
0.462500
0.437500
0.987500
0.466667
0.470833
0.470833
0.466667
0.900000
0.183333
1.275000
0.470833
0.933333
0.925000
0.937500
0.466667
0.945833
0.466667
0.475000
0.716667
0.975000
1.137500
0.466667
0.920833
0.475000
0.300000
0.645833
0.466667
0.450000
0.720833
0.495833
0.666667
0.450000
0.879167
0.933333
0.308333
0.370833
0.475000
0.662500
0.708333
0.933333
0.708333
0.470833
0.470833
0.470833
0.712500
0.837500
0.804167
0.470833
0.466667
0.720833
0.687500
0.479167
0.470833
0.470833
0.462500
0.716667
0.508333
0.662500
0.466667
0.466667
0.716667
0.508333
0.662500
0.470833
0.466667
0.929167
0.779167
0.658333
0.037500
0.850000
0.654167
0.445833
0.395833
0.695833
1.100000
0.087500
0.566667
0.804167
0.441667
0.312500
0.566667
0.333333
0.425000
0.600000
0.879167
0.283333
0.495833
0.475000
0.445833
0.487500
1.087500
0.325000
0.487500
0.479167
0.316667
1.275000
0.770833
0.658333
0.475000
0.712500
0.966667
0.483333
0.666667
0.470833
0.462500
0.712500
0.495833
0.487500
0.475000
0.662500
0.470833
0.708333
0.979167
0.458333
0.675000
0.708333
0.987500
0.658333
0.466667
0.470833
0.925000
0.950000
0.483333
0.466667
0.720833
0.508333
0.466667
0.458333
0.962500
0.900000
0.512500
0.662500
0.466667
0.462500
0.891667
0.450000
0.312500
0.545833
0.304167
0.454167
0.437500
0.425000
0.200000
0.737500
0.666667
0.304167
1.483333
0.883333
1.779167
0.441667
0.904167
0.454167
0.241667
1.141667
0.325000
1.295833
0.504167
1.108333
0.504167
0.483333
0.291667
0.991667
0.854167
0.720833
0.912500
0.479167
0.712500
1.175000
0.466667
0.470833
0.462500
1.429167
0.462500
0.475000
0.462500
0.904167
0.325000
0.662500
0.466667
0.441667
0.500000
0.712500
0.500000
0.679167
0.470833
0.470833
0.470833
0.933333
0.941667
0.487500
0.754167
0.904167
1.179167
0.475000
0.470833
0.470833
0.891667
0.525000
0.441667
0.287500
0.470833
0.462500
0.675000
0.479167
0.908333
0.662500
0.800000
0.283333
1.587500
0.641667
0.787500
0.475000
0.716667
1.133333
0.495833
0.470833
0.937500
0.950000
0.433333
1.354167
0.225000
0.525000
0.458333
1.016667
0.916667
1.175000
0.512500
0.645833
0.445833
0.312500
1.045833
0.879167
0.354167
0.479167
0.329167
0.616667
0.445833
1.112500
0.666667
0.795833
0.470833
0.941667
0.712500
0.691667
0.479167
0.479167
0.937500
0.929167
0.041667
0.925000
0.466667
0.470833
0.470833
0.929167
0.750000
0.679167
0.470833
0.920833
0.491667
0.937500
0.470833
0.466667
0.720833
0.500000
0.233333
0.700000
0.666667
0.145833
1.037500
0.383333
0.612500
0.658333
0.295833
0.441667
0.658333
0.954167
0.450000
0.491667
0.466667
0.925000
0.770833
0.658333
0.466667
0.470833
0.929167
0.754167
0.670833
0.454167
0.304167
0.908333
0.958333
0.775000
0.795833
1.404167
1.250000
1.575000
1.420833
1.429167
1.137500
1.041667
1.558333
2.170833
1.283333
1.287500
0.483333
1.879167
0.458333
0.445833
1.841667
0.950000
0.470833
0.479167
0.466667
0.462500
0.250000
0.645833
0.520833
0.470833
0.462500
0.466667
0.725000
1.162500
0.466667
0.483333
0.758333
1.108333
0.258333
0.691667
0.475000
0.475000
0.470833
0.712500
1.116667
1.000000
0.929167
0.458333
0.245833
0.216667
1.420833
0.950000
0.458333
0.475000
0.137500
1.295833
0.450000
0.725000
0.700000
0.241667
0.683333
0.495833
0.475000
0.462500
0.450000
0.479167
0.258333
0.216667
0.475000
0.458333
0.487500
0.470833
0.458333
0.479167
0.945833
0.470833
0.466667
0.450000
0.250000
0.512500
0.650000
0.491667
0.466667
0.712500
0.675000
0.304167
0.454167
0.545833
0.445833
0.875000
0.320833
0.583333
1.325000
0.479167
0.433333
0.787500
0.533333
0.495833
0.458333
0.487500
0.458333
0.479167
0.633333
0.804167
0.945833
0.462500
0.612500
0.808333
0.483333
0.462500
0.245833
0.641667
0.795833
0.675000
0.033333
1.054167
0.587500
1.095833
0.983333
0.479167
0.466667
0.475000
0.466667
0.470833
0.458333
0.479167
0.483333
0.470833
0.466667
0.470833
0.454167
0.483333
0.458333
0.483333
0.462500
0.491667
0.470833
0.454167
0.487500
0.037500
0.900000
0.458333
0.912500
0.325000
0.654167
0.475000
0.475000
0.716667
0.500000
0.487500
0.325000
0.812500
0.925000
0.775000
0.662500
0.141667
0.808333
0.691667
0.537500
0.662500
0.470833
0.470833
0.475000
0.145833
1.033333
0.666667
0.183333
0.800000
0.733333
0.462500
1.091667
0.295833
0.495833
0.350000
0.779167
0.483333
0.466667
0.462500
0.966667
0.462500
0.945833
0.937500
0.766667
0.858333
0.562500
0.462500
1.770833
1.341667
0.762500
1.462500
1.362500
0.454167
0.445833
0.450000
0.450000
0.279167
1.104167
0.358333
0.654167
0.475000
0.470833
0.941667
0.704167
0.533333
0.462500
1.075000
0.700000
0.387500
0.800000
0.458333
0.258333
0.933333
1.108333
0.325000
0.658333
0.475000
0.470833
0.462500
0.466667
0.954167
0.241667
0.475000
1.162500
0.287500
0.654167
0.462500
0.945833
0.954167
0.166667
0.775000
0.925000
0.916667
0.320833
0.670833
0.458333
0.150000
1.250000
0.754167
0.479167
0.479167
1.125000
0.295833
0.470833
0.662500
0.154167
0.600000
0.229167
1.362500
0.758333
0.470833
0.487500
0.658333
0.720833
0.504167
0.679167
0.470833
0.475000
0.466667
0.712500
0.541667
0.650000
0.470833
0.466667
0.716667
0.395833
0.791667
0.475000
0.470833
0.470833
0.716667
0.666667
0.304167
0.679167
0.475000
0.462500
0.720833
0.504167
0.679167
0.470833
0.933333
0.954167
0.291667
0.329167
0.616667
1.120833
0.291667
0.466667
0.675000
0.287500
0.658333
0.470833
0.950000
0.283333
0.658333
0.475000
0.929167
0.245833
1.162500
0.850000
0.470833
0.720833
0.870833
0.458333
0.495833
0.387500
0.395833
0.508333
0.987500
0.458333
1.025000
0.833333
0.391667
0.879167
0.991667
0.287500
1.241667
1.108333
0.291667
0.575000
0.495833
0.479167
0.466667
1.212500
0.270833
1.020833
0.316667
0.920833
1.237500
0.300000
0.454167
0.475000
0.850000
1.383333
0.695833
0.845833
