0.691667
0.695833
0.575000
0.825000
0.704167
0.695833
0.691667
0.695833
0.695833
0.700000
0.516667
0.883333
0.716667
0.704167
0.704167
0.708333
0.708333
0.704167
0.708333
0.704167
0.704167
0.708333
0.704167
0.708333
0.708333
0.766667
0.650000
0.708333
0.708333
0.550000
0.870833
0.725000
0.708333
0.525000
0.891667
0.720833
0.687500
0.725000
0.620833
0.791667
0.712500
0.712500
0.700000
0.725000
0.716667
0.716667
0.716667
0.504167
0.916667
0.733333
0.716667
0.716667
0.637500
0.783333
0.716667
0.716667
0.641667
0.800000
0.658333
0.433333
1.062500
0.458333
1.000000
0.454167
0.995833
0.445833
1.004167
0.733333
0.716667
0.716667
0.708333
0.466667
0.945833
0.729167
0.716667
0.716667
0.625000
0.804167
0.716667
0.708333
0.708333
0.737500
0.725000
0.725000
0.658333
0.791667
0.729167
0.720833
0.662500
0.791667
0.683333
0.537500
0.941667
0.741667
0.716667
0.716667
0.708333
0.608333
0.787500
0.708333
0.695833
0.695833
0.695833
0.537500
0.845833
0.700000
0.687500
0.691667
0.700000
0.700000
0.695833
0.695833
0.700000
0.583333
0.820833
0.700000
0.695833
0.695833
0.695833
0.554167
0.841667
0.704167
0.695833
0.695833
0.700000
0.700000
0.695833
0.612500
0.779167
0.704167
0.700000
0.700000
0.700000
0.700000
0.700000
0.704167
0.554167
0.850000
0.720833
0.704167
0.695833
0.658333
0.750000
0.708333
0.708333
0.708333
0.704167
0.700000
0.704167
0.695833
0.600000
0.800000
0.704167
0.704167
0.691667
0.720833
0.708333
0.704167
0.700000
0.704167
0.704167
0.708333
0.704167
0.704167
0.704167
0.704167
0.708333
0.566667
0.854167
0.716667
0.704167
0.704167
0.570833
0.837500
0.712500
0.700000
0.708333
0.712500
0.708333
0.704167
0.700000
0.541667
0.870833
0.716667
0.708333
0.558333
0.858333
0.716667
0.704167
0.708333
0.700000
0.716667
0.712500
0.708333
0.708333
0.708333
0.712500
0.712500
0.712500
0.591667
0.816667
0.712500
0.704167
0.704167
0.566667
0.850000
0.720833
0.712500
0.716667
0.579167
0.841667
0.720833
0.716667
0.716667
0.608333
0.812500
0.720833
0.716667
0.720833
0.579167
0.870833
0.729167
0.712500
0.716667
0.508333
0.920833
0.737500
0.712500
0.712500
0.583333
0.825000
0.716667
0.708333
0.708333
0.704167
0.704167
0.704167
0.658333
0.750000
0.708333
0.708333
0.708333
0.708333
0.708333
0.712500
0.645833
0.787500
0.720833
0.712500
0.708333
0.708333
0.704167
0.712500
0.579167
0.845833
0.720833
0.708333
0.716667
0.716667
0.708333
0.712500
0.612500
0.812500
0.720833
0.712500
0.704167
0.712500
0.708333
0.708333
0.716667
0.566667
0.850000
0.720833
0.708333
0.712500
0.612500
0.812500
0.716667
0.708333
0.716667
0.712500
0.716667
0.716667
0.716667
0.712500
0.716667
0.712500
0.712500
0.712500
0.700000
0.700000
0.608333
0.791667
0.712500
0.712500
0.708333
0.704167
0.704167
0.700000
0.704167
0.575000
0.837500
0.708333
0.695833
0.704167
0.708333
0.712500
0.708333
0.700000
0.583333
0.816667
0.716667
0.704167
0.704167
0.708333
0.704167
0.704167
0.666667
0.741667
0.708333
0.716667
0.712500
0.712500
0.712500
0.712500
0.712500
0.720833
0.716667
0.716667
0.712500
0.541667
0.879167
0.725000
0.712500
0.708333
0.704167
0.708333
0.708333
0.712500
0.720833
0.720833
0.716667
0.712500
0.712500
0.579167
0.858333
0.725000
0.712500
0.712500
0.616667
0.816667
0.716667
0.712500
0.712500
0.554167
0.862500
0.716667
0.708333
0.704167
0.533333
0.875000
0.720833
0.708333
0.579167
0.841667
0.720833
0.716667
0.712500
0.612500
0.812500
0.725000
0.716667
0.679167
0.745833
0.712500
0.712500
0.666667
0.766667
0.720833
0.716667
0.708333
0.695833
0.716667
0.712500
0.716667
0.629167
0.808333
0.716667
0.708333
0.708333
0.712500
0.716667
0.720833
0.716667
0.525000
0.904167
0.729167
0.712500
0.716667
0.579167
0.854167
0.716667
0.716667
0.712500
0.520833
0.908333
0.729167
0.712500
0.687500
0.358333
1.095833
0.633333
0.820833
0.716667
0.712500
0.708333
0.545833
0.866667
0.720833
0.708333
0.712500
0.695833
0.725000
0.712500
0.716667
0.716667
0.720833
0.704167
0.725000
0.716667
0.720833
0.716667
0.583333
0.837500
0.720833
0.712500
0.704167
0.695833
0.700000
0.695833
0.691667
0.700000
0.700000
0.700000
0.704167
0.712500
0.712500
0.712500
0.712500
0.641667
0.779167
0.712500
0.712500
0.712500
0.712500
0.708333
0.708333
0.641667
0.775000
0.716667
0.712500
0.716667
0.712500
0.708333
0.712500
0.616667
0.808333
0.716667
0.704167
0.704167
0.583333
0.825000
0.720833
0.708333
0.708333
0.566667
0.850000
0.725000
0.712500
0.712500
0.537500
0.883333
0.720833
0.708333
0.716667
0.600000
0.820833
0.716667
0.708333
0.708333
0.604167
0.816667
0.720833
0.712500
0.708333
0.708333
0.708333
0.708333
0.708333
0.612500
0.808333
0.712500
0.712500
0.712500
0.712500
0.716667
0.712500
0.712500
0.612500
0.808333
0.720833
0.716667
0.716667
0.716667
0.712500
0.716667
0.600000
0.845833
0.729167
0.716667
0.712500
0.712500
0.700000
0.470833
0.975000
0.700000
0.750000
0.716667
0.712500
0.712500
0.708333
0.591667
0.816667
0.716667
0.712500
0.712500
0.708333
0.708333
0.708333
0.616667
0.812500
0.716667
0.708333
0.708333
0.704167
0.550000
0.862500
0.720833
0.704167
0.700000
0.704167
0.587500
0.829167
0.712500
0.708333
0.708333
0.708333
0.583333
0.845833
0.720833
0.716667
0.716667
0.716667
0.716667
0.716667
0.670833
0.770833
0.725000
0.716667
0.716667
0.716667
0.716667
0.725000
0.720833
0.725000
0.720833
0.725000
0.720833
0.725000
0.716667
0.712500
0.704167
0.708333
0.575000
0.850000
0.720833
0.716667
0.712500
0.537500
0.883333
0.725000
0.720833
0.716667
0.637500
0.800000
0.725000
0.716667
0.662500
0.779167
0.729167
0.725000
0.637500
0.804167
0.650000
0.516667
1.012500
0.600000
0.875000
0.729167
0.716667
0.716667
0.483333
0.950000
0.737500
0.729167
0.720833
0.704167
0.733333
0.725000
0.720833
0.725000
0.725000
0.725000
0.720833
0.716667
0.562500
0.870833
0.729167
0.725000
0.662500
0.783333
0.725000
0.720833
0.666667
0.783333
0.725000
0.725000
0.683333
0.754167
0.716667
0.716667
0.720833
0.725000
0.725000
0.725000
0.720833
0.575000
0.862500
0.725000
0.716667
0.720833
0.725000
0.712500
0.733333
0.725000
0.720833
0.716667
0.725000
0.725000
0.725000
0.579167
0.850000
0.725000
0.716667
0.712500
0.716667
0.720833
0.720833
0.716667
0.720833
0.583333
0.854167
0.729167
0.704167
0.700000
0.695833
0.620833
0.787500
0.704167
0.695833
0.695833
0.704167
0.708333
0.704167
0.700000
0.704167
0.608333
0.804167
0.716667
0.716667
0.712500
0.708333
0.708333
0.712500
0.712500
0.716667
0.716667
0.716667
0.716667
0.712500
0.708333
0.562500
0.875000
0.733333
0.725000
0.720833
0.525000
0.900000
0.729167
0.720833
0.716667
0.675000
0.762500
0.712500
0.712500
0.704167
0.720833
0.720833
0.716667
0.712500
0.708333
0.600000
0.820833
0.712500
0.716667
0.716667
0.712500
0.712500
0.633333
0.800000
0.725000
0.720833
0.625000
0.816667
0.720833
0.712500
0.641667
0.800000
0.725000
0.729167
0.658333
0.779167
0.716667
0.720833
0.712500
0.729167
0.720833
0.716667
0.716667
0.716667
0.716667
0.720833
0.720833
0.558333
0.879167
0.733333
0.720833
0.600000
0.850000
0.729167
0.729167
0.716667
0.641667
0.795833
0.725000
0.725000
0.729167
0.733333
0.725000
0.720833
0.725000
0.725000
0.733333
0.733333
0.562500
0.904167
0.737500
0.725000
0.725000
0.725000
0.725000
0.720833
0.704167
0.733333
0.712500
0.716667
0.720833
0.720833
0.720833
0.712500
0.662500
0.766667
0.720833
0.720833
0.720833
0.725000
0.716667
0.716667
0.716667
0.587500
0.854167
0.733333
0.716667
0.720833
0.566667
0.866667
0.725000
0.716667
0.725000
0.720833
0.720833
0.725000
0.720833
0.712500
0.620833
0.795833
0.708333
0.695833
0.695833
0.700000
0.645833
0.758333
0.712500
0.704167
0.704167
0.708333
0.541667
0.891667
0.729167
0.716667
0.712500
0.558333
0.870833
0.729167
0.716667
0.716667
0.562500
0.862500
0.725000
0.716667
0.716667
0.533333
0.900000
0.725000
0.712500
0.708333
0.716667
0.712500
0.712500
0.716667
0.712500
0.575000
0.850000
0.720833
0.716667
0.716667
0.575000
0.858333
0.725000
0.716667
0.720833
0.500000
0.945833
0.737500
0.720833
0.712500
0.608333
0.825000
0.725000
0.720833
0.679167
0.766667
0.716667
0.716667
