0.625000
0.625000
0.616667
0.616667
0.616667
0.629167
0.625000
0.616667
0.612500
0.620833
0.612500
0.620833
0.629167
0.616667
0.612500
0.612500
0.616667
0.620833
0.620833
0.600000
0.233333
0.266667
0.200000
0.558333
0.241667
0.383333
0.625000
0.570833
0.695833
0.625000
0.616667
0.629167
0.400000
0.854167
0.633333
0.629167
0.625000
0.625000
0.629167
0.629167
0.633333
0.641667
0.637500
0.629167
0.633333
0.633333
0.633333
0.637500
0.637500
0.645833
0.637500
0.620833
0.650000
0.545833
0.737500
0.633333
0.633333
0.629167
0.633333
0.637500
0.637500
0.629167
0.637500
0.633333
0.633333
0.650000
0.637500
0.633333
0.633333
0.641667
0.645833
0.270833
0.370833
0.637500
0.233333
0.408333
0.725000
0.558333
0.816667
0.487500
0.637500
0.641667
0.637500
0.637500
0.641667
0.645833
0.641667
0.637500
0.633333
0.637500
0.637500
0.641667
0.645833
0.637500
0.637500
0.637500
0.641667
0.641667
0.645833
0.645833
0.633333
0.641667
0.637500
0.641667
0.366667
0.275000
0.645833
0.379167
0.275000
0.641667
0.645833
0.637500
0.641667
0.645833
0.641667
0.650000
0.645833
0.637500
0.637500
0.641667
0.645833
0.645833
0.637500
0.641667
0.633333
0.637500
0.641667
0.633333
0.633333
0.633333
0.633333
0.633333
0.637500
0.633333
0.641667
1.004167
0.262500
0.620833
0.629167
0.625000
0.379167
0.216667
0.370833
0.291667
0.383333
0.250000
0.620833
0.641667
0.620833
0.625000
0.625000
0.625000
0.620833
0.620833
0.312500
0.308333
0.620833
0.633333
0.633333
0.629167
0.616667
1.012500
0.233333
0.633333
0.633333
0.620833
0.220833
0.395833
0.295833
0.941667
0.633333
0.620833
0.616667
0.616667
0.616667
0.616667
0.633333
0.620833
0.616667
0.616667
0.612500
0.616667
0.620833
0.625000
0.629167
0.612500
1.233333
0.616667
1.250000
0.633333
0.612500
0.620833
0.625000
1.258333
0.625000
1.237500
0.625000
0.629167
0.616667
0.641667
0.620833
1.250000
0.629167
0.629167
0.625000
0.620833
0.625000
0.629167
0.633333
0.625000
0.625000
0.620833
0.241667
0.387500
0.633333
0.625000
0.300000
0.325000
0.275000
0.979167
0.633333
0.629167
1.245833
0.633333
0.633333
0.629167
0.629167
1.129167
0.120833
0.629167
0.370833
0.262500
0.304167
0.433333
0.525000
0.625000
0.629167
0.625000
0.341667
0.291667
1.450000
0.545833
0.525000
0.291667
0.395833
0.291667
0.283333
0.637500
0.258333
0.420833
0.629167
0.579167
0.637500
0.362500
0.795833
0.362500
0.866667
0.879167
0.350000
0.270833
0.208333
0.395833
1.204167
0.633333
0.945833
0.933333
0.379167
0.250000
0.754167
1.379167
1.637500
0.629167
1.612500
1.283333
0.937500
0.579167
1.270833
1.879167
1.195833
1.962500
0.879167
0.758333
1.850000
0.291667
0.375000
0.266667
0.429167
0.841667
0.633333
0.629167
0.633333
1.045833
1.512500
1.266667
1.283333
0.512500
1.425000
1.925000
1.466667
0.462500
0.645833
0.645833
0.641667
0.637500
0.637500
0.295833
0.500000
0.362500
0.729167
0.662500
0.641667
0.258333
0.533333
0.500000
0.637500
0.637500
0.641667
0.537500
0.316667
0.370833
0.333333
0.375000
0.637500
0.637500
0.641667
0.645833
0.641667
0.641667
0.637500
0.645833
0.645833
0.645833
0.641667
0.637500
0.645833
0.645833
0.641667
0.637500
0.641667
0.362500
0.279167
0.650000
0.645833
0.637500
0.637500
0.633333
0.641667
0.637500
0.641667
0.637500
0.633333
0.629167
0.633333
0.612500
0.470833
0.825000
0.629167
0.629167
0.633333
0.404167
0.866667
0.633333
0.629167
0.625000
0.220833
1.141667
0.287500
0.866667
0.629167
0.625000
0.620833
0.620833
0.629167
0.633333
0.625000
0.625000
0.625000
0.633333
0.633333
0.637500
0.629167
0.629167
0.629167
0.637500
0.637500
0.633333
0.629167
0.629167
0.629167
0.637500
0.633333
0.629167
0.629167
0.633333
0.633333
0.629167
0.629167
0.629167
0.629167
0.629167
0.637500
0.645833
0.625000
0.737500
0.866667
0.950000
0.479167
0.445833
0.979167
1.050000
1.062500
0.454167
0.245833
1.162500
1.304167
0.466667
0.429167
0.291667
0.554167
1.262500
0.729167
1.187500
1.258333
0.637500
0.633333
0.637500
0.641667
0.616667
0.625000
0.595833
0.279167
0.391667
0.237500
0.337500
0.366667
0.741667
0.841667
0.625000
1.258333
0.920833
1.308333
1.254167
0.283333
0.362500
0.420833
0.483333
0.637500
0.633333
0.450000
0.816667
0.633333
0.633333
0.420833
1.116667
0.379167
0.441667
0.187500
0.637500
0.633333
0.637500
0.641667
0.633333
0.629167
0.637500
0.633333
0.637500
0.637500
0.925000
0.358333
0.629167
0.433333
0.204167
0.750000
0.533333
0.650000
0.641667
0.641667
0.645833
0.283333
0.366667
0.516667
0.333333
0.445833
0.641667
0.637500
0.637500
0.637500
0.195833
0.225000
0.529167
0.279167
0.550000
0.612500
0.366667
0.562500
0.520833
0.258333
0.979167
0.854167
0.241667
1.083333
0.275000
0.366667
0.554167
0.408333
0.366667
0.316667
0.683333
0.383333
0.654167
0.300000
0.254167
0.820833
0.629167
0.370833
0.870833
0.775000
1.108333
1.250000
0.633333
1.258333
0.383333
0.875000
0.629167
0.612500
1.262500
0.620833
1.241667
0.458333
0.170833
0.625000
0.383333
0.866667
0.625000
0.833333
0.420833
0.633333
0.437500
1.241667
0.204167
1.254167
0.633333
0.633333
0.625000
0.633333
0.433333
0.670833
0.583333
1.462500
1.258333
1.270833
1.258333
0.633333
1.904167
0.625000
1.258333
0.637500
0.637500
1.670833
0.558333
0.704167
0.450000
0.504167
0.570833
0.633333
0.633333
1.283333
1.266667
0.629167
0.633333
0.654167
0.287500
0.341667
0.395833
0.887500
0.650000
0.633333
0.637500
0.641667
0.645833
0.633333
0.470833
0.579167
0.216667
0.533333
0.366667
0.229167
0.779167
0.766667
0.495833
0.633333
0.629167
0.637500
0.983333
0.266667
0.250000
0.220833
0.795833
0.633333
0.633333
0.504167
0.750000
0.629167
0.629167
1.270833
1.250000
0.512500
0.412500
0.479167
0.275000
0.841667
0.620833
0.620833
0.625000
0.354167
0.462500
0.437500
0.625000
0.620833
0.616667
0.408333
0.625000
0.533333
0.304167
0.600000
1.558333
0.325000
0.525000
0.275000
0.116667
0.470833
0.387500
0.329167
0.625000
0.512500
0.462500
0.358333
0.325000
0.616667
0.962500
0.904167
1.250000
1.083333
0.670833
0.404167
0.725000
0.395833
0.320833
0.158333
0.933333
0.329167
0.775000
0.479167
0.504167
0.475000
0.220833
0.333333
0.870833
0.745833
1.033333
0.862500
0.820833
0.741667
1.062500
1.004167
0.212500
0.404167
0.241667
0.758333
1.183333
1.266667
1.291667
0.650000
0.633333
0.545833
0.841667
0.533333
0.633333
0.816667
0.975000
1.716667
0.333333
0.633333
0.650000
0.645833
0.637500
0.454167
0.791667
0.550000
0.762500
0.641667
0.629167
0.629167
0.633333
0.633333
0.637500
0.633333
0.625000
0.637500
0.633333
0.633333
0.629167
0.529167
0.387500
0.604167
0.283333
0.475000
0.225000
0.662500
0.629167
0.637500
0.633333
0.591667
1.287500
0.200000
0.325000
1.341667
0.629167
1.241667
0.620833
0.362500
0.375000
0.470833
0.387500
0.270833
1.233333
0.362500
0.400000
0.479167
0.287500
0.979167
0.358333
0.379167
0.637500
0.654167
0.308333
0.816667
0.766667
0.633333
1.104167
1.270833
1.275000
1.262500
0.625000
0.641667
0.641667
0.641667
0.637500
0.629167
0.625000
0.633333
0.633333
0.633333
0.641667
0.625000
0.625000
0.629167
0.629167
0.637500
0.633333
0.629167
0.633333
0.625000
0.637500
0.629167
0.637500
0.637500
0.687500
0.570833
0.633333
0.637500
0.637500
1.258333
0.337500
0.291667
0.637500
0.633333
0.633333
0.629167
0.620833
0.637500
0.458333
0.525000
0.920833
0.629167
0.420833
0.220833
0.854167
0.208333
0.316667
0.354167
0.816667
0.633333
0.791667
0.579167
0.208333
0.316667
0.658333
0.404167
0.237500
0.495833
0.641667
0.387500
0.308333
0.254167
0.279167
0.641667
0.158333
0.825000
1.083333
0.629167
0.512500
1.137500
0.245833
1.254167
0.625000
1.250000
0.633333
1.266667
1.870833
0.625000
0.633333
1.270833
1.466667
0.445833
0.637500
0.645833
0.641667
0.633333
0.633333
0.641667
0.645833
0.641667
0.637500
0.637500
0.641667
0.645833
0.650000
0.641667
0.645833
0.641667
0.650000
0.650000
0.641667
0.641667
0.641667
0.645833
0.645833
0.345833
0.854167
0.416667
0.479167
1.333333
0.329167
0.395833
0.145833
0.216667
0.641667
0.295833
0.254167
0.729167
0.637500
0.645833
0.641667
0.645833
0.400000
0.241667
0.645833
0.637500
0.650000
0.650000
0.641667
0.479167
0.808333
0.320833
0.333333
0.641667
0.637500
0.641667
0.233333
0.412500
1.062500
0.233333
0.633333
0.558333
0.729167
0.237500
0.491667
0.212500
0.983333
0.633333
0.637500
0.637500
0.333333
0.933333
0.641667
0.633333
0.637500
0.637500
0.570833
0.250000
0.420833
0.662500
0.233333
0.516667
0.270833
0.454167
0.416667
0.629167
0.637500
1.254167
0.629167
0.629167
0.633333
0.629167
0.620833
0.629167
0.633333
0.633333
0.741667
0.391667
0.775000
0.641667
0.641667
0.637500
0.641667
0.641667
0.645833
0.645833
0.408333
0.237500
0.279167
0.375000
0.666667
0.200000
0.475000
0.662500
0.308333
0.358333
0.654167
0.316667
0.995833
0.645833
0.383333
0.904167
0.945833
0.325000
0.629167
1.270833
1.254167
0.633333
1.258333
0.629167
0.620833
0.612500
0.616667
0.620833
0.616667
0.612500
0.608333
0.608333
0.616667
0.616667
0.612500
0.604167
0.608333
0.608333
0.616667
0.616667
0.608333
0.608333
0.616667
0.616667
0.612500
0.612500
0.608333
0.620833
0.625000
0.616667
0.612500
0.812500
0.420833
0.620833
0.625000
