0.629167
0.604167
0.625000
0.620833
0.608333
0.629167
0.612500
0.612500
0.625000
0.625000
0.608333
0.633333
0.616667
0.616667
0.637500
0.612500
0.629167
0.633333
0.608333
0.625000
0.445833
0.787500
0.633333
0.608333
0.629167
0.608333
0.625000
0.625000
0.608333
0.629167
0.604167
0.625000
0.616667
0.608333
0.625000
0.600000
0.616667
0.616667
0.600000
0.612500
0.612500
0.595833
0.616667
0.600000
0.604167
0.616667
0.600000
0.604167
0.612500
0.591667
0.491667
0.112500
0.741667
0.537500
0.295833
0.816667
0.583333
0.600000
0.591667
0.587500
0.604167
0.583333
0.591667
0.600000
0.583333
0.595833
0.600000
0.587500
0.595833
0.600000
0.587500
0.600000
0.595833
0.595833
0.608333
0.591667
0.595833
0.591667
0.595833
0.604167
0.587500
0.604167
0.595833
0.591667
0.604167
0.595833
0.600000
0.604167
0.591667
0.604167
0.600000
0.591667
0.608333
0.591667
0.600000
0.612500
0.595833
0.604167
0.612500
0.595833
0.604167
0.708333
0.608333
0.266667
0.229167
0.600000
0.600000
0.575000
0.579167
0.604167
0.604167
0.591667
0.608333
0.695833
0.441667
0.637500
0.612500
0.612500
0.591667
0.608333
0.612500
0.620833
0.600000
0.625000
0.608333
0.620833
0.612500
0.616667
0.620833
0.620833
0.620833
0.620833
0.633333
0.595833
0.629167
0.608333
0.612500
0.616667
0.629167
0.608333
0.616667
0.608333
0.604167
0.600000
0.604167
0.591667
0.604167
0.583333
0.608333
0.579167
0.608333
0.579167
0.595833
0.587500
0.595833
0.600000
0.587500
0.604167
0.575000
0.600000
0.575000
0.587500
0.591667
0.583333
0.595833
0.575000
0.591667
0.583333
0.591667
0.595833
0.575000
0.604167
0.579167
0.591667
0.591667
0.583333
0.600000
0.579167
0.595833
0.591667
0.587500
0.600000
0.579167
0.595833
0.591667
0.591667
0.604167
0.579167
0.604167
0.587500
0.595833
0.600000
0.583333
0.604167
0.579167
0.600000
0.595833
0.591667
0.604167
0.583333
0.600000
0.595833
0.591667
0.608333
0.579167
0.612500
0.583333
0.604167
0.608333
0.583333
0.608333
0.591667
0.600000
0.608333
0.587500
0.608333
0.595833
0.595833
0.612500
0.587500
0.616667
0.604167
0.583333
0.608333
0.604167
0.591667
0.612500
0.587500
0.604167
0.612500
0.583333
0.604167
0.600000
0.600000
0.612500
0.587500
0.604167
0.600000
0.591667
0.612500
0.591667
0.591667
0.612500
0.604167
0.587500
0.600000
0.612500
0.591667
0.600000
0.616667
0.587500
0.604167
0.600000
0.595833
0.612500
0.583333
0.608333
0.595833
0.604167
0.608333
0.595833
0.608333
0.587500
0.608333
0.595833
0.600000
0.608333
0.587500
0.612500
0.587500
0.604167
0.612500
0.587500
0.612500
0.587500
0.604167
0.604167
0.595833
0.608333
0.583333
0.612500
0.583333
0.604167
0.591667
0.595833
0.608333
0.583333
0.600000
0.604167
0.587500
0.604167
0.595833
0.600000
0.612500
0.583333
0.608333
0.591667
0.600000
0.612500
0.583333
0.608333
0.600000
0.591667
0.612500
0.591667
0.604167
0.608333
0.587500
0.612500
0.595833
0.595833
0.616667
0.587500
0.604167
0.604167
0.587500
0.608333
0.591667
0.600000
0.612500
0.583333
0.600000
0.600000
0.591667
0.612500
0.583333
0.604167
0.604167
0.587500
0.612500
0.583333
0.608333
0.595833
0.595833
0.608333
0.587500
0.600000
0.608333
0.583333
0.600000
0.604167
0.583333
0.600000
0.600000
0.591667
0.608333
0.591667
0.595833
0.612500
0.583333
0.604167
0.600000
0.583333
0.600000
0.600000
0.587500
0.600000
0.600000
0.587500
0.600000
0.600000
0.587500
0.604167
0.587500
0.595833
0.604167
0.579167
0.595833
0.600000
0.583333
0.600000
0.595833
0.587500
0.608333
0.583333
0.600000
0.604167
0.583333
0.600000
0.595833
0.583333
0.608333
0.583333
0.595833
0.595833
0.583333
0.595833
0.595833
0.583333
0.604167
0.587500
0.591667
0.604167
0.579167
0.600000
0.587500
0.595833
0.600000
0.583333
0.595833
0.600000
0.579167
0.600000
0.595833
0.583333
0.600000
0.600000
0.587500
0.612500
0.587500
0.587500
0.608333
0.600000
0.591667
0.612500
0.591667
0.600000
0.612500
0.587500
0.600000
0.612500
0.583333
0.604167
0.608333
0.583333
0.604167
0.604167
0.591667
0.608333
0.591667
0.600000
0.608333
0.583333
0.600000
0.608333
0.583333
0.600000
0.604167
0.583333
0.595833
0.604167
0.587500
0.600000
0.591667
0.595833
0.600000
0.579167
0.604167
0.587500
0.587500
0.604167
0.583333
0.587500
0.608333
0.587500
0.595833
0.604167
0.579167
0.591667
0.591667
0.583333
0.600000
0.579167
0.591667
0.591667
0.579167
0.595833
0.591667
0.587500
0.604167
0.587500
0.595833
0.608333
0.583333
0.604167
0.604167
0.587500
0.604167
0.600000
0.591667
0.604167
0.608333
0.587500
0.608333
0.604167
0.587500
0.612500
0.600000
0.595833
0.612500
0.587500
0.608333
0.608333
0.587500
0.608333
0.595833
0.595833
0.616667
0.587500
0.608333
0.612500
0.587500
0.616667
0.591667
0.600000
0.616667
0.591667
0.600000
0.616667
0.591667
0.608333
0.612500
0.587500
0.608333
0.604167
0.595833
0.608333
0.591667
0.604167
0.604167
0.591667
0.608333
0.595833
0.604167
0.591667
0.608333
0.604167
0.591667
0.595833
0.595833
0.612500
0.591667
0.600000
0.612500
0.583333
0.604167
0.604167
0.583333
0.604167
0.600000
0.591667
0.612500
0.591667
0.595833
0.612500
0.587500
0.595833
0.612500
0.587500
0.595833
0.612500
0.587500
0.591667
0.608333
0.604167
0.587500
0.608333
0.591667
0.600000
0.604167
0.587500
0.608333
0.583333
0.604167
0.604167
0.583333
0.604167
0.595833
0.591667
0.604167
0.579167
0.600000
0.591667
0.587500
0.604167
0.583333
0.591667
0.604167
0.587500
0.595833
0.608333
0.583333
0.604167
0.604167
0.583333
0.608333
0.595833
0.600000
0.612500
0.587500
0.612500
0.608333
0.587500
0.612500
0.595833
0.600000
0.616667
0.591667
0.604167
0.608333
0.591667
0.608333
0.600000
0.595833
0.620833
0.591667
0.608333
0.612500
0.587500
0.604167
0.604167
0.591667
0.612500
0.591667
0.604167
0.608333
0.583333
0.604167
0.604167
0.587500
0.612500
0.587500
0.604167
0.608333
0.583333
0.604167
0.604167
0.587500
0.612500
0.591667
0.595833
0.616667
0.587500
0.608333
0.612500
0.587500
0.616667
0.595833
0.608333
0.620833
0.587500
0.612500
0.612500
0.591667
0.612500
0.608333
0.591667
0.266667
0.950000
0.600000
0.625000
0.595833
0.604167
0.445833
0.779167
0.616667
0.616667
0.595833
0.616667
0.616667
0.600000
0.616667
0.625000
0.595833
0.620833
0.620833
0.600000
0.620833
0.612500
0.608333
0.629167
0.595833
0.616667
0.620833
0.595833
0.625000
0.612500
0.604167
0.629167
0.595833
0.616667
0.620833
0.595833
0.612500
0.616667
0.604167
0.608333
0.612500
0.608333
0.600000
0.620833
0.604167
0.587500
0.595833
0.612500
0.591667
0.608333
0.604167
0.587500
0.595833
0.608333
0.583333
0.604167
0.595833
0.595833
0.612500
0.583333
0.600000
0.604167
0.587500
0.608333
0.591667
0.591667
0.612500
0.591667
0.600000
0.616667
0.587500
0.604167
0.616667
0.587500
0.604167
0.608333
0.591667
0.608333
0.608333
0.595833
0.616667
0.595833
0.608333
0.616667
0.591667
0.612500
0.608333
0.591667
0.620833
0.600000
0.604167
0.616667
0.587500
0.612500
0.604167
0.595833
0.616667
0.595833
0.600000
0.616667
0.587500
0.604167
0.608333
0.591667
0.612500
0.600000
0.600000
0.616667
0.591667
0.604167
0.608333
0.587500
0.604167
0.604167
0.591667
0.604167
0.600000
0.595833
0.612500
0.587500
0.600000
0.608333
0.591667
0.600000
0.608333
0.587500
0.604167
0.612500
0.591667
0.608333
0.616667
0.587500
0.608333
0.604167
0.591667
0.608333
0.600000
0.595833
0.608333
0.604167
0.595833
0.608333
0.612500
0.595833
0.608333
0.608333
0.595833
0.616667
0.595833
0.612500
0.616667
0.595833
0.608333
0.620833
0.591667
0.612500
0.616667
0.595833
0.620833
0.604167
0.608333
0.612500
0.595833
0.608333
0.616667
0.591667
0.612500
0.612500
0.595833
0.608333
0.616667
0.595833
0.612500
0.620833
0.595833
0.604167
0.625000
0.600000
0.608333
0.625000
0.595833
0.616667
0.625000
0.595833
0.616667
0.620833
0.595833
0.616667
0.612500
0.600000
0.620833
0.608333
0.604167
0.625000
0.600000
0.620833
0.625000
0.595833
0.620833
0.612500
0.604167
0.620833
0.600000
0.616667
0.625000
0.600000
0.616667
0.616667
0.600000
0.625000
0.608333
0.608333
0.625000
0.604167
0.616667
0.629167
0.600000
0.620833
0.629167
0.604167
0.620833
0.625000
0.604167
0.620833
0.625000
0.604167
0.629167
0.608333
0.625000
0.633333
0.604167
0.625000
0.629167
0.604167
0.625000
0.620833
0.608333
0.625000
0.620833
0.608333
0.633333
0.608333
0.441667
0.816667
0.604167
0.620833
0.620833
0.600000
0.620833
0.620833
0.600000
0.625000
0.616667
0.604167
0.625000
0.612500
0.604167
0.629167
0.604167
0.612500
0.629167
0.595833
0.620833
0.616667
0.600000
0.625000
0.600000
0.616667
0.616667
0.600000
0.625000
0.600000
0.616667
0.625000
0.600000
0.616667
0.629167
0.600000
0.620833
0.625000
0.600000
0.629167
0.604167
0.625000
0.620833
0.604167
0.629167
0.604167
0.620833
0.608333
0.620833
0.633333
0.600000
0.625000
0.616667
0.608333
0.629167
0.604167
0.620833
0.633333
0.450000
0.770833
0.629167
0.604167
0.625000
0.612500
0.612500
0.629167
0.604167
0.625000
0.633333
0.604167
0.625000
0.629167
0.604167
0.633333
0.616667
0.616667
0.633333
0.612500
0.625000
0.629167
0.608333
0.620833
0.629167
0.604167
0.625000
0.620833
0.600000
0.629167
0.608333
0.616667
0.629167
0.604167
0.620833
0.629167
0.604167
0.625000
0.620833
0.612500
0.629167
0.608333
0.620833
0.625000
0.604167
0.625000
0.612500
0.616667
0.633333
0.604167
0.625000
0.633333
0.604167
0.625000
0.629167
0.608333
0.625000
0.616667
0.612500
0.629167
0.608333
0.629167
0.604167
0.633333
0.612500
0.625000
0.633333
0.608333
0.625000
0.633333
0.608333
0.633333
0.608333
0.629167
0.625000
0.616667
0.637500
0.608333
0.629167
0.629167
0.608333
0.637500
0.620833
0.620833
0.641667
0.608333
0.633333
0.629167
