0.912500
0.908333
0.929167
0.954167
0.916667
0.895833
0.933333
0.962500
0.950000
0.908333
0.916667
0.945833
0.966667
0.958333
0.925000
0.937500
0.987500
0.970833
0.933333
0.937500
0.962500
0.945833
0.925000
0.916667
0.954167
0.945833
0.920833
0.908333
0.920833
0.937500
0.412500
0.508333
0.875000
0.891667
0.854167
0.633333
0.216667
0.383333
0.700000
0.395833
0.329167
0.362500
0.745833
0.650000
0.920833
0.887500
0.804167
1.029167
0.912500
0.929167
0.933333
0.916667
0.891667
0.895833
0.891667
0.879167
0.887500
0.883333
0.887500
0.908333
0.933333
0.904167
0.954167
0.983333
0.991667
0.958333
0.954167
0.954167
0.900000
0.900000
0.925000
0.941667
0.950000
0.900000
0.908333
0.929167
0.925000
0.904167
0.900000
0.908333
0.912500
0.920833
0.904167
0.908333
0.941667
0.954167
0.929167
0.925000
0.933333
0.970833
0.929167
0.950000
0.945833
0.954167
0.908333
0.929167
0.904167
0.916667
0.970833
0.962500
0.916667
0.954167
0.958333
0.916667
0.954167
0.920833
0.900000
0.891667
0.916667
0.925000
0.966667
0.975000
0.958333
0.966667
0.945833
0.937500
0.916667
0.929167
0.950000
0.966667
0.979167
0.929167
0.933333
0.925000
0.883333
0.895833
0.895833
0.912500
0.929167
0.920833
0.895833
0.887500
0.258333
0.637500
0.891667
0.891667
0.870833
0.862500
0.870833
0.870833
0.875000
0.866667
0.862500
0.841667
0.837500
0.845833
0.854167
0.829167
0.854167
0.833333
0.833333
0.820833
0.816667
0.825000
0.804167
0.800000
0.787500
0.795833
0.783333
0.783333
0.754167
0.750000
0.775000
0.775000
0.762500
0.758333
0.770833
0.754167
0.775000
0.770833
0.775000
0.775000
0.770833
0.762500
0.779167
0.775000
0.779167
0.783333
0.775000
0.779167
0.787500
0.795833
0.791667
0.804167
0.808333
0.812500
0.812500
0.816667
0.808333
0.795833
0.795833
0.800000
0.804167
0.800000
0.766667
0.808333
0.345833
0.450000
0.541667
0.283333
0.283333
0.225000
0.408333
0.229167
0.458333
0.420833
0.400000
0.383333
0.437500
0.833333
0.825000
0.837500
0.820833
0.825000
0.833333
0.850000
0.858333
0.854167
0.854167
0.854167
0.850000
0.866667
0.825000
0.841667
0.854167
0.866667
0.858333
0.854167
0.845833
0.833333
0.837500
0.862500
0.887500
0.912500
0.908333
0.929167
0.900000
0.875000
0.887500
0.908333
0.908333
0.908333
0.875000
0.883333
0.887500
0.887500
0.866667
0.879167
0.866667
0.837500
0.837500
0.845833
0.887500
0.933333
0.912500
0.912500
0.870833
0.866667
0.858333
0.870833
0.875000
0.887500
0.900000
0.900000
0.866667
0.875000
0.920833
0.916667
0.916667
0.925000
0.925000
0.866667
0.875000
0.908333
0.883333
0.883333
0.895833
0.895833
0.895833
0.883333
0.879167
0.875000
0.858333
0.862500
0.879167
0.895833
0.875000
0.862500
0.875000
0.895833
0.883333
0.866667
0.866667
0.870833
0.866667
0.862500
0.870833
0.837500
0.845833
0.875000
0.854167
0.875000
0.845833
0.854167
0.854167
0.870833
0.891667
0.887500
0.862500
0.875000
0.879167
0.870833
0.866667
0.883333
0.854167
0.850000
0.862500
0.883333
0.887500
0.870833
0.879167
0.883333
0.891667
0.887500
0.912500
0.887500
0.845833
0.850000
0.854167
0.870833
0.900000
0.916667
0.866667
0.879167
0.891667
0.908333
0.929167
0.912500
0.866667
0.895833
0.900000
0.879167
0.900000
0.925000
0.908333
0.866667
0.883333
0.920833
0.933333
0.937500
0.900000
0.904167
0.916667
0.954167
0.904167
0.900000
0.912500
0.908333
0.883333
0.891667
0.904167
0.929167
0.929167
0.887500
0.904167
0.925000
0.920833
0.900000
0.850000
0.862500
0.879167
0.866667
0.887500
0.862500
0.854167
0.891667
0.870833
0.891667
0.895833
0.912500
0.891667
0.870833
0.883333
0.891667
0.862500
0.883333
0.904167
0.904167
0.887500
0.883333
0.879167
0.879167
0.891667
0.908333
0.858333
0.900000
0.929167
0.933333
0.891667
0.908333
0.941667
0.941667
0.891667
0.883333
0.908333
0.925000
0.945833
0.895833
0.875000
0.908333
0.941667
0.920833
0.891667
0.850000
0.866667
0.887500
0.912500
0.900000
0.900000
0.904167
0.883333
0.879167
0.887500
0.895833
0.879167
0.879167
0.908333
0.904167
0.904167
0.887500
0.879167
0.870833
0.866667
0.891667
0.920833
0.945833
0.966667
0.950000
0.933333
0.891667
0.916667
0.920833
0.937500
0.891667
0.908333
0.916667
0.941667
0.945833
0.908333
0.912500
0.920833
0.945833
0.912500
0.895833
0.937500
0.958333
0.962500
0.895833
0.912500
0.933333
0.958333
0.995833
0.970833
0.929167
0.929167
0.925000
0.929167
0.920833
0.937500
0.920833
0.887500
0.887500
0.879167
0.904167
0.904167
0.879167
0.883333
0.920833
0.958333
0.954167
0.916667
0.933333
0.983333
0.975000
0.929167
0.904167
0.920833
0.958333
0.950000
0.925000
0.895833
0.904167
0.920833
0.954167
0.887500
0.900000
0.912500
0.920833
0.883333
0.862500
0.883333
0.916667
0.912500
0.920833
0.883333
0.908333
0.925000
0.929167
0.920833
0.945833
0.895833
0.904167
0.870833
0.887500
0.916667
0.904167
0.895833
0.904167
0.900000
0.870833
0.875000
0.887500
0.912500
0.891667
0.916667
0.929167
0.912500
0.904167
0.875000
0.887500
0.883333
0.900000
0.895833
0.900000
0.895833
0.904167
0.904167
0.900000
0.866667
0.866667
0.870833
0.870833
0.866667
0.862500
0.833333
0.837500
0.841667
0.887500
0.908333
0.937500
0.912500
0.900000
0.929167
0.883333
0.908333
0.904167
0.891667
0.875000
0.891667
0.916667
0.908333
0.908333
0.879167
0.883333
0.891667
0.887500
0.904167
0.895833
0.879167
0.887500
0.887500
0.895833
0.895833
0.879167
0.875000
0.883333
0.866667
0.883333
0.870833
0.879167
0.891667
0.887500
0.883333
0.883333
0.870833
0.875000
0.883333
0.875000
0.887500
0.870833
0.850000
0.866667
0.891667
0.879167
0.883333
0.887500
0.900000
0.900000
0.870833
0.879167
0.858333
0.870833
0.866667
0.854167
0.858333
0.875000
0.879167
0.858333
0.850000
0.866667
0.887500
0.883333
0.870833
0.887500
0.854167
0.875000
0.875000
0.870833
0.862500
0.883333
0.891667
0.883333
0.875000
0.883333
0.879167
0.875000
0.858333
0.866667
0.841667
0.850000
0.845833
0.837500
0.850000
0.862500
0.862500
0.862500
0.858333
0.858333
0.862500
0.841667
0.866667
0.870833
0.858333
0.858333
0.870833
0.866667
0.845833
0.862500
0.866667
0.858333
0.854167
0.845833
0.850000
0.858333
0.837500
0.845833
0.845833
0.837500
0.845833
0.850000
0.854167
0.850000
0.870833
0.883333
0.883333
0.883333
0.854167
0.866667
0.862500
0.866667
0.866667
0.858333
0.875000
0.866667
0.879167
0.879167
0.879167
0.845833
0.858333
0.862500
0.862500
0.866667
0.875000
0.858333
0.870833
0.870833
0.883333
0.875000
0.875000
0.875000
0.870833
0.837500
0.870833
0.858333
0.866667
0.850000
0.816667
0.833333
0.837500
0.841667
0.854167
0.858333
0.875000
0.875000
0.875000
0.891667
0.879167
0.862500
0.870833
0.854167
0.854167
0.841667
0.854167
0.854167
0.862500
0.841667
0.845833
