0.479167
0.962500
0.554167
0.320833
0.850000
0.854167
0.845833
0.845833
0.850000
0.845833
0.850000
0.841667
1.566667
0.854167
1.391667
0.837500
0.500000
0.945833
0.983333
0.341667
1.162500
1.658333
0.854167
0.845833
0.841667
0.850000
0.841667
0.850000
0.487500
0.954167
0.862500
0.483333
0.958333
0.858333
0.850000
0.850000
0.850000
0.841667
0.841667
0.475000
0.958333
0.858333
0.508333
0.958333
0.837500
0.470833
1.125000
0.491667
1.170833
0.491667
0.975000
0.841667
0.841667
0.837500
0.841667
0.508333
1.212500
0.870833
0.866667
0.866667
0.862500
0.475000
0.950000
0.883333
0.508333
0.987500
0.879167
0.875000
0.879167
0.870833
0.875000
0.495833
0.991667
0.883333
0.479167
0.954167
0.883333
0.479167
0.975000
0.875000
0.866667
0.866667
0.866667
0.866667
0.479167
0.950000
0.870833
0.475000
1.129167
0.858333
0.516667
0.983333
0.866667
0.862500
0.858333
0.858333
0.866667
0.862500
0.862500
0.516667
0.979167
0.870833
0.875000
0.858333
0.866667
0.866667
0.858333
0.862500
0.862500
0.862500
0.483333
0.591667
0.950000
0.904167
0.508333
0.950000
0.895833
0.541667
0.908333
0.895833
0.491667
0.933333
0.879167
0.475000
0.962500
0.858333
0.483333
0.954167
0.841667
0.475000
1.137500
0.854167
0.516667
0.966667
0.845833
0.470833
0.950000
0.495833
0.975000
0.475000
1.179167
0.866667
0.845833
0.845833
0.845833
0.483333
1.170833
0.862500
0.500000
0.441667
0.804167
0.858333
0.850000
0.845833
0.850000
0.850000
0.854167
0.850000
0.845833
0.858333
0.487500
0.962500
0.850000
0.479167
1.158333
1.658333
0.845833
0.504167
1.208333
0.858333
0.504167
1.241667
0.870833
0.854167
0.858333
0.845833
0.862500
0.862500
0.858333
0.841667
0.854167
0.858333
0.858333
0.491667
0.962500
0.875000
0.862500
0.854167
0.479167
1.137500
0.862500
0.475000
1.137500
0.862500
0.479167
1.145833
0.850000
0.854167
0.858333
0.858333
0.858333
0.862500
0.491667
1.175000
0.875000
0.512500
0.987500
0.875000
0.479167
1.141667
0.866667
0.479167
1.145833
0.854167
0.454167
1.166667
1.658333
0.841667
0.487500
0.958333
0.854167
0.479167
1.145833
0.850000
0.475000
1.137500
0.858333
0.479167
0.950000
0.875000
0.483333
0.966667
0.883333
0.870833
0.875000
0.500000
0.983333
0.870833
0.487500
0.970833
0.870833
0.487500
0.962500
0.870833
0.862500
0.862500
0.858333
0.862500
0.479167
1.125000
0.858333
0.483333
0.966667
0.495833
0.991667
0.875000
0.508333
0.941667
0.879167
0.512500
0.979167
0.866667
0.495833
0.966667
0.854167
0.475000
0.950000
0.845833
0.500000
0.962500
0.850000
0.475000
0.941667
0.866667
0.862500
0.858333
0.508333
0.975000
0.875000
0.483333
0.970833
0.870833
0.487500
0.962500
0.875000
0.870833
0.870833
0.870833
0.870833
0.866667
0.854167
0.487500
1.233333
0.875000
0.483333
0.975000
0.875000
0.495833
0.979167
0.870833
0.487500
0.970833
0.879167
0.479167
0.966667
0.875000
0.883333
0.879167
0.870833
0.866667
0.870833
0.862500
0.866667
0.866667
0.875000
0.866667
0.858333
0.866667
0.866667
0.870833
0.866667
0.858333
0.475000
0.950000
0.470833
1.170833
0.862500
0.487500
1.183333
1.458333
0.187500
0.833333
0.500000
1.183333
1.666667
0.845833
0.825000
0.825000
0.470833
1.158333
0.529167
1.108333
1.641667
1.408333
0.820833
0.470833
1.145833
1.629167
0.558333
1.104167
0.816667
0.487500
1.212500
0.862500
0.820833
0.283333
1.058333
0.116667
1.012500
0.466667
1.183333
0.816667
0.808333
0.500000
0.920833
0.804167
0.470833
1.145833
0.841667
0.820833
0.825000
0.833333
0.833333
0.837500
0.833333
0.833333
0.841667
0.841667
0.837500
0.841667
0.845833
0.850000
0.854167
0.850000
0.854167
0.858333
0.504167
0.970833
0.866667
0.475000
0.950000
0.858333
0.462500
0.987500
0.870833
0.879167
0.487500
1.200000
0.879167
0.483333
0.975000
0.875000
0.458333
0.987500
0.875000
0.866667
0.854167
0.850000
0.462500
0.937500
0.833333
0.487500
1.170833
0.841667
0.820833
0.829167
0.833333
0.841667
0.475000
1.158333
0.845833
0.845833
0.850000
0.850000
0.854167
0.858333
0.858333
0.862500
0.858333
0.850000
0.845833
0.837500
0.462500
0.929167
1.420833
0.470833
1.162500
0.854167
0.479167
0.954167
0.858333
0.479167
0.937500
0.862500
0.862500
0.858333
0.858333
0.850000
0.862500
0.854167
0.854167
0.850000
0.491667
0.966667
0.862500
0.483333
0.958333
0.858333
0.479167
0.945833
0.862500
0.479167
0.958333
0.862500
0.862500
0.858333
0.850000
0.850000
0.854167
0.850000
0.850000
0.466667
1.133333
0.862500
0.845833
0.845833
0.850000
0.845833
0.845833
0.854167
0.850000
0.858333
0.858333
0.858333
0.850000
0.845833
0.841667
0.845833
0.833333
0.829167
0.829167
0.475000
0.950000
0.850000
0.487500
0.958333
0.854167
0.487500
0.966667
0.866667
0.495833
0.945833
0.875000
0.858333
0.858333
0.850000
0.841667
0.841667
0.833333
0.829167
0.825000
0.495833
1.229167
0.850000
0.837500
0.829167
0.833333
0.833333
0.495833
1.187500
0.850000
0.850000
0.850000
0.854167
0.487500
1.162500
1.645833
0.858333
0.504167
0.979167
0.866667
0.491667
0.966667
0.866667
0.475000
0.950000
0.879167
0.866667
0.866667
0.862500
0.858333
0.862500
0.529167
0.991667
0.862500
0.491667
0.970833
0.862500
0.483333
0.966667
0.854167
0.470833
0.945833
0.850000
0.483333
0.962500
0.845833
0.512500
0.891667
0.862500
0.858333
0.845833
0.850000
0.479167
0.929167
0.866667
0.862500
0.854167
0.854167
0.854167
0.479167
0.958333
0.854167
0.254167
1.166667
0.500000
0.712500
0.475000
0.845833
0.475000
1.200000
0.495833
0.966667
1.645833
0.845833
0.820833
0.820833
0.475000
0.945833
0.829167
0.816667
0.820833
0.812500
0.829167
0.825000
0.833333
0.829167
0.841667
0.479167
0.941667
0.858333
0.500000
0.966667
0.858333
0.491667
0.954167
0.862500
0.487500
0.958333
0.850000
0.500000
1.179167
0.866667
0.837500
0.470833
0.887500
0.854167
0.841667
0.850000
0.854167
0.470833
0.958333
0.870833
0.479167
0.950000
0.870833
0.483333
0.970833
0.866667
0.483333
0.970833
0.879167
0.875000
0.862500
0.875000
0.487500
0.966667
0.870833
0.479167
0.966667
0.879167
0.866667
0.866667
0.500000
1.200000
0.866667
0.495833
0.979167
0.862500
0.466667
0.941667
0.487500
1.187500
0.854167
0.837500
0.833333
0.833333
0.470833
0.937500
0.487500
1.170833
0.854167
0.841667
0.841667
0.837500
0.475000
0.954167
0.850000
0.466667
1.145833
0.858333
0.837500
0.833333
0.491667
0.962500
0.854167
0.470833
0.929167
0.858333
0.483333
0.962500
0.850000
0.470833
1.145833
0.845833
0.483333
0.958333
0.841667
0.470833
0.916667
0.841667
0.470833
1.133333
1.050000
0.062500
1.133333
0.504167
1.191667
0.595833
0.250000
0.845833
0.487500
0.945833
0.191667
1.366667
0.679167
0.308333
0.866667
0.287500
1.145833
0.858333
0.470833
0.954167
1.108333
1.462500
0.658333
0.183333
0.845833
0.850000
0.837500
0.845833
0.829167
0.833333
0.300000
0.654167
0.137500
0.516667
0.566667
0.325000
1.320833
0.500000
0.462500
1.133333
0.520833
1.250000
0.795833
0.808333
0.320833
0.508333
0.404167
0.404167
0.804167
0.287500
0.195833
0.887500
0.291667
0.791667
0.462500
0.975000
0.450000
0.350000
0.804167
1.425000
0.404167
0.245833
0.766667
0.925000
1.604167
0.783333
0.779167
0.791667
0.487500
1.704167
1.587500
1.554167
0.779167
0.291667
0.475000
0.779167
0.779167
