1.108333
1.416667
0.708333
0.645833
0.637500
0.583333
1.070833
0.591667
0.591667
0.529167
0.479167
0.454167
0.529167
0.566667
0.912500
0.825000
0.575000
0.529167
1.012500
0.629167
0.775000
1.191667
0.708333
0.520833
0.766667
0.954167
0.750000
0.891667
0.783333
0.920833
0.825000
1.195833
0.804167
0.550000
1.075000
0.645833
0.791667
0.854167
0.941667
0.508333
0.795833
1.108333
1.250000
0.654167
0.975000
0.937500
0.575000
0.858333
0.854167
1.204167
0.520833
0.495833
0.975000
0.575000
1.670833
0.870833
0.679167
0.525000
0.691667
0.595833
0.958333
0.825000
1.191667
0.900000
0.566667
0.537500
0.454167
0.475000
0.937500
0.800000
1.070833
0.575000
0.737500
0.600000
0.933333
0.712500
0.833333
0.754167
0.575000
0.837500
0.733333
1.091667
0.550000
0.954167
0.633333
1.000000
1.275000
0.825000
0.520833
0.912500
0.620833
0.633333
0.658333
1.112500
0.500000
1.025000
0.570833
0.658333
1.316667
0.554167
0.512500
1.141667
0.750000
1.195833
0.841667
0.962500
0.887500
0.891667
0.891667
0.654167
1.045833
0.879167
0.725000
0.925000
0.541667
0.504167
0.791667
1.025000
1.025000
1.245833
0.575000
0.470833
0.529167
0.683333
0.558333
1.058333
0.800000
0.550000
0.670833
0.750000
0.891667
0.616667
0.916667
0.979167
0.608333
1.070833
1.025000
1.100000
0.966667
1.016667
0.712500
0.650000
1.062500
0.829167
0.875000
0.579167
0.945833
0.562500
0.500000
0.520833
1.012500
0.658333
0.787500
1.000000
1.250000
1.016667
0.629167
0.533333
0.695833
0.504167
1.245833
0.691667
0.912500
1.120833
0.754167
0.787500
0.475000
0.437500
0.879167
0.658333
0.645833
0.816667
1.170833
1.233333
0.487500
1.670833
1.379167
0.575000
0.841667
0.591667
0.516667
0.683333
0.670833
0.929167
0.558333
1.120833
1.483333
0.925000
0.670833
0.666667
0.762500
0.816667
0.833333
0.770833
1.187500
1.429167
0.533333
0.829167
0.937500
0.562500
0.591667
0.912500
0.833333
0.525000
0.533333
0.654167
1.020833
0.754167
0.691667
1.279167
0.837500
1.000000
0.825000
1.012500
1.183333
0.883333
0.887500
0.566667
1.091667
0.716667
0.637500
0.554167
0.920833
0.595833
0.950000
0.975000
1.475000
1.200000
0.520833
0.579167
0.991667
0.958333
0.620833
0.837500
0.937500
0.750000
0.850000
1.058333
0.708333
0.745833
0.633333
0.716667
0.791667
1.425000
0.595833
1.116667
0.870833
0.600000
0.891667
1.025000
0.645833
0.812500
0.962500
0.654167
0.804167
0.512500
0.945833
1.354167
0.875000
1.008333
0.987500
0.929167
0.533333
0.854167
0.641667
0.525000
0.645833
0.516667
0.983333
0.550000
1.016667
0.808333
0.650000
1.054167
0.675000
0.666667
0.612500
0.812500
0.625000
1.575000
0.712500
0.833333
0.608333
0.645833
0.841667
0.958333
0.737500
0.900000
0.679167
1.066667
0.533333
0.812500
0.525000
0.554167
0.583333
0.591667
1.154167
0.720833
1.225000
0.616667
0.908333
1.087500
0.912500
0.966667
0.570833
0.979167
0.745833
0.508333
1.087500
0.958333
0.558333
1.337500
0.870833
0.737500
1.079167
0.841667
1.679167
0.887500
0.691667
0.850000
0.808333
0.825000
0.970833
0.891667
0.633333
1.229167
0.629167
0.554167
0.916667
1.025000
0.975000
0.637500
0.966667
0.708333
1.016667
0.895833
1.108333
0.887500
0.591667
0.920833
0.550000
0.720833
0.962500
1.004167
1.266667
0.958333
0.916667
1.191667
0.729167
0.583333
0.545833
0.570833
0.575000
1.295833
0.554167
0.895833
0.858333
0.562500
0.666667
0.466667
0.512500
1.020833
1.270833
1.041667
0.891667
1.037500
0.554167
0.687500
0.870833
1.587500
0.720833
0.733333
0.908333
0.900000
0.554167
0.937500
0.541667
1.408333
0.604167
0.970833
0.608333
1.091667
0.604167
0.995833
1.108333
0.604167
0.879167
0.712500
0.620833
1.062500
1.050000
0.516667
0.570833
0.537500
0.691667
0.995833
0.758333
0.895833
0.725000
0.537500
1.558333
1.191667
0.529167
0.583333
1.066667
0.708333
0.833333
0.545833
0.645833
1.016667
0.604167
1.225000
0.675000
0.720833
0.620833
0.770833
0.645833
1.412500
0.858333
0.787500
1.104167
0.895833
0.883333
1.020833
0.670833
0.654167
1.216667
0.791667
0.837500
0.820833
0.608333
1.087500
0.950000
0.595833
0.758333
0.995833
0.895833
1.116667
1.229167
1.020833
0.545833
1.054167
0.508333
0.791667
0.537500
0.508333
0.687500
0.904167
1.195833
0.937500
1.037500
0.912500
1.058333
0.854167
0.554167
0.775000
0.570833
1.187500
0.812500
0.600000
0.954167
0.887500
0.600000
0.800000
0.716667
0.691667
0.983333
0.541667
1.241667
1.195833
0.633333
1.275000
1.112500
0.937500
0.616667
1.037500
0.666667
0.633333
0.866667
0.566667
0.504167
1.254167
0.858333
0.520833
0.562500
0.966667
0.733333
0.670833
0.741667
0.570833
0.933333
0.545833
0.945833
0.729167
0.791667
0.554167
0.975000
0.612500
1.654167
0.650000
0.591667
0.887500
0.658333
1.029167
0.883333
1.004167
0.770833
1.079167
1.241667
0.650000
0.683333
0.950000
1.095833
0.775000
0.995833
0.654167
1.050000
0.658333
0.520833
0.579167
0.904167
1.241667
1.120833
0.612500
0.891667
0.833333
0.579167
0.579167
0.979167
1.441667
1.275000
0.895833
0.916667
0.566667
0.558333
0.737500
0.625000
0.475000
0.600000
1.116667
0.829167
0.579167
0.666667
0.579167
0.495833
0.866667
0.654167
0.912500
0.570833
0.604167
0.608333
0.533333
0.891667
0.887500
1.120833
0.658333
0.612500
0.937500
0.529167
0.762500
0.950000
1.008333
1.204167
1.450000
0.900000
0.633333
0.537500
0.812500
1.208333
0.866667
0.570833
0.541667
0.575000
1.058333
1.225000
1.195833
0.650000
0.716667
0.583333
0.491667
0.529167
0.804167
0.862500
0.833333
1.233333
1.566667
0.954167
1.129167
0.866667
0.712500
0.604167
0.941667
0.741667
0.770833
0.675000
0.695833
0.837500
0.854167
1.000000
1.175000
0.675000
1.050000
0.758333
1.191667
0.654167
0.666667
1.225000
0.895833
1.104167
0.875000
0.550000
0.933333
0.970833
0.570833
0.604167
0.916667
0.816667
0.920833
0.529167
1.254167
0.725000
1.429167
0.879167
1.079167
0.983333
0.495833
0.616667
0.570833
0.891667
0.733333
0.879167
0.583333
0.779167
0.825000
0.625000
0.550000
0.679167
0.612500
0.804167
0.720833
0.600000
1.154167
0.970833
1.079167
1.070833
1.054167
0.775000
0.745833
0.745833
0.575000
0.958333
0.733333
0.570833
0.591667
0.616667
1.041667
0.950000
0.883333
0.616667
0.595833
1.058333
0.795833
0.929167
0.991667
1.104167
1.187500
0.929167
0.995833
0.729167
1.000000
0.779167
0.670833
0.891667
0.933333
0.695833
0.795833
0.829167
0.550000
0.933333
0.658333
0.591667
1.037500
0.583333
0.508333
1.045833
0.608333
0.662500
0.979167
0.512500
0.700000
0.837500
1.170833
1.229167
0.745833
0.645833
0.816667
0.750000
1.304167
0.695833
0.916667
1.033333
0.604167
0.900000
0.991667
0.508333
0.866667
1.062500
0.541667
0.983333
1.029167
0.829167
0.570833
0.533333
1.266667
0.670833
0.766667
1.012500
0.541667
1.029167
1.108333
0.979167
1.562500
0.741667
0.779167
0.804167
1.016667
0.558333
0.795833
1.016667
0.770833
0.841667
0.458333
0.520833
0.545833
0.912500
0.604167
0.483333
0.462500
1.045833
1.050000
0.604167
0.712500
0.645833
0.441667
1.208333
1.170833
0.929167
0.708333
0.583333
0.558333
0.883333
0.679167
0.962500
0.662500
0.654167
1.266667
