1.100000
1.066667
1.104167
1.116667
1.120833
1.041667
1.145833
1.125000
1.041667
1.162500
1.129167
1.083333
1.070833
1.133333
1.075000
1.037500
1.116667
1.125000
1.050000
1.054167
1.112500
1.120833
1.025000
1.154167
1.129167
1.025000
1.112500
1.125000
1.166667
1.054167
1.187500
1.195833
1.058333
1.216667
1.195833
1.070833
1.183333
1.179167
1.133333
1.191667
1.129167
1.100000
1.020833
1.095833
1.162500
1.041667
1.229167
1.245833
1.112500
1.183333
1.258333
1.154167
1.075000
1.141667
1.100000
1.066667
1.166667
1.145833
1.058333
1.154167
1.141667
1.116667
1.070833
1.183333
1.154167
1.045833
1.145833
1.150000
1.058333
1.162500
1.133333
1.133333
1.079167
1.141667
1.116667
1.037500
1.187500
1.141667
1.075000
1.095833
1.154167
1.150000
1.050000
1.191667
1.150000
1.083333
1.204167
1.129167
1.075000
1.162500
1.141667
1.150000
1.079167
1.187500
1.150000
1.054167
1.258333
1.195833
1.050000
1.158333
1.129167
1.075000
1.125000
1.133333
1.137500
1.062500
1.137500
1.150000
1.058333
1.191667
1.150000
1.137500
1.170833
1.191667
1.175000
1.062500
1.266667
1.158333
1.045833
1.162500
1.145833
1.045833
1.083333
1.145833
1.125000
1.079167
1.179167
1.166667
1.045833
1.195833
1.204167
1.083333
1.204167
1.170833
1.083333
1.050000
1.150000
1.104167
1.033333
1.175000
1.141667
1.070833
1.133333
1.150000
1.091667
1.050000
1.145833
1.162500
1.045833
1.187500
1.125000
1.083333
1.083333
1.129167
1.125000
1.041667
1.170833
1.137500
1.045833
1.166667
1.116667
1.108333
1.104167
1.145833
1.137500
1.050000
1.175000
1.095833
1.045833
1.129167
1.129167
1.141667
1.083333
1.162500
1.145833
1.066667
1.225000
1.166667
1.062500
1.116667
1.120833
1.091667
1.045833
1.279167
1.212500
1.066667
1.154167
1.120833
1.054167
1.225000
1.141667
1.095833
1.083333
1.137500
1.108333
1.041667
1.233333
1.158333
1.066667
1.141667
1.158333
1.087500
1.083333
1.137500
1.129167
1.033333
1.129167
1.091667
1.058333
1.112500
1.145833
1.145833
1.045833
1.137500
1.087500
1.033333
1.183333
1.133333
1.087500
1.116667
1.129167
1.154167
1.050000
1.179167
1.125000
1.041667
1.120833
1.112500
1.133333
1.050000
1.137500
1.104167
1.029167
1.179167
1.104167
1.095833
1.108333
1.116667
1.095833
1.050000
1.137500
1.133333
1.008333
1.075000
1.112500
1.116667
1.083333
1.166667
1.195833
1.070833
1.308333
1.291667
1.100000
1.295833
1.200000
1.070833
1.195833
1.129167
1.141667
1.133333
1.179167
1.133333
1.075000
1.158333
1.166667
1.054167
1.208333
1.170833
1.066667
1.145833
1.145833
1.158333
1.091667
1.154167
1.145833
1.050000
1.158333
1.141667
1.066667
1.108333
1.133333
1.108333
1.050000
1.150000
1.116667
1.045833
1.187500
1.091667
1.054167
1.083333
1.112500
1.087500
1.033333
1.125000
1.108333
1.050000
1.116667
1.129167
1.095833
1.033333
1.170833
1.112500
1.054167
1.150000
1.091667
1.108333
1.041667
1.120833
1.112500
1.037500
1.133333
1.125000
1.066667
1.079167
1.112500
1.100000
1.041667
1.179167
1.100000
1.054167
1.087500
1.120833
1.079167
1.025000
1.154167
1.104167
1.050000
1.145833
1.083333
1.108333
1.041667
1.175000
1.104167
1.029167
1.150000
1.104167
1.037500
1.075000
1.137500
1.104167
1.054167
1.133333
1.087500
1.045833
1.091667
1.133333
1.104167
1.045833
1.162500
1.100000
1.050000
1.133333
1.100000
1.125000
1.062500
1.162500
1.158333
1.037500
1.179167
1.095833
1.070833
1.125000
1.129167
1.125000
1.075000
1.129167
1.104167
1.041667
1.137500
1.108333
1.083333
1.100000
1.120833
1.120833
1.054167
1.200000
1.133333
1.079167
1.291667
1.183333
1.066667
1.125000
1.154167
1.175000
1.062500
1.145833
1.100000
1.025000
1.166667
1.112500
1.083333
1.100000
1.141667
1.125000
1.050000
1.200000
1.154167
1.050000
1.158333
1.104167
1.108333
1.100000
1.125000
1.150000
1.070833
1.204167
1.108333
1.037500
1.116667
1.158333
1.075000
1.045833
1.112500
1.116667
1.025000
1.187500
1.116667
1.087500
1.087500
1.100000
1.095833
1.029167
1.145833
1.120833
1.054167
1.100000
1.125000
1.095833
1.037500
1.162500
1.104167
1.062500
1.166667
1.150000
1.091667
1.154167
1.104167
1.141667
1.066667
1.170833
1.116667
1.079167
1.162500
1.150000
1.083333
1.108333
1.133333
1.137500
1.066667
1.175000
1.150000
1.054167
1.166667
1.158333
1.116667
1.108333
1.150000
1.212500
1.079167
1.229167
1.216667
1.062500
1.212500
1.145833
1.066667
1.183333
1.145833
1.116667
1.079167
1.054167
1.016667
0.962500
0.891667
0.870833
0.866667
0.858333
0.845833
0.858333
0.941667
0.941667
1.125000
1.329167
1.325000
1.066667
1.083333
1.208333
1.062500
1.166667
1.187500
1.062500
1.187500
1.183333
1.116667
1.175000
1.083333
0.858333
1.162500
1.116667
1.191667
1.079167
1.187500
1.237500
1.191667
1.158333
1.200000
1.216667
1.112500
1.216667
1.220833
1.087500
1.295833
1.287500
1.087500
1.287500
1.175000
1.050000
1.379167
1.262500
1.062500
1.195833
1.212500
1.100000
1.150000
1.158333
1.191667
1.045833
1.033333
1.033333
1.020833
1.091667
1.125000
1.120833
1.054167
1.175000
1.150000
1.054167
1.216667
1.175000
1.058333
1.220833
1.183333
1.141667
1.145833
1.245833
1.237500
1.133333
1.220833
1.216667
1.087500
1.200000
1.208333
1.087500
1.270833
1.212500
1.083333
1.179167
1.216667
