0.575000
0.737500
0.220833
0.516667
0.729167
0.741667
0.750000
0.758333
0.766667
0.758333
0.737500
0.729167
0.745833
0.750000
0.758333
0.766667
0.758333
0.758333
0.766667
0.766667
0.775000
0.775000
0.787500
0.791667
0.795833
0.791667
0.791667
0.779167
0.766667
0.762500
0.754167
0.754167
0.745833
0.754167
0.758333
0.762500
0.762500
0.762500
0.766667
0.754167
0.266667
0.675000
1.341667
0.770833
0.766667
0.775000
0.787500
0.795833
0.779167
0.766667
0.754167
0.758333
0.775000
0.787500
0.791667
0.783333
0.754167
0.750000
0.762500
0.775000
0.791667
0.804167
0.820833
0.233333
0.575000
0.795833
0.541667
0.100000
0.133333
0.304167
0.529167
0.662500
0.237500
0.262500
0.237500
0.200000
0.570833
0.254167
0.275000
0.245833
0.570833
0.204167
0.754167
0.729167
0.416667
0.304167
0.258333
0.462500
0.729167
0.716667
0.733333
0.737500
0.737500
0.745833
0.775000
0.775000
0.779167
0.787500
0.295833
0.475000
0.387500
0.366667
0.750000
0.733333
0.716667
0.825000
0.012500
0.566667
0.883333
1.233333
0.387500
0.337500
0.733333
0.741667
0.737500
0.729167
0.729167
0.750000
0.766667
0.770833
0.766667
0.775000
0.783333
0.770833
0.766667
0.762500
0.762500
0.766667
0.766667
0.779167
0.779167
0.804167
0.804167
0.808333
0.800000
0.791667
0.775000
0.758333
0.758333
0.766667
0.779167
0.770833
0.779167
0.779167
0.770833
0.779167
0.775000
0.775000
0.791667
0.766667
0.754167
0.770833
0.779167
0.783333
0.766667
0.766667
0.770833
0.770833
0.779167
0.775000
0.775000
0.779167
0.787500
0.800000
0.775000
0.754167
0.750000
0.741667
0.745833
0.745833
0.750000
0.754167
0.750000
0.150000
0.595833
0.737500
0.737500
0.737500
0.737500
0.266667
0.641667
0.137500
0.345833
0.458333
0.500000
0.508333
0.370833
0.362500
0.741667
0.762500
0.775000
0.783333
0.787500
0.791667
0.437500
0.329167
0.750000
0.166667
0.375000
0.945833
0.766667
0.845833
0.662500
0.291667
0.458333
0.750000
0.495833
0.250000
0.750000
0.504167
0.258333
0.762500
0.770833
0.766667
0.766667
0.762500
0.754167
0.745833
0.745833
0.758333
0.783333
0.783333
0.766667
0.762500
0.775000
0.791667
0.791667
0.791667
0.804167
0.804167
0.795833
0.770833
0.762500
0.762500
0.775000
0.791667
0.783333
0.787500
0.791667
0.791667
0.783333
0.779167
0.791667
0.795833
0.804167
0.804167
0.800000
1.220833
0.304167
0.275000
1.925000
0.741667
0.737500
1.479167
0.750000
0.762500
0.787500
0.795833
0.791667
1.566667
0.791667
0.787500
0.762500
0.266667
0.495833
0.233333
0.487500
0.275000
0.250000
1.070833
0.766667
0.762500
0.770833
0.775000
0.783333
0.787500
0.775000
0.779167
0.787500
0.795833
0.808333
0.816667
0.825000
0.241667
0.575000
0.791667
1.216667
0.308333
0.762500
0.758333
1.712500
0.604167
0.783333
0.779167
0.816667
0.820833
0.829167
0.820833
0.829167
0.820833
0.279167
0.204167
0.316667
0.600000
0.683333
0.450000
0.604167
0.250000
0.529167
0.770833
0.758333
0.750000
0.750000
0.766667
0.775000
0.787500
0.800000
0.808333
0.808333
0.808333
0.829167
0.825000
0.812500
0.804167
0.804167
0.820833
0.812500
0.791667
0.766667
0.750000
0.758333
0.775000
0.795833
0.808333
0.820833
0.829167
0.829167
0.820833
0.804167
0.808333
0.812500
0.812500
0.825000
0.850000
0.845833
0.820833
0.791667
0.783333
0.800000
0.804167
0.808333
0.816667
0.825000
0.808333
0.787500
0.766667
0.787500
0.804167
0.808333
0.804167
0.795833
0.800000
0.816667
0.829167
0.850000
0.866667
0.870833
0.866667
0.870833
0.862500
0.854167
0.829167
0.800000
0.800000
0.812500
0.829167
0.845833
0.870833
0.875000
0.850000
0.837500
0.854167
0.845833
0.833333
0.787500
0.750000
0.733333
0.770833
0.779167
0.787500
0.791667
0.795833
0.800000
0.800000
0.795833
0.791667
0.795833
0.795833
0.775000
0.770833
0.762500
0.762500
0.775000
0.779167
0.775000
0.795833
0.800000
0.816667
0.820833
0.816667
0.812500
0.812500
0.825000
0.829167
0.825000
0.820833
0.816667
0.816667
0.812500
0.800000
1.058333
0.495833
0.783333
0.300000
0.475000
0.775000
0.783333
0.791667
0.812500
0.820833
0.833333
0.854167
0.858333
0.854167
0.854167
0.850000
0.820833
0.812500
0.829167
0.820833
0.816667
0.812500
0.820833
0.820833
0.812500
0.804167
0.829167
0.833333
0.829167
0.820833
0.833333
0.841667
0.858333
0.845833
0.812500
0.825000
0.820833
0.795833
0.770833
0.762500
0.775000
0.779167
0.775000
0.787500
0.808333
0.820833
0.854167
0.891667
0.879167
0.866667
0.841667
0.837500
0.841667
0.845833
0.870833
0.883333
0.854167
0.829167
0.854167
0.883333
0.895833
0.875000
0.870833
0.879167
0.858333
0.816667
0.787500
0.783333
0.241667
0.558333
0.812500
0.812500
0.808333
0.837500
0.850000
0.833333
0.820833
0.825000
0.829167
0.829167
0.812500
0.820833
0.816667
1.579167
0.783333
0.791667
0.816667
0.795833
0.450000
0.345833
0.220833
0.570833
0.808333
0.254167
0.558333
0.354167
0.458333
0.825000
0.833333
0.833333
0.829167
0.833333
0.820833
0.812500
0.812500
0.825000
0.812500
0.795833
0.791667
0.812500
0.820833
1.570833
0.754167
0.750000
0.766667
0.783333
0.787500
0.812500
0.812500
0.825000
0.825000
0.841667
0.841667
0.845833
0.841667
0.850000
0.854167
0.854167
0.850000
0.841667
0.854167
0.845833
0.858333
0.841667
0.833333
0.854167
0.875000
0.816667
0.783333
0.783333
0.795833
0.812500
0.812500
0.812500
0.833333
0.837500
0.820833
0.812500
0.829167
0.837500
0.862500
0.875000
0.845833
0.820833
0.833333
0.854167
0.829167
0.812500
0.825000
0.837500
0.829167
0.816667
0.841667
0.850000
0.845833
0.820833
0.829167
0.833333
0.816667
1.537500
0.754167
0.766667
0.775000
0.783333
0.791667
0.808333
0.816667
0.808333
0.829167
0.837500
0.845833
0.820833
0.829167
0.841667
0.854167
0.862500
0.862500
0.858333
0.875000
0.866667
0.870833
0.854167
0.870833
0.879167
0.850000
0.820833
0.800000
0.812500
0.804167
0.795833
0.779167
0.770833
0.770833
0.783333
0.766667
0.758333
0.770833
0.787500
0.800000
0.795833
0.812500
0.825000
0.825000
0.820833
0.833333
0.837500
0.850000
0.837500
0.850000
0.854167
0.841667
0.829167
0.837500
0.845833
0.833333
0.833333
0.854167
0.862500
0.841667
0.850000
0.875000
0.854167
0.833333
0.845833
0.854167
0.829167
0.820833
0.825000
0.816667
0.800000
0.804167
0.820833
0.808333
0.800000
0.816667
0.833333
0.820833
0.820833
0.837500
0.845833
0.829167
0.841667
0.854167
0.854167
0.845833
0.866667
0.879167
0.858333
0.845833
0.825000
0.516667
0.283333
0.258333
0.225000
0.295833
0.320833
0.450000
0.787500
0.783333
0.504167
0.270833
0.762500
0.766667
0.775000
0.383333
0.395833
0.425000
0.354167
0.191667
0.600000
0.808333
0.812500
0.791667
0.812500
0.829167
0.829167
0.850000
0.858333
0.862500
0.866667
0.850000
0.825000
0.808333
0.808333
0.833333
0.837500
0.858333
0.841667
0.812500
0.791667
0.770833
0.762500
0.770833
0.779167
0.770833
0.279167
0.391667
1.012500
0.545833
1.020833
1.270833
1.591667
1.612500
0.812500
0.591667
0.645833
0.350000
0.345833
0.437500
0.337500
0.466667
0.595833
0.179167
0.504167
0.416667
0.529167
0.333333
0.491667
0.308333
0.466667
0.779167
0.787500
0.804167
0.812500
0.816667
0.820833
0.837500
0.829167
0.833333
0.812500
0.829167
0.829167
0.829167
0.312500
1.000000
0.775000
0.308333
0.483333
0.308333
0.391667
0.475000
0.716667
0.795833
0.808333
0.791667
0.775000
1.537500
0.787500
0.783333
0.770833
0.787500
0.783333
0.779167
0.779167
0.791667
0.808333
0.800000
0.795833
0.812500
0.329167
0.475000
0.808333
0.804167
0.829167
0.820833
0.854167
0.450000
0.295833
0.770833
0.220833
0.416667
0.295833
0.583333
0.341667
0.316667
0.316667
0.525000
0.270833
0.454167
0.479167
0.591667
0.420833
0.579167
0.504167
1.120833
0.745833
0.762500
0.616667
0.462500
1.516667
0.500000
0.804167
0.675000
1.120833
0.237500
0.562500
0.641667
0.770833
0.425000
0.416667
0.795833
0.804167
1.466667
0.187500
1.112500
1.375000
0.529167
0.291667
0.804167
0.791667
0.800000
0.812500
