0.729167
0.658333
0.666667
0.725000
0.679167
1.645833
0.837500
0.895833
0.633333
0.683333
0.750000
0.766667
0.908333
0.766667
0.716667
0.691667
0.687500
0.820833
0.683333
1.700000
0.720833
0.745833
0.662500
0.679167
0.695833
0.679167
0.900000
1.575000
0.654167
0.637500
0.741667
0.687500
2.562500
0.737500
0.791667
0.775000
0.675000
0.766667
0.750000
0.679167
0.700000
0.737500
0.695833
1.679167
0.791667
0.816667
0.733333
0.729167
1.683333
0.641667
0.662500
0.745833
0.641667
0.675000
0.750000
0.787500
0.683333
0.716667
0.758333
0.725000
0.729167
0.725000
0.662500
0.841667
0.716667
0.783333
0.666667
0.870833
0.670833
0.620833
0.879167
0.845833
0.712500
0.745833
0.758333
0.795833
0.679167
0.758333
0.762500
0.800000
0.741667
0.662500
0.845833
0.662500
0.700000
0.695833
0.804167
0.725000
0.620833
0.866667
0.791667
0.704167
0.858333
0.795833
0.775000
0.620833
1.712500
0.733333
0.758333
0.779167
1.820833
0.683333
0.829167
0.783333
0.616667
0.712500
0.866667
0.720833
0.654167
0.645833
0.683333
1.645833
0.712500
0.704167
0.708333
0.779167
0.775000
0.862500
0.716667
0.683333
0.879167
0.745833
0.695833
0.833333
1.762500
0.808333
0.708333
0.875000
0.800000
0.787500
0.733333
0.708333
0.725000
0.879167
0.712500
0.783333
0.716667
0.629167
0.666667
0.754167
0.800000
0.641667
0.804167
0.704167
0.829167
0.695833
0.645833
0.679167
1.808333
0.812500
0.725000
1.766667
0.695833
0.762500
0.725000
0.695833
0.770833
0.783333
0.754167
0.691667
0.766667
0.775000
0.712500
0.675000
0.775000
0.679167
0.670833
0.633333
0.870833
0.679167
0.758333
0.729167
0.741667
0.679167
0.745833
0.729167
0.729167
0.704167
0.716667
0.662500
1.795833
0.795833
0.795833
0.708333
0.854167
0.658333
0.741667
0.745833
0.716667
0.683333
0.691667
1.762500
0.791667
0.808333
0.729167
0.750000
0.712500
0.787500
0.820833
0.816667
0.729167
0.716667
0.708333
0.700000
0.645833
0.650000
0.833333
0.720833
0.941667
1.662500
0.800000
0.745833
0.712500
0.941667
0.712500
0.683333
0.654167
0.650000
0.658333
0.866667
0.750000
0.754167
0.654167
0.641667
0.745833
0.662500
0.754167
0.737500
0.762500
0.695833
0.720833
1.729167
0.670833
0.704167
0.741667
0.766667
0.716667
0.737500
0.770833
0.700000
0.812500
0.683333
0.762500
0.850000
0.745833
0.704167
0.808333
1.725000
0.741667
1.779167
0.720833
0.683333
0.745833
0.729167
0.687500
0.825000
0.754167
0.704167
0.691667
1.641667
0.725000
0.804167
0.662500
0.804167
0.658333
0.741667
0.779167
0.708333
1.650000
1.608333
0.741667
0.741667
1.766667
0.725000
0.679167
0.820833
0.658333
0.645833
0.679167
0.770833
0.758333
0.745833
0.729167
0.804167
0.720833
0.691667
0.812500
0.720833
0.770833
0.712500
0.904167
0.804167
0.883333
0.795833
0.679167
0.812500
0.783333
0.750000
0.745833
0.712500
0.679167
0.787500
0.683333
0.754167
0.741667
0.766667
0.808333
0.704167
0.666667
0.687500
0.725000
0.791667
0.687500
0.716667
0.850000
0.708333
0.741667
0.720833
0.712500
0.687500
0.733333
0.695833
0.733333
1.658333
0.825000
0.820833
0.695833
0.708333
0.775000
0.708333
0.675000
0.691667
0.691667
1.633333
0.716667
1.766667
0.841667
0.700000
0.816667
0.729167
0.662500
0.670833
0.870833
0.704167
0.629167
1.812500
0.687500
0.666667
0.695833
0.750000
0.737500
0.733333
0.670833
0.766667
1.733333
0.729167
0.716667
0.750000
0.875000
0.700000
0.891667
0.820833
0.641667
0.683333
0.670833
0.658333
0.691667
1.620833
0.704167
0.695833
0.741667
0.800000
0.679167
0.704167
0.887500
0.783333
0.741667
0.904167
0.770833
0.870833
0.666667
0.858333
0.766667
0.808333
0.791667
0.829167
0.716667
0.775000
0.712500
0.791667
0.675000
1.650000
0.666667
0.720833
0.700000
0.670833
0.670833
0.883333
0.741667
0.712500
0.750000
0.350000
0.366667
0.650000
0.670833
0.287500
0.379167
0.504167
0.279167
0.604167
0.454167
0.304167
0.583333
0.445833
0.304167
0.304167
0.754167
0.416667
0.445833
0.512500
0.725000
0.637500
0.587500
0.312500
0.462500
0.479167
1.108333
0.483333
0.375000
0.808333
0.429167
0.504167
0.612500
0.191667
0.537500
0.704167
0.508333
0.800000
0.670833
0.887500
0.820833
0.695833
0.737500
0.637500
1.141667
0.683333
0.691667
0.666667
0.750000
0.670833
0.695833
0.637500
0.662500
0.658333
0.470833
0.354167
0.650000
0.691667
0.816667
0.804167
0.683333
0.745833
0.716667
0.733333
0.291667
0.520833
0.800000
0.745833
0.304167
1.375000
0.700000
1.195833
0.479167
0.666667
0.741667
0.716667
0.716667
0.741667
0.762500
1.441667
0.262500
0.766667
0.808333
0.312500
0.358333
0.654167
0.208333
0.491667
0.229167
0.758333
0.695833
0.445833
0.350000
0.716667
0.345833
0.591667
0.220833
0.620833
0.679167
0.395833
0.454167
0.229167
0.462500
0.220833
0.433333
0.366667
0.304167
0.691667
0.725000
0.750000
0.250000
0.541667
0.229167
0.425000
0.791667
0.770833
0.695833
0.766667
0.958333
0.754167
1.316667
0.412500
0.679167
0.712500
0.683333
0.720833
0.845833
0.825000
0.612500
0.870833
0.541667
0.200000
0.662500
0.200000
0.508333
0.937500
0.608333
1.070833
0.616667
1.120833
0.587500
0.775000
0.745833
0.700000
0.729167
0.800000
0.825000
0.641667
1.729167
0.683333
0.612500
0.841667
0.683333
0.812500
0.729167
0.766667
1.666667
1.712500
0.729167
0.808333
0.662500
0.883333
0.608333
0.745833
0.645833
0.829167
0.645833
0.791667
0.725000
0.650000
0.645833
1.620833
0.620833
0.812500
0.612500
0.720833
0.745833
0.716667
0.758333
0.741667
0.683333
0.795833
0.712500
0.679167
0.700000
0.691667
0.650000
0.604167
0.816667
0.870833
0.725000
0.820833
0.616667
0.837500
0.745833
0.750000
1.400000
1.050000
0.620833
0.795833
0.670833
0.725000
0.741667
0.675000
0.779167
0.733333
0.850000
0.737500
0.820833
0.670833
0.658333
0.729167
1.162500
0.520833
0.695833
0.833333
0.725000
0.741667
0.625000
0.775000
1.141667
0.625000
0.762500
0.433333
0.233333
0.666667
0.783333
0.750000
0.783333
1.233333
1.350000
0.779167
0.662500
0.758333
0.837500
0.700000
0.787500
0.725000
0.737500
0.700000
0.695833
0.775000
0.695833
0.683333
0.825000
0.700000
0.716667
0.741667
0.637500
0.637500
0.629167
0.604167
0.666667
0.754167
0.795833
0.725000
0.670833
1.791667
0.695833
0.725000
0.708333
0.750000
0.791667
0.670833
0.666667
0.650000
1.666667
0.812500
0.637500
0.633333
0.420833
0.237500
0.662500
0.737500
0.662500
0.666667
0.754167
0.770833
0.933333
0.779167
0.454167
0.291667
0.712500
0.779167
0.662500
0.458333
0.304167
0.637500
0.737500
0.712500
1.620833
0.758333
0.783333
0.845833
0.770833
0.687500
0.679167
0.716667
0.633333
0.800000
0.670833
0.716667
0.791667
0.770833
0.691667
0.604167
0.937500
1.641667
0.833333
0.737500
0.750000
0.820833
0.758333
0.679167
0.712500
0.695833
0.729167
0.658333
1.616667
0.687500
0.750000
0.745833
0.745833
0.737500
0.700000
0.750000
0.675000
1.595833
0.783333
0.737500
1.608333
0.625000
0.879167
0.858333
0.712500
0.679167
0.775000
0.700000
0.662500
0.712500
0.800000
0.816667
0.754167
0.658333
0.750000
0.708333
0.750000
0.754167
0.683333
0.766667
0.783333
0.745833
0.712500
0.720833
0.679167
0.804167
0.687500
0.720833
0.733333
0.712500
0.783333
0.766667
0.691667
0.829167
0.854167
0.662500
0.870833
0.670833
0.841667
0.745833
0.679167
0.608333
0.733333
0.712500
0.650000
0.620833
0.666667
0.812500
0.816667
0.700000
0.833333
0.862500
0.720833
1.633333
0.725000
0.779167
0.770833
0.712500
0.700000
0.758333
0.695833
0.654167
0.754167
0.708333
0.666667
0.720833
0.737500
0.654167
1.720833
0.779167
1.629167
0.745833
0.683333
0.754167
0.729167
0.754167
0.629167
1.604167
0.866667
0.725000
0.820833
0.866667
0.770833
0.687500
