0.250000
0.500000
0.341667
0.629167
0.633333
0.629167
0.212500
0.420833
0.208333
0.725000
0.320833
0.595833
0.654167
0.395833
0.225000
0.625000
0.616667
0.616667
0.404167
0.216667
0.620833
0.616667
0.612500
0.608333
0.333333
0.279167
0.204167
0.408333
0.420833
0.654167
0.470833
0.283333
0.608333
0.612500
0.616667
0.612500
0.241667
0.375000
0.416667
0.350000
0.270833
0.816667
0.608333
0.408333
0.204167
0.325000
0.395833
0.516667
0.612500
0.625000
0.629167
0.620833
0.625000
0.337500
0.291667
0.225000
0.470833
0.225000
0.245833
0.220833
0.508333
0.641667
0.645833
0.645833
0.275000
0.354167
0.633333
0.387500
0.562500
0.320833
0.287500
0.341667
0.629167
0.633333
0.466667
0.395833
0.500000
0.604167
0.212500
0.341667
0.629167
0.633333
0.666667
0.500000
0.708333
0.491667
0.800000
0.775000
0.070833
0.091667
1.083333
0.700000
0.654167
0.395833
0.283333
0.483333
0.850000
0.658333
0.650000
0.645833
0.633333
0.633333
0.629167
0.625000
0.620833
0.620833
0.616667
0.612500
0.616667
0.570833
0.645833
0.604167
0.608333
0.616667
0.604167
0.200000
0.562500
0.391667
1.612500
0.229167
0.750000
0.329167
0.462500
0.441667
0.520833
0.295833
0.679167
0.954167
0.600000
1.208333
0.595833
1.204167
0.875000
0.475000
0.450000
1.200000
0.595833
0.891667
1.258333
0.241667
0.287500
0.408333
0.420833
0.433333
0.325000
1.158333
1.233333
0.620833
0.525000
1.050000
0.320833
1.279167
0.258333
1.012500
0.625000
0.512500
0.404167
0.708333
0.408333
0.087500
0.266667
0.383333
0.354167
0.616667
0.608333
0.608333
0.608333
0.604167
0.341667
0.862500
0.595833
0.600000
0.595833
0.587500
0.591667
0.591667
0.591667
0.600000
0.591667
0.591667
0.645833
0.545833
0.283333
0.941667
0.545833
0.304167
0.279167
0.583333
0.600000
0.600000
0.587500
0.654167
0.516667
0.591667
0.600000
0.695833
0.141667
1.000000
0.704167
0.220833
0.408333
0.408333
0.595833
0.600000
0.604167
0.595833
0.595833
0.600000
1.020833
0.425000
0.350000
0.212500
0.395833
0.595833
0.604167
1.083333
0.716667
0.366667
0.237500
0.595833
0.604167
0.512500
0.670833
0.600000
0.587500
0.587500
0.595833
0.587500
0.591667
0.583333
0.545833
0.045833
0.583333
0.354167
0.616667
0.212500
0.587500
0.587500
0.600000
0.583333
0.583333
0.591667
0.383333
0.204167
0.583333
0.370833
0.229167
0.587500
0.587500
0.579167
0.400000
0.791667
0.583333
0.587500
0.591667
0.587500
0.583333
0.466667
0.233333
0.587500
0.300000
0.358333
0.312500
0.300000
0.387500
0.400000
0.233333
0.762500
0.350000
0.516667
0.287500
0.500000
0.491667
0.595833
0.587500
1.191667
0.583333
0.587500
0.691667
0.483333
0.312500
0.283333
0.587500
0.587500
0.583333
0.591667
0.587500
0.487500
0.691667
0.308333
0.279167
0.591667
0.587500
0.587500
0.304167
0.287500
0.595833
0.383333
0.800000
0.600000
0.591667
0.383333
0.216667
0.595833
0.604167
0.595833
0.750000
1.054167
0.600000
0.275000
0.425000
0.508333
0.600000
0.558333
0.641667
0.600000
0.595833
0.595833
0.600000
0.591667
0.591667
0.600000
0.554167
1.233333
0.333333
0.666667
0.575000
0.812500
0.591667
0.600000
0.387500
0.304167
0.633333
0.462500
1.175000
1.200000
0.595833
0.579167
0.275000
0.537500
0.383333
0.595833
0.591667
0.583333
0.545833
1.229167
0.312500
0.862500
0.591667
0.587500
0.587500
0.591667
0.591667
0.591667
0.587500
0.308333
0.283333
0.687500
0.504167
0.441667
0.754167
0.600000
0.387500
0.216667
0.604167
0.604167
0.725000
0.475000
0.841667
0.120833
0.975000
0.375000
0.341667
0.195833
0.804167
0.745833
0.250000
0.416667
0.979167
0.333333
0.879167
1.204167
1.033333
0.445833
0.929167
1.804167
0.466667
1.337500
0.345833
0.250000
1.195833
1.358333
0.562500
0.441667
0.616667
1.204167
1.179167
0.600000
0.595833
0.312500
0.283333
1.191667
0.212500
0.383333
0.275000
0.137500
0.475000
0.541667
0.950000
0.600000
0.791667
0.133333
0.275000
0.283333
0.429167
0.354167
0.241667
0.483333
0.279167
0.404167
0.391667
0.508333
0.341667
0.358333
0.404167
0.625000
0.270833
0.458333
0.200000
0.258333
0.216667
0.708333
0.687500
0.441667
0.229167
0.383333
0.237500
0.358333
0.883333
1.095833
0.770833
0.570833
0.262500
0.270833
0.225000
0.512500
0.491667
0.912500
0.283333
0.287500
0.308333
0.262500
0.300000
0.929167
1.195833
1.200000
0.595833
1.808333
0.354167
0.708333
0.133333
0.087500
0.654167
0.529167
1.125000
1.200000
0.816667
0.162500
0.545833
0.879167
0.245833
0.566667
0.383333
0.987500
0.820833
1.191667
1.308333
1.554167
1.354167
1.762500
1.254167
0.608333
0.612500
0.600000
0.604167
0.395833
0.704167
0.716667
0.612500
0.612500
0.266667
0.345833
0.612500
0.608333
0.616667
0.608333
0.608333
0.295833
0.491667
0.283333
0.533333
0.566667
1.895833
0.833333
0.633333
0.066667
0.379167
0.504167
0.825000
0.250000
0.950000
1.200000
0.595833
0.837500
0.404167
0.266667
0.279167
0.279167
0.429167
0.287500
0.475000
0.308333
0.275000
0.229167
0.700000
0.595833
0.595833
0.600000
0.670833
0.208333
0.325000
0.554167
0.362500
0.275000
0.325000
0.287500
0.591667
0.879167
0.604167
0.558333
0.479167
0.241667
0.441667
0.425000
0.320833
0.283333
0.400000
0.216667
0.616667
0.608333
0.604167
1.054167
0.287500
0.300000
0.312500
0.608333
0.387500
1.325000
1.400000
0.437500
0.575000
0.637500
0.612500
0.441667
0.295833
0.979167
0.741667
0.937500
0.554167
0.616667
0.620833
0.954167
0.300000
0.300000
1.237500
0.970833
0.395833
0.491667
0.950000
0.654167
0.654167
1.425000
1.237500
1.395833
0.279167
0.266667
1.779167
2.262500
0.616667
0.279167
1.004167
0.291667
0.437500
0.595833
0.300000
0.608333
1.125000
0.675000
1.125000
0.441667
0.725000
0.358333
0.162500
1.329167
1.054167
0.366667
0.433333
0.600000
0.304167
0.304167
0.641667
1.229167
0.704167
0.295833
0.512500
0.658333
0.550000
0.462500
0.316667
0.233333
0.191667
1.270833
0.337500
0.687500
0.625000
0.612500
0.295833
0.450000
0.904167
0.404167
0.650000
0.495833
0.445833
1.345833
1.345833
0.533333
0.750000
0.825000
0.275000
0.437500
0.450000
0.154167
1.087500
0.820833
0.620833
0.475000
0.754167
1.600000
0.433333
0.450000
0.450000
0.458333
0.537500
0.391667
1.462500
1.229167
0.633333
0.487500
0.154167
0.462500
1.054167
0.479167
0.441667
0.737500
0.458333
0.629167
1.012500
0.816667
0.829167
1.070833
0.550000
0.266667
0.404167
0.291667
0.450000
0.770833
0.345833
1.229167
1.225000
1.150000
0.637500
0.287500
0.287500
0.754167
1.220833
0.758333
0.550000
0.279167
0.279167
0.425000
0.729167
0.300000
0.470833
0.862500
0.825000
0.387500
0.333333
0.620833
1.075000
1.537500
1.745833
1.962500
0.416667
0.583333
0.150000
0.629167
1.241667
0.308333
0.420833
0.495833
0.450000
0.295833
0.454167
0.666667
0.991667
0.250000
0.479167
0.650000
0.558333
0.362500
0.420833
0.508333
0.825000
1.016667
0.291667
0.579167
0.516667
0.800000
0.541667
0.616667
0.629167
0.770833
0.795833
1.033333
0.412500
0.408333
0.845833
0.400000
0.845833
1.245833
1.237500
0.791667
0.391667
0.429167
1.395833
1.458333
0.508333
1.333333
0.291667
0.145833
0.708333
0.579167
0.291667
0.295833
0.300000
0.604167
0.766667
0.470833
1.020833
0.512500
0.500000
0.441667
0.400000
0.620833
0.616667
0.425000
0.704167
0.737500
0.225000
0.808333
0.733333
0.370833
0.350000
1.245833
1.029167
0.483333
0.570833
0.412500
0.183333
1.062500
1.250000
0.850000
1.654167
0.216667
0.379167
0.454167
1.325000
0.254167
0.450000
0.608333
0.975000
0.616667
0.933333
1.287500
1.270833
0.437500
0.454167
0.633333
1.116667
1.120833
0.295833
0.679167
0.400000
1.066667
1.245833
1.400000
0.304167
0.295833
1.116667
1.245833
0.270833
0.275000
0.429167
0.287500
0.295833
0.908333
0.762500
0.995833
0.787500
0.708333
0.325000
1.066667
1.033333
1.458333
0.145833
0.291667
0.658333
0.629167
0.620833
0.537500
0.475000
0.766667
0.308333
0.312500
1.108333
0.400000
0.566667
0.895833
1.429167
0.591667
0.150000
0.754167
0.233333
0.775000
0.258333
0.687500
0.687500
0.312500
0.758333
0.312500
0.316667
0.950000
0.300000
0.491667
0.320833
0.491667
0.591667
1.125000
0.866667
0.537500
0.908333
0.583333
0.604167
0.416667
1.258333
0.920833
0.266667
0.470833
0.587500
0.887500
0.629167
0.625000
0.341667
0.295833
0.612500
0.320833
0.316667
0.858333
0.291667
0.441667
0.291667
0.500000
0.429167
0.737500
0.858333
0.629167
0.637500
0.633333
1.262500
0.495833
0.345833
0.429167
0.700000
0.437500
0.295833
0.295833
0.295833
0.454167
0.458333
0.629167
0.925000
0.304167
0.891667
0.462500
0.745833
0.454167
0.237500
0.895833
0.958333
0.350000
0.400000
0.833333
0.975000
1.254167
2.395833
0.762500
0.425000
0.366667
0.304167
0.270833
0.304167
0.375000
1.750000
0.445833
0.275000
0.558333
0.287500
0.145833
0.900000
0.458333
0.150000
0.608333
0.633333
0.687500
0.883333
0.333333
0.633333
0.400000
0.333333
0.633333
1.162500
1.229167
0.450000
0.462500
0.587500
1.070833
0.741667
0.704167
0.470833
1.275000
0.950000
1.591667
0.416667
0.387500
0.270833
0.333333
0.308333
0.591667
1.037500
0.291667
0.587500
0.295833
1.229167
0.770833
0.212500
0.291667
0.762500
0.237500
0.787500
0.312500
0.437500
0.495833
0.766667
0.858333
0.887500
0.408333
1.016667
0.183333
0.458333
1.283333
0.366667
0.366667
0.762500
1.079167
1.287500
1.379167
0.141667
1.062500
0.462500
0.470833
0.712500
1.145833
0.712500
0.270833
0.762500
0.475000
1.062500
1.100000
0.470833
1.300000
0.766667
1.679167
0.370833
0.254167
0.954167
0.304167
1.358333
2.129167
0.287500
0.291667
0.304167
0.325000
1.033333
0.625000
0.862500
0.587500
0.429167
0.133333
0.550000
0.754167
0.283333
0.795833
0.366667
0.583333
0.429167
0.283333
0.433333
0.441667
0.350000
0.350000
0.520833
0.620833
0.687500
