0.616667
0.612500
0.616667
0.616667
0.612500
0.616667
0.616667
0.608333
0.612500
0.612500
0.612500
0.612500
0.612500
0.612500
0.612500
0.612500
0.616667
0.612500
0.612500
0.612500
0.616667
0.612500
0.616667
0.612500
0.612500
0.612500
0.608333
0.616667
0.616667
0.612500
0.612500
0.616667
0.608333
0.616667
0.620833
0.612500
0.616667
0.612500
0.620833
0.616667
0.616667
0.616667
0.612500
0.616667
0.620833
0.616667
0.616667
0.616667
0.608333
0.620833
0.620833
0.612500
0.620833
0.625000
0.620833
0.616667
0.625000
0.625000
0.625000
0.620833
0.629167
0.625000
0.616667
0.620833
0.620833
0.620833
0.608333
0.712500
0.612500
0.508333
0.604167
0.604167
0.604167
0.600000
0.612500
0.595833
0.604167
0.608333
0.604167
0.604167
0.604167
0.608333
0.604167
0.612500
0.608333
0.612500
0.612500
0.612500
0.612500
0.616667
0.612500
0.616667
0.612500
0.612500
0.612500
0.612500
0.612500
0.616667
0.612500
0.620833
0.616667
0.612500
0.616667
0.620833
0.616667
0.620833
0.616667
0.625000
0.620833
0.616667
0.625000
0.616667
0.620833
0.612500
0.625000
0.616667
0.616667
0.616667
0.620833
0.616667
0.616667
0.616667
0.620833
0.620833
0.620833
0.620833
0.620833
0.620833
0.616667
0.620833
0.620833
0.620833
0.616667
0.616667
0.620833
0.616667
0.616667
0.716667
0.508333
0.625000
0.600000
0.612500
0.604167
0.608333
0.595833
0.712500
0.491667
0.600000
0.595833
0.591667
0.595833
0.600000
0.591667
0.595833
0.591667
0.587500
0.591667
0.591667
0.587500
0.591667
0.591667
0.587500
0.595833
0.595833
0.591667
0.595833
0.600000
0.600000
0.600000
0.600000
0.708333
0.487500
0.600000
0.591667
0.600000
0.600000
0.595833
0.587500
0.600000
0.595833
0.587500
0.600000
0.587500
0.595833
0.587500
0.595833
0.587500
0.591667
0.595833
0.700000
0.483333
0.595833
0.591667
0.591667
0.591667
0.595833
0.591667
0.595833
0.591667
0.591667
0.591667
0.595833
0.591667
0.591667
0.583333
0.591667
0.595833
0.591667
0.587500
0.595833
0.579167
0.591667
0.587500
0.587500
0.591667
0.587500
0.591667
0.587500
0.695833
0.483333
0.579167
0.595833
0.579167
0.587500
0.575000
0.600000
0.591667
0.583333
0.587500
0.583333
0.587500
0.587500
0.583333
0.595833
0.579167
0.591667
0.587500
0.587500
0.587500
0.591667
0.591667
0.583333
0.595833
0.591667
0.583333
0.591667
0.595833
0.587500
0.595833
0.695833
0.487500
0.595833
0.591667
0.595833
0.595833
0.575000
0.612500
0.691667
0.495833
0.591667
0.587500
0.587500
0.600000
0.587500
0.604167
0.583333
0.600000
0.595833
0.591667
0.591667
0.587500
0.595833
0.595833
0.591667
0.604167
0.587500
0.600000
0.595833
0.600000
0.600000
0.595833
0.595833
0.591667
0.704167
0.587500
0.483333
0.595833
0.591667
0.591667
0.595833
0.591667
0.587500
0.595833
0.595833
0.591667
0.595833
0.604167
0.604167
0.600000
0.604167
0.604167
0.604167
0.604167
0.608333
0.608333
0.608333
0.612500
0.616667
0.608333
0.612500
0.612500
0.604167
0.612500
0.616667
0.612500
0.612500
0.612500
0.612500
0.616667
0.612500
0.616667
0.612500
0.612500
0.616667
0.616667
0.612500
0.612500
0.612500
0.612500
0.612500
0.604167
0.608333
0.616667
0.612500
0.608333
0.612500
0.604167
0.612500
0.612500
0.608333
0.612500
0.608333
0.612500
0.616667
0.612500
0.612500
0.616667
0.612500
0.608333
0.612500
0.604167
0.612500
0.612500
0.612500
0.608333
0.612500
0.608333
0.608333
0.612500
0.612500
0.600000
0.608333
0.608333
0.600000
0.604167
0.612500
0.604167
0.604167
0.608333
0.604167
0.604167
0.612500
0.608333
0.600000
0.612500
0.604167
0.608333
0.608333
0.612500
0.612500
0.608333
0.616667
0.612500
0.612500
0.616667
0.612500
0.612500
0.620833
0.612500
0.616667
0.616667
0.616667
0.612500
0.620833
0.620833
0.616667
0.616667
0.616667
0.616667
0.620833
0.616667
0.620833
0.616667
0.616667
0.620833
0.616667
0.620833
0.616667
0.616667
0.620833
0.620833
0.612500
0.620833
0.616667
0.616667
0.608333
0.616667
0.612500
0.604167
0.612500
0.604167
0.604167
0.608333
0.604167
0.600000
0.604167
0.608333
0.595833
0.608333
0.604167
0.608333
0.608333
0.604167
0.608333
0.608333
0.608333
0.608333
0.608333
0.608333
0.612500
0.616667
0.616667
0.608333
0.612500
0.612500
0.608333
0.612500
0.612500
0.604167
0.612500
0.612500
0.604167
0.612500
0.608333
0.608333
0.608333
0.604167
0.608333
0.612500
0.600000
0.608333
0.612500
0.608333
0.608333
0.608333
0.604167
0.608333
0.608333
0.608333
0.612500
0.612500
0.608333
0.608333
0.608333
0.612500
0.608333
0.612500
0.608333
0.600000
0.308333
0.300000
0.600000
0.591667
0.595833
0.595833
0.595833
0.587500
0.591667
0.587500
0.595833
0.575000
0.591667
0.300000
0.275000
0.608333
0.579167
0.587500
0.583333
0.583333
0.600000
0.587500
0.587500
0.583333
0.691667
0.591667
0.170833
1.000000
0.462500
0.583333
0.583333
1.158333
0.587500
0.583333
0.575000
0.587500
0.587500
0.579167
0.133333
1.033333
0.575000
0.583333
0.583333
0.583333
0.570833
0.583333
0.579167
0.575000
0.587500
0.579167
0.575000
0.691667
0.479167
0.579167
0.583333
0.583333
0.591667
0.579167
0.583333
0.600000
0.562500
0.291667
0.295833
0.579167
0.583333
0.579167
0.591667
0.587500
0.583333
0.583333
0.591667
0.587500
0.587500
0.595833
0.587500
0.591667
0.591667
0.591667
0.591667
0.595833
0.600000
0.591667
0.595833
0.604167
0.595833
0.595833
0.600000
0.595833
0.595833
0.591667
0.700000
0.491667
0.595833
0.595833
0.600000
0.579167
0.591667
0.700000
0.491667
0.595833
0.595833
0.704167
0.479167
0.587500
0.600000
0.583333
0.595833
0.587500
0.575000
0.754167
1.016667
0.587500
0.854167
0.316667
0.591667
0.583333
0.600000
0.591667
0.579167
0.283333
0.900000
0.691667
0.491667
0.587500
0.595833
0.587500
0.591667
0.912500
0.850000
0.587500
0.595833
0.587500
0.583333
0.587500
0.595833
0.591667
0.591667
0.595833
0.595833
0.595833
0.595833
0.595833
0.600000
0.604167
0.595833
0.604167
0.604167
0.604167
0.604167
0.608333
0.600000
0.608333
0.604167
0.604167
0.608333
0.608333
0.604167
0.608333
0.608333
0.608333
0.604167
0.608333
0.608333
0.604167
0.608333
0.600000
0.612500
0.604167
0.604167
0.608333
0.608333
0.608333
0.616667
0.612500
0.608333
0.608333
0.612500
0.608333
0.612500
0.608333
0.612500
0.608333
0.608333
0.604167
0.604167
0.604167
0.600000
0.604167
0.600000
0.604167
0.600000
0.604167
0.595833
0.600000
0.595833
0.700000
0.483333
0.591667
0.587500
0.587500
0.587500
0.587500
0.587500
0.587500
0.591667
0.587500
0.591667
0.587500
0.595833
0.591667
0.587500
0.595833
0.591667
0.595833
0.587500
0.595833
0.591667
0.579167
0.700000
0.479167
0.587500
0.591667
0.591667
0.579167
0.579167
0.579167
0.583333
0.587500
0.566667
0.583333
0.579167
0.579167
0.579167
0.579167
0.579167
0.579167
0.583333
0.575000
0.583333
0.587500
0.579167
0.587500
0.587500
0.583333
0.587500
0.595833
0.595833
0.587500
0.600000
0.595833
0.595833
0.595833
0.595833
0.600000
0.600000
0.595833
0.604167
0.604167
0.600000
0.600000
0.608333
0.608333
0.604167
0.608333
0.604167
0.604167
0.604167
0.604167
0.612500
0.612500
0.608333
0.612500
0.616667
0.608333
0.616667
0.612500
0.612500
0.612500
0.612500
0.612500
0.616667
0.616667
0.616667
0.616667
0.616667
0.616667
0.620833
0.620833
0.616667
0.625000
0.625000
0.625000
0.629167
0.620833
0.625000
0.629167
0.620833
0.625000
0.625000
0.616667
0.625000
0.620833
0.616667
0.616667
0.612500
0.620833
0.616667
0.616667
0.620833
0.616667
0.620833
0.616667
0.620833
0.616667
0.612500
0.620833
0.620833
0.616667
0.625000
0.620833
0.620833
0.620833
0.625000
0.608333
0.616667
0.616667
0.608333
0.612500
0.612500
0.604167
0.608333
0.604167
0.604167
0.608333
0.604167
0.604167
0.600000
0.604167
0.604167
0.600000
0.604167
0.600000
0.595833
0.600000
0.600000
0.591667
0.600000
0.595833
0.595833
0.591667
0.595833
0.591667
0.587500
0.595833
0.595833
0.587500
0.591667
0.587500
0.587500
0.587500
0.587500
0.591667
0.587500
0.591667
0.591667
0.583333
0.591667
0.595833
0.583333
0.591667
0.587500
0.595833
0.583333
0.583333
0.575000
0.583333
0.583333
0.566667
0.583333
0.570833
0.575000
0.570833
0.575000
0.566667
0.575000
0.575000
0.575000
0.579167
0.575000
0.583333
0.575000
0.575000
0.583333
0.579167
0.579167
0.579167
0.583333
0.583333
0.583333
0.583333
0.583333
0.583333
0.583333
0.583333
0.587500
0.587500
0.587500
0.587500
0.587500
0.587500
0.587500
0.587500
0.587500
0.591667
0.587500
0.591667
0.591667
0.591667
0.591667
0.591667
0.595833
0.595833
0.591667
0.595833
0.595833
0.591667
0.595833
0.595833
0.591667
0.595833
0.595833
0.595833
0.595833
0.600000
0.595833
0.595833
0.604167
0.600000
0.595833
0.595833
0.600000
0.595833
0.595833
0.600000
0.600000
0.595833
0.600000
0.595833
0.595833
0.595833
0.595833
0.595833
0.595833
0.595833
0.595833
0.595833
0.591667
0.595833
0.591667
0.591667
0.595833
0.591667
0.591667
0.595833
0.595833
0.591667
0.591667
0.600000
0.591667
0.591667
0.600000
0.591667
0.595833
0.591667
0.595833
0.591667
0.591667
0.595833
0.591667
0.591667
0.595833
0.595833
0.591667
0.595833
0.595833
0.595833
0.595833
0.595833
0.595833
0.600000
0.595833
0.595833
0.595833
0.600000
0.595833
0.595833
0.595833
0.595833
0.595833
0.595833
0.595833
0.591667
0.595833
0.591667
0.595833
0.587500
0.595833
0.591667
0.587500
0.591667
0.591667
0.587500
0.587500
0.595833
0.587500
0.591667
0.595833
0.591667
0.591667
0.591667
0.595833
0.595833
0.591667
0.595833
0.595833
0.595833
0.591667
0.600000
0.600000
0.595833
0.600000
0.600000
0.600000
0.600000
0.600000
0.600000
0.600000
0.600000
0.604167
0.600000
0.600000
0.604167
0.600000
0.600000
0.600000
0.600000
0.604167
0.600000
0.604167
0.595833
0.608333
0.600000
0.604167
0.604167
0.600000
0.608333
0.595833
0.604167
0.600000
0.604167
