0.562500
0.583333
0.575000
0.500000
0.554167
0.679167
0.566667
0.554167
0.533333
0.533333
0.529167
0.491667
0.575000
0.600000
0.575000
0.583333
0.583333
0.566667
0.437500
0.670833
0.558333
0.454167
0.420833
0.758333
0.237500
0.366667
0.183333
0.395833
0.579167
0.575000
0.566667
0.562500
0.570833
0.579167
0.566667
0.570833
0.558333
0.358333
0.220833
0.562500
0.558333
0.562500
0.562500
0.595833
0.308333
0.312500
0.533333
0.570833
0.341667
0.237500
0.541667
0.629167
0.416667
0.729167
0.583333
0.579167
0.783333
0.308333
0.920833
0.254167
0.662500
0.720833
0.458333
0.875000
0.908333
0.583333
0.587500
0.579167
1.158333
0.591667
0.562500
1.120833
0.220833
0.341667
0.404167
0.729167
0.570833
0.312500
0.245833
0.570833
0.575000
0.587500
0.545833
0.570833
0.570833
1.137500
0.595833
0.325000
0.833333
0.562500
0.587500
0.412500
0.179167
0.237500
0.437500
0.362500
0.675000
0.575000
0.575000
0.587500
0.570833
1.116667
1.187500
0.945833
0.220833
0.579167
0.579167
1.175000
1.700000
0.591667
1.295833
1.066667
1.783333
0.583333
0.579167
0.579167
0.579167
0.737500
0.400000
0.354167
0.212500
0.404167
0.737500
1.187500
0.279167
0.883333
0.608333
0.920833
0.275000
0.600000
0.583333
0.591667
1.179167
0.587500
0.941667
0.229167
0.570833
0.583333
0.583333
0.320833
0.245833
0.275000
0.883333
0.579167
0.425000
0.566667
0.733333
0.554167
1.104167
0.833333
0.287500
0.537500
0.541667
0.533333
0.545833
0.550000
0.370833
0.400000
0.325000
0.570833
0.545833
0.570833
0.575000
0.345833
0.304167
0.483333
0.362500
0.195833
0.579167
1.333333
0.304167
0.704167
0.212500
0.383333
0.600000
0.579167
0.575000
0.183333
0.466667
0.375000
0.112500
0.575000
0.566667
0.558333
0.570833
0.550000
0.554167
0.558333
0.554167
0.545833
0.537500
0.537500
1.087500
0.883333
0.212500
0.270833
0.320833
0.725000
0.391667
0.595833
0.595833
0.562500
0.904167
0.420833
0.387500
0.550000
0.537500
0.545833
0.554167
0.295833
0.270833
0.462500
0.758333
0.095833
0.583333
0.300000
0.325000
0.862500
0.229167
0.354167
0.558333
0.554167
0.550000
0.558333
0.570833
1.100000
1.116667
0.550000
1.145833
0.583333
0.604167
0.400000
0.762500
0.583333
0.429167
0.433333
0.329167
0.587500
0.604167
0.212500
0.370833
0.516667
1.229167
0.200000
0.612500
0.504167
0.595833
0.620833
1.208333
1.000000
0.862500
1.200000
0.604167
1.870833
0.600000
0.625000
0.641667
0.654167
1.258333
1.275000
1.287500
0.633333
0.645833
0.275000
1.079167
0.650000
0.270833
1.000000
0.633333
0.333333
0.312500
0.212500
1.033333
0.625000
0.633333
0.241667
0.704167
0.920833
0.583333
0.583333
0.575000
0.570833
0.562500
0.550000
0.570833
0.587500
0.604167
0.616667
0.304167
0.304167
0.250000
0.379167
0.166667
0.487500
0.658333
0.233333
0.408333
0.629167
0.666667
0.683333
1.012500
0.300000
0.683333
0.683333
0.658333
0.987500
0.375000
0.741667
0.629167
0.279167
1.095833
0.708333
0.662500
1.333333
0.679167
0.529167
0.779167
0.500000
0.795833
0.633333
0.637500
0.637500
0.295833
0.662500
0.350000
0.850000
0.429167
0.645833
0.700000
0.691667
1.391667
0.708333
0.704167
0.716667
0.704167
0.700000
0.729167
0.741667
0.770833
0.708333
0.733333
0.741667
0.775000
0.750000
0.712500
0.725000
0.754167
0.779167
0.745833
0.775000
0.908333
1.108333
0.812500
0.779167
0.762500
0.779167
0.750000
0.804167
0.841667
0.833333
0.795833
0.841667
0.883333
0.837500
0.779167
0.870833
0.854167
0.820833
0.762500
0.766667
0.800000
0.779167
0.783333
0.841667
1.150000
1.054167
0.879167
0.783333
0.804167
0.804167
0.820833
0.895833
1.158333
1.079167
0.991667
0.891667
0.866667
0.879167
0.858333
0.908333
0.900000
0.916667
0.879167
0.908333
0.908333
0.933333
0.870833
0.912500
0.941667
0.883333
0.908333
0.920833
0.883333
0.925000
0.966667
0.887500
0.916667
0.937500
0.941667
0.895833
0.950000
0.975000
0.962500
0.904167
0.937500
0.950000
0.950000
0.904167
0.941667
0.950000
0.891667
0.945833
0.929167
0.895833
0.950000
0.975000
0.925000
0.970833
0.975000
0.933333
0.958333
1.016667
0.937500
0.991667
0.966667
0.841667
0.895833
0.950000
0.837500
0.920833
1.004167
0.954167
1.075000
1.041667
0.966667
1.029167
1.033333
1.008333
1.066667
1.045833
1.029167
1.075000
1.033333
0.987500
1.004167
1.004167
0.958333
0.995833
0.991667
0.950000
0.995833
1.020833
1.020833
0.970833
0.995833
1.037500
1.012500
0.962500
1.037500
1.033333
0.979167
1.008333
1.037500
1.066667
0.991667
1.054167
1.075000
0.983333
1.033333
1.050000
0.991667
1.045833
1.050000
0.987500
1.083333
1.075000
1.033333
1.016667
1.058333
1.000000
1.041667
1.054167
1.008333
1.050000
1.095833
0.991667
1.041667
1.054167
0.975000
1.070833
1.087500
1.000000
1.045833
1.083333
1.008333
1.091667
1.050000
0.983333
1.029167
1.075000
0.995833
1.162500
1.125000
1.037500
1.104167
1.070833
1.033333
1.083333
1.054167
1.012500
1.083333
1.083333
1.066667
1.083333
1.083333
1.025000
1.108333
1.079167
0.995833
1.054167
1.079167
1.016667
1.070833
1.083333
1.037500
1.062500
1.066667
1.004167
1.070833
1.058333
1.016667
1.079167
1.341667
1.279167
1.250000
1.258333
1.129167
0.800000
0.708333
0.962500
0.825000
0.804167
1.308333
1.245833
1.250000
1.229167
1.225000
1.245833
1.225000
1.241667
1.137500
0.962500
1.029167
1.029167
0.966667
1.041667
1.095833
1.012500
1.050000
1.095833
1.054167
1.087500
1.312500
1.262500
1.233333
1.229167
1.233333
1.220833
1.212500
1.225000
1.204167
1.200000
1.212500
1.200000
1.095833
0.954167
1.004167
1.033333
0.983333
1.070833
1.033333
0.995833
1.058333
1.100000
0.991667
1.058333
1.100000
1.041667
1.083333
1.066667
1.004167
1.062500
1.054167
1.020833
1.070833
1.079167
1.025000
1.116667
1.116667
1.075000
1.295833
1.229167
1.225000
1.208333
1.208333
1.216667
1.200000
1.025000
0.966667
1.041667
1.008333
0.970833
1.108333
1.175000
1.091667
1.120833
1.275000
1.233333
1.204167
1.200000
1.212500
1.195833
1.191667
1.200000
1.191667
1.187500
1.195833
1.183333
1.179167
1.191667
1.150000
0.975000
0.958333
1.033333
1.041667
0.987500
1.100000
1.075000
1.004167
1.095833
1.120833
1.079167
1.095833
1.104167
1.050000
1.091667
1.108333
1.025000
1.104167
1.158333
1.087500
1.270833
1.208333
1.208333
1.195833
1.187500
1.200000
1.183333
1.183333
1.187500
1.179167
1.154167
0.916667
0.966667
1.008333
0.954167
1.033333
1.037500
1.008333
1.070833
1.058333
0.995833
1.116667
1.108333
1.029167
1.100000
1.129167
1.054167
1.112500
1.191667
1.091667
1.104167
1.091667
1.025000
1.270833
1.208333
1.208333
1.191667
1.187500
1.195833
1.187500
1.183333
1.175000
1.000000
0.962500
0.929167
1.000000
1.004167
0.941667
1.033333
1.033333
0.995833
1.062500
1.129167
1.066667
1.070833
1.145833
1.050000
1.275000
1.212500
1.212500
1.200000
1.191667
1.200000
1.191667
1.183333
1.200000
1.037500
0.941667
1.008333
1.029167
0.975000
1.054167
1.066667
1.020833
1.070833
1.062500
1.004167
1.116667
1.175000
1.075000
1.129167
1.091667
1.000000
1.020833
1.033333
