0.645833
0.650000
0.645833
0.645833
0.645833
0.645833
0.645833
0.645833
0.645833
0.645833
0.650000
0.645833
0.645833
0.645833
0.650000
0.645833
0.645833
0.650000
0.645833
0.650000
0.650000
0.645833
0.650000
0.645833
0.650000
0.650000
0.645833
0.395833
0.650000
0.270833
0.379167
0.645833
0.650000
0.645833
0.650000
0.650000
0.650000
0.645833
0.650000
0.650000
0.650000
0.650000
0.650000
0.650000
0.650000
0.650000
0.654167
0.645833
0.654167
0.650000
0.650000
0.645833
0.650000
0.650000
0.654167
0.650000
0.654167
0.645833
0.654167
0.658333
0.650000
0.645833
0.662500
0.654167
0.650000
0.654167
0.658333
0.650000
0.654167
0.654167
0.650000
0.654167
0.658333
0.645833
0.654167
0.654167
0.650000
0.650000
0.654167
0.650000
0.654167
0.662500
0.650000
0.658333
0.654167
0.650000
0.654167
0.658333
0.650000
0.658333
0.650000
0.654167
0.658333
0.650000
0.654167
0.654167
0.645833
0.654167
0.650000
0.654167
0.654167
0.645833
0.650000
0.658333
0.645833
0.654167
0.650000
0.650000
0.654167
0.658333
0.212500
0.433333
0.658333
0.204167
0.487500
0.608333
0.654167
0.220833
0.433333
0.654167
0.654167
0.650000
0.654167
0.650000
0.650000
0.654167
0.658333
0.650000
0.650000
0.654167
0.391667
0.258333
0.641667
0.504167
0.145833
0.645833
0.645833
0.645833
0.645833
0.570833
0.600000
0.737500
0.645833
0.762500
0.291667
0.241667
0.641667
0.629167
0.658333
0.645833
0.641667
0.645833
0.641667
0.641667
0.641667
0.641667
0.641667
0.645833
0.637500
0.641667
0.641667
0.637500
0.637500
0.637500
0.637500
0.637500
0.637500
1.275000
0.637500
0.633333
0.641667
0.637500
0.633333
0.637500
0.637500
0.637500
0.637500
0.641667
0.637500
0.637500
0.641667
0.637500
0.641667
0.637500
0.641667
0.641667
0.637500
0.641667
0.641667
0.641667
0.800000
0.583333
0.545833
0.650000
0.645833
0.645833
0.641667
0.645833
0.645833
0.645833
0.650000
0.645833
0.645833
0.650000
0.645833
0.225000
0.420833
0.645833
0.650000
0.637500
0.650000
0.354167
0.295833
0.645833
0.316667
0.329167
0.425000
0.216667
0.316667
0.333333
0.250000
0.395833
0.641667
0.462500
0.183333
0.645833
0.645833
0.162500
0.479167
0.645833
0.345833
0.300000
0.641667
0.645833
0.641667
0.641667
0.641667
0.641667
1.191667
0.729167
0.650000
0.645833
0.645833
0.650000
0.641667
0.654167
0.654167
0.645833
0.645833
0.645833
0.645833
0.645833
0.641667
0.645833
0.641667
0.645833
0.645833
0.645833
0.645833
0.645833
0.641667
0.645833
0.645833
0.645833
0.645833
0.645833
0.645833
0.641667
0.645833
0.641667
0.645833
0.645833
0.645833
0.641667
0.645833
0.645833
0.645833
0.645833
0.641667
0.641667
0.645833
0.641667
0.645833
0.641667
0.645833
0.645833
0.508333
0.783333
0.645833
0.641667
0.650000
0.645833
0.645833
0.645833
0.645833
0.650000
0.645833
0.645833
0.645833
0.650000
0.645833
0.650000
0.645833
0.650000
0.650000
0.645833
0.650000
0.650000
0.650000
0.645833
0.650000
0.645833
0.650000
0.650000
0.645833
0.645833
0.645833
0.650000
0.650000
0.645833
0.645833
0.650000
0.650000
0.650000
0.650000
0.641667
0.650000
0.645833
0.650000
0.650000
0.645833
0.645833
0.650000
0.645833
0.645833
0.650000
0.650000
0.650000
0.650000
0.650000
0.645833
0.645833
0.654167
0.650000
0.650000
0.650000
0.650000
0.650000
0.650000
0.650000
0.650000
0.650000
0.650000
0.650000
0.650000
0.650000
0.654167
0.650000
0.650000
0.650000
0.654167
0.654167
0.650000
0.658333
0.645833
0.658333
0.658333
0.650000
0.650000
0.654167
0.650000
0.650000
0.654167
0.650000
0.654167
0.650000
0.650000
0.654167
0.650000
0.650000
0.645833
0.654167
0.650000
0.650000
0.650000
0.650000
0.650000
0.650000
0.654167
0.650000
0.654167
0.645833
0.658333
0.650000
0.654167
0.650000
0.650000
0.654167
0.654167
0.654167
0.654167
0.650000
0.658333
0.650000
0.654167
0.654167
0.654167
0.658333
0.654167
0.654167
0.654167
0.654167
0.658333
0.658333
0.654167
0.654167
0.654167
0.658333
0.654167
0.654167
0.654167
0.662500
0.658333
0.658333
0.658333
0.654167
0.654167
0.658333
0.658333
0.658333
0.654167
0.654167
0.658333
0.654167
0.658333
0.662500
0.654167
0.658333
0.658333
0.650000
0.666667
0.662500
0.654167
0.662500
0.662500
0.662500
0.650000
0.666667
0.662500
0.658333
0.666667
0.658333
0.658333
0.662500
0.662500
0.658333
0.662500
0.662500
0.658333
0.662500
0.662500
0.658333
0.650000
0.670833
0.662500
0.658333
0.658333
0.662500
0.658333
0.662500
0.662500
0.658333
0.654167
0.662500
0.658333
0.658333
0.662500
0.658333
0.662500
0.658333
0.658333
0.658333
0.662500
0.658333
0.662500
0.658333
0.662500
0.650000
0.666667
0.662500
0.658333
0.662500
0.662500
0.658333
0.662500
0.662500
0.662500
0.654167
0.670833
0.658333
0.662500
0.658333
0.662500
0.658333
0.666667
0.658333
0.662500
0.658333
0.437500
0.220833
0.658333
0.658333
0.658333
0.658333
0.658333
0.654167
0.658333
0.658333
0.662500
0.654167
0.654167
0.658333
0.658333
0.658333
0.658333
0.658333
0.658333
0.654167
0.662500
0.658333
0.658333
0.658333
0.662500
0.662500
0.658333
0.662500
0.662500
0.658333
0.662500
0.666667
0.658333
0.662500
0.662500
0.658333
0.662500
0.662500
0.658333
0.666667
0.662500
0.658333
0.662500
0.662500
0.662500
0.666667
0.662500
0.662500
0.658333
0.666667
0.662500
0.662500
0.662500
0.662500
0.666667
0.662500
0.666667
0.666667
0.662500
0.662500
0.666667
0.662500
0.662500
0.670833
0.666667
0.662500
0.666667
0.662500
0.666667
0.662500
0.666667
0.662500
0.666667
0.666667
0.662500
0.300000
0.362500
0.666667
0.666667
0.666667
0.662500
0.662500
0.670833
0.666667
0.662500
0.666667
0.666667
0.666667
0.670833
0.662500
0.662500
0.675000
0.670833
0.666667
0.666667
0.675000
0.666667
0.670833
0.666667
0.666667
0.658333
0.679167
0.666667
0.662500
0.679167
0.666667
0.662500
0.666667
0.670833
0.666667
0.666667
0.670833
0.666667
0.662500
0.650000
0.679167
0.666667
0.666667
0.666667
0.670833
0.666667
0.658333
0.675000
0.666667
0.662500
0.658333
0.670833
0.662500
0.662500
0.670833
0.662500
0.662500
0.658333
0.670833
0.662500
0.658333
0.666667
0.662500
0.662500
0.658333
0.670833
0.662500
0.658333
0.675000
0.662500
0.662500
0.654167
0.679167
0.662500
0.662500
0.670833
0.662500
0.666667
0.666667
0.666667
0.666667
0.650000
0.679167
0.666667
0.658333
0.675000
0.666667
0.662500
0.658333
0.675000
0.662500
0.662500
0.666667
0.662500
0.662500
0.658333
0.670833
0.662500
0.662500
0.662500
0.666667
0.658333
0.666667
0.662500
0.662500
0.662500
0.666667
0.662500
0.662500
0.666667
0.670833
0.662500
0.666667
0.666667
0.666667
0.662500
0.666667
0.666667
0.666667
0.670833
0.666667
0.666667
0.670833
0.666667
0.666667
0.662500
0.679167
0.666667
0.666667
0.666667
0.666667
0.666667
0.670833
0.662500
0.675000
0.666667
0.670833
0.320833
0.341667
0.679167
0.666667
0.662500
0.245833
0.441667
0.241667
0.425000
0.658333
0.270833
0.379167
0.695833
0.391667
0.450000
0.491667
0.716667
0.629167
0.666667
0.658333
0.683333
0.666667
0.670833
0.670833
0.666667
0.666667
0.666667
0.670833
0.666667
0.666667
0.666667
0.666667
0.670833
0.662500
0.666667
0.666667
0.666667
0.666667
0.662500
0.666667
0.662500
0.662500
0.666667
0.666667
0.662500
0.666667
0.666667
0.666667
0.662500
0.670833
0.662500
0.666667
0.666667
0.666667
0.662500
0.666667
0.666667
0.662500
0.666667
0.670833
0.662500
0.654167
0.683333
0.666667
0.666667
0.675000
0.666667
0.666667
0.675000
0.666667
0.666667
0.675000
0.666667
0.666667
0.675000
0.666667
0.666667
0.675000
0.666667
0.666667
0.654167
0.683333
0.670833
0.666667
0.675000
0.666667
0.658333
0.683333
0.670833
0.670833
0.670833
0.670833
0.670833
0.662500
0.679167
0.675000
0.666667
0.670833
0.675000
0.666667
0.654167
0.683333
0.675000
0.666667
0.675000
0.675000
0.666667
0.670833
0.670833
0.670833
0.670833
0.670833
0.670833
0.654167
0.683333
0.670833
0.666667
0.675000
0.670833
0.666667
0.662500
0.675000
0.675000
0.666667
0.670833
0.670833
0.670833
0.670833
0.670833
0.666667
0.666667
0.675000
0.670833
0.670833
0.670833
0.675000
0.666667
0.675000
0.670833
0.675000
0.658333
0.683333
0.670833
0.670833
0.679167
0.675000
0.670833
0.670833
0.679167
0.675000
0.670833
0.675000
0.675000
0.675000
0.670833
0.675000
0.675000
0.670833
0.679167
0.679167
0.675000
0.666667
0.679167
0.679167
0.675000
0.675000
0.679167
0.675000
0.670833
0.683333
0.675000
0.675000
0.675000
0.679167
0.675000
0.670833
0.679167
0.675000
0.670833
0.675000
0.679167
0.670833
0.675000
0.675000
0.670833
0.679167
0.675000
0.675000
0.675000
0.675000
0.670833
0.675000
0.679167
0.670833
0.675000
0.675000
0.666667
0.675000
0.675000
0.666667
0.675000
0.675000
0.675000
0.666667
0.687500
0.679167
0.670833
0.958333
0.387500
0.675000
0.675000
0.679167
0.675000
0.670833
0.679167
0.670833
0.670833
0.666667
0.679167
0.670833
0.670833
0.679167
0.670833
0.675000
0.666667
0.679167
0.670833
0.670833
0.670833
0.679167
0.666667
0.666667
0.675000
0.670833
0.666667
0.675000
0.675000
0.500000
0.825000
0.687500
0.675000
0.675000
0.670833
0.675000
0.670833
0.662500
0.675000
0.675000
0.670833
