1.083333
1.079167
1.016667
1.041667
1.066667
1.075000
1.075000
1.008333
1.033333
1.041667
1.062500
1.075000
1.075000
1.041667
1.112500
1.225000
1.220833
1.162500
1.075000
1.066667
1.070833
1.075000
1.062500
1.004167
1.033333
1.041667
1.037500
1.033333
1.000000
1.041667
1.041667
1.054167
1.075000
1.020833
1.050000
1.079167
1.058333
1.029167
1.033333
1.058333
1.079167
1.075000
1.025000
1.045833
1.066667
1.066667
1.095833
1.045833
0.445833
0.608333
1.070833
0.600000
0.187500
0.895833
0.191667
0.329167
0.495833
0.491667
0.366667
0.662500
1.008333
1.037500
0.970833
1.004167
1.016667
1.033333
1.012500
0.966667
0.987500
1.000000
1.037500
1.054167
1.062500
1.008333
1.020833
1.037500
1.058333
1.095833
1.079167
1.020833
1.062500
1.091667
1.120833
1.104167
1.029167
1.062500
1.075000
1.095833
1.070833
1.037500
1.058333
1.079167
1.087500
1.100000
1.033333
1.050000
1.054167
1.087500
1.112500
1.033333
1.025000
1.050000
1.075000
1.075000
1.025000
1.054167
1.054167
1.058333
1.054167
0.991667
1.016667
1.020833
1.054167
1.091667
1.087500
1.037500
1.095833
1.087500
1.116667
1.112500
1.054167
1.095833
1.125000
1.137500
1.108333
1.045833
1.070833
1.050000
0.591667
0.495833
1.029167
1.054167
1.058333
1.075000
1.079167
1.025000
1.045833
1.062500
1.054167
1.075000
1.066667
1.012500
1.045833
1.066667
1.100000
1.104167
1.062500
1.079167
1.075000
1.066667
1.091667
1.045833
1.058333
1.083333
1.091667
1.087500
1.016667
1.050000
1.041667
1.079167
1.108333
1.041667
1.079167
1.075000
1.087500
1.020833
1.050000
1.045833
1.033333
1.050000
0.987500
1.012500
1.033333
1.050000
1.058333
0.991667
1.012500
1.045833
1.054167
1.062500
0.987500
1.020833
1.037500
1.070833
1.079167
1.070833
1.029167
0.970833
1.029167
1.054167
1.079167
1.104167
1.029167
1.041667
1.037500
1.070833
1.087500
1.020833
1.041667
1.066667
1.079167
1.062500
0.983333
1.012500
1.037500
1.041667
1.058333
0.983333
0.991667
1.012500
1.041667
1.062500
1.058333
1.000000
1.033333
1.045833
1.054167
1.054167
1.037500
1.058333
1.070833
1.104167
1.112500
1.054167
1.104167
1.120833
1.141667
1.112500
1.179167
1.154167
1.120833
1.033333
1.070833
1.091667
1.079167
1.000000
1.020833
1.062500
1.066667
0.991667
1.000000
1.012500
1.025000
1.037500
1.033333
0.987500
1.000000
1.041667
1.079167
1.079167
1.033333
1.079167
1.091667
1.087500
1.075000
1.025000
1.062500
1.066667
1.066667
1.066667
1.012500
1.054167
1.075000
1.087500
1.029167
1.037500
1.058333
1.062500
1.058333
0.975000
1.020833
1.037500
1.075000
1.054167
0.983333
1.025000
1.037500
1.062500
1.066667
1.062500
0.987500
1.025000
1.087500
1.112500
1.108333
1.008333
1.020833
1.062500
1.070833
1.050000
0.987500
1.016667
1.037500
1.066667
1.054167
0.983333
0.995833
1.020833
1.050000
1.054167
1.029167
0.975000
1.008333
1.020833
1.054167
1.091667
1.029167
1.045833
1.050000
1.083333
1.033333
1.070833
1.058333
1.075000
1.087500
1.016667
1.050000
1.054167
1.037500
1.041667
1.083333
1.079167
1.087500
1.020833
1.045833
1.041667
1.058333
1.058333
0.987500
1.025000
1.037500
1.066667
1.075000
1.016667
1.050000
1.045833
1.058333
1.075000
1.016667
1.016667
1.062500
1.091667
1.120833
1.075000
0.995833
1.050000
1.033333
1.054167
1.029167
1.116667
1.154167
1.150000
1.054167
1.091667
1.108333
1.120833
1.029167
1.050000
1.041667
1.041667
0.979167
1.000000
1.012500
1.025000
1.029167
0.970833
1.025000
1.033333
1.058333
1.079167
1.058333
0.966667
0.579167
1.162500
1.112500
1.112500
1.100000
1.050000
1.012500
0.987500
0.937500
0.975000
0.995833
1.045833
1.083333
1.112500
1.104167
1.050000
1.033333
1.070833
1.079167
1.079167
1.070833
1.137500
1.145833
1.112500
1.054167
1.095833
1.108333
1.116667
1.041667
1.066667
1.041667
1.045833
0.983333
1.041667
1.033333
1.029167
1.029167
0.991667
1.020833
1.033333
1.037500
1.045833
1.029167
1.066667
1.104167
1.141667
1.020833
1.020833
1.041667
1.054167
1.066667
0.962500
0.962500
0.979167
0.987500
1.012500
1.004167
0.983333
0.945833
0.991667
1.008333
1.029167
1.045833
1.033333
1.045833
1.012500
1.066667
1.091667
1.125000
1.141667
1.104167
1.200000
1.204167
1.250000
1.183333
1.287500
1.270833
1.133333
1.120833
1.095833
1.008333
0.966667
0.966667
0.975000
0.975000
0.958333
0.925000
0.966667
0.962500
0.975000
1.000000
1.020833
1.025000
1.004167
1.095833
1.083333
1.079167
1.116667
1.095833
0.600000
0.845833
1.212500
1.179167
1.166667
1.145833
1.033333
1.050000
1.054167
1.029167
0.958333
1.004167
1.012500
1.012500
1.004167
0.958333
0.987500
1.016667
1.029167
1.041667
1.029167
0.987500
1.025000
1.045833
1.091667
1.087500
1.025000
1.054167
1.070833
1.062500
1.058333
1.025000
1.104167
1.116667
1.137500
1.091667
0.550000
0.404167
1.216667
0.608333
1.329167
1.158333
1.075000
0.987500
1.000000
1.004167
0.987500
1.000000
1.025000
1.033333
1.050000
1.070833
1.091667
1.075000
1.200000
1.220833
1.208333
1.170833
0.591667
1.491667
1.229167
1.133333
1.170833
1.245833
1.125000
1.758333
1.079167
1.025000
0.941667
0.970833
0.983333
0.991667
1.004167
0.995833
0.987500
1.004167
1.012500
1.029167
1.079167
1.120833
1.104167
1.070833
1.116667
1.141667
1.145833
1.091667
1.125000
1.100000
1.087500
1.008333
1.020833
1.058333
1.041667
1.016667
0.987500
1.020833
1.041667
1.050000
1.054167
1.033333
1.091667
1.075000
1.087500
1.087500
1.037500
1.075000
1.091667
1.095833
1.108333
1.091667
1.029167
1.087500
1.083333
1.087500
1.070833
0.625000
1.329167
1.170833
1.141667
1.041667
1.058333
1.050000
1.066667
1.045833
1.029167
1.029167
1.016667
1.000000
