1.050000
0.762500
1.283333
0.675000
0.441667
0.966667
1.020833
1.041667
1.004167
1.033333
1.041667
1.020833
0.775000
1.308333
1.041667
1.050000
1.041667
1.045833
1.029167
0.720833
1.354167
1.033333
1.045833
1.054167
1.041667
1.041667
1.058333
1.020833
1.054167
1.062500
1.016667
1.041667
1.045833
1.012500
1.025000
1.000000
0.975000
0.954167
0.929167
0.920833
0.904167
0.908333
0.895833
0.904167
0.908333
0.920833
0.912500
0.929167
0.945833
0.937500
0.983333
0.983333
0.975000
0.983333
0.995833
1.000000
0.658333
1.341667
1.004167
0.987500
0.558333
0.575000
0.870833
1.025000
1.025000
0.991667
1.029167
1.008333
1.033333
1.033333
1.000000
1.041667
1.041667
1.000000
1.050000
1.058333
1.016667
1.054167
1.062500
1.033333
1.054167
1.062500
1.020833
1.050000
1.070833
1.016667
1.058333
1.050000
1.020833
1.045833
1.050000
1.033333
1.054167
1.062500
1.025000
1.054167
1.079167
0.604167
0.595833
0.912500
1.050000
1.029167
1.058333
1.054167
1.054167
1.062500
1.033333
1.054167
1.058333
1.025000
1.062500
1.058333
0.637500
1.412500
1.020833
1.033333
1.041667
0.804167
1.216667
0.708333
1.291667
1.033333
0.895833
1.083333
1.025000
0.850000
1.150000
1.016667
0.866667
1.120833
0.995833
0.866667
1.112500
0.983333
0.858333
1.108333
0.983333
0.879167
1.112500
0.991667
0.958333
1.191667
0.845833
0.958333
1.000000
0.987500
0.987500
1.033333
1.029167
0.550000
0.583333
0.916667
1.025000
1.037500
0.604167
0.595833
0.854167
1.041667
1.045833
1.008333
1.033333
1.045833
1.041667
1.050000
0.716667
1.358333
1.062500
1.037500
1.033333
0.570833
0.570833
0.912500
1.008333
1.008333
0.991667
0.970833
1.016667
1.037500
1.008333
1.041667
1.054167
1.020833
1.050000
1.070833
1.058333
0.637500
1.433333
1.062500
1.025000
1.033333
0.995833
1.000000
0.970833
0.975000
0.950000
1.025000
1.000000
0.979167
1.041667
1.025000
1.041667
1.058333
1.054167
0.570833
0.583333
0.950000
1.058333
1.020833
1.050000
0.604167
0.587500
0.900000
1.041667
1.066667
1.033333
1.050000
1.062500
1.029167
1.058333
1.054167
0.629167
0.575000
0.920833
1.041667
1.045833
1.050000
1.016667
1.045833
1.058333
1.012500
1.045833
1.025000
1.075000
1.070833
1.037500
1.050000
1.066667
1.025000
1.054167
1.066667
1.025000
1.045833
1.054167
1.008333
1.041667
1.058333
1.020833
1.054167
0.695833
1.370833
1.045833
0.875000
1.170833
1.029167
0.900000
1.133333
0.987500
0.662500
1.320833
1.008333
1.016667
1.041667
0.979167
1.016667
1.070833
1.000000
1.025000
1.054167
1.025000
1.041667
1.050000
1.016667
1.045833
1.050000
1.012500
1.041667
1.054167
1.008333
1.054167
1.058333
1.016667
1.045833
1.008333
1.016667
1.008333
1.012500
1.020833
1.041667
0.995833
1.012500
1.045833
1.037500
1.050000
1.054167
1.050000
1.058333
1.041667
1.066667
1.066667
1.062500
1.058333
1.058333
1.066667
1.041667
1.058333
1.066667
1.033333
1.054167
1.062500
1.037500
1.058333
1.062500
0.825000
1.250000
0.662500
0.541667
0.879167
1.029167
1.045833
1.025000
1.033333
1.033333
1.025000
1.012500
1.029167
1.020833
1.033333
1.033333
1.029167
1.029167
1.041667
1.050000
1.008333
0.662500
1.391667
0.570833
0.575000
0.912500
1.012500
1.020833
1.037500
1.020833
1.029167
1.037500
1.016667
1.020833
1.037500
1.016667
0.983333
1.016667
1.004167
0.991667
0.962500
1.045833
1.004167
0.970833
1.041667
0.725000
0.762500
0.616667
0.583333
1.254167
0.987500
0.950000
1.033333
0.979167
0.983333
1.037500
0.991667
1.016667
1.054167
1.012500
1.037500
1.045833
0.766667
0.450000
0.891667
0.708333
1.304167
1.041667
1.037500
0.991667
1.050000
1.154167
0.862500
0.962500
0.995833
0.966667
0.562500
0.558333
0.866667
0.941667
0.995833
0.991667
0.958333
0.658333
1.304167
0.970833
1.004167
0.983333
0.962500
1.050000
0.666667
1.345833
1.204167
0.875000
1.020833
1.037500
1.037500
1.012500
0.983333
1.075000
1.058333
1.041667
1.050000
1.058333
1.029167
1.058333
1.066667
1.033333
1.062500
1.087500
1.050000
1.075000
1.212500
0.920833
1.062500
0.862500
1.250000
1.066667
0.883333
1.195833
1.037500
0.879167
1.187500
0.683333
1.183333
1.120833
0.958333
0.725000
1.291667
0.970833
0.845833
1.137500
0.625000
0.533333
0.820833
0.954167
0.691667
1.245833
0.975000
1.020833
1.004167
0.979167
1.016667
1.037500
1.000000
1.000000
1.050000
1.025000
1.037500
1.050000
1.045833
1.041667
1.050000
1.037500
1.054167
1.062500
1.025000
1.054167
1.070833
0.604167
0.475000
1.016667
1.041667
0.862500
1.129167
1.004167
0.966667
1.000000
0.995833
0.966667
0.587500
0.550000
0.841667
0.970833
0.970833
0.991667
0.970833
0.991667
0.991667
0.958333
1.000000
0.983333
0.987500
1.000000
0.995833
0.983333
0.991667
1.066667
0.995833
0.995833
1.050000
1.000000
1.033333
1.054167
1.012500
1.045833
1.050000
1.012500
1.045833
1.054167
1.020833
1.050000
1.058333
1.037500
1.054167
1.058333
1.045833
1.050000
1.058333
1.050000
1.025000
1.050000
1.037500
1.050000
1.058333
1.033333
1.054167
1.054167
1.041667
1.045833
0.604167
0.550000
0.870833
0.958333
0.945833
1.062500
0.983333
0.958333
0.954167
0.937500
0.550000
1.000000
0.975000
0.962500
0.979167
0.975000
0.958333
1.016667
0.983333
0.991667
0.987500
0.954167
0.950000
0.950000
0.950000
0.933333
0.962500
0.950000
0.933333
0.995833
1.037500
0.970833
0.958333
0.970833
0.975000
0.683333
1.229167
0.970833
1.020833
0.975000
1.000000
0.983333
1.029167
1.016667
1.045833
1.041667
1.037500
1.008333
1.041667
1.062500
1.016667
1.050000
2.054167
1.054167
0.862500
1.204167
1.004167
1.012500
1.025000
1.000000
1.029167
0.708333
1.304167
0.616667
0.554167
0.858333
0.987500
0.616667
0.550000
0.845833
0.987500
1.000000
1.054167
0.629167
0.441667
0.962500
1.029167
1.012500
1.050000
1.045833
0.633333
0.554167
0.908333
1.041667
1.054167
1.025000
1.050000
1.054167
1.033333
0.708333
1.391667
1.045833
1.058333
1.058333
1.058333
1.054167
0.645833
0.550000
0.920833
1.041667
1.041667
