0.779167
0.783333
0.787500
0.787500
0.783333
0.779167
0.791667
0.787500
0.787500
0.779167
0.787500
0.787500
0.787500
0.783333
1.558333
0.783333
0.787500
0.775000
0.779167
0.783333
0.775000
0.941667
0.616667
0.779167
0.775000
0.779167
0.770833
0.770833
0.775000
0.770833
0.770833
0.766667
0.775000
0.770833
0.766667
0.775000
0.779167
0.783333
0.783333
0.775000
0.779167
0.783333
0.783333
0.779167
0.604167
0.958333
0.783333
1.545833
0.775000
0.775000
0.758333
0.775000
0.770833
0.775000
0.762500
0.770833
0.770833
0.770833
0.775000
0.762500
0.779167
0.775000
0.779167
0.779167
0.762500
0.779167
0.770833
0.775000
0.775000
0.770833
0.766667
0.766667
0.766667
0.775000
0.770833
0.762500
0.775000
0.775000
0.783333
1.550000
0.779167
0.779167
0.783333
1.558333
0.779167
0.783333
0.770833
0.779167
0.779167
0.779167
0.779167
0.766667
0.787500
0.775000
0.783333
1.558333
0.779167
0.787500
0.787500
0.775000
0.783333
0.783333
0.787500
0.787500
1.562500
0.783333
0.787500
0.783333
1.562500
0.783333
0.779167
0.779167
0.783333
0.783333
0.783333
0.775000
0.787500
0.783333
0.787500
0.783333
0.775000
0.787500
0.787500
0.787500
0.787500
1.566667
0.783333
0.787500
0.787500
1.562500
0.783333
0.787500
0.783333
0.775000
0.779167
0.779167
0.779167
0.779167
0.779167
1.541667
0.770833
0.779167
1.545833
0.779167
0.779167
1.554167
0.779167
0.779167
0.787500
1.554167
0.779167
0.783333
0.787500
1.558333
0.779167
0.783333
0.787500
0.779167
0.787500
0.787500
0.787500
0.791667
0.787500
0.779167
0.783333
0.783333
0.787500
0.783333
0.787500
0.791667
0.783333
0.512500
1.058333
0.800000
0.791667
0.450000
0.991667
0.825000
0.804167
0.791667
0.783333
0.783333
0.783333
0.783333
0.775000
1.012500
0.550000
0.783333
0.775000
1.545833
0.770833
0.775000
0.775000
1.550000
0.775000
0.783333
0.783333
1.562500
0.783333
0.787500
1.566667
0.783333
0.787500
0.787500
1.566667
0.783333
0.791667
0.791667
1.045833
1.175000
0.833333
0.812500
1.587500
0.795833
0.787500
0.787500
1.045833
1.983333
1.095833
0.458333
1.625000
0.787500
0.687500
0.900000
0.233333
1.154167
0.970833
0.791667
0.795833
0.787500
0.783333
0.787500
0.779167
0.787500
0.783333
1.562500
0.779167
0.787500
0.787500
1.283333
1.075000
0.808333
1.575000
0.791667
0.787500
1.562500
0.229167
0.558333
0.791667
0.758333
1.600000
0.783333
0.791667
1.562500
0.787500
0.787500
0.791667
0.441667
1.854167
0.808333
1.325000
0.262500
0.791667
0.795833
1.575000
0.441667
1.000000
0.841667
0.795833
0.808333
0.795833
0.800000
0.441667
0.995833
0.825000
0.808333
0.800000
1.583333
0.791667
0.795833
0.441667
1.000000
0.833333
0.800000
0.795833
0.795833
0.795833
0.445833
0.987500
0.829167
0.804167
0.800000
0.791667
0.787500
0.445833
0.970833
0.825000
0.804167
1.575000
0.791667
0.787500
1.441667
0.833333
0.804167
0.804167
0.787500
0.795833
0.791667
0.441667
0.995833
0.825000
0.804167
0.800000
0.800000
0.454167
0.995833
0.825000
0.808333
0.800000
0.791667
0.791667
0.791667
0.791667
0.783333
0.787500
0.787500
0.791667
0.445833
0.991667
0.829167
0.812500
1.595833
0.795833
0.800000
0.800000
1.583333
0.795833
0.791667
0.791667
0.445833
0.991667
0.829167
0.808333
1.587500
0.791667
0.795833
1.445833
0.816667
0.804167
0.800000
0.795833
0.795833
0.779167
0.445833
0.979167
0.829167
0.804167
1.587500
0.795833
0.795833
0.445833
0.995833
0.829167
0.816667
0.804167
0.795833
0.800000
0.800000
1.454167
0.850000
0.816667
0.816667
0.800000
0.450000
0.991667
0.837500
0.816667
0.804167
0.791667
0.800000
0.795833
1.450000
0.833333
0.812500
0.804167
0.800000
1.587500
0.795833
1.445833
0.845833
0.812500
0.812500
0.795833
0.800000
0.795833
0.795833
0.795833
1.583333
0.791667
0.445833
1.000000
0.820833
0.804167
0.800000
0.800000
1.587500
0.791667
0.795833
1.445833
0.833333
0.808333
0.800000
0.795833
0.795833
1.429167
0.825000
0.795833
0.800000
0.441667
1.829167
0.812500
0.804167
0.445833
1.004167
1.629167
0.804167
1.450000
0.820833
0.816667
0.808333
0.804167
1.441667
0.833333
0.812500
0.808333
0.445833
0.991667
0.829167
0.812500
1.441667
0.841667
0.812500
0.812500
0.804167
1.595833
0.800000
0.508333
1.095833
0.458333
0.975000
0.833333
0.812500
0.808333
1.595833
0.795833
0.795833
1.450000
0.841667
0.812500
0.808333
0.804167
1.595833
0.800000
0.800000
1.587500
0.804167
0.795833
0.800000
1.591667
0.795833
0.791667
0.804167
0.800000
0.800000
0.787500
0.795833
0.795833
1.583333
0.800000
0.795833
0.783333
0.791667
0.795833
0.795833
0.787500
0.450000
0.987500
1.650000
0.804167
0.791667
0.800000
0.791667
0.791667
0.787500
0.787500
0.787500
0.795833
0.779167
0.787500
0.445833
0.987500
0.833333
0.800000
0.800000
0.791667
0.787500
0.791667
0.787500
0.783333
0.795833
0.791667
0.791667
0.791667
1.016667
0.554167
0.787500
0.783333
0.770833
0.779167
0.779167
0.762500
0.775000
0.779167
0.779167
0.779167
1.558333
0.779167
0.779167
0.783333
1.550000
0.779167
0.783333
1.550000
0.779167
0.783333
0.783333
1.558333
0.783333
0.783333
0.779167
1.558333
0.779167
0.779167
0.779167
1.554167
0.779167
0.783333
1.558333
0.783333
0.783333
0.783333
0.783333
1.562500
0.783333
0.783333
0.766667
0.783333
0.779167
0.783333
0.766667
0.779167
0.779167
0.779167
1.550000
0.779167
0.783333
0.779167
1.558333
0.779167
0.783333
1.558333
0.783333
0.787500
0.791667
1.570833
0.791667
0.787500
1.570833
0.791667
0.787500
0.787500
0.787500
1.554167
0.779167
0.775000
1.554167
0.775000
0.779167
0.779167
0.770833
0.783333
0.779167
0.779167
0.770833
0.783333
0.779167
0.783333
1.558333
0.783333
0.783333
0.787500
1.562500
0.783333
0.783333
0.787500
1.562500
0.783333
0.783333
0.787500
1.562500
0.783333
0.783333
0.787500
1.558333
0.779167
0.783333
1.558333
0.783333
0.787500
0.783333
1.562500
0.783333
0.783333
0.787500
1.562500
0.779167
0.783333
0.779167
1.554167
0.775000
0.779167
1.545833
0.775000
0.770833
0.779167
1.541667
0.775000
0.775000
1.537500
0.770833
0.770833
0.775000
1.533333
0.766667
0.766667
0.762500
0.762500
0.766667
1.520833
0.766667
0.766667
0.775000
1.541667
0.779167
0.779167
0.783333
1.562500
0.783333
0.787500
0.787500
1.562500
0.783333
0.787500
0.787500
1.566667
0.783333
0.787500
0.787500
1.562500
0.783333
0.787500
0.787500
1.562500
0.783333
1.545833
0.779167
0.779167
0.783333
1.545833
0.775000
0.779167
0.779167
1.545833
0.779167
0.779167
0.779167
1.554167
0.779167
0.779167
1.550000
0.779167
0.779167
0.779167
0.770833
0.779167
0.775000
0.775000
