0.291667
0.316667
0.608333
0.604167
0.254167
0.358333
0.604167
0.608333
0.604167
0.612500
0.608333
0.612500
0.604167
0.495833
0.725000
0.608333
0.612500
0.604167
0.604167
0.608333
0.600000
0.604167
0.604167
0.604167
0.608333
0.600000
0.612500
0.600000
0.612500
0.608333
0.608333
0.604167
0.608333
0.608333
0.616667
0.612500
0.612500
0.612500
0.608333
0.612500
0.604167
0.616667
0.608333
0.612500
0.608333
0.616667
0.608333
0.616667
0.616667
0.608333
0.616667
0.620833
0.612500
0.616667
0.612500
1.112500
0.116667
0.616667
0.612500
0.612500
0.612500
0.483333
0.745833
0.616667
0.612500
0.616667
0.612500
0.616667
0.312500
0.300000
0.216667
0.450000
0.566667
0.616667
0.620833
0.620833
0.729167
0.291667
0.212500
0.616667
0.620833
0.616667
0.616667
0.620833
0.620833
0.612500
0.620833
0.616667
0.620833
0.612500
0.620833
0.612500
0.616667
0.616667
0.612500
0.612500
0.612500
0.616667
0.604167
0.616667
0.612500
0.741667
0.091667
0.391667
0.320833
0.433333
0.462500
0.616667
0.612500
0.600000
0.612500
0.612500
0.358333
0.245833
0.608333
0.604167
0.612500
0.608333
0.604167
0.608333
0.604167
0.612500
0.604167
0.608333
0.291667
0.316667
0.604167
0.608333
0.604167
0.608333
0.608333
0.612500
0.608333
0.608333
0.612500
0.608333
0.608333
0.608333
0.612500
0.604167
0.612500
0.604167
0.608333
0.604167
0.608333
0.608333
0.600000
0.604167
0.608333
0.591667
0.300000
0.437500
0.487500
0.608333
0.608333
0.608333
0.608333
0.604167
0.612500
0.608333
0.608333
0.612500
0.604167
0.429167
0.429167
0.358333
0.604167
0.608333
0.604167
0.612500
0.604167
0.608333
0.604167
0.604167
0.608333
0.604167
0.604167
0.608333
0.604167
0.604167
0.604167
0.608333
0.316667
0.291667
1.204167
0.604167
0.604167
0.604167
0.604167
0.608333
0.604167
0.608333
0.604167
0.608333
0.608333
0.608333
0.608333
0.604167
0.612500
0.412500
0.404167
0.400000
0.612500
0.608333
0.612500
0.608333
0.608333
0.608333
0.612500
0.608333
0.608333
0.612500
0.608333
0.612500
0.604167
0.608333
0.604167
0.604167
0.612500
0.608333
0.608333
0.612500
0.608333
0.608333
0.608333
0.608333
0.608333
0.604167
0.604167
0.604167
0.608333
0.604167
0.608333
0.600000
0.604167
0.608333
0.604167
0.316667
0.337500
0.558333
0.191667
0.416667
0.387500
0.216667
0.608333
0.608333
0.183333
0.429167
0.612500
0.608333
0.612500
0.445833
0.895833
0.491667
0.612500
0.612500
0.612500
0.470833
0.391667
0.133333
0.400000
0.412500
0.250000
0.962500
0.687500
0.612500
0.620833
1.237500
1.233333
0.616667
0.612500
1.237500
0.620833
0.337500
0.279167
0.616667
0.620833
0.616667
0.616667
0.616667
0.612500
0.620833
0.616667
0.620833
0.612500
0.437500
0.175000
0.616667
0.612500
0.383333
0.454167
0.333333
0.658333
0.612500
0.966667
0.250000
0.608333
0.604167
0.608333
0.604167
0.608333
0.220833
0.379167
0.604167
0.604167
0.604167
0.462500
0.741667
0.500000
0.704167
0.604167
0.600000
0.608333
1.200000
0.604167
0.604167
0.504167
0.708333
0.387500
0.241667
1.170833
0.600000
0.608333
0.229167
0.375000
1.208333
0.604167
0.604167
0.512500
0.691667
0.600000
0.608333
0.183333
0.416667
0.608333
0.600000
0.604167
0.604167
0.604167
0.604167
0.604167
0.608333
0.612500
0.608333
0.604167
0.608333
0.787500
0.283333
0.570833
0.533333
0.258333
0.612500
0.600000
0.616667
0.604167
0.612500
0.608333
0.608333
0.604167
0.608333
0.608333
0.295833
0.312500
0.112500
0.495833
0.312500
0.291667
0.612500
0.608333
0.612500
0.612500
0.608333
0.612500
0.612500
0.612500
0.612500
0.612500
0.612500
0.608333
0.612500
0.616667
0.612500
0.612500
0.612500
0.616667
0.608333
0.612500
0.604167
0.608333
0.608333
0.608333
0.391667
0.216667
0.612500
0.604167
0.608333
0.608333
0.608333
0.608333
0.604167
0.608333
0.612500
0.608333
0.608333
0.612500
0.604167
0.608333
0.608333
0.612500
0.608333
0.608333
0.612500
0.600000
0.612500
0.600000
0.612500
0.608333
0.604167
0.604167
0.608333
0.608333
0.608333
0.608333
0.608333
0.604167
0.608333
0.600000
0.608333
0.600000
0.608333
0.604167
0.608333
0.600000
0.612500
0.608333
0.608333
0.608333
0.608333
0.375000
0.241667
0.470833
0.745833
0.370833
0.345833
0.508333
0.679167
0.204167
0.391667
0.358333
0.754167
0.279167
0.991667
1.208333
1.070833
0.275000
1.095833
1.837500
1.841667
0.608333
0.612500
0.612500
0.612500
0.612500
0.608333
0.612500
0.608333
0.783333
0.537500
0.341667
0.154167
0.637500
0.608333
0.604167
0.612500
0.608333
0.608333
0.608333
0.608333
0.612500
0.604167
0.612500
0.604167
0.608333
0.604167
0.608333
0.604167
0.604167
0.600000
0.608333
0.600000
0.604167
0.608333
0.600000
0.604167
0.600000
0.600000
0.604167
0.600000
0.604167
0.604167
0.604167
0.612500
0.600000
0.604167
0.604167
0.608333
0.604167
0.604167
0.608333
0.608333
0.604167
0.612500
0.312500
0.300000
0.604167
0.616667
0.612500
0.608333
0.612500
0.612500
0.612500
0.616667
0.612500
0.616667
0.616667
0.333333
0.279167
0.216667
0.400000
0.945833
0.287500
0.612500
0.616667
0.616667
0.612500
0.612500
0.608333
0.616667
0.612500
0.608333
1.220833
0.608333
0.612500
0.608333
0.608333
0.608333
0.391667
0.220833
0.166667
0.558333
0.487500
0.608333
0.608333
0.604167
0.608333
0.612500
0.604167
0.700000
0.279167
0.237500
0.600000
0.608333
0.604167
0.604167
0.600000
0.608333
0.591667
0.283333
0.329167
0.600000
0.604167
0.604167
0.600000
0.600000
0.600000
0.600000
0.600000
0.600000
0.595833
0.266667
0.337500
0.591667
0.600000
0.245833
0.354167
0.200000
0.395833
0.600000
0.600000
0.600000
0.595833
0.600000
0.595833
0.600000
0.604167
0.595833
0.600000
0.600000
0.591667
0.600000
0.604167
0.591667
0.604167
0.595833
0.600000
0.595833
0.600000
0.595833
0.600000
0.600000
0.595833
0.600000
0.595833
0.595833
0.600000
0.600000
0.595833
0.600000
0.600000
0.595833
0.600000
0.595833
0.600000
0.595833
0.600000
0.604167
0.600000
0.604167
0.595833
0.600000
0.604167
0.604167
0.279167
0.320833
1.208333
0.604167
0.604167
0.600000
0.608333
0.604167
0.600000
0.604167
1.216667
0.608333
0.608333
0.604167
0.612500
0.604167
0.608333
0.604167
0.612500
0.608333
0.608333
0.612500
0.608333
0.408333
0.812500
0.612500
0.608333
0.608333
0.608333
0.608333
0.608333
0.604167
0.604167
0.329167
0.283333
1.208333
0.608333
0.612500
0.604167
0.604167
0.608333
0.504167
0.266667
0.591667
0.466667
0.608333
0.608333
0.608333
0.608333
0.608333
0.612500
0.608333
0.608333
0.612500
0.608333
0.612500
0.608333
0.345833
0.266667
0.291667
0.312500
0.620833
0.612500
0.612500
0.612500
0.612500
0.620833
0.612500
0.625000
0.633333
0.620833
0.629167
0.633333
0.470833
0.420833
0.375000
0.633333
0.625000
0.629167
0.625000
0.625000
0.600000
0.645833
0.620833
0.620833
0.620833
0.620833
0.616667
0.620833
0.612500
0.616667
0.616667
0.612500
0.750000
0.483333
0.250000
0.358333
0.612500
0.608333
0.616667
0.608333
0.608333
0.604167
0.608333
0.608333
0.608333
0.600000
0.612500
0.604167
0.608333
0.608333
0.612500
0.604167
0.608333
0.608333
0.604167
0.612500
0.612500
0.604167
0.616667
0.604167
0.612500
0.608333
0.612500
0.345833
0.262500
0.612500
0.612500
0.608333
0.604167
1.220833
0.604167
0.612500
0.604167
1.220833
0.604167
0.612500
0.604167
0.608333
0.604167
0.604167
0.604167
0.608333
0.600000
0.608333
0.604167
0.600000
0.608333
0.604167
0.604167
0.604167
0.612500
0.195833
0.404167
0.612500
0.600000
0.595833
0.612500
0.658333
0.733333
0.212500
0.220833
0.604167
0.616667
0.608333
0.608333
0.608333
0.612500
0.612500
0.387500
0.220833
0.612500
0.612500
0.612500
0.612500
0.375000
0.237500
0.616667
0.612500
0.620833
1.229167
0.612500
0.608333
0.625000
0.612500
0.229167
0.383333
0.620833
0.608333
0.620833
0.616667
0.304167
0.579167
0.308333
0.658333
0.616667
0.620833
0.625000
0.616667
0.620833
1.233333
0.687500
0.545833
0.620833
1.216667
0.729167
0.650000
1.091667
1.237500
0.616667
0.616667
0.616667
0.625000
0.625000
0.625000
0.620833
0.625000
0.933333
0.433333
0.087500
0.629167
0.275000
1.041667
0.075000
0.466667
0.233333
0.433333
0.262500
0.404167
0.466667
0.562500
0.545833
0.620833
0.470833
0.762500
0.616667
0.616667
0.616667
0.616667
0.612500
0.612500
0.612500
0.608333
0.612500
0.608333
0.608333
0.608333
0.604167
0.604167
0.608333
0.604167
0.600000
0.604167
0.608333
0.604167
0.600000
0.608333
0.604167
0.604167
0.604167
0.604167
0.600000
0.604167
0.608333
0.604167
0.608333
0.608333
0.612500
0.604167
0.608333
0.612500
0.608333
0.604167
0.612500
0.608333
0.608333
0.529167
0.683333
0.612500
0.608333
0.604167
0.604167
0.608333
0.604167
0.608333
0.604167
0.604167
0.608333
0.604167
0.608333
0.604167
0.604167
0.608333
0.604167
0.608333
0.616667
0.604167
0.608333
0.616667
1.216667
0.608333
0.612500
0.608333
0.604167
0.608333
0.608333
0.608333
0.612500
0.600000
0.612500
0.608333
0.608333
0.612500
0.612500
0.612500
0.616667
0.608333
0.616667
0.608333
0.616667
0.608333
0.612500
0.608333
0.608333
0.608333
0.608333
0.608333
0.604167
0.604167
0.608333
0.604167
0.604167
0.600000
0.604167
0.604167
0.241667
0.362500
0.604167
0.608333
0.433333
0.179167
0.600000
0.608333
0.604167
0.608333
0.604167
0.608333
0.604167
0.258333
0.266667
0.691667
0.612500
0.612500
0.612500
0.612500
0.508333
0.695833
0.620833
0.608333
0.612500
0.320833
0.291667
0.608333
0.716667
0.520833
0.612500
1.233333
0.625000
0.616667
0.612500
0.616667
0.612500
0.616667
0.612500
0.612500
0.620833
0.608333
0.616667
0.612500
0.612500
0.612500
0.612500
0.616667
0.612500
0.608333
0.616667
0.616667
0.616667
0.616667
0.616667
0.612500
0.616667
0.616667
0.608333
0.616667
0.612500
0.608333
0.612500
0.612500
0.600000
0.625000
0.612500
0.620833
0.612500
0.612500
0.616667
0.354167
0.262500
0.612500
0.612500
0.612500
0.612500
0.483333
0.750000
0.612500
0.612500
0.616667
0.250000
0.483333
0.491667
0.620833
0.616667
0.616667
0.616667
0.616667
0.616667
0.612500
0.616667
0.616667
0.620833
0.612500
0.620833
0.562500
0.512500
0.700000
