0.770833
0.775000
1.312500
0.779167
0.462500
0.870833
0.791667
0.487500
0.858333
0.775000
1.337500
0.733333
0.629167
0.541667
0.491667
0.379167
0.458333
0.445833
0.679167
0.837500
0.775000
0.675000
0.525000
0.825000
0.750000
1.158333
0.941667
0.733333
0.733333
0.529167
0.816667
0.729167
0.720833
0.508333
0.808333
0.716667
0.695833
0.537500
0.779167
0.700000
0.683333
0.554167
0.762500
0.695833
0.612500
0.516667
0.795833
0.712500
0.466667
0.800000
0.466667
0.254167
0.533333
0.700000
0.716667
0.495833
0.804167
0.691667
0.700000
0.575000
0.770833
0.704167
0.462500
0.791667
0.558333
0.150000
0.458333
0.787500
0.708333
0.458333
0.804167
0.725000
0.687500
0.704167
0.466667
0.804167
0.720833
0.304167
0.345833
0.604167
0.787500
0.825000
0.416667
0.912500
0.587500
1.254167
1.412500
0.441667
0.812500
0.466667
0.875000
0.391667
0.379167
0.420833
0.691667
0.641667
0.729167
0.683333
0.675000
0.679167
0.629167
0.716667
0.679167
0.670833
0.658333
0.687500
0.541667
0.433333
0.329167
0.362500
0.912500
0.475000
0.225000
0.454167
0.779167
0.320833
0.958333
0.712500
0.458333
0.800000
0.704167
0.525000
0.787500
0.708333
0.445833
0.795833
0.712500
0.550000
0.795833
0.525000
0.795833
0.708333
0.450000
0.800000
0.700000
0.466667
0.783333
0.683333
0.579167
0.787500
0.562500
0.787500
0.720833
0.454167
0.804167
0.729167
0.454167
0.804167
0.725000
0.720833
0.583333
0.441667
0.979167
0.325000
0.962500
0.762500
0.437500
0.841667
1.295833
0.512500
0.825000
0.750000
0.729167
0.333333
0.954167
0.725000
0.750000
0.500000
0.841667
1.283333
0.495833
0.829167
0.745833
0.745833
0.570833
0.820833
0.729167
0.725000
0.716667
0.520833
0.816667
0.741667
0.741667
0.550000
0.825000
0.358333
0.391667
0.729167
0.525000
0.833333
0.762500
0.316667
0.412500
0.554167
0.812500
0.750000
0.725000
0.458333
0.812500
0.750000
0.733333
0.616667
0.808333
0.716667
0.716667
0.641667
1.212500
0.729167
0.720833
0.462500
0.820833
0.733333
0.720833
0.554167
0.808333
0.712500
0.733333
0.562500
0.783333
0.454167
0.808333
0.716667
0.858333
0.404167
0.775000
0.708333
0.695833
0.470833
0.279167
0.525000
0.720833
0.683333
1.062500
0.291667
0.741667
0.737500
1.291667
1.433333
0.350000
1.125000
0.858333
0.779167
0.745833
0.525000
0.837500
0.750000
0.733333
1.279167
0.745833
0.720833
0.608333
0.791667
0.720833
0.708333
0.570833
0.800000
0.725000
0.708333
0.304167
0.279167
0.791667
0.716667
0.704167
0.604167
0.779167
0.529167
0.812500
0.729167
0.716667
0.712500
0.566667
0.804167
0.729167
0.716667
0.558333
0.816667
0.741667
0.725000
0.458333
0.820833
0.733333
0.712500
0.583333
0.804167
0.545833
0.175000
0.725000
0.579167
0.645833
0.162500
0.541667
0.191667
0.595833
0.112500
0.604167
0.312500
0.487500
0.141667
0.583333
0.737500
0.575000
0.816667
0.795833
0.750000
0.566667
0.891667
0.829167
0.595833
0.904167
0.808333
0.650000
0.862500
0.475000
0.866667
0.770833
0.754167
0.750000
0.737500
0.741667
0.737500
0.733333
0.737500
0.741667
0.470833
0.850000
0.787500
0.770833
0.770833
0.770833
0.779167
0.445833
0.887500
0.800000
0.462500
0.879167
0.804167
0.795833
0.520833
0.887500
0.804167
0.787500
0.775000
0.770833
0.758333
0.758333
0.745833
0.466667
0.845833
0.775000
0.770833
0.525000
0.870833
0.791667
0.341667
0.537500
0.845833
0.812500
0.800000
0.520833
0.916667
0.816667
0.475000
0.879167
0.795833
0.775000
0.475000
0.870833
0.787500
0.770833
0.462500
0.854167
0.337500
1.004167
0.550000
0.895833
0.812500
0.804167
0.570833
0.904167
0.820833
0.816667
0.479167
0.900000
0.820833
0.466667
1.154167
0.800000
0.650000
0.895833
0.475000
0.887500
0.525000
0.908333
0.820833
0.800000
0.537500
0.900000
0.500000
0.895833
0.808333
0.783333
0.500000
0.891667
0.312500
0.479167
0.766667
1.320833
0.762500
0.800000
0.554167
0.875000
0.808333
0.804167
0.525000
0.887500
0.487500
0.562500
0.300000
0.479167
0.891667
0.787500
0.770833
0.470833
0.862500
0.787500
0.783333
0.550000
0.895833
0.825000
0.812500
0.470833
0.895833
0.825000
0.820833
0.462500
0.895833
0.358333
0.458333
1.354167
0.808333
0.791667
0.454167
0.879167
0.795833
0.775000
0.462500
0.866667
0.483333
0.883333
0.804167
0.795833
0.466667
0.608333
0.258333
0.825000
0.800000
0.800000
0.450000
0.820833
0.883333
0.808333
0.795833
0.537500
0.895833
0.300000
0.416667
0.054167
0.583333
0.812500
0.800000
0.525000
1.170833
0.212500
0.483333
0.404167
0.337500
0.525000
0.495833
0.833333
0.529167
0.270833
0.541667
0.908333
0.300000
0.912500
0.725000
0.783333
0.500000
0.895833
0.800000
0.800000
0.516667
0.879167
0.354167
0.537500
0.212500
0.500000
0.941667
0.454167
0.554167
0.266667
0.133333
0.408333
0.325000
0.883333
1.008333
0.445833
0.562500
0.770833
0.483333
0.254167
0.591667
0.866667
0.675000
0.383333
0.970833
0.875000
0.908333
0.320833
0.570833
0.262500
0.433333
0.133333
0.733333
0.812500
0.279167
0.704167
1.287500
0.741667
0.720833
0.458333
0.825000
0.741667
0.729167
0.583333
0.825000
0.750000
0.737500
0.462500
0.833333
0.762500
0.754167
0.475000
0.858333
1.337500
0.658333
0.720833
0.295833
0.729167
0.050000
0.512500
0.533333
0.900000
0.787500
0.283333
0.479167
0.537500
0.875000
0.766667
0.783333
0.466667
0.845833
0.787500
0.770833
0.470833
0.862500
0.779167
0.475000
0.437500
0.737500
0.783333
0.783333
0.591667
0.891667
0.808333
0.783333
0.470833
0.875000
0.791667
0.483333
0.395833
0.791667
0.795833
0.775000
0.775000
0.766667
0.770833
0.770833
0.470833
0.870833
0.791667
0.775000
0.537500
0.875000
0.795833
0.470833
0.866667
0.787500
0.775000
0.445833
0.875000
0.787500
0.779167
0.616667
0.887500
0.800000
0.787500
0.487500
0.875000
0.800000
0.787500
0.625000
0.879167
0.804167
0.791667
0.445833
0.904167
0.795833
0.783333
0.454167
0.875000
0.791667
0.787500
0.529167
0.883333
0.808333
0.795833
0.533333
0.891667
0.475000
0.887500
0.495833
0.891667
0.804167
0.787500
0.483333
0.883333
0.495833
0.887500
0.587500
0.404167
0.420833
0.783333
0.550000
0.254167
0.416667
0.395833
0.595833
0.491667
0.504167
0.341667
0.770833
0.304167
0.329167
0.633333
0.462500
0.391667
0.775000
0.745833
0.445833
0.854167
1.325000
0.562500
0.858333
0.779167
0.500000
0.866667
0.783333
0.770833
0.770833
0.766667
0.470833
0.866667
0.787500
0.779167
0.325000
0.687500
0.883333
0.820833
0.804167
0.491667
0.879167
0.795833
0.775000
0.558333
0.870833
0.495833
0.879167
0.512500
0.875000
0.804167
0.800000
0.529167
0.891667
0.808333
0.837500
0.541667
0.904167
0.837500
0.633333
0.920833
0.479167
0.891667
0.812500
0.466667
0.883333
0.800000
0.775000
0.620833
0.862500
0.775000
0.779167
0.554167
0.875000
0.804167
0.787500
0.520833
0.883333
0.795833
0.779167
0.475000
0.870833
0.337500
1.004167
0.487500
0.883333
0.804167
0.783333
0.591667
1.229167
0.812500
0.795833
0.554167
0.895833
0.808333
1.337500
1.358333
0.487500
0.900000
0.812500
0.795833
0.487500
0.883333
0.808333
0.466667
0.879167
1.358333
0.820833
0.470833
0.891667
0.825000
0.812500
0.537500
0.925000
0.833333
0.825000
0.816667
0.816667
0.829167
0.312500
1.062500
1.395833
1.383333
0.841667
0.812500
0.804167
0.804167
1.354167
1.387500
0.487500
0.916667
0.504167
0.895833
1.395833
0.820833
0.791667
1.337500
0.795833
0.466667
0.866667
0.483333
0.870833
0.537500
0.875000
0.775000
1.312500
0.787500
0.466667
0.858333
0.791667
0.779167
0.470833
0.875000
0.800000
0.795833
0.487500
0.891667
0.816667
0.470833
0.879167
1.362500
0.816667
0.804167
0.545833
0.895833
0.816667
0.795833
0.537500
0.895833
0.812500
0.800000
0.495833
0.887500
0.808333
0.795833
0.533333
0.895833
1.366667
0.525000
0.312500
0.600000
0.812500
0.775000
0.458333
0.891667
0.350000
0.445833
0.770833
0.362500
1.058333
0.779167
0.762500
0.516667
0.866667
0.787500
0.475000
0.870833
0.791667
0.775000
0.566667
0.870833
0.791667
0.770833
0.520833
0.870833
0.795833
0.779167
0.541667
0.875000
0.800000
0.791667
0.525000
0.883333
0.808333
0.779167
0.325000
0.404167
0.637500
0.804167
0.800000
0.516667
0.875000
0.825000
0.800000
0.500000
0.912500
0.816667
0.816667
0.304167
1.095833
0.816667
0.791667
0.483333
0.883333
0.808333
0.808333
0.554167
0.895833
0.812500
0.804167
0.533333
0.916667
0.808333
0.800000
0.495833
0.900000
0.808333
0.800000
0.495833
