0.895833
1.016667
1.066667
1.045833
1.037500
1.054167
1.050000
1.058333
1.062500
1.029167
1.062500
0.633333
0.575000
0.883333
1.058333
1.075000
1.020833
1.066667
1.037500
1.066667
0.745833
1.320833
1.054167
1.062500
0.625000
0.579167
0.841667
1.020833
1.037500
1.025000
1.037500
1.033333
0.691667
1.362500
1.041667
1.029167
1.054167
1.029167
1.041667
1.054167
1.045833
1.054167
1.058333
1.033333
0.616667
0.575000
0.891667
1.045833
1.062500
0.720833
1.383333
1.070833
1.058333
1.054167
1.058333
1.050000
1.058333
0.654167
0.583333
0.895833
1.037500
1.066667
1.058333
1.066667
0.612500
0.583333
0.908333
1.050000
1.075000
1.045833
1.070833
1.075000
1.050000
0.600000
0.591667
0.945833
1.058333
1.033333
1.054167
1.058333
1.029167
1.054167
2.075000
1.062500
0.879167
1.191667
1.050000
1.041667
1.020833
1.033333
1.037500
1.016667
1.033333
1.041667
1.066667
1.025000
1.041667
1.050000
1.041667
1.058333
1.054167
1.033333
1.054167
0.691667
1.391667
1.066667
1.054167
1.054167
1.008333
1.045833
1.058333
1.041667
1.050000
1.054167
1.037500
1.054167
1.062500
1.041667
1.058333
1.066667
1.029167
1.062500
1.070833
1.037500
1.066667
1.075000
1.079167
1.079167
1.062500
1.079167
1.191667
0.950000
1.066667
1.079167
0.620833
0.591667
0.908333
1.058333
1.037500
0.716667
1.391667
1.062500
1.054167
1.033333
1.054167
1.058333
1.033333
1.054167
1.066667
0.608333
0.595833
0.912500
1.058333
1.037500
1.066667
1.070833
1.062500
1.070833
1.075000
1.050000
1.066667
1.154167
0.979167
1.050000
1.037500
1.058333
1.062500
1.033333
1.054167
1.075000
0.754167
1.329167
1.033333
0.875000
1.220833
1.083333
1.025000
1.029167
0.641667
0.533333
0.862500
0.995833
1.020833
0.966667
1.008333
0.904167
0.491667
0.787500
0.925000
1.029167
0.937500
0.912500
0.875000
0.533333
0.912500
1.008333
1.037500
1.050000
1.037500
1.054167
0.625000
0.558333
0.908333
1.041667
1.054167
1.016667
1.045833
1.054167
1.016667
1.045833
1.058333
1.037500
1.054167
1.070833
1.050000
0.595833
0.579167
0.962500
0.695833
0.445833
0.983333
1.050000
1.033333
1.050000
1.054167
1.025000
1.045833
1.050000
1.012500
1.045833
0.675000
0.558333
0.870833
1.020833
1.054167
1.020833
1.050000
1.058333
0.645833
1.429167
1.054167
1.045833
1.058333
0.641667
0.550000
0.900000
1.037500
1.066667
1.025000
1.054167
1.062500
1.020833
1.054167
1.062500
1.025000
1.054167
1.066667
1.033333
1.058333
1.075000
1.058333
0.637500
0.575000
0.908333
1.054167
1.062500
1.041667
1.062500
1.062500
1.041667
1.062500
1.075000
1.037500
1.062500
1.075000
1.041667
1.066667
0.600000
0.595833
0.933333
1.062500
1.083333
0.687500
1.433333
1.079167
1.075000
1.075000
1.058333
1.062500
1.070833
1.037500
1.062500
1.075000
1.058333
0.637500
0.570833
0.937500
1.041667
1.066667
1.062500
1.029167
1.054167
1.070833
1.029167
1.066667
1.070833
1.070833
1.083333
1.054167
1.070833
1.183333
0.920833
0.554167
0.595833
0.962500
1.016667
1.050000
1.058333
1.025000
1.054167
0.545833
0.612500
0.933333
1.050000
1.062500
0.558333
0.595833
0.950000
1.058333
1.041667
1.058333
1.054167
1.058333
1.066667
0.654167
1.416667
1.066667
1.016667
1.041667
1.058333
1.012500
1.041667
1.062500
1.020833
1.054167
1.062500
1.033333
1.062500
0.637500
0.579167
0.904167
1.045833
1.075000
1.037500
1.058333
0.691667
1.066667
0.500000
0.937500
1.000000
0.483333
0.708333
0.966667
1.029167
1.054167
1.062500
0.595833
0.583333
0.920833
1.054167
1.029167
1.050000
1.058333
1.020833
1.045833
1.058333
1.025000
1.054167
1.208333
0.883333
1.037500
1.066667
1.066667
1.050000
0.675000
1.150000
1.083333
1.075000
0.600000
0.595833
0.941667
1.054167
1.070833
1.079167
1.050000
1.075000
1.083333
1.083333
1.095833
1.075000
1.095833
1.108333
1.075000
1.100000
1.120833
1.075000
1.095833
1.095833
1.104167
0.612500
0.604167
0.962500
1.083333
1.087500
1.087500
1.091667
1.062500
1.079167
0.558333
0.525000
1.070833
1.070833
0.633333
1.437500
1.054167
1.050000
1.041667
1.025000
0.583333
0.575000
0.925000
1.016667
1.041667
1.054167
1.041667
1.054167
1.062500
1.041667
1.062500
0.587500
0.600000
0.916667
1.045833
0.858333
0.458333
0.833333
1.016667
0.895833
1.166667
1.029167
0.979167
0.479167
0.691667
0.912500
1.012500
1.012500
1.012500
1.037500
0.608333
0.570833
0.845833
1.008333
0.633333
0.541667
0.870833
1.016667
1.029167
1.025000
0.633333
0.545833
0.870833
1.020833
0.691667
1.358333
1.054167
1.041667
1.012500
1.037500
0.733333
1.312500
1.050000
1.050000
1.016667
1.050000
1.054167
1.045833
1.054167
1.041667
0.604167
0.583333
0.925000
0.583333
0.566667
0.908333
1.037500
0.637500
1.391667
1.037500
0.991667
0.995833
1.033333
0.650000
1.329167
0.741667
1.275000
1.012500
1.004167
0.975000
1.029167
0.983333
1.008333
1.029167
0.991667
1.020833
1.037500
1.037500
0.620833
0.575000
0.904167
1.000000
1.041667
1.058333
1.020833
1.050000
1.058333
1.033333
0.562500
0.587500
0.950000
1.012500
1.037500
1.037500
0.595833
0.579167
0.912500
0.991667
0.595833
0.562500
0.912500
0.991667
1.025000
1.037500
1.000000
1.033333
1.045833
1.008333
1.041667
0.633333
0.575000
0.875000
1.033333
1.054167
1.058333
1.066667
1.029167
1.058333
0.687500
1.433333
1.075000
1.045833
1.058333
1.070833
1.045833
1.062500
1.070833
1.041667
1.066667
1.208333
0.945833
1.066667
1.050000
1.066667
1.079167
1.050000
1.070833
1.083333
1.050000
1.070833
1.083333
1.075000
1.079167
1.045833
1.062500
0.720833
1.370833
1.066667
1.050000
1.058333
1.066667
1.033333
1.058333
1.058333
1.029167
1.054167
1.058333
1.025000
1.045833
1.029167
1.041667
0.637500
0.545833
0.875000
1.025000
0.691667
1.358333
1.045833
1.020833
1.029167
1.025000
1.016667
1.025000
1.029167
0.991667
1.029167
1.037500
1.020833
1.041667
1.045833
1.050000
1.016667
1.045833
0.662500
1.412500
1.062500
1.062500
0.679167
1.404167
1.062500
1.058333
1.066667
1.037500
1.054167
1.062500
1.029167
0.591667
0.558333
0.941667
1.000000
1.037500
1.037500
