1.087500
1.087500
1.091667
1.083333
1.091667
1.087500
1.087500
1.087500
1.087500
1.091667
1.087500
1.083333
1.091667
1.083333
1.091667
1.087500
1.087500
1.087500
1.091667
1.087500
1.087500
1.087500
1.087500
1.087500
1.087500
1.087500
1.087500
1.087500
1.087500
1.087500
1.087500
1.091667
1.087500
1.083333
1.091667
1.087500
1.087500
1.087500
1.087500
1.087500
1.087500
1.091667
1.083333
1.087500
1.091667
1.091667
1.083333
1.087500
1.087500
1.091667
1.083333
1.091667
1.087500
1.091667
1.083333
1.087500
1.087500
1.087500
1.087500
1.087500
1.087500
1.091667
1.083333
1.087500
1.091667
1.087500
1.087500
1.087500
1.087500
1.091667
1.083333
1.091667
1.087500
1.087500
1.083333
1.091667
1.087500
1.087500
1.087500
1.087500
1.091667
1.083333
1.091667
1.087500
1.087500
1.087500
1.087500
1.087500
1.087500
1.087500
1.091667
1.083333
1.091667
1.087500
1.087500
1.087500
1.087500
1.087500
1.087500
1.087500
1.087500
1.091667
1.087500
1.087500
1.083333
1.091667
1.087500
1.087500
1.087500
1.087500
1.087500
1.087500
1.091667
1.083333
1.083333
1.091667
1.091667
1.087500
1.087500
1.087500
1.087500
1.091667
1.087500
1.087500
1.087500
1.087500
1.087500
1.087500
1.087500
1.091667
1.087500
1.087500
1.087500
1.087500
1.087500
1.087500
1.087500
1.087500
1.087500
1.091667
1.083333
1.091667
1.087500
1.083333
1.091667
1.087500
1.087500
1.087500
1.087500
1.066667
1.108333
1.091667
1.087500
1.087500
1.087500
1.104167
1.070833
1.087500
1.100000
1.075000
1.087500
1.108333
1.066667
1.091667
1.104167
1.070833
1.083333
1.108333
1.070833
1.087500
1.091667
1.087500
1.083333
1.091667
1.087500
1.083333
1.091667
1.087500
1.087500
1.087500
1.091667
1.083333
1.091667
1.087500
1.087500
1.087500
1.087500
1.087500
1.087500
1.087500
1.083333
1.095833
1.083333
1.091667
1.083333
1.091667
1.091667
1.083333
1.087500
1.087500
1.091667
1.087500
1.087500
1.087500
1.087500
1.087500
1.087500
1.087500
1.091667
1.083333
1.087500
1.091667
1.083333
1.087500
1.091667
1.087500
1.087500
1.087500
1.087500
1.087500
1.087500
1.091667
1.087500
1.083333
1.091667
1.091667
1.083333
1.083333
1.091667
1.091667
1.087500
1.083333
1.091667
1.087500
1.087500
1.087500
1.087500
1.087500
1.087500
1.087500
1.091667
1.083333
1.087500
1.087500
1.091667
1.087500
1.087500
1.087500
1.087500
1.091667
1.083333
1.087500
1.091667
1.083333
1.091667
1.087500
1.083333
1.095833
1.087500
1.083333
1.087500
1.091667
1.087500
1.083333
1.091667
1.087500
1.087500
1.087500
1.087500
1.087500
1.087500
1.091667
1.083333
1.091667
1.087500
1.087500
1.087500
1.087500
1.087500
1.087500
1.087500
1.087500
1.091667
1.087500
1.087500
1.087500
1.087500
1.087500
1.087500
1.087500
1.087500
1.087500
1.087500
1.091667
1.087500
1.087500
1.087500
1.087500
1.087500
1.091667
1.083333
1.087500
1.095833
1.083333
1.087500
1.087500
1.087500
1.087500
1.087500
1.087500
1.087500
1.087500
1.091667
1.083333
1.091667
1.087500
1.087500
1.087500
1.087500
1.087500
1.087500
1.087500
1.087500
1.091667
1.087500
1.087500
1.087500
1.087500
1.087500
1.087500
1.087500
1.087500
1.091667
1.083333
1.091667
1.087500
1.087500
1.087500
1.091667
1.083333
1.087500
1.087500
1.091667
1.087500
1.087500
1.087500
1.087500
1.087500
1.087500
1.091667
1.083333
1.087500
1.091667
1.083333
1.091667
1.091667
1.083333
1.091667
1.087500
1.083333
1.087500
1.083333
1.091667
1.091667
1.087500
1.087500
1.087500
1.087500
1.087500
1.087500
1.095833
1.083333
1.083333
1.087500
1.091667
1.087500
1.087500
1.087500
1.087500
1.087500
1.091667
1.087500
1.087500
1.087500
1.087500
1.087500
1.087500
1.087500
1.087500
1.087500
1.087500
1.091667
1.087500
1.100000
1.091667
1.087500
1.087500
1.087500
1.087500
1.087500
1.087500
1.091667
1.083333
1.091667
1.087500
1.087500
1.087500
1.087500
1.091667
1.083333
1.087500
1.091667
1.087500
1.087500
1.087500
1.087500
1.087500
1.087500
1.087500
1.091667
1.087500
1.083333
1.091667
1.083333
1.091667
1.087500
1.087500
1.087500
1.087500
1.087500
1.091667
1.083333
1.091667
1.087500
1.087500
1.087500
1.091667
1.083333
1.087500
1.087500
1.087500
1.087500
1.091667
1.087500
1.087500
1.087500
1.087500
1.087500
1.091667
1.083333
1.091667
1.083333
1.091667
1.087500
1.087500
1.087500
1.087500
1.087500
1.091667
1.083333
1.087500
1.091667
1.087500
1.087500
1.087500
1.087500
1.087500
1.087500
1.091667
1.087500
1.083333
1.087500
1.087500
1.087500
1.091667
1.087500
1.087500
1.104167
1.070833
1.087500
1.087500
1.087500
1.087500
1.091667
1.087500
1.087500
1.087500
1.087500
1.087500
1.087500
1.087500
1.091667
1.087500
1.083333
1.091667
1.087500
1.087500
1.087500
1.087500
1.087500
0.900000
1.116667
1.087500
1.087500
1.087500
1.087500
1.091667
1.087500
1.083333
1.091667
1.087500
1.087500
1.087500
1.091667
1.087500
1.083333
1.091667
1.083333
1.087500
1.091667
1.091667
1.083333
1.087500
1.091667
1.083333
1.087500
1.091667
1.087500
1.087500
1.087500
1.087500
1.087500
1.087500
1.091667
1.083333
1.091667
1.087500
1.087500
1.087500
1.087500
1.087500
1.087500
1.087500
1.087500
1.091667
1.083333
1.087500
1.091667
1.087500
1.087500
1.087500
1.087500
1.087500
1.091667
1.083333
1.087500
1.091667
1.087500
1.087500
1.087500
1.087500
1.087500
1.087500
1.091667
1.087500
1.087500
1.087500
1.087500
1.087500
1.087500
1.087500
1.087500
1.087500
