0.750000
0.758333
0.758333
0.775000
0.766667
0.766667
0.762500
0.758333
0.612500
0.954167
0.837500
0.816667
0.820833
0.825000
0.820833
0.820833
0.800000
0.766667
0.758333
0.754167
0.745833
0.737500
0.733333
0.741667
0.737500
0.750000
0.741667
0.733333
0.745833
0.758333
0.766667
0.762500
0.766667
0.766667
0.770833
0.462500
0.950000
0.845833
0.829167
0.829167
0.833333
0.829167
0.829167
0.825000
0.833333
0.837500
0.804167
0.787500
0.766667
0.754167
0.758333
0.750000
0.745833
0.733333
0.729167
0.729167
0.729167
0.729167
0.741667
0.737500
0.729167
0.741667
0.741667
0.750000
0.745833
0.745833
0.741667
0.729167
0.741667
0.733333
0.733333
0.725000
0.716667
0.725000
0.725000
0.716667
0.712500
0.708333
0.716667
0.716667
0.720833
0.712500
0.716667
0.720833
0.725000
0.720833
0.725000
0.716667
0.725000
0.733333
0.733333
0.725000
0.716667
0.712500
0.720833
0.716667
0.720833
0.716667
0.716667
0.720833
0.725000
0.729167
0.733333
0.741667
0.733333
0.729167
0.733333
0.737500
0.737500
0.729167
0.729167
0.729167
0.741667
0.737500
0.737500
0.729167
0.733333
0.745833
0.741667
0.741667
0.741667
0.737500
0.745833
0.750000
0.741667
0.741667
0.725000
0.725000
0.729167
0.729167
0.633333
0.820833
0.716667
0.729167
0.729167
0.729167
0.716667
0.720833
0.733333
0.733333
0.733333
0.729167
0.725000
0.725000
0.737500
0.737500
0.745833
0.733333
0.733333
0.741667
0.750000
0.741667
0.737500
0.729167
0.737500
0.737500
0.741667
0.733333
0.733333
0.733333
0.737500
0.750000
0.737500
0.733333
0.733333
0.733333
0.741667
0.737500
0.733333
0.725000
0.733333
0.737500
0.741667
0.737500
0.737500
0.737500
0.737500
0.745833
0.750000
0.737500
0.741667
0.741667
0.750000
0.754167
0.745833
0.741667
0.737500
0.737500
0.737500
0.741667
0.745833
0.737500
0.737500
0.741667
0.750000
0.745833
0.745833
0.745833
0.741667
0.745833
0.750000
0.745833
0.745833
0.729167
0.737500
0.733333
0.741667
0.725000
0.720833
0.491667
0.845833
0.770833
0.758333
0.737500
0.729167
0.737500
0.725000
0.733333
0.720833
0.716667
0.725000
0.737500
0.729167
0.725000
0.729167
0.729167
0.733333
0.729167
0.720833
0.720833
0.729167
0.741667
0.737500
0.745833
0.733333
0.737500
0.750000
0.750000
0.754167
0.750000
0.741667
0.754167
0.770833
0.762500
0.754167
0.745833
0.745833
0.750000
0.754167
0.754167
0.750000
0.741667
0.750000
0.766667
0.758333
0.766667
0.750000
0.750000
0.770833
0.775000
0.775000
0.758333
0.758333
0.770833
0.779167
0.770833
0.770833
0.758333
0.758333
0.770833
0.766667
0.766667
0.762500
0.754167
0.762500
0.762500
0.766667
0.750000
0.758333
0.750000
0.775000
0.762500
0.754167
0.758333
0.754167
0.766667
0.775000
0.758333
0.758333
0.770833
0.770833
0.775000
0.766667
0.750000
0.754167
0.766667
0.758333
0.750000
0.741667
0.754167
0.762500
0.758333
0.758333
0.758333
0.758333
0.770833
0.770833
0.762500
0.754167
0.754167
0.762500
0.766667
0.766667
0.758333
0.745833
0.750000
0.762500
0.762500
0.762500
0.754167
0.754167
0.766667
0.766667
0.770833
0.758333
0.750000
1.545833
0.762500
0.766667
0.754167
0.750000
0.762500
0.758333
0.758333
0.737500
0.741667
0.741667
0.754167
0.745833
0.741667
0.741667
0.745833
0.750000
0.754167
0.758333
0.741667
0.745833
0.754167
0.758333
0.741667
0.741667
0.737500
0.745833
0.750000
0.750000
0.741667
0.745833
0.758333
0.770833
0.779167
0.791667
0.783333
0.779167
0.783333
0.787500
0.791667
0.775000
0.779167
0.775000
0.787500
0.775000
0.779167
0.770833
0.762500
0.779167
0.770833
0.770833
0.770833
0.758333
0.758333
0.766667
0.770833
0.775000
0.762500
0.766667
0.762500
0.770833
0.770833
0.754167
0.758333
0.758333
0.758333
0.762500
0.758333
0.750000
0.758333
0.520833
0.937500
0.800000
0.787500
0.783333
0.775000
0.758333
0.750000
0.754167
0.762500
0.762500
0.762500
0.750000
0.750000
0.766667
0.750000
0.754167
0.754167
0.750000
0.758333
0.770833
0.766667
0.758333
0.766667
0.758333
0.762500
0.766667
0.762500
0.762500
0.758333
0.745833
0.745833
0.625000
0.891667
0.766667
0.745833
0.733333
0.733333
0.741667
0.737500
0.729167
0.729167
0.620833
0.854167
0.741667
0.733333
0.720833
0.716667
0.725000
0.725000
0.725000
0.720833
0.712500
0.720833
0.725000
0.720833
0.720833
0.708333
0.712500
0.712500
0.716667
0.712500
0.712500
0.708333
0.712500
0.716667
0.716667
0.600000
0.829167
0.741667
0.733333
0.737500
0.729167
0.720833
0.725000
0.729167
0.729167
0.733333
0.720833
0.716667
0.733333
0.729167
0.729167
0.716667
0.720833
0.733333
0.729167
0.733333
0.720833
0.725000
0.729167
0.729167
0.733333
0.720833
0.720833
0.716667
0.720833
0.716667
0.716667
0.704167
0.700000
0.704167
0.708333
0.720833
0.716667
0.712500
0.708333
0.720833
0.720833
0.720833
0.712500
0.704167
0.708333
0.716667
0.712500
0.712500
0.712500
0.712500
0.712500
0.716667
0.720833
0.716667
0.712500
0.708333
0.720833
0.725000
0.725000
0.720833
0.716667
0.716667
0.725000
0.720833
0.725000
0.712500
0.720833
0.725000
0.725000
0.733333
0.720833
0.716667
0.720833
0.729167
0.733333
0.733333
0.712500
0.720833
0.712500
0.729167
0.725000
0.737500
0.716667
0.725000
0.720833
0.729167
0.729167
0.729167
0.745833
0.733333
0.733333
0.741667
0.745833
0.745833
0.754167
0.733333
0.733333
0.741667
0.733333
0.745833
0.750000
0.737500
0.741667
0.741667
0.745833
0.750000
0.750000
0.741667
0.745833
0.758333
0.758333
0.762500
0.750000
0.750000
0.750000
0.758333
0.758333
0.758333
0.741667
0.741667
0.745833
0.762500
0.754167
0.754167
0.741667
0.741667
0.745833
0.750000
0.741667
0.741667
0.729167
0.733333
0.737500
0.750000
0.737500
0.737500
0.733333
0.733333
0.741667
0.750000
0.745833
0.741667
0.741667
0.741667
0.754167
0.750000
0.750000
0.737500
0.745833
0.737500
0.745833
0.741667
0.733333
0.733333
0.729167
0.737500
0.737500
0.729167
0.725000
0.725000
0.733333
0.741667
0.737500
0.729167
0.725000
0.737500
0.737500
0.741667
0.741667
0.741667
0.529167
0.875000
0.791667
0.779167
0.758333
0.750000
0.745833
0.754167
0.754167
0.754167
0.741667
0.737500
0.750000
0.754167
0.750000
0.745833
0.737500
0.733333
0.750000
0.750000
0.754167
0.754167
0.741667
0.737500
0.750000
0.745833
0.750000
0.745833
0.741667
0.737500
0.741667
0.750000
0.745833
0.737500
0.737500
0.733333
0.733333
0.745833
0.745833
0.741667
0.745833
0.741667
0.750000
0.758333
0.745833
0.750000
0.737500
0.733333
0.733333
0.741667
0.745833
0.729167
0.733333
0.729167
0.737500
0.737500
0.737500
0.741667
0.725000
0.733333
0.737500
0.737500
0.741667
0.733333
0.733333
0.725000
0.733333
0.737500
0.733333
0.729167
1.450000
0.720833
0.729167
0.725000
0.725000
0.720833
0.712500
0.712500
0.720833
0.725000
0.737500
0.729167
0.725000
0.729167
0.737500
0.741667
0.745833
0.733333
0.733333
0.737500
0.737500
0.754167
0.750000
0.750000
0.745833
0.741667
0.745833
0.741667
0.758333
0.745833
0.733333
0.741667
0.741667
0.750000
0.750000
0.758333
0.741667
0.745833
0.754167
0.758333
0.758333
0.754167
0.745833
0.750000
0.750000
0.758333
0.754167
0.741667
0.737500
0.754167
0.750000
0.750000
0.737500
0.737500
0.741667
0.750000
0.754167
0.725000
0.733333
0.729167
0.733333
0.733333
0.733333
0.725000
0.725000
0.733333
0.737500
0.741667
0.737500
0.729167
0.720833
0.729167
0.733333
0.733333
1.445833
0.729167
0.729167
0.737500
0.729167
0.733333
0.729167
0.716667
0.725000
0.733333
0.729167
0.725000
0.737500
0.720833
0.725000
0.733333
0.737500
0.737500
0.741667
0.729167
0.745833
0.745833
0.750000
0.745833
0.745833
0.741667
0.745833
0.754167
0.745833
0.741667
0.737500
0.741667
0.754167
0.737500
0.741667
0.737500
0.750000
0.754167
0.745833
0.745833
0.750000
0.754167
0.758333
0.758333
0.741667
0.741667
0.750000
0.750000
0.758333
0.754167
0.741667
0.741667
0.758333
0.745833
0.750000
0.745833
0.741667
0.741667
