1.187500
1.050000
1.225000
0.870833
1.229167
1.483333
1.004167
0.775000
1.612500
0.933333
1.416667
0.729167
0.679167
0.766667
0.737500
0.762500
1.554167
1.529167
0.787500
0.900000
0.766667
1.583333
1.333333
1.366667
1.404167
1.287500
0.862500
1.179167
1.029167
1.145833
0.795833
1.004167
0.820833
0.775000
1.450000
1.595833
0.904167
1.308333
0.712500
0.900000
1.187500
0.729167
0.845833
0.958333
0.695833
0.858333
0.770833
0.716667
0.633333
1.145833
0.741667
0.791667
1.041667
1.187500
0.675000
1.150000
1.004167
1.283333
0.750000
1.050000
0.683333
0.979167
0.787500
0.879167
1.116667
1.020833
0.962500
1.029167
0.766667
1.800000
1.216667
1.054167
1.158333
0.679167
1.212500
0.983333
1.187500
0.854167
1.033333
1.300000
1.037500
0.879167
1.304167
0.762500
1.112500
1.283333
0.933333
1.345833
1.187500
0.850000
1.779167
0.741667
0.837500
1.220833
0.887500
1.208333
1.629167
0.729167
1.395833
0.937500
1.570833
1.245833
0.712500
0.754167
1.337500
0.770833
0.704167
0.720833
1.004167
0.812500
0.745833
1.329167
0.950000
1.304167
1.029167
0.962500
0.879167
0.833333
0.979167
0.987500
1.241667
0.800000
0.775000
0.733333
0.858333
0.666667
1.962500
0.800000
0.795833
0.870833
1.158333
1.162500
0.866667
1.604167
0.912500
0.675000
1.241667
1.050000
0.770833
0.945833
1.283333
0.800000
1.104167
1.112500
0.704167
1.466667
1.220833
0.854167
1.579167
1.083333
0.870833
0.737500
1.566667
1.370833
1.000000
0.841667
1.458333
0.766667
0.704167
1.137500
1.250000
1.000000
0.754167
1.029167
1.325000
1.650000
0.950000
1.225000
0.837500
0.770833
0.991667
1.204167
0.812500
1.291667
0.812500
1.120833
0.816667
1.295833
0.770833
0.850000
1.508333
0.937500
0.833333
0.975000
1.716667
0.954167
0.841667
0.762500
0.754167
1.212500
1.070833
0.870833
0.679167
0.725000
0.791667
0.845833
0.662500
1.083333
0.720833
1.170833
1.341667
0.658333
0.891667
1.583333
0.912500
1.341667
0.683333
0.741667
0.704167
0.870833
0.958333
0.883333
0.708333
1.141667
0.762500
1.058333
0.745833
1.204167
1.216667
1.050000
0.912500
1.154167
1.008333
0.687500
0.900000
0.958333
0.891667
0.954167
1.025000
1.450000
0.908333
1.079167
0.841667
1.391667
1.275000
0.708333
1.075000
0.854167
1.379167
0.854167
0.666667
0.741667
1.008333
1.770833
0.933333
0.966667
0.875000
1.229167
1.283333
1.720833
0.745833
1.029167
1.170833
1.062500
1.279167
0.783333
0.795833
0.870833
0.708333
1.470833
0.729167
0.950000
1.025000
1.633333
0.966667
1.308333
1.983333
0.987500
1.204167
0.737500
0.975000
1.025000
0.995833
1.354167
0.670833
1.354167
0.712500
1.041667
0.833333
0.745833
0.762500
1.537500
1.466667
1.183333
0.783333
0.808333
1.083333
0.795833
1.266667
0.850000
1.033333
1.066667
1.350000
1.316667
0.779167
0.700000
0.812500
0.779167
0.791667
1.216667
1.575000
0.870833
0.808333
1.212500
1.350000
0.941667
1.391667
1.137500
1.037500
1.695833
0.845833
1.004167
0.779167
0.737500
1.020833
1.816667
1.262500
0.825000
0.554167
1.470833
1.125000
1.058333
1.454167
0.862500
0.991667
1.283333
0.929167
0.879167
0.741667
0.750000
1.941667
0.995833
0.995833
0.675000
0.995833
1.208333
1.345833
1.062500
1.462500
1.258333
0.825000
0.916667
1.562500
0.658333
0.970833
1.700000
1.004167
0.808333
0.870833
0.879167
0.770833
0.695833
0.925000
0.862500
1.033333
0.754167
1.704167
0.762500
1.579167
0.741667
1.100000
1.120833
0.816667
1.025000
1.116667
1.054167
0.795833
0.825000
0.758333
1.208333
0.958333
0.962500
0.829167
1.066667
2.225000
1.291667
1.666667
1.300000
1.058333
0.708333
0.841667
0.708333
0.891667
0.962500
1.233333
1.495833
0.829167
1.304167
0.866667
1.020833
0.845833
1.075000
1.333333
0.975000
1.620833
0.762500
0.958333
1.412500
1.029167
0.995833
1.541667
0.820833
1.458333
1.133333
0.620833
1.033333
1.033333
1.083333
0.670833
1.670833
1.112500
1.400000
1.250000
0.995833
0.779167
0.750000
0.908333
1.133333
0.720833
1.437500
0.920833
0.779167
0.900000
0.825000
1.304167
1.179167
0.670833
1.200000
1.145833
1.154167
1.037500
1.733333
1.850000
1.420833
0.700000
1.362500
1.062500
1.212500
1.125000
0.929167
0.783333
0.712500
1.200000
0.854167
0.770833
0.712500
0.883333
0.741667
0.758333
0.816667
0.600000
1.050000
0.850000
0.716667
0.708333
1.125000
1.208333
0.895833
0.920833
0.745833
0.887500
0.841667
1.933333
1.133333
1.229167
1.154167
0.720833
0.733333
0.750000
0.704167
1.408333
1.466667
0.716667
0.850000
1.587500
0.937500
0.829167
0.895833
0.675000
0.804167
1.441667
0.700000
0.700000
0.741667
0.970833
0.837500
1.266667
0.766667
0.670833
1.387500
1.150000
0.691667
0.725000
0.804167
0.670833
1.245833
1.650000
1.500000
0.666667
0.933333
0.783333
1.145833
0.854167
1.654167
0.958333
0.862500
0.716667
0.900000
0.795833
1.200000
0.779167
1.483333
1.104167
1.370833
0.733333
1.170833
0.879167
0.866667
1.275000
0.991667
1.325000
1.004167
1.833333
1.133333
1.470833
1.695833
1.195833
1.016667
1.229167
0.666667
1.200000
0.766667
0.745833
0.833333
0.945833
1.108333
0.737500
0.800000
0.808333
0.908333
0.704167
0.808333
1.162500
0.933333
1.237500
0.875000
1.083333
0.779167
0.912500
0.762500
0.762500
0.670833
1.620833
1.375000
0.820833
0.920833
1.108333
1.658333
0.733333
1.054167
0.970833
0.679167
1.175000
1.037500
0.845833
1.587500
1.045833
1.087500
0.695833
1.466667
1.962500
0.612500
0.791667
1.225000
0.708333
1.304167
1.212500
0.837500
1.308333
1.083333
1.075000
0.770833
1.050000
1.275000
0.741667
0.995833
0.870833
1.387500
0.870833
0.708333
0.854167
0.783333
0.654167
1.116667
0.766667
0.870833
1.816667
0.791667
0.687500
1.870833
0.958333
1.112500
1.058333
