0.745833
0.766667
0.750000
0.525000
0.991667
0.758333
0.616667
0.862500
0.745833
0.733333
0.583333
0.870833
0.741667
0.737500
0.745833
0.737500
0.750000
0.745833
0.750000
0.750000
0.750000
0.750000
0.745833
0.750000
0.758333
0.750000
0.745833
0.745833
0.737500
0.733333
0.725000
0.725000
0.725000
0.725000
0.720833
0.733333
0.729167
0.737500
0.729167
0.750000
0.745833
0.737500
0.737500
0.741667
0.737500
0.737500
0.729167
0.733333
0.733333
0.729167
0.737500
0.729167
0.737500
0.725000
0.729167
0.725000
0.720833
0.720833
0.712500
0.729167
0.725000
0.729167
0.729167
0.733333
0.737500
0.741667
0.741667
0.737500
0.745833
0.745833
0.741667
0.750000
0.750000
0.745833
0.750000
0.741667
0.737500
0.745833
0.758333
0.737500
0.737500
0.733333
0.741667
0.745833
0.733333
0.733333
0.741667
0.729167
0.741667
0.737500
0.733333
0.729167
0.733333
0.633333
0.825000
0.741667
0.741667
0.729167
0.737500
0.725000
0.725000
0.729167
0.733333
0.725000
0.729167
0.720833
0.720833
0.729167
0.725000
0.733333
0.725000
0.729167
0.733333
0.737500
0.741667
0.750000
0.741667
0.745833
0.750000
0.754167
0.750000
0.750000
0.745833
0.733333
0.737500
0.741667
0.737500
0.737500
0.729167
0.729167
0.725000
0.729167
0.745833
0.741667
0.741667
0.741667
0.737500
0.745833
0.741667
0.741667
0.737500
0.733333
0.733333
0.737500
0.741667
0.729167
0.729167
0.737500
0.729167
0.729167
0.733333
0.725000
0.725000
0.733333
0.741667
0.737500
0.737500
0.741667
0.733333
0.733333
0.737500
0.733333
0.745833
0.733333
0.750000
0.745833
0.737500
0.741667
0.741667
0.741667
0.741667
0.741667
0.733333
0.737500
0.733333
0.741667
0.729167
0.725000
0.737500
0.741667
0.754167
0.758333
0.770833
0.750000
0.750000
0.750000
0.758333
0.754167
0.754167
0.745833
0.745833
0.741667
0.737500
0.737500
0.733333
0.745833
0.741667
0.741667
0.745833
0.741667
0.741667
0.741667
0.745833
0.741667
0.737500
0.745833
0.745833
0.741667
0.741667
0.754167
0.750000
0.750000
0.745833
0.741667
0.745833
0.737500
0.745833
0.750000
0.745833
0.745833
0.741667
0.750000
0.745833
0.741667
0.758333
0.762500
0.766667
0.754167
0.766667
0.758333
0.758333
0.762500
0.754167
0.758333
0.758333
0.754167
0.750000
0.745833
0.741667
0.741667
0.754167
0.745833
0.750000
0.750000
0.741667
0.754167
0.754167
0.754167
0.758333
0.770833
0.762500
0.770833
0.754167
0.754167
0.750000
0.741667
0.758333
0.766667
0.741667
0.741667
0.737500
0.733333
0.733333
0.745833
0.745833
0.741667
0.745833
0.750000
0.737500
0.745833
0.745833
0.737500
0.741667
0.766667
0.758333
0.758333
0.762500
0.745833
0.741667
0.754167
0.754167
0.741667
0.737500
0.733333
0.733333
0.729167
0.725000
0.733333
0.725000
0.729167
0.729167
0.729167
0.720833
0.720833
0.725000
0.729167
0.725000
0.733333
0.733333
0.725000
0.741667
0.741667
0.733333
0.745833
0.729167
0.725000
0.733333
0.741667
0.745833
0.737500
0.729167
0.733333
0.733333
0.741667
0.916667
0.554167
0.729167
0.725000
0.729167
0.729167
0.729167
0.729167
0.725000
0.725000
0.729167
0.733333
0.737500
0.737500
0.737500
0.737500
0.737500
0.741667
0.737500
0.729167
0.725000
0.733333
0.729167
0.725000
0.729167
0.737500
0.729167
0.733333
0.729167
0.737500
0.725000
0.729167
0.729167
0.729167
0.729167
0.720833
0.716667
0.720833
0.716667
0.716667
0.716667
0.720833
0.720833
0.716667
0.720833
0.725000
0.729167
0.729167
0.725000
0.729167
0.729167
0.737500
0.295833
0.333333
0.854167
0.745833
0.733333
0.737500
0.737500
0.741667
0.745833
0.741667
0.745833
0.741667
0.741667
0.733333
0.733333
0.737500
0.733333
0.729167
0.733333
0.729167
0.725000
0.729167
0.733333
0.737500
0.729167
0.737500
0.729167
0.737500
0.737500
0.729167
0.737500
0.729167
0.729167
0.725000
0.725000
0.712500
0.720833
0.725000
0.725000
0.716667
0.729167
0.720833
0.712500
0.716667
0.716667
0.712500
0.725000
0.716667
0.716667
0.729167
0.725000
0.733333
0.737500
0.737500
0.733333
0.741667
0.729167
0.733333
0.725000
0.725000
0.725000
0.729167
0.725000
0.729167
0.725000
0.733333
0.733333
0.725000
0.737500
0.729167
0.712500
0.754167
0.733333
0.750000
0.737500
0.737500
0.750000
0.745833
0.737500
0.737500
0.729167
0.729167
0.733333
0.729167
0.729167
0.737500
0.741667
0.741667
0.745833
0.737500
0.741667
0.741667
0.741667
0.750000
0.754167
0.754167
0.745833
0.750000
0.745833
0.741667
0.741667
0.729167
0.725000
0.720833
0.716667
0.716667
0.720833
0.725000
0.729167
0.720833
0.720833
0.716667
0.716667
0.716667
0.720833
0.716667
0.725000
0.720833
0.720833
0.720833
0.725000
0.720833
0.716667
0.720833
0.720833
0.729167
0.729167
0.595833
0.470833
0.937500
0.766667
0.758333
0.750000
0.741667
0.733333
0.737500
0.733333
0.725000
0.733333
0.725000
0.733333
0.729167
0.729167
0.729167
0.733333
0.729167
0.729167
0.725000
0.725000
0.733333
0.733333
0.733333
0.733333
0.745833
0.741667
0.741667
0.754167
0.750000
0.750000
0.750000
0.754167
0.737500
0.741667
0.741667
0.741667
0.750000
0.741667
0.733333
0.737500
0.741667
0.737500
0.750000
0.741667
0.762500
0.766667
0.791667
0.775000
0.779167
0.770833
0.783333
0.762500
0.770833
0.766667
0.779167
0.758333
0.762500
0.766667
0.754167
0.750000
0.766667
0.750000
0.750000
0.745833
0.741667
0.741667
0.741667
0.754167
0.750000
0.745833
0.750000
0.750000
0.754167
0.762500
0.754167
0.745833
0.745833
0.750000
0.754167
0.750000
0.745833
0.733333
0.737500
0.737500
0.725000
0.729167
0.737500
0.725000
0.579167
0.862500
0.733333
0.737500
0.741667
0.737500
0.741667
0.741667
0.754167
0.745833
0.741667
0.745833
0.741667
0.750000
0.650000
0.837500
0.745833
0.750000
0.745833
0.745833
0.741667
0.745833
0.737500
0.745833
0.741667
0.733333
0.737500
0.733333
0.733333
0.737500
0.733333
0.725000
0.725000
0.720833
0.725000
0.720833
0.729167
0.725000
0.725000
0.737500
0.720833
0.733333
0.729167
0.729167
0.720833
0.716667
0.725000
0.725000
0.725000
0.729167
0.733333
0.733333
0.737500
0.733333
0.733333
0.733333
0.733333
0.754167
0.745833
0.741667
0.741667
0.737500
0.725000
0.729167
0.720833
0.720833
0.720833
0.720833
0.716667
0.720833
0.720833
0.729167
0.579167
0.879167
0.750000
0.745833
0.750000
0.745833
0.745833
0.741667
0.737500
0.745833
0.741667
0.758333
0.741667
0.754167
0.750000
0.741667
0.737500
0.737500
0.729167
0.729167
0.725000
0.729167
0.729167
0.729167
0.725000
0.725000
0.729167
0.729167
0.729167
0.729167
0.737500
0.741667
0.733333
0.733333
0.733333
0.733333
0.733333
0.737500
0.737500
0.733333
0.729167
0.725000
0.725000
0.725000
0.725000
0.725000
0.716667
0.729167
0.737500
0.729167
0.741667
0.737500
0.733333
0.737500
0.729167
0.737500
0.729167
0.729167
0.725000
0.733333
0.725000
0.733333
0.733333
0.725000
0.725000
0.729167
0.737500
0.733333
0.725000
0.725000
0.729167
0.729167
0.729167
0.729167
0.720833
0.720833
0.725000
0.716667
0.716667
0.720833
0.720833
0.725000
0.729167
0.725000
0.725000
0.725000
0.720833
0.720833
0.716667
0.725000
0.579167
0.841667
0.533333
0.933333
0.729167
0.733333
0.733333
0.725000
0.741667
0.745833
0.737500
0.737500
0.733333
0.737500
0.733333
0.733333
0.725000
0.737500
0.725000
0.725000
0.733333
0.733333
0.750000
0.745833
0.741667
0.745833
0.745833
0.745833
0.737500
0.729167
0.729167
0.725000
0.729167
0.733333
0.733333
0.737500
0.741667
0.745833
0.754167
0.750000
0.745833
0.737500
0.745833
0.737500
0.737500
0.741667
0.733333
0.737500
0.729167
0.725000
0.733333
0.725000
0.733333
0.729167
0.733333
0.733333
0.729167
0.729167
0.733333
0.720833
0.729167
0.716667
0.720833
0.720833
0.729167
0.729167
0.733333
0.733333
0.733333
0.729167
0.733333
0.733333
0.733333
0.729167
0.729167
0.733333
0.729167
0.737500
0.737500
0.745833
0.741667
0.733333
0.745833
0.741667
0.741667
0.737500
0.733333
0.737500
0.729167
0.733333
0.729167
0.725000
0.737500
0.733333
0.741667
0.725000
0.741667
0.725000
0.720833
0.712500
0.716667
0.716667
0.716667
