1.270833
0.625000
0.850000
1.429167
0.754167
1.133333
0.658333
0.858333
0.800000
1.229167
0.845833
0.658333
0.841667
1.112500
0.583333
0.679167
0.804167
0.616667
0.300000
0.420833
0.887500
0.870833
0.987500
0.829167
0.633333
0.887500
0.862500
0.841667
0.920833
0.866667
0.658333
0.287500
0.291667
0.333333
0.683333
1.329167
1.033333
0.587500
0.754167
0.604167
0.970833
0.979167
0.412500
0.395833
1.158333
1.170833
0.604167
0.304167
0.879167
1.112500
0.558333
1.287500
0.741667
0.891667
1.279167
1.200000
0.595833
0.737500
1.012500
1.062500
0.954167
0.541667
0.516667
0.787500
0.566667
1.100000
0.483333
0.362500
0.875000
0.612500
1.108333
1.525000
0.812500
1.466667
0.825000
0.825000
1.283333
0.712500
0.879167
1.091667
1.020833
0.750000
0.754167
0.779167
0.658333
0.804167
1.312500
0.541667
0.554167
1.020833
0.875000
0.800000
0.858333
1.095833
0.729167
0.908333
0.704167
1.179167
0.854167
0.962500
0.791667
0.820833
1.508333
0.929167
1.183333
0.745833
0.616667
0.983333
0.237500
1.545833
0.337500
0.133333
1.083333
0.304167
0.591667
0.237500
0.545833
0.908333
0.595833
1.050000
1.175000
1.075000
1.004167
1.125000
0.866667
1.229167
0.883333
0.587500
0.608333
0.808333
0.670833
0.616667
1.458333
0.762500
0.641667
0.750000
0.554167
0.875000
1.012500
1.325000
0.841667
0.837500
1.033333
0.670833
1.066667
1.141667
1.470833
0.758333
0.779167
1.095833
0.991667
0.641667
0.820833
1.362500
0.883333
0.895833
0.900000
0.900000
0.829167
1.050000
0.720833
0.770833
0.941667
0.908333
0.966667
1.004167
1.408333
1.187500
0.837500
0.625000
1.345833
1.145833
1.254167
0.904167
1.608333
1.458333
1.083333
0.954167
0.670833
0.725000
1.137500
0.645833
0.741667
1.045833
0.658333
0.708333
1.375000
0.633333
0.433333
0.316667
0.395833
0.287500
0.983333
0.770833
0.637500
0.825000
0.729167
1.075000
1.079167
0.262500
0.312500
0.650000
0.312500
0.645833
0.562500
0.679167
0.933333
1.162500
0.641667
0.766667
0.637500
1.170833
1.833333
0.600000
1.479167
0.583333
1.237500
0.737500
0.654167
0.258333
0.966667
0.991667
1.037500
0.720833
0.908333
0.733333
0.225000
0.520833
0.570833
0.562500
0.145833
1.133333
0.658333
0.162500
0.595833
1.104167
0.550000
0.625000
1.066667
0.808333
1.254167
0.633333
0.879167
0.804167
1.041667
0.745833
0.716667
0.762500
0.595833
0.633333
1.241667
1.104167
0.679167
0.625000
0.775000
0.558333
0.825000
0.229167
0.900000
1.212500
1.266667
1.250000
0.620833
0.800000
0.662500
0.591667
0.758333
0.666667
1.433333
1.150000
0.625000
0.945833
1.033333
0.958333
0.962500
1.191667
0.687500
0.720833
0.966667
0.695833
0.683333
1.050000
0.908333
0.804167
0.391667
0.570833
0.762500
1.537500
0.887500
0.625000
0.770833
1.145833
0.879167
1.183333
0.650000
0.825000
0.995833
0.650000
0.708333
0.712500
0.187500
0.545833
0.470833
0.595833
1.258333
1.187500
0.833333
0.770833
0.645833
0.812500
1.091667
1.350000
0.845833
0.758333
1.154167
1.008333
0.875000
0.587500
0.666667
0.820833
0.754167
0.629167
0.754167
1.329167
0.758333
1.241667
1.095833
1.050000
0.870833
0.795833
1.183333
0.762500
0.600000
0.783333
1.108333
0.929167
0.687500
0.904167
0.754167
0.608333
0.662500
0.320833
0.816667
0.616667
0.837500
0.900000
1.091667
0.825000
0.820833
0.962500
0.845833
0.700000
1.254167
0.837500
0.604167
0.612500
0.900000
0.662500
0.391667
0.820833
0.925000
0.725000
0.862500
1.179167
1.241667
1.087500
0.879167
0.700000
1.091667
0.616667
0.616667
0.766667
1.125000
0.595833
0.791667
0.958333
0.770833
0.883333
0.708333
0.920833
0.904167
0.970833
0.916667
0.704167
0.975000
0.858333
0.645833
0.829167
0.845833
0.679167
0.958333
1.000000
1.175000
0.683333
0.612500
0.783333
1.754167
0.983333
0.641667
0.845833
0.933333
1.050000
0.770833
0.670833
0.979167
1.258333
0.466667
1.045833
0.833333
0.754167
0.712500
0.912500
1.500000
0.991667
1.491667
0.608333
0.312500
0.254167
0.258333
0.916667
0.750000
0.320833
0.691667
0.775000
0.983333
0.475000
1.170833
0.716667
0.591667
0.566667
0.570833
0.579167
0.316667
0.362500
0.275000
0.112500
0.504167
0.279167
0.758333
0.745833
0.429167
0.575000
0.804167
0.575000
0.404167
0.479167
0.429167
0.229167
0.370833
0.733333
0.637500
0.362500
0.629167
0.587500
0.783333
0.545833
0.550000
0.854167
1.083333
0.783333
0.575000
0.487500
0.254167
0.229167
0.816667
0.608333
0.670833
0.895833
0.662500
1.070833
0.187500
0.604167
0.900000
0.891667
0.808333
1.095833
0.904167
0.729167
0.712500
0.725000
0.779167
1.075000
0.812500
1.258333
0.808333
0.650000
0.670833
0.583333
0.745833
1.104167
0.625000
1.175000
1.079167
1.220833
0.675000
0.812500
0.591667
1.520833
0.687500
0.612500
0.575000
1.041667
1.050000
0.575000
0.654167
0.704167
0.608333
1.120833
0.883333
1.229167
0.591667
0.970833
0.716667
1.116667
0.912500
0.854167
0.754167
0.895833
0.958333
0.720833
0.800000
0.750000
1.058333
0.633333
1.125000
0.758333
0.704167
0.741667
0.820833
1.366667
0.204167
0.791667
0.691667
0.570833
0.887500
0.583333
0.650000
0.566667
0.654167
1.045833
1.400000
0.950000
1.037500
0.629167
0.783333
0.791667
1.125000
0.716667
1.458333
0.629167
0.612500
0.920833
0.779167
0.758333
0.625000
1.083333
0.595833
0.320833
0.579167
0.816667
0.812500
1.141667
0.625000
0.220833
0.683333
1.062500
0.712500
1.254167
0.962500
0.733333
1.104167
0.666667
0.658333
0.729167
0.529167
0.891667
1.041667
0.891667
0.633333
0.920833
0.745833
1.291667
0.600000
0.970833
0.579167
0.716667
0.833333
0.900000
1.129167
0.925000
0.933333
0.629167
1.675000
0.975000
1.045833
0.908333
0.908333
0.825000
1.262500
1.312500
1.129167
1.191667
1.045833
1.037500
1.287500
0.620833
0.695833
0.662500
0.687500
0.558333
0.995833
1.350000
1.050000
1.012500
0.841667
0.958333
1.158333
0.829167
1.062500
0.870833
1.045833
0.679167
0.662500
0.870833
0.962500
0.670833
0.612500
0.304167
0.400000
0.150000
0.587500
0.312500
0.566667
0.770833
1.045833
0.637500
0.541667
0.891667
0.741667
0.808333
1.370833
0.862500
0.933333
1.208333
0.583333
0.804167
0.741667
0.825000
0.641667
1.083333
0.783333
1.108333
1.041667
0.670833
0.875000
1.091667
0.608333
1.575000
1.391667
0.950000
0.800000
0.679167
0.275000
0.345833
0.812500
0.791667
0.954167
0.766667
0.716667
0.591667
0.645833
0.745833
0.983333
0.729167
1.045833
0.645833
0.841667
0.966667
0.591667
0.841667
0.866667
0.637500
1.016667
0.620833
0.875000
0.712500
0.745833
1.020833
1.108333
0.862500
0.987500
0.983333
0.862500
1.245833
1.554167
1.250000
1.125000
0.733333
0.387500
0.262500
0.458333
0.341667
0.604167
0.833333
0.520833
0.691667
0.704167
0.312500
0.458333
0.991667
0.616667
0.591667
0.904167
0.625000
1.087500
0.883333
0.666667
0.833333
1.200000
0.900000
0.945833
0.558333
1.187500
0.704167
0.866667
0.741667
0.758333
0.904167
0.666667
0.883333
0.695833
1.216667
0.858333
0.591667
0.670833
0.791667
0.912500
0.633333
1.129167
1.237500
1.062500
0.620833
0.966667
0.800000
1.254167
1.054167
0.616667
1.079167
0.825000
0.808333
1.108333
0.637500
0.608333
1.091667
0.850000
0.837500
1.312500
0.733333
