0.612500
0.616667
0.612500
0.608333
0.616667
0.612500
0.612500
0.475000
0.750000
0.608333
0.612500
0.616667
0.612500
0.612500
0.616667
0.612500
0.612500
0.612500
0.612500
0.616667
0.616667
0.620833
0.616667
0.616667
0.620833
0.616667
0.620833
0.616667
0.620833
0.616667
0.620833
0.616667
0.620833
0.620833
0.625000
0.620833
0.625000
0.625000
0.625000
0.625000
0.625000
0.625000
0.625000
0.625000
0.625000
0.625000
0.625000
0.625000
0.625000
0.625000
0.625000
0.625000
0.625000
0.625000
0.620833
0.625000
0.625000
0.629167
0.629167
0.637500
0.629167
0.633333
0.629167
0.637500
0.633333
0.637500
0.633333
0.633333
0.633333
0.629167
0.629167
0.633333
0.629167
0.629167
0.625000
0.629167
0.633333
0.629167
0.629167
0.629167
0.629167
0.633333
0.629167
0.629167
0.629167
0.633333
0.629167
0.629167
0.629167
0.633333
0.629167
0.625000
0.637500
0.633333
0.633333
0.633333
0.633333
0.629167
0.629167
0.633333
0.633333
0.625000
0.633333
0.625000
0.633333
0.629167
0.629167
0.625000
0.625000
0.629167
0.625000
0.629167
0.625000
0.625000
0.620833
0.625000
0.625000
0.629167
0.629167
0.625000
0.625000
0.629167
0.629167
0.625000
0.625000
0.625000
0.625000
0.620833
0.620833
0.620833
0.620833
0.616667
0.612500
0.616667
0.616667
0.612500
0.608333
0.612500
0.612500
0.612500
0.612500
0.612500
0.616667
0.616667
0.616667
0.612500
0.616667
0.616667
0.616667
0.612500
0.612500
0.616667
0.612500
0.612500
0.608333
0.612500
0.612500
0.608333
0.608333
0.612500
0.612500
0.612500
0.608333
0.612500
0.608333
0.608333
0.616667
0.612500
0.612500
0.612500
0.612500
0.616667
0.612500
0.616667
0.612500
0.612500
0.612500
0.608333
0.612500
0.612500
0.608333
0.612500
0.612500
0.608333
0.608333
0.616667
0.612500
0.616667
0.612500
0.620833
0.616667
0.612500
0.616667
0.612500
0.616667
0.616667
0.616667
0.616667
0.616667
0.616667
0.616667
0.616667
0.620833
0.625000
0.620833
0.620833
0.616667
0.620833
0.620833
0.620833
0.616667
0.620833
0.616667
0.620833
0.620833
0.616667
0.625000
0.620833
0.616667
0.625000
0.620833
0.625000
0.620833
0.620833
0.625000
0.620833
0.620833
0.625000
0.620833
1.237500
0.625000
0.625000
0.616667
0.616667
0.620833
0.616667
0.616667
0.616667
0.616667
0.612500
0.612500
0.616667
0.612500
0.612500
0.612500
0.616667
0.616667
0.620833
0.616667
0.620833
0.620833
0.620833
0.620833
0.620833
0.620833
0.625000
0.625000
0.620833
0.620833
0.625000
0.616667
0.620833
0.620833
0.620833
0.620833
0.620833
0.616667
0.620833
0.620833
0.620833
0.620833
0.616667
0.625000
0.625000
0.616667
0.625000
0.620833
0.620833
0.616667
0.616667
0.620833
0.612500
0.612500
0.616667
0.616667
0.612500
0.612500
0.608333
0.612500
0.608333
0.612500
0.608333
0.612500
0.608333
0.612500
0.616667
0.612500
0.612500
0.616667
0.616667
0.620833
0.612500
0.616667
0.616667
0.620833
0.616667
0.612500
0.620833
0.616667
0.616667
0.616667
0.616667
0.612500
0.612500
0.612500
0.612500
0.612500
0.608333
0.612500
0.612500
0.608333
0.612500
0.608333
0.612500
0.612500
0.612500
0.483333
0.741667
0.620833
0.616667
0.620833
0.612500
0.616667
0.616667
0.612500
0.612500
0.616667
0.616667
0.620833
0.620833
0.620833
0.620833
0.625000
0.620833
0.620833
0.620833
0.620833
0.620833
0.616667
0.620833
0.616667
0.616667
0.616667
0.620833
0.612500
0.616667
0.616667
0.612500
0.612500
0.616667
0.616667
0.616667
0.612500
0.616667
0.508333
0.695833
0.625000
0.616667
0.612500
0.616667
0.616667
0.616667
0.616667
0.616667
0.620833
0.620833
0.620833
0.620833
0.625000
0.620833
0.625000
0.620833
0.620833
0.620833
0.620833
0.620833
0.620833
0.620833
0.616667
0.620833
0.620833
0.620833
0.620833
0.616667
0.620833
0.620833
0.620833
0.620833
0.616667
0.620833
0.620833
0.620833
0.620833
0.620833
0.620833
0.625000
0.620833
0.620833
0.616667
0.620833
0.625000
0.620833
0.616667
0.616667
0.625000
0.616667
0.616667
0.616667
0.620833
0.612500
0.616667
0.612500
0.616667
0.616667
0.612500
0.612500
0.616667
0.616667
0.612500
0.616667
0.612500
0.616667
0.612500
0.612500
0.612500
0.612500
0.612500
0.616667
1.225000
0.620833
0.616667
0.612500
0.616667
0.612500
0.616667
0.612500
0.612500
0.612500
0.616667
0.616667
0.612500
0.616667
0.616667
0.616667
0.616667
0.616667
0.620833
0.620833
0.616667
0.616667
0.620833
0.620833
0.620833
0.620833
0.620833
0.616667
0.620833
0.616667
0.620833
0.616667
0.616667
0.616667
0.612500
0.620833
0.612500
0.616667
0.616667
0.616667
0.616667
0.616667
0.616667
0.616667
0.616667
0.612500
0.616667
0.612500
0.612500
0.620833
0.612500
0.612500
0.616667
0.612500
0.616667
0.612500
0.616667
0.612500
0.616667
0.612500
0.616667
0.616667
0.616667
0.612500
0.612500
0.616667
0.608333
0.612500
0.616667
0.612500
0.612500
0.612500
0.612500
0.612500
0.612500
0.616667
0.608333
0.616667
0.616667
0.620833
0.616667
0.620833
0.620833
0.620833
0.625000
0.620833
0.625000
0.625000
0.625000
0.620833
0.620833
0.625000
0.620833
0.616667
0.620833
0.470833
0.737500
0.620833
0.620833
0.616667
0.616667
0.616667
0.612500
0.616667
0.616667
0.612500
0.612500
0.612500
0.616667
0.612500
0.612500
0.616667
0.616667
0.616667
0.616667
0.616667
0.620833
0.616667
0.616667
0.616667
0.616667
0.620833
0.612500
0.620833
0.616667
0.616667
0.616667
0.475000
0.762500
0.625000
0.620833
0.620833
0.620833
0.616667
0.625000
0.620833
0.625000
0.612500
0.629167
0.620833
0.629167
0.625000
0.620833
0.625000
0.620833
0.625000
0.616667
0.620833
0.620833
0.612500
0.616667
0.620833
0.616667
0.616667
0.616667
0.620833
0.620833
0.625000
0.616667
0.620833
0.625000
0.620833
0.620833
0.620833
0.620833
0.620833
0.620833
0.616667
0.616667
0.616667
0.620833
0.620833
0.620833
0.620833
0.620833
0.625000
0.620833
0.625000
0.629167
0.629167
0.629167
0.625000
0.629167
0.629167
0.629167
0.625000
0.625000
0.629167
0.625000
0.625000
0.625000
0.625000
0.629167
0.629167
1.250000
0.629167
0.629167
0.629167
0.625000
0.625000
0.625000
0.629167
0.629167
0.625000
0.625000
0.629167
0.629167
0.629167
0.633333
0.633333
0.633333
0.629167
0.629167
0.629167
0.629167
0.633333
0.625000
0.495833
0.758333
0.633333
0.625000
0.629167
0.625000
0.629167
0.625000
0.625000
0.629167
0.629167
0.629167
0.629167
0.629167
0.637500
0.633333
0.633333
0.633333
0.629167
0.633333
0.629167
0.629167
0.629167
0.625000
0.633333
0.629167
0.629167
0.633333
0.629167
0.629167
0.633333
0.633333
0.633333
0.625000
0.629167
0.629167
0.625000
0.625000
0.625000
0.629167
0.625000
0.629167
0.629167
0.625000
0.629167
0.479167
0.775000
0.629167
0.629167
0.625000
0.625000
0.625000
0.620833
0.625000
0.625000
0.620833
0.620833
0.620833
0.620833
0.616667
0.620833
0.620833
0.620833
0.620833
0.620833
0.625000
0.625000
0.620833
0.620833
0.620833
0.625000
0.620833
0.620833
0.625000
0.620833
0.625000
0.620833
0.625000
0.625000
0.620833
0.625000
0.620833
0.625000
0.629167
0.625000
0.629167
0.625000
0.629167
0.633333
0.625000
0.629167
0.633333
0.633333
0.633333
0.629167
0.633333
0.637500
0.633333
0.633333
0.633333
0.637500
0.637500
0.637500
0.637500
0.637500
0.633333
0.637500
0.633333
0.633333
0.633333
0.629167
0.629167
0.629167
0.629167
0.629167
0.629167
0.629167
0.629167
0.633333
0.629167
0.629167
0.633333
0.633333
0.633333
0.633333
0.633333
0.633333
0.633333
0.633333
0.633333
0.633333
0.633333
0.633333
0.637500
0.633333
0.637500
0.637500
0.633333
0.641667
0.637500
0.645833
0.637500
0.637500
0.637500
0.637500
0.641667
0.633333
0.633333
0.637500
0.637500
0.633333
0.633333
0.633333
0.633333
0.629167
0.629167
0.633333
0.633333
0.629167
0.454167
0.766667
0.637500
0.637500
0.629167
0.629167
0.629167
0.629167
0.629167
0.516667
0.720833
0.637500
0.633333
0.633333
0.633333
0.633333
0.633333
0.637500
0.633333
0.633333
0.633333
0.633333
0.637500
0.529167
0.737500
0.633333
0.633333
0.637500
0.633333
0.633333
0.629167
0.633333
0.637500
0.637500
0.637500
0.633333
0.637500
0.637500
0.633333
0.637500
0.629167
0.633333
0.633333
0.633333
0.633333
0.633333
0.633333
0.629167
0.633333
0.637500
0.633333
0.633333
0.633333
0.637500
0.637500
0.633333
0.633333
0.633333
0.633333
0.629167
0.629167
0.625000
0.625000
0.625000
0.629167
0.625000
0.625000
0.625000
0.625000
0.625000
0.625000
0.625000
0.625000
0.629167
0.625000
0.629167
0.629167
0.629167
0.629167
0.633333
0.633333
0.633333
0.633333
0.629167
0.629167
0.633333
0.633333
0.637500
0.637500
0.637500
0.637500
0.641667
0.641667
0.641667
0.645833
0.637500
0.641667
0.637500
0.641667
0.637500
0.637500
0.637500
0.637500
0.633333
0.633333
0.633333
0.633333
0.633333
0.629167
0.633333
0.633333
0.629167
0.633333
0.633333
0.633333
0.629167
0.633333
0.633333
0.633333
0.637500
0.637500
0.633333
0.633333
0.637500
0.633333
0.637500
0.633333
0.633333
0.633333
0.637500
0.633333
0.633333
0.633333
0.633333
0.629167
0.633333
0.629167
0.633333
0.629167
0.629167
0.629167
0.633333
0.633333
0.633333
0.633333
0.633333
0.633333
0.637500
0.641667
0.641667
0.641667
0.641667
0.645833
0.641667
0.645833
0.637500
0.637500
0.641667
0.641667
0.637500
0.637500
0.633333
0.637500
0.629167
0.633333
0.637500
0.633333
0.633333
0.637500
0.462500
0.804167
0.641667
0.641667
0.633333
0.633333
0.637500
0.641667
0.637500
0.637500
0.637500
0.637500
0.637500
0.637500
0.633333
