0.816667
0.816667
0.816667
0.795833
0.800000
0.795833
0.816667
0.837500
0.862500
0.858333
0.858333
0.850000
0.833333
0.829167
0.829167
0.837500
0.845833
0.879167
0.950000
0.941667
0.975000
1.012500
1.012500
0.983333
0.937500
0.920833
0.925000
0.933333
0.920833
0.900000
0.891667
0.887500
0.879167
0.875000
0.866667
0.858333
0.854167
0.875000
0.912500
0.916667
0.945833
0.979167
0.991667
0.941667
0.933333
0.925000
0.920833
0.916667
0.895833
0.887500
0.870833
0.875000
0.879167
0.912500
0.933333
0.958333
0.979167
1.000000
1.020833
1.029167
1.045833
1.062500
1.062500
1.100000
1.133333
1.104167
1.075000
1.104167
1.087500
1.033333
1.012500
0.987500
0.958333
0.925000
0.887500
0.875000
0.858333
0.870833
0.875000
0.895833
0.937500
0.945833
0.954167
0.912500
0.929167
0.937500
0.970833
0.983333
1.000000
0.995833
0.987500
0.979167
0.991667
1.016667
1.041667
1.016667
1.029167
1.054167
1.016667
0.970833
0.970833
0.983333
1.004167
0.366667
0.279167
0.304167
0.945833
0.375000
0.316667
0.425000
0.104167
0.391667
0.504167
0.654167
0.304167
0.741667
0.254167
0.829167
0.658333
0.312500
0.141667
0.454167
0.870833
0.854167
0.841667
0.841667
0.858333
0.875000
0.875000
0.870833
0.875000
0.895833
0.929167
0.958333
0.975000
0.987500
0.991667
0.991667
1.004167
1.050000
1.083333
1.112500
1.100000
1.062500
1.058333
1.079167
1.091667
1.054167
1.008333
1.037500
1.041667
1.037500
1.008333
0.983333
0.991667
0.991667
1.012500
1.012500
1.004167
0.987500
0.970833
0.970833
0.966667
0.983333
1.004167
1.020833
1.033333
1.087500
1.100000
1.100000
1.079167
0.866667
0.383333
0.237500
0.587500
1.025000
0.975000
0.920833
0.908333
0.912500
0.929167
0.904167
0.912500
0.925000
0.958333
0.958333
0.958333
0.941667
0.929167
0.912500
0.887500
0.879167
0.891667
0.912500
0.945833
0.962500
0.970833
0.937500
0.912500
0.925000
0.916667
0.962500
0.945833
0.954167
0.962500
0.962500
0.337500
0.587500
0.920833
0.895833
0.891667
0.895833
0.891667
0.916667
0.895833
0.883333
0.879167
0.925000
0.970833
1.000000
1.025000
1.020833
1.037500
1.070833
1.091667
1.050000
1.083333
1.108333
1.095833
1.050000
1.041667
1.054167
1.016667
0.995833
1.033333
1.037500
1.033333
1.033333
1.004167
0.995833
0.979167
0.966667
0.954167
0.950000
0.933333
0.945833
1.000000
1.041667
1.033333
1.016667
1.066667
1.095833
1.095833
1.041667
1.066667
1.070833
1.045833
1.008333
1.025000
1.016667
1.008333
0.962500
0.945833
0.966667
0.941667
0.941667
0.970833
0.991667
0.970833
0.966667
0.975000
0.979167
0.987500
0.979167
0.991667
0.991667
0.979167
1.025000
1.058333
1.066667
1.070833
1.062500
1.058333
1.100000
1.129167
1.095833
1.091667
1.033333
1.041667
1.054167
1.058333
1.041667
0.995833
0.995833
1.012500
1.012500
1.012500
0.975000
0.983333
1.008333
1.037500
1.037500
1.037500
1.029167
1.025000
1.029167
1.041667
1.062500
1.108333
0.770833
0.345833
0.200000
0.350000
0.491667
1.020833
1.004167
0.991667
0.820833
0.137500
0.975000
0.987500
1.041667
0.933333
0.954167
0.929167
0.887500
0.870833
0.570833
0.308333
0.525000
0.300000
0.275000
0.350000
1.250000
0.895833
0.875000
0.900000
0.908333
0.687500
0.220833
0.504167
0.641667
0.379167
0.400000
0.512500
0.500000
1.016667
0.962500
0.962500
0.975000
0.983333
0.995833
0.966667
0.983333
0.995833
1.008333
1.033333
1.037500
1.025000
1.004167
1.037500
1.062500
1.083333
1.095833
1.066667
1.045833
1.104167
1.104167
1.125000
1.091667
1.066667
1.108333
1.100000
1.095833
1.070833
1.025000
1.045833
1.066667
1.066667
1.041667
1.004167
1.033333
1.045833
1.062500
1.054167
1.025000
1.058333
1.079167
1.104167
1.087500
1.054167
1.087500
1.095833
1.112500
1.091667
1.041667
1.075000
1.083333
1.079167
1.083333
1.062500
1.025000
1.062500
1.075000
1.079167
1.075000
1.054167
1.112500
1.120833
1.120833
1.083333
1.045833
1.079167
1.083333
1.091667
1.033333
1.000000
1.033333
1.058333
1.050000
1.037500
1.075000
1.075000
1.075000
1.062500
1.012500
1.012500
1.054167
0.841667
1.250000
1.083333
1.033333
1.087500
1.116667
1.120833
1.083333
1.041667
1.079167
1.083333
1.104167
1.091667
1.045833
1.079167
1.100000
1.095833
1.050000
1.070833
1.075000
1.075000
1.058333
1.016667
1.037500
1.075000
1.075000
1.058333
1.029167
1.066667
1.058333
1.066667
1.058333
1.041667
1.016667
1.054167
1.079167
1.095833
1.066667
1.045833
1.066667
1.070833
1.070833
1.058333
1.029167
1.070833
1.070833
1.062500
1.037500
1.070833
1.066667
1.066667
1.054167
1.020833
1.041667
1.062500
1.066667
1.083333
1.033333
1.037500
1.045833
1.062500
1.058333
1.016667
1.033333
1.050000
1.062500
1.062500
1.029167
1.070833
1.079167
1.054167
1.025000
1.066667
1.083333
1.079167
1.045833
1.008333
1.041667
1.050000
1.037500
1.004167
1.025000
1.050000
1.054167
1.029167
0.991667
1.012500
1.029167
1.045833
1.058333
1.054167
1.020833
1.016667
1.037500
1.058333
1.079167
1.108333
1.116667
1.108333
1.141667
1.170833
1.162500
1.091667
1.129167
1.125000
1.112500
1.029167
1.029167
1.029167
1.029167
1.029167
0.975000
1.000000
1.025000
1.029167
1.029167
1.029167
1.008333
1.041667
1.062500
1.079167
1.075000
1.037500
1.070833
1.070833
1.054167
1.004167
1.037500
1.058333
1.070833
1.041667
0.995833
1.020833
1.045833
1.045833
1.050000
1.029167
0.987500
1.033333
1.070833
1.079167
1.083333
1.041667
1.075000
1.087500
1.091667
1.070833
1.016667
1.037500
1.054167
1.062500
1.050000
0.825000
0.233333
0.458333
0.520833
0.237500
0.341667
0.383333
0.512500
0.775000
0.675000
0.979167
0.950000
0.933333
0.954167
0.979167
1.000000
0.995833
0.983333
0.958333
0.987500
1.020833
1.050000
1.083333
1.079167
1.054167
1.120833
1.112500
1.133333
1.158333
1.125000
1.058333
1.091667
1.108333
1.058333
1.058333
1.083333
1.079167
1.041667
0.983333
0.991667
1.012500
0.979167
0.954167
0.970833
0.950000
0.950000
0.970833
0.979167
0.975000
0.941667
0.950000
0.925000
0.920833
0.879167
0.883333
0.904167
0.916667
0.912500
0.954167
0.995833
1.025000
1.029167
1.008333
1.000000
0.625000
1.137500
1.083333
1.087500
1.058333
