0.608333
0.241667
0.366667
0.608333
0.604167
0.604167
0.608333
0.600000
0.600000
0.600000
0.608333
0.600000
0.600000
0.595833
0.604167
0.600000
0.595833
0.595833
0.604167
0.595833
0.591667
0.595833
0.604167
0.595833
0.591667
0.591667
0.600000
0.591667
0.595833
0.591667
0.595833
0.595833
0.595833
0.591667
0.595833
0.604167
0.595833
0.595833
0.595833
0.595833
0.604167
0.595833
0.600000
0.595833
0.612500
0.604167
0.600000
0.595833
0.608333
0.608333
0.604167
0.600000
0.604167
0.612500
0.604167
0.604167
0.604167
0.608333
0.600000
0.600000
0.600000
0.604167
0.604167
0.600000
0.595833
0.600000
0.608333
0.600000
0.595833
0.600000
0.604167
0.604167
0.604167
0.595833
0.600000
0.604167
0.608333
0.595833
0.600000
0.600000
0.604167
0.600000
0.595833
0.600000
0.600000
0.604167
0.600000
0.600000
0.604167
0.600000
0.600000
0.600000
0.604167
0.600000
0.600000
0.600000
0.220833
0.387500
0.604167
0.604167
0.600000
0.604167
0.604167
0.600000
0.600000
0.604167
0.600000
0.600000
0.608333
0.604167
0.600000
0.600000
0.608333
0.608333
0.604167
0.604167
0.612500
0.604167
0.600000
0.604167
0.616667
0.604167
0.604167
0.600000
0.608333
0.604167
0.600000
0.604167
0.612500
0.600000
0.600000
0.604167
0.608333
0.600000
0.600000
0.604167
0.241667
0.362500
0.604167
0.604167
0.262500
0.337500
0.604167
0.595833
0.604167
0.600000
0.604167
0.604167
0.595833
0.600000
0.595833
0.608333
0.591667
0.600000
0.600000
0.604167
0.600000
0.595833
0.604167
0.204167
0.400000
0.291667
0.308333
0.600000
0.600000
0.604167
0.604167
0.604167
0.600000
0.604167
0.608333
0.604167
0.608333
0.612500
0.604167
0.608333
0.608333
0.612500
0.612500
0.608333
0.612500
0.616667
0.616667
0.608333
0.612500
0.616667
0.612500
0.608333
0.604167
0.612500
0.608333
0.608333
0.612500
0.616667
0.608333
0.608333
0.608333
0.612500
0.604167
0.604167
0.608333
0.612500
0.604167
0.600000
0.608333
0.608333
0.600000
0.604167
0.604167
0.604167
0.600000
0.608333
0.608333
0.600000
0.600000
0.604167
0.608333
0.600000
0.604167
0.608333
0.612500
0.604167
0.608333
0.608333
0.612500
0.608333
0.608333
0.612500
0.612500
0.608333
0.608333
0.612500
0.616667
0.604167
0.604167
0.608333
0.608333
0.604167
0.600000
0.604167
0.608333
0.595833
0.595833
0.604167
0.604167
0.600000
0.595833
0.600000
0.604167
0.595833
0.595833
0.591667
0.595833
0.604167
1.187500
0.587500
0.595833
0.595833
0.600000
0.591667
0.595833
0.595833
0.595833
0.595833
0.595833
0.595833
0.591667
0.604167
0.600000
0.383333
0.216667
0.595833
0.304167
0.300000
0.412500
0.787500
0.600000
0.600000
0.604167
0.604167
0.595833
0.600000
0.608333
0.600000
0.600000
0.487500
0.712500
0.608333
0.604167
0.600000
0.604167
0.608333
0.604167
0.608333
0.612500
0.608333
0.604167
0.612500
0.612500
0.608333
0.604167
0.612500
0.612500
0.608333
0.608333
0.612500
0.604167
0.604167
0.612500
0.608333
0.604167
0.612500
0.608333
0.604167
0.604167
0.604167
0.604167
0.604167
0.604167
0.600000
0.608333
0.604167
0.604167
0.604167
0.608333
0.600000
0.608333
0.604167
0.612500
0.608333
0.608333
0.608333
0.616667
0.608333
0.612500
0.612500
0.612500
0.612500
0.608333
0.616667
0.612500
0.612500
0.616667
0.612500
0.612500
0.616667
0.616667
0.612500
0.608333
0.612500
0.612500
0.608333
0.612500
0.608333
0.608333
0.604167
0.612500
0.604167
0.600000
0.608333
0.608333
0.604167
0.600000
0.612500
0.608333
0.604167
0.604167
0.612500
0.608333
0.604167
0.608333
0.612500
0.608333
0.604167
0.608333
0.616667
0.604167
0.608333
0.616667
0.612500
0.612500
0.616667
0.616667
0.612500
0.616667
0.616667
0.612500
0.612500
0.620833
0.608333
0.608333
0.616667
0.612500
0.608333
0.608333
0.608333
0.616667
0.600000
0.604167
0.608333
0.608333
0.604167
0.600000
0.604167
0.604167
0.608333
0.595833
0.600000
0.600000
0.608333
0.595833
0.600000
0.600000
0.604167
0.600000
0.591667
0.595833
0.604167
0.600000
0.595833
0.595833
0.595833
0.600000
0.595833
0.379167
0.308333
0.500000
0.604167
0.591667
0.595833
0.600000
0.595833
0.604167
0.595833
0.608333
0.600000
0.604167
0.604167
0.608333
0.604167
0.612500
0.616667
0.608333
0.612500
0.620833
0.612500
0.608333
0.612500
0.616667
0.608333
0.608333
0.612500
0.612500
0.608333
0.604167
0.608333
0.612500
0.600000
0.604167
0.608333
0.608333
0.604167
0.600000
0.600000
0.608333
0.604167
0.604167
0.604167
0.604167
0.600000
0.604167
0.600000
0.612500
0.595833
0.600000
0.604167
0.608333
0.600000
0.595833
0.604167
0.608333
0.495833
0.708333
0.612500
0.604167
0.604167
0.612500
0.608333
0.608333
0.412500
0.200000
0.612500
0.612500
0.612500
0.616667
0.608333
0.608333
0.612500
0.612500
0.604167
0.604167
0.612500
0.612500
0.608333
0.604167
0.608333
0.612500
0.604167
0.604167
0.612500
0.608333
0.604167
0.612500
0.604167
0.600000
0.612500
0.600000
0.604167
0.604167
0.604167
0.600000
0.600000
0.608333
0.604167
0.604167
0.608333
0.608333
0.604167
0.608333
0.608333
0.608333
0.604167
0.608333
0.612500
0.604167
0.608333
0.612500
0.608333
0.604167
0.612500
0.612500
0.604167
0.608333
0.608333
0.604167
0.604167
0.604167
0.608333
0.604167
0.600000
0.608333
0.608333
0.604167
0.600000
0.608333
0.608333
0.600000
0.604167
0.604167
0.608333
0.600000
0.600000
0.604167
0.600000
0.600000
0.604167
0.600000
0.595833
0.600000
0.600000
0.604167
0.600000
0.412500
0.783333
0.612500
0.604167
0.604167
0.600000
0.612500
0.612500
0.604167
0.608333
0.612500
0.616667
0.604167
0.608333
0.612500
0.612500
0.604167
0.270833
0.337500
0.608333
0.612500
0.612500
0.612500
0.616667
0.608333
0.308333
0.912500
0.612500
0.612500
0.604167
0.604167
0.612500
0.608333
0.608333
0.604167
0.250000
0.362500
0.383333
0.225000
0.612500
0.612500
0.745833
0.100000
0.375000
0.616667
0.612500
0.587500
0.233333
0.408333
0.625000
0.608333
0.608333
0.612500
0.608333
0.608333
0.612500
0.616667
0.612500
0.608333
0.612500
0.612500
0.608333
0.604167
0.612500
0.608333
0.608333
0.612500
0.608333
0.604167
0.608333
0.612500
0.604167
0.608333
0.604167
0.612500
0.604167
0.608333
0.608333
0.395833
0.216667
0.604167
0.512500
0.712500
0.608333
0.608333
0.616667
0.612500
0.612500
0.612500
0.620833
0.612500
0.608333
0.620833
0.608333
0.612500
0.612500
0.616667
0.604167
0.604167
0.608333
0.612500
0.604167
0.604167
0.604167
0.612500
0.600000
0.600000
0.600000
0.608333
0.600000
0.595833
0.662500
0.287500
0.425000
0.241667
0.616667
0.358333
0.270833
0.350000
0.379167
0.587500
0.591667
0.550000
0.391667
0.233333
0.475000
0.200000
0.508333
0.587500
0.587500
0.587500
0.591667
0.600000
0.587500
0.587500
0.587500
0.595833
0.595833
0.591667
0.587500
0.591667
0.595833
0.587500
0.587500
0.591667
0.595833
0.591667
0.591667
0.595833
0.600000
0.595833
0.600000
0.600000
0.608333
0.608333
0.608333
0.608333
0.620833
0.612500
0.616667
0.629167
0.625000
0.625000
0.629167
0.633333
0.620833
0.629167
0.625000
0.625000
0.625000
0.629167
0.620833
0.616667
0.620833
0.625000
0.612500
0.612500
0.616667
0.616667
0.608333
0.608333
0.608333
0.612500
0.604167
0.600000
0.604167
0.608333
0.595833
0.595833
0.604167
0.600000
0.595833
0.595833
0.595833
0.604167
0.591667
0.595833
0.595833
0.600000
0.591667
0.591667
0.595833
0.600000
0.591667
0.591667
0.600000
0.600000
0.595833
0.595833
0.600000
0.595833
0.595833
0.595833
0.600000
0.595833
0.595833
0.595833
0.600000
0.604167
0.591667
0.595833
0.600000
0.595833
0.300000
0.295833
0.595833
0.604167
0.600000
0.283333
0.908333
0.600000
0.604167
0.595833
0.600000
0.600000
0.604167
0.604167
0.600000
0.600000
0.608333
0.608333
0.204167
0.395833
0.604167
0.604167
0.612500
0.604167
0.604167
0.604167
0.608333
0.604167
0.604167
0.608333
0.612500
0.612500
0.608333
0.608333
0.608333
0.612500
0.612500
0.604167
0.608333
0.608333
0.612500
0.612500
0.600000
0.604167
0.612500
0.604167
0.608333
0.604167
0.608333
0.612500
0.604167
0.604167
0.608333
0.612500
0.608333
0.604167
0.608333
0.608333
0.612500
0.608333
0.608333
0.608333
0.612500
0.612500
0.358333
0.254167
0.612500
0.612500
0.620833
0.612500
0.612500
0.608333
0.616667
0.616667
0.612500
0.612500
0.616667
0.616667
0.612500
0.616667
0.620833
0.612500
0.612500
0.616667
0.616667
0.612500
0.612500
0.616667
0.608333
0.608333
0.616667
0.620833
0.612500
0.616667
0.625000
0.629167
0.641667
0.637500
0.650000
0.670833
0.662500
0.525000
0.808333
0.683333
0.679167
0.670833
0.675000
0.775000
0.266667
0.279167
0.291667
0.225000
0.808333
0.666667
0.666667
0.654167
0.645833
0.645833
0.654167
0.641667
0.633333
0.637500
0.637500
0.633333
0.633333
0.637500
0.629167
0.625000
0.637500
0.625000
0.620833
0.625000
0.625000
0.620833
0.616667
0.620833
0.616667
0.620833
0.612500
0.608333
0.612500
0.612500
0.620833
0.612500
0.612500
0.616667
0.616667
0.612500
0.620833
0.629167
0.629167
0.625000
0.633333
0.637500
0.645833
0.633333
0.633333
0.633333
0.650000
0.645833
0.645833
0.645833
0.654167
0.654167
0.650000
0.658333
0.675000
0.679167
0.675000
0.670833
0.683333
0.662500
0.658333
0.650000
0.654167
0.650000
0.633333
0.633333
0.633333
0.633333
0.620833
0.620833
0.616667
0.625000
0.608333
0.608333
0.608333
0.800000
0.412500
0.600000
0.595833
0.600000
0.604167
0.600000
0.595833
0.604167
0.600000
0.595833
0.595833
0.604167
0.595833
0.295833
0.295833
0.262500
0.333333
0.600000
0.570833
0.616667
0.595833
0.600000
0.595833
0.591667
0.591667
0.600000
0.591667
0.591667
0.595833
0.595833
0.595833
0.587500
0.587500
0.600000
0.595833
0.587500
0.591667
0.595833
0.600000
0.595833
0.416667
0.504167
0.287500
0.275000
0.304167
0.283333
0.695833
0.212500
0.862500
0.470833
0.283333
0.620833
0.325000
0.404167
0.745833
0.070833
0.350000
0.337500
0.525000
0.220833
0.416667
0.166667
0.700000
0.341667
0.258333
0.583333
0.587500
0.591667
0.595833
0.600000
0.595833
0.591667
0.600000
0.600000
0.600000
0.591667
0.591667
0.600000
