0.766667
0.750000
0.766667
0.758333
0.770833
0.762500
0.762500
0.758333
0.758333
0.770833
0.758333
0.758333
0.754167
0.750000
0.762500
0.762500
0.775000
0.762500
0.766667
0.775000
0.783333
0.787500
0.787500
0.766667
0.766667
0.779167
0.783333
0.791667
0.783333
0.775000
0.787500
0.787500
0.800000
0.800000
0.779167
0.775000
0.791667
0.791667
0.783333
0.775000
0.762500
0.783333
0.779167
0.787500
0.779167
0.775000
0.779167
0.787500
0.800000
0.779167
0.537500
0.912500
0.833333
0.816667
0.808333
0.791667
0.783333
0.795833
0.791667
0.791667
0.791667
0.783333
0.779167
0.787500
0.791667
0.791667
0.783333
0.775000
0.779167
0.791667
0.791667
0.795833
0.779167
0.775000
0.787500
0.791667
0.800000
0.779167
0.775000
0.779167
0.779167
0.775000
0.779167
0.775000
0.779167
0.766667
0.766667
0.787500
0.787500
0.779167
0.762500
0.770833
0.783333
0.775000
0.766667
0.770833
0.741667
0.745833
0.787500
0.800000
0.800000
0.804167
0.800000
0.783333
0.779167
0.512500
0.908333
0.812500
0.791667
0.762500
0.770833
0.775000
0.787500
0.770833
0.795833
0.800000
0.795833
0.804167
0.800000
0.816667
0.800000
0.804167
0.800000
0.812500
0.816667
0.816667
0.825000
0.820833
0.816667
0.829167
0.829167
0.825000
0.825000
0.825000
0.845833
0.829167
0.837500
0.833333
0.833333
0.820833
0.816667
0.795833
0.787500
0.795833
0.783333
0.791667
0.791667
0.791667
0.795833
0.800000
0.787500
0.804167
0.816667
0.812500
0.808333
0.795833
0.816667
0.795833
0.783333
0.779167
0.766667
0.783333
0.783333
0.766667
1.525000
0.770833
0.779167
0.775000
0.766667
0.770833
0.795833
0.779167
0.783333
0.775000
0.779167
0.791667
0.783333
0.787500
0.783333
0.766667
0.766667
0.775000
0.779167
0.783333
0.787500
0.787500
0.766667
0.783333
0.795833
0.795833
0.800000
0.791667
0.783333
0.787500
0.766667
0.754167
0.770833
0.783333
0.804167
0.808333
0.791667
0.795833
0.808333
0.816667
0.800000
0.795833
0.787500
0.804167
0.800000
0.795833
0.800000
0.787500
0.795833
0.800000
0.804167
0.804167
0.808333
0.804167
0.795833
0.804167
0.804167
0.783333
0.787500
0.795833
0.795833
0.787500
0.783333
0.783333
0.783333
0.800000
0.787500
0.795833
0.787500
0.787500
0.800000
0.808333
0.800000
0.787500
0.783333
0.800000
0.783333
0.791667
0.770833
0.762500
0.779167
0.770833
0.775000
0.758333
0.762500
0.766667
0.770833
0.762500
0.754167
0.775000
0.779167
0.779167
0.775000
0.766667
0.775000
0.783333
0.791667
0.787500
0.770833
0.770833
0.791667
0.783333
0.770833
0.775000
0.779167
0.787500
0.795833
0.800000
0.804167
0.795833
0.791667
0.800000
0.804167
0.791667
0.783333
0.770833
0.770833
0.779167
0.787500
0.791667
0.791667
0.783333
0.783333
0.787500
0.795833
0.787500
0.800000
0.770833
0.775000
0.783333
0.787500
0.787500
0.787500
0.783333
0.783333
0.770833
0.775000
0.783333
0.770833
0.779167
0.795833
0.804167
0.791667
0.783333
0.783333
0.791667
0.800000
0.795833
0.787500
0.783333
0.783333
0.800000
0.795833
0.804167
0.791667
0.783333
0.775000
0.791667
0.787500
0.791667
0.787500
0.775000
0.775000
0.783333
0.791667
0.795833
0.800000
0.791667
0.783333
0.775000
0.783333
0.783333
0.775000
0.770833
0.770833
0.766667
0.775000
0.791667
0.795833
0.791667
0.783333
0.783333
0.779167
0.779167
0.787500
0.791667
0.783333
0.775000
0.775000
0.779167
0.787500
0.795833
0.791667
0.783333
0.783333
0.770833
0.787500
0.775000
0.787500
0.775000
0.779167
0.766667
0.775000
0.783333
0.779167
0.770833
0.762500
0.762500
0.766667
0.754167
0.750000
0.737500
0.745833
0.750000
0.775000
0.783333
0.770833
0.783333
0.795833
0.791667
0.800000
0.783333
0.770833
0.791667
0.787500
0.800000
0.775000
0.775000
0.791667
0.795833
0.800000
0.795833
0.783333
0.775000
0.758333
0.770833
0.766667
0.762500
0.766667
0.770833
0.766667
0.762500
0.770833
0.779167
0.791667
0.791667
0.791667
0.779167
0.766667
0.762500
0.775000
0.775000
0.770833
0.766667
0.766667
0.766667
0.779167
0.775000
0.787500
0.766667
0.762500
0.766667
0.779167
0.770833
0.770833
0.762500
0.754167
0.766667
0.770833
0.770833
0.770833
0.766667
0.770833
0.787500
0.770833
0.770833
0.770833
0.779167
0.775000
0.791667
0.783333
0.779167
0.783333
0.791667
0.800000
0.795833
0.783333
0.787500
0.791667
0.804167
0.791667
0.787500
0.783333
0.520833
0.912500
0.829167
0.812500
0.804167
0.783333
0.787500
0.787500
0.800000
0.787500
0.791667
0.775000
0.775000
0.787500
0.787500
0.791667
0.779167
0.766667
0.779167
0.779167
0.775000
0.770833
0.762500
0.766667
0.783333
0.787500
0.775000
0.770833
0.770833
0.770833
0.775000
0.770833
0.758333
0.754167
0.750000
0.754167
0.762500
0.754167
0.741667
0.745833
0.745833
0.750000
0.745833
0.745833
0.733333
0.741667
0.733333
0.737500
0.741667
0.737500
0.733333
0.741667
0.745833
0.750000
0.754167
0.741667
0.745833
0.745833
0.745833
0.745833
0.741667
0.737500
0.733333
0.733333
0.729167
0.725000
0.716667
0.716667
0.720833
0.725000
0.725000
0.716667
0.716667
0.716667
0.725000
0.716667
0.725000
0.725000
0.725000
0.725000
0.729167
0.737500
0.741667
0.737500
0.737500
0.729167
0.741667
0.745833
0.745833
0.737500
0.733333
0.725000
0.720833
0.720833
0.720833
0.720833
0.733333
0.733333
0.745833
0.745833
0.754167
0.750000
0.758333
0.766667
0.775000
0.762500
0.779167
0.770833
0.783333
0.787500
0.783333
0.775000
0.770833
0.758333
0.775000
0.783333
0.775000
0.775000
0.779167
0.766667
0.770833
0.775000
0.783333
0.770833
0.770833
0.766667
0.758333
0.775000
0.770833
0.762500
0.754167
0.750000
0.758333
0.758333
0.758333
0.754167
0.750000
0.762500
0.766667
0.762500
0.754167
0.750000
0.758333
0.758333
0.766667
0.750000
0.745833
0.737500
0.745833
0.754167
0.758333
0.754167
0.745833
0.750000
0.762500
0.766667
0.754167
0.750000
0.754167
0.758333
0.758333
0.762500
0.750000
0.754167
0.766667
0.762500
0.766667
0.745833
0.750000
0.758333
0.745833
0.762500
0.754167
0.750000
0.754167
0.762500
0.762500
0.762500
0.758333
0.758333
0.775000
0.766667
0.766667
0.766667
0.770833
0.804167
0.804167
0.808333
0.795833
0.800000
0.825000
0.812500
0.812500
0.795833
0.787500
0.791667
0.804167
0.800000
0.795833
0.795833
0.779167
0.783333
0.804167
0.804167
0.795833
0.787500
0.783333
0.775000
0.787500
0.787500
0.779167
0.770833
0.533333
0.908333
0.808333
0.800000
0.783333
0.770833
0.766667
0.775000
0.783333
0.775000
0.766667
0.754167
0.770833
0.766667
0.758333
0.754167
0.745833
0.754167
0.750000
0.745833
0.741667
0.741667
0.754167
0.754167
0.741667
0.737500
0.737500
0.745833
0.750000
0.745833
0.741667
0.741667
0.754167
0.766667
0.766667
0.754167
0.758333
0.787500
0.795833
0.787500
0.787500
0.791667
0.783333
0.800000
0.808333
0.808333
0.804167
0.804167
0.816667
0.816667
0.833333
0.837500
0.816667
0.833333
0.816667
0.820833
0.825000
0.583333
0.995833
0.883333
0.845833
0.833333
0.829167
0.829167
0.837500
0.825000
0.812500
0.808333
0.808333
0.825000
0.808333
0.795833
0.779167
0.779167
0.791667
0.791667
0.791667
0.787500
0.795833
0.816667
0.820833
0.833333
0.816667
0.808333
0.820833
0.833333
0.833333
0.829167
0.825000
0.820833
0.808333
0.820833
0.829167
0.820833
0.808333
0.808333
0.820833
0.825000
0.825000
0.825000
0.820833
0.804167
0.808333
0.812500
0.812500
0.820833
0.812500
0.804167
0.795833
0.804167
0.804167
0.795833
0.795833
0.779167
0.783333
0.791667
0.787500
0.795833
0.787500
0.787500
0.800000
0.812500
0.795833
0.800000
0.787500
0.791667
0.791667
0.795833
0.800000
0.783333
