0.612500
0.608333
0.608333
0.616667
0.612500
0.616667
0.604167
0.608333
0.612500
0.616667
0.616667
0.604167
0.604167
0.612500
0.620833
0.612500
0.616667
0.604167
0.608333
0.612500
0.620833
0.620833
0.608333
0.604167
0.612500
0.616667
0.616667
0.620833
0.604167
0.608333
0.625000
0.612500
0.616667
0.604167
0.616667
0.608333
0.616667
0.600000
0.600000
0.612500
0.608333
0.612500
0.595833
0.595833
0.600000
0.608333
0.600000
0.604167
0.591667
0.595833
0.595833
0.595833
0.595833
0.595833
0.587500
0.587500
0.591667
0.591667
0.591667
0.587500
0.587500
0.591667
0.587500
0.583333
0.583333
0.591667
0.583333
0.595833
0.579167
0.579167
0.583333
0.591667
0.583333
0.591667
0.579167
0.583333
0.579167
0.595833
0.591667
0.583333
0.579167
0.583333
0.587500
0.600000
0.587500
0.600000
0.583333
0.583333
0.591667
0.600000
0.591667
0.600000
0.587500
0.587500
0.591667
0.595833
0.600000
0.591667
0.587500
0.591667
0.591667
0.600000
0.583333
0.583333
0.587500
0.595833
0.591667
0.587500
0.583333
0.583333
0.583333
0.595833
0.583333
0.583333
0.587500
0.583333
0.591667
0.587500
0.583333
0.587500
0.583333
0.583333
0.587500
0.575000
0.583333
0.583333
0.583333
0.579167
0.587500
0.583333
0.583333
0.587500
0.579167
0.583333
0.587500
0.587500
0.579167
0.583333
0.587500
0.587500
0.575000
0.579167
0.595833
0.595833
0.583333
0.579167
0.587500
0.595833
0.604167
0.591667
0.587500
0.587500
0.595833
0.608333
0.608333
0.587500
0.591667
0.600000
0.608333
0.620833
0.595833
0.595833
0.600000
0.620833
0.625000
0.600000
0.600000
0.608333
0.604167
0.620833
0.625000
0.604167
0.600000
0.604167
0.608333
0.625000
0.616667
0.612500
0.600000
0.616667
0.616667
0.604167
0.600000
0.608333
0.616667
0.600000
0.591667
0.604167
0.612500
0.591667
0.587500
0.591667
0.604167
0.608333
0.600000
0.587500
0.595833
0.604167
0.604167
0.600000
0.591667
0.591667
0.600000
0.604167
0.600000
0.595833
0.591667
0.591667
0.604167
0.595833
0.600000
0.587500
0.591667
0.604167
0.604167
0.595833
0.591667
0.591667
0.604167
0.604167
0.595833
0.587500
0.587500
0.600000
0.612500
0.595833
0.587500
0.591667
0.604167
0.612500
0.587500
0.591667
0.591667
0.595833
0.612500
0.604167
0.587500
0.595833
0.595833
0.608333
0.612500
0.595833
0.595833
0.608333
0.604167
0.591667
0.604167
0.612500
0.595833
0.591667
0.595833
0.612500
0.608333
0.600000
0.595833
0.600000
0.608333
0.604167
0.608333
0.600000
0.600000
0.604167
0.608333
0.612500
0.604167
0.595833
0.600000
0.608333
0.608333
0.608333
0.591667
0.595833
0.600000
0.612500
0.608333
0.600000
0.600000
0.600000
0.612500
0.604167
0.608333
0.600000
0.600000
0.608333
0.608333
0.608333
0.612500
0.600000
0.604167
0.616667
0.608333
0.612500
0.604167
0.600000
0.604167
0.608333
0.625000
0.616667
0.595833
0.604167
0.604167
0.625000
0.612500
0.608333
0.600000
0.604167
0.620833
0.620833
0.608333
0.604167
0.604167
0.616667
0.629167
0.629167
0.608333
0.600000
0.608333
0.616667
0.633333
0.620833
0.600000
0.608333
0.612500
0.633333
0.633333
0.604167
0.612500
0.629167
0.629167
0.629167
0.608333
0.612500
0.616667
0.637500
0.625000
0.625000
0.608333
0.612500
0.629167
0.616667
0.620833
0.608333
0.620833
0.612500
0.612500
0.612500
0.604167
0.612500
0.612500
0.604167
0.604167
0.612500
0.595833
0.604167
0.608333
0.595833
0.591667
0.612500
0.608333
0.591667
0.591667
0.608333
0.600000
0.583333
0.608333
0.591667
0.583333
0.595833
0.591667
0.595833
0.595833
0.579167
0.575000
0.591667
0.575000
0.579167
0.579167
0.570833
0.579167
0.579167
0.570833
0.579167
0.566667
0.575000
0.575000
0.570833
0.579167
0.566667
0.575000
0.570833
0.562500
0.575000
0.570833
0.566667
0.579167
0.566667
0.575000
0.575000
0.558333
0.579167
0.570833
0.566667
0.579167
0.566667
0.570833
0.583333
0.566667
0.570833
0.579167
0.575000
0.566667
0.583333
0.579167
0.570833
0.583333
0.575000
0.570833
0.579167
0.566667
0.579167
0.575000
0.566667
0.579167
0.575000
0.575000
0.579167
0.566667
0.583333
0.575000
0.566667
0.583333
0.575000
0.575000
0.583333
0.566667
0.575000
0.583333
0.570833
0.575000
0.583333
0.570833
0.570833
0.587500
0.570833
0.575000
0.587500
0.579167
0.575000
0.587500
0.583333
0.575000
0.583333
0.587500
0.575000
0.587500
0.579167
0.575000
0.691667
0.475000
0.575000
0.583333
0.583333
0.575000
0.570833
0.587500
0.579167
0.570833
0.579167
0.575000
0.575000
0.583333
0.575000
0.570833
0.583333
0.570833
0.570833
0.583333
0.583333
0.570833
0.587500
0.583333
0.575000
0.591667
0.587500
0.579167
0.587500
0.587500
0.575000
0.591667
0.587500
0.579167
0.583333
0.591667
0.583333
0.575000
0.579167
0.575000
0.570833
0.566667
0.562500
0.575000
0.570833
0.570833
0.575000
0.566667
0.575000
0.579167
0.575000
0.575000
0.587500
0.570833
0.579167
0.591667
0.583333
0.575000
0.591667
0.591667
0.575000
0.587500
0.595833
0.575000
0.583333
0.591667
0.587500
0.579167
0.583333
0.591667
0.579167
0.579167
0.587500
0.595833
0.575000
0.575000
0.583333
0.587500
0.575000
0.575000
0.583333
0.570833
0.570833
0.579167
0.579167
0.566667
0.570833
0.579167
0.575000
0.566667
0.570833
0.579167
0.570833
0.566667
0.570833
0.579167
0.570833
0.566667
0.575000
0.575000
0.570833
0.570833
0.579167
0.570833
0.570833
0.575000
0.575000
0.562500
0.566667
0.570833
0.570833
0.566667
0.562500
0.575000
0.570833
0.562500
0.570833
0.579167
0.575000
0.566667
0.575000
0.587500
0.575000
0.575000
0.579167
0.587500
0.575000
0.579167
0.579167
0.591667
0.583333
0.579167
0.579167
0.591667
0.587500
0.575000
0.583333
0.587500
0.595833
0.579167
0.579167
0.591667
0.595833
0.579167
0.579167
0.587500
0.587500
0.575000
0.579167
0.587500
0.583333
0.575000
0.583333
0.583333
0.570833
0.570833
0.579167
0.575000
0.566667
0.575000
0.583333
0.570833
0.566667
0.583333
0.570833
0.566667
0.575000
0.583333
0.570833
0.566667
0.579167
0.579167
0.566667
0.575000
0.583333
0.566667
0.579167
0.579167
0.566667
0.579167
0.579167
0.566667
0.575000
0.583333
0.579167
0.570833
0.575000
0.587500
0.575000
0.570833
0.587500
0.583333
0.570833
0.575000
0.583333
0.583333
0.575000
0.575000
0.583333
0.587500
0.570833
0.575000
0.583333
0.583333
0.570833
0.575000
0.575000
0.587500
0.579167
0.575000
0.575000
0.587500
0.591667
0.570833
0.579167
0.579167
0.591667
0.587500
0.579167
0.583333
0.583333
0.595833
0.575000
0.575000
0.583333
0.591667
0.595833
0.579167
0.587500
0.583333
0.595833
0.595833
0.583333
0.587500
0.587500
0.595833
0.600000
0.583333
0.583333
0.587500
0.600000
0.583333
0.583333
0.587500
0.595833
0.604167
0.583333
0.587500
0.591667
0.591667
0.604167
0.608333
0.587500
0.587500
0.591667
0.604167
0.608333
0.587500
0.587500
0.587500
0.595833
0.608333
0.604167
0.583333
0.591667
0.587500
0.604167
0.608333
0.583333
0.587500
0.591667
0.595833
0.604167
0.604167
0.583333
0.587500
0.591667
0.600000
0.608333
0.600000
0.587500
0.591667
0.604167
0.616667
0.595833
0.595833
0.608333
0.591667
0.604167
0.604167
0.587500
0.604167
0.600000
0.591667
0.608333
0.587500
0.604167
0.595833
0.604167
0.591667
0.587500
0.600000
0.587500
0.579167
0.316667
0.270833
0.575000
0.595833
0.583333
0.579167
0.579167
0.579167
0.570833
0.558333
0.558333
0.562500
0.554167
0.329167
0.795833
0.558333
0.562500
0.570833
0.558333
0.566667
0.562500
0.570833
0.566667
0.566667
0.566667
0.566667
0.570833
0.562500
0.562500
0.554167
0.570833
0.558333
0.562500
0.558333
0.558333
0.562500
0.554167
0.562500
0.550000
0.562500
0.541667
0.554167
0.550000
0.554167
0.545833
0.558333
0.545833
0.550000
0.550000
0.545833
0.554167
0.545833
0.550000
0.558333
0.550000
0.550000
0.554167
0.550000
0.545833
0.554167
0.554167
0.554167
0.562500
0.554167
0.558333
0.566667
0.566667
0.558333
0.566667
0.575000
0.570833
0.570833
0.575000
0.570833
0.575000
0.579167
0.575000
0.570833
0.566667
0.587500
0.566667
0.570833
0.579167
0.575000
0.570833
0.575000
0.587500
0.579167
0.570833
0.575000
0.579167
0.583333
0.583333
0.579167
0.587500
0.579167
0.579167
0.587500
0.570833
0.583333
0.583333
0.566667
0.570833
0.583333
0.570833
0.575000
0.575000
0.579167
0.575000
0.570833
0.575000
0.566667
0.570833
0.562500
0.575000
0.562500
0.558333
0.558333
0.570833
0.558333
0.570833
0.562500
0.562500
0.566667
0.566667
0.566667
0.566667
0.558333
0.570833
0.558333
0.558333
0.566667
0.566667
0.566667
0.558333
0.575000
0.558333
0.566667
0.570833
0.558333
0.566667
0.566667
0.566667
0.562500
0.575000
0.562500
0.566667
0.575000
0.558333
0.562500
0.570833
0.554167
0.558333
0.566667
0.558333
0.562500
0.566667
0.566667
0.558333
0.566667
0.562500
0.558333
0.566667
0.558333
0.562500
0.562500
0.570833
0.554167
0.566667
0.562500
0.558333
0.562500
0.566667
0.566667
0.566667
0.562500
0.562500
0.562500
0.554167
0.554167
0.545833
0.554167
0.550000
0.550000
0.558333
0.554167
0.558333
0.570833
0.554167
0.570833
0.566667
0.562500
0.575000
0.558333
0.575000
0.575000
0.583333
0.566667
0.583333
0.575000
0.575000
0.583333
0.570833
0.570833
0.583333
0.579167
0.570833
0.579167
0.579167
0.566667
0.579167
0.570833
0.570833
0.579167
0.570833
0.570833
0.579167
0.575000
0.566667
0.570833
0.570833
0.562500
0.570833
0.566667
0.562500
0.566667
0.566667
0.562500
0.558333
0.575000
0.562500
0.566667
0.570833
0.562500
0.562500
0.566667
0.562500
0.558333
0.570833
0.566667
0.558333
0.562500
0.570833
0.558333
0.562500
0.562500
0.562500
0.554167
0.566667
0.562500
0.558333
0.558333
0.566667
0.554167
0.566667
0.554167
0.562500
0.562500
0.554167
0.558333
0.566667
0.566667
0.554167
0.566667
0.566667
0.554167
0.566667
0.562500
0.554167
0.562500
0.558333
0.566667
0.558333
0.562500
0.550000
0.558333
0.558333
0.550000
0.554167
0.554167
0.545833
0.554167
0.550000
0.558333
0.550000
0.558333
0.554167
0.554167
0.562500
0.550000
0.558333
0.562500
0.562500
0.554167
0.562500
0.562500
0.554167
0.562500
0.570833
0.554167
0.566667
0.566667
0.558333
0.562500
0.575000
0.562500
0.570833
0.562500
0.566667
0.570833
