0.704167
0.850000
0.629167
0.604167
0.704167
0.691667
0.691667
0.708333
0.700000
0.700000
0.537500
0.766667
0.695833
0.766667
0.720833
0.712500
0.708333
0.712500
0.695833
0.695833
0.700000
0.695833
0.704167
0.700000
0.695833
0.687500
0.695833
0.708333
0.691667
0.687500
0.700000
0.691667
0.687500
0.550000
0.450000
0.816667
0.808333
0.745833
0.687500
0.750000
0.691667
0.695833
0.695833
0.700000
0.704167
0.700000
0.691667
0.691667
0.695833
0.687500
0.683333
0.695833
0.695833
0.695833
0.700000
0.704167
0.700000
0.695833
0.708333
0.708333
0.716667
0.687500
0.729167
0.691667
0.704167
0.712500
0.708333
0.687500
0.691667
0.704167
0.700000
0.687500
0.695833
0.704167
0.695833
0.691667
0.691667
0.691667
0.700000
0.487500
0.766667
0.741667
0.762500
0.758333
0.691667
0.700000
0.700000
0.687500
0.691667
0.691667
0.554167
0.770833
0.745833
0.695833
0.700000
0.708333
0.691667
0.695833
0.520833
0.795833
0.779167
0.729167
0.700000
0.704167
0.708333
0.695833
0.691667
0.687500
0.554167
0.804167
0.750000
0.700000
0.691667
0.700000
0.704167
0.504167
0.779167
0.741667
0.775000
0.745833
0.716667
0.704167
0.700000
0.708333
0.704167
0.712500
0.716667
0.704167
0.712500
0.708333
0.716667
0.700000
0.687500
0.712500
0.708333
0.712500
0.700000
0.700000
0.700000
0.704167
0.716667
0.695833
0.708333
0.700000
0.708333
0.716667
0.691667
0.691667
0.708333
0.708333
0.708333
0.695833
0.700000
0.704167
0.712500
0.704167
0.691667
0.695833
0.583333
0.729167
0.612500
0.004167
1.354167
0.208333
0.779167
0.450000
0.629167
0.750000
0.704167
0.750000
0.741667
0.708333
0.533333
0.845833
3.887500
0.691667
0.750000
0.708333
1.416667
0.675000
1.354167
0.675000
0.512500
0.741667
0.745833
0.691667
0.670833
0.670833
0.683333
0.470833
0.720833
0.720833
0.737500
0.712500
0.679167
0.687500
0.679167
0.470833
0.733333
0.741667
0.737500
0.679167
0.675000
0.675000
0.687500
0.683333
0.679167
0.512500
0.745833
0.750000
0.720833
0.687500
0.687500
0.683333
0.691667
0.691667
0.683333
0.691667
0.475000
0.754167
0.745833
0.741667
0.712500
0.700000
0.687500
0.683333
0.683333
0.695833
0.691667
0.541667
0.758333
0.750000
0.700000
0.683333
0.683333
0.679167
0.695833
0.700000
0.683333
0.683333
0.691667
0.558333
0.758333
0.737500
0.695833
0.700000
0.675000
0.679167
0.687500
0.512500
0.783333
0.758333
0.712500
0.700000
0.700000
0.695833
0.512500
0.770833
0.745833
0.745833
0.708333
0.695833
0.695833
0.700000
0.708333
0.687500
0.529167
0.775000
0.729167
0.733333
0.691667
0.691667
0.687500
0.695833
0.691667
0.687500
0.470833
0.758333
0.729167
0.737500
0.637500
0.783333
0.687500
0.683333
0.683333
0.695833
0.550000
0.758333
0.737500
0.695833
0.691667
0.679167
0.679167
0.487500
0.775000
0.733333
0.754167
0.691667
0.704167
0.700000
0.687500
0.683333
0.683333
0.541667
0.795833
0.737500
0.695833
0.687500
0.691667
0.695833
0.683333
0.570833
0.770833
0.700000
0.716667
0.691667
0.675000
2.570833
0.758333
0.758333
0.758333
0.537500
0.175000
0.695833
1.379167
0.270833
0.429167
0.700000
0.683333
0.562500
0.775000
1.287500
0.162500
0.687500
0.695833
0.520833
0.891667
0.691667
4.375000
0.479167
0.470833
1.437500
0.945833
0.779167
0.295833
0.900000
0.691667
0.987500
0.400000
6.258333
1.166667
1.854167
3.175000
0.708333
0.700000
0.691667
0.704167
0.700000
0.687500
0.683333
1.920833
0.762500
0.750000
0.733333
0.712500
0.691667
1.370833
0.233333
0.466667
0.687500
0.700000
1.370833
0.320833
1.033333
0.704167
0.687500
0.687500
0.687500
0.508333
0.937500
0.566667
0.870833
1.220833
0.679167
0.691667
0.691667
0.687500
0.691667
0.695833
0.479167
0.725000
0.745833
0.737500
0.741667
0.704167
0.679167
0.679167
0.691667
0.687500
0.500000
0.745833
0.745833
0.745833
0.687500
0.691667
0.683333
0.695833
0.687500
0.679167
0.683333
0.545833
0.754167
0.716667
0.716667
0.691667
0.675000
0.675000
0.675000
0.687500
0.679167
0.495833
0.733333
1.445833
2.129167
0.691667
0.679167
0.670833
1.212500
0.162500
0.495833
0.741667
0.741667
0.737500
0.737500
0.687500
0.683333
0.687500
0.695833
0.700000
0.691667
0.687500
0.691667
0.691667
0.687500
0.675000
0.687500
0.691667
0.683333
0.683333
0.691667
0.700000
0.695833
0.683333
0.691667
0.691667
0.704167
0.695833
0.695833
0.695833
0.704167
0.691667
0.691667
0.683333
0.695833
0.691667
0.687500
0.691667
0.691667
0.700000
0.704167
0.687500
0.687500
0.704167
0.691667
0.683333
0.700000
0.691667
0.687500
0.687500
0.575000
0.783333
0.733333
0.704167
0.691667
0.704167
0.704167
0.704167
0.516667
0.766667
0.754167
0.750000
0.704167
0.629167
0.741667
0.704167
0.529167
0.762500
0.754167
0.741667
0.712500
0.695833
0.687500
0.687500
0.700000
0.691667
0.470833
0.733333
1.250000
1.241667
0.833333
0.741667
0.741667
0.729167
0.691667
0.737500
0.725000
0.712500
0.687500
0.683333
0.700000
0.683333
0.670833
0.683333
0.691667
0.683333
0.566667
0.733333
0.712500
0.687500
0.675000
0.679167
0.679167
0.504167
0.762500
0.729167
0.729167
0.704167
0.691667
0.683333
0.675000
0.558333
0.770833
0.716667
0.683333
0.683333
0.679167
0.470833
0.725000
0.720833
0.729167
0.729167
0.687500
0.675000
0.675000
0.687500
0.466667
0.362500
0.350000
1.237500
0.212500
0.291667
0.416667
2.016667
0.520833
0.733333
0.733333
0.345833
0.320833
0.666667
0.670833
0.670833
0.462500
0.700000
0.712500
0.729167
0.716667
0.679167
0.666667
0.675000
0.670833
0.666667
0.462500
2.891667
0.554167
0.766667
0.716667
0.683333
0.675000
0.679167
0.687500
0.516667
0.737500
0.762500
0.700000
0.695833
0.683333
0.675000
0.675000
0.470833
0.741667
0.750000
0.737500
0.720833
0.700000
0.691667
0.687500
0.683333
0.691667
0.683333
0.675000
0.487500
0.758333
0.733333
0.733333
0.695833
0.683333
0.683333
0.675000
0.666667
0.550000
0.770833
0.720833
0.679167
0.675000
0.679167
0.533333
0.754167
0.733333
0.716667
0.691667
0.679167
0.675000
0.595833
0.766667
0.675000
0.675000
0.666667
0.675000
0.541667
0.750000
0.725000
0.691667
0.683333
0.675000
0.675000
0.675000
0.466667
0.725000
0.741667
0.720833
0.729167
0.691667
0.683333
0.670833
0.666667
0.679167
0.683333
0.670833
0.662500
0.454167
0.712500
0.741667
0.725000
0.666667
0.720833
0.675000
0.691667
0.670833
0.462500
0.720833
0.741667
0.725000
0.720833
0.675000
0.679167
0.679167
0.666667
0.675000
0.675000
0.512500
0.758333
0.750000
0.712500
0.683333
0.691667
0.695833
0.679167
0.675000
0.687500
0.691667
0.679167
0.679167
0.679167
0.691667
0.695833
0.683333
0.687500
0.679167
0.695833
0.687500
0.683333
0.679167
0.687500
0.700000
0.687500
0.675000
0.683333
0.687500
0.687500
0.675000
0.675000
0.687500
0.695833
0.679167
0.675000
0.675000
0.700000
0.695833
0.683333
0.670833
0.670833
0.695833
0.687500
0.683333
0.679167
0.512500
0.762500
0.745833
0.708333
0.695833
0.695833
0.691667
0.675000
0.683333
0.679167
0.470833
0.725000
0.737500
0.725000
0.729167
0.695833
0.670833
0.679167
0.679167
0.683333
0.675000
0.670833
0.670833
0.679167
0.591667
0.750000
0.683333
0.675000
0.683333
0.666667
0.462500
0.716667
0.716667
0.720833
0.716667
0.708333
0.675000
0.691667
0.670833
0.666667
0.466667
0.725000
0.745833
0.716667
0.695833
0.679167
0.683333
0.662500
0.666667
0.666667
0.537500
0.741667
0.720833
0.679167
0.670833
0.670833
0.654167
0.470833
0.720833
0.737500
0.712500
0.662500
0.666667
0.675000
0.670833
0.495833
0.737500
0.716667
0.704167
0.658333
0.666667
0.675000
0.512500
0.741667
0.720833
0.725000
0.687500
0.670833
0.658333
0.454167
0.737500
0.737500
0.725000
0.708333
0.679167
0.683333
0.670833
0.670833
0.670833
0.462500
0.741667
0.725000
0.733333
0.729167
0.695833
0.691667
0.679167
0.679167
0.683333
0.687500
0.687500
0.679167
0.679167
0.558333
0.758333
0.733333
0.704167
0.691667
0.687500
0.670833
0.683333
0.683333
0.691667
0.675000
0.558333
0.762500
0.716667
0.700000
0.683333
0.675000
0.683333
0.691667
0.512500
0.754167
0.745833
0.720833
0.695833
0.687500
0.679167
0.687500
0.700000
0.554167
0.754167
0.716667
0.704167
0.691667
0.675000
0.683333
0.687500
0.550000
0.758333
0.695833
0.725000
0.687500
