0.887500
0.887500
0.883333
1.787500
0.891667
0.916667
0.891667
0.891667
0.887500
0.908333
1.816667
0.908333
0.966667
0.841667
0.891667
0.900000
0.883333
0.887500
0.820833
0.700000
0.708333
0.704167
0.695833
0.683333
0.687500
0.700000
0.704167
0.708333
0.704167
0.725000
0.716667
0.716667
0.716667
0.716667
0.745833
0.725000
0.733333
0.725000
0.729167
0.745833
0.733333
0.750000
0.737500
0.745833
0.741667
0.733333
0.741667
0.741667
0.754167
0.750000
0.741667
0.750000
0.737500
0.754167
0.750000
0.758333
0.758333
0.766667
0.775000
0.666667
0.850000
1.516667
0.787500
0.733333
0.770833
0.750000
0.758333
0.750000
0.745833
0.741667
0.766667
0.762500
0.775000
0.750000
0.783333
0.770833
0.766667
0.766667
0.779167
0.800000
0.762500
0.783333
0.820833
0.766667
0.770833
0.754167
0.737500
0.725000
0.725000
0.737500
0.716667
0.716667
0.708333
0.691667
0.695833
0.570833
0.837500
0.725000
0.720833
0.762500
0.729167
0.758333
0.733333
0.775000
0.766667
0.787500
0.754167
0.791667
0.800000
0.841667
0.787500
0.604167
1.108333
0.920833
0.929167
0.933333
0.937500
0.954167
1.000000
1.087500
1.029167
1.050000
0.962500
1.933333
0.941667
0.920833
0.900000
0.900000
0.879167
0.804167
0.737500
0.520833
1.025000
0.920833
0.950000
0.954167
0.950000
1.929167
0.945833
0.933333
0.916667
1.541667
1.158333
0.954167
0.975000
0.958333
1.875000
0.904167
0.887500
0.895833
1.762500
0.870833
0.883333
0.916667
0.904167
0.904167
0.858333
0.812500
0.816667
0.891667
0.941667
0.925000
0.920833
0.875000
0.850000
0.887500
0.920833
0.879167
0.850000
0.866667
1.358333
0.504167
1.516667
0.658333
0.708333
0.720833
0.733333
0.737500
0.766667
0.737500
0.737500
0.737500
0.737500
0.745833
1.458333
0.741667
0.729167
0.741667
0.741667
0.737500
0.750000
0.745833
0.745833
0.766667
0.750000
0.766667
0.616667
0.854167
0.779167
0.716667
0.737500
0.745833
0.733333
0.741667
0.741667
0.733333
0.737500
0.754167
0.758333
0.758333
1.504167
0.791667
0.725000
0.741667
1.462500
0.762500
0.737500
0.754167
0.745833
0.745833
0.745833
0.733333
0.729167
0.720833
0.725000
0.720833
0.725000
0.733333
0.733333
0.745833
1.450000
0.750000
0.720833
0.729167
0.712500
0.720833
0.758333
0.737500
0.733333
0.745833
0.779167
0.750000
0.745833
0.741667
0.737500
0.741667
0.750000
0.725000
0.737500
0.741667
0.745833
0.725000
0.741667
0.741667
1.441667
0.720833
0.720833
0.704167
0.700000
1.362500
1.237500
0.820833
1.329167
1.470833
2.025000
0.375000
1.470833
0.679167
0.441667
0.395833
0.570833
0.654167
0.687500
0.687500
0.683333
0.687500
0.691667
0.700000
0.700000
0.712500
0.704167
0.704167
0.754167
0.716667
0.712500
0.712500
1.291667
0.850000
0.725000
0.695833
0.712500
0.712500
0.720833
0.712500
0.725000
0.720833
0.716667
0.708333
0.720833
0.716667
0.725000
0.658333
0.916667
0.908333
0.995833
0.975000
0.954167
0.937500
1.004167
0.854167
0.908333
0.895833
0.887500
0.866667
0.858333
0.866667
0.866667
0.862500
0.862500
0.850000
0.854167
0.837500
0.837500
0.829167
0.854167
0.845833
0.787500
0.733333
0.741667
0.725000
0.533333
1.970833
0.820833
0.758333
0.708333
0.679167
0.687500
0.687500
0.679167
0.670833
0.679167
0.683333
0.695833
1.379167
0.720833
0.708333
0.712500
0.712500
0.725000
0.733333
0.737500
0.729167
0.737500
0.737500
0.745833
0.741667
0.725000
1.479167
0.762500
0.737500
0.729167
0.733333
0.741667
0.745833
0.741667
0.745833
0.737500
0.733333
0.762500
0.737500
0.754167
0.745833
0.737500
0.758333
0.762500
0.754167
0.750000
0.754167
0.754167
0.741667
0.779167
0.745833
0.795833
0.750000
0.779167
0.750000
0.754167
0.758333
0.762500
0.766667
0.754167
0.758333
0.566667
2.087500
0.975000
0.991667
1.025000
1.041667
0.995833
0.529167
1.112500
0.987500
0.941667
1.887500
0.966667
0.950000
0.937500
0.929167
0.916667
0.862500
0.858333
0.858333
0.812500
0.650000
0.970833
0.620833
0.691667
0.679167
0.691667
0.691667
0.700000
0.716667
0.700000
0.700000
0.712500
0.725000
0.720833
0.720833
0.712500
0.729167
0.720833
0.754167
0.745833
0.762500
0.741667
0.741667
0.712500
0.516667
1.045833
0.908333
0.887500
0.895833
0.916667
0.925000
0.954167
0.962500
0.962500
0.920833
0.854167
0.825000
0.795833
0.795833
0.825000
0.837500
0.783333
0.762500
0.750000
0.750000
0.745833
0.716667
0.729167
0.720833
0.725000
0.720833
0.725000
0.725000
0.625000
0.795833
0.704167
0.683333
0.662500
0.679167
0.700000
0.716667
0.520833
1.037500
0.887500
0.891667
0.912500
0.575000
1.108333
0.966667
0.975000
1.887500
0.658333
1.104167
1.029167
1.950000
1.887500
0.833333
0.775000
0.766667
0.758333
0.737500
0.737500
0.733333
0.729167
0.720833
1.237500
1.000000
1.450000
0.787500
0.737500
0.762500
0.741667
0.841667
0.729167
0.475000
0.316667
0.741667
0.758333
0.750000
0.766667
0.758333
0.770833
0.770833
0.641667
1.091667
0.979167
0.920833
0.958333
0.933333
1.900000
0.945833
0.895833
0.879167
1.754167
0.725000
0.712500
0.725000
0.741667
0.729167
0.733333
0.737500
0.737500
0.737500
0.741667
0.745833
0.758333
0.783333
0.766667
0.791667
0.766667
0.775000
0.770833
0.783333
0.762500
0.779167
0.762500
0.762500
0.770833
0.775000
0.770833
0.770833
0.779167
0.766667
0.791667
0.537500
1.083333
0.933333
0.945833
0.954167
0.987500
1.012500
1.029167
1.045833
1.041667
0.945833
1.887500
1.829167
0.862500
0.829167
0.841667
0.837500
0.808333
0.775000
0.783333
0.766667
0.729167
0.720833
0.729167
0.733333
0.737500
0.737500
0.737500
0.741667
0.712500
0.700000
0.700000
0.691667
0.683333
0.695833
0.704167
0.712500
0.720833
0.737500
0.720833
0.708333
0.704167
0.733333
0.720833
0.716667
0.720833
0.725000
0.708333
0.720833
0.733333
0.729167
0.725000
0.716667
0.712500
0.712500
0.716667
0.704167
0.704167
0.704167
0.712500
0.720833
1.420833
0.733333
0.708333
0.725000
0.720833
0.725000
0.479167
1.004167
0.758333
0.733333
0.762500
0.841667
0.758333
1.537500
0.791667
0.741667
0.770833
0.829167
0.766667
0.775000
0.745833
0.729167
0.720833
0.720833
0.733333
0.729167
0.729167
0.633333
1.075000
0.925000
0.970833
0.937500
0.945833
1.045833
0.912500
0.979167
0.983333
1.008333
1.054167
2.033333
0.950000
0.562500
1.012500
0.941667
0.966667
0.933333
0.962500
1.929167
1.025000
0.933333
0.900000
0.887500
0.870833
0.854167
0.862500
0.875000
0.879167
1.329167
0.487500
0.750000
0.795833
0.770833
0.725000
0.725000
0.733333
0.729167
0.720833
0.716667
0.700000
0.716667
0.720833
1.175000
1.166667
1.341667
0.658333
0.700000
0.716667
0.733333
0.745833
0.750000
0.741667
0.800000
0.741667
0.775000
0.745833
0.766667
0.741667
0.750000
0.750000
0.745833
0.741667
0.754167
0.758333
0.758333
0.754167
0.562500
1.387500
0.687500
0.900000
0.945833
1.016667
0.816667
0.800000
0.770833
0.745833
1.466667
0.737500
0.725000
0.712500
0.725000
0.729167
0.737500
0.741667
0.741667
0.729167
0.733333
0.754167
0.758333
0.750000
0.750000
0.754167
0.758333
0.750000
0.754167
0.745833
0.750000
0.725000
0.733333
0.733333
0.725000
