1.125000
0.991667
0.854167
0.958333
1.070833
0.670833
1.391667
0.645833
0.770833
1.058333
1.037500
1.137500
0.912500
0.700000
1.000000
1.166667
1.033333
0.625000
1.100000
0.816667
0.950000
1.095833
0.658333
0.808333
0.804167
1.229167
1.112500
0.866667
1.016667
0.783333
0.775000
0.908333
0.704167
1.383333
1.616667
1.354167
0.708333
0.954167
1.075000
0.750000
0.854167
0.629167
1.291667
0.720833
0.587500
1.070833
0.879167
0.716667
1.275000
0.625000
1.162500
0.612500
1.483333
0.775000
0.616667
1.183333
0.604167
0.950000
0.816667
0.808333
0.637500
0.787500
0.862500
0.904167
0.758333
0.870833
0.870833
0.795833
0.704167
0.950000
0.679167
1.033333
0.820833
0.833333
1.116667
1.216667
0.716667
1.454167
0.612500
0.741667
0.929167
0.704167
0.725000
0.791667
1.000000
1.008333
1.245833
1.075000
1.025000
0.658333
0.770833
1.045833
0.795833
0.870833
0.629167
0.812500
0.966667
0.712500
1.066667
1.479167
0.720833
0.879167
0.733333
1.379167
0.879167
0.925000
0.925000
0.970833
1.037500
0.654167
1.270833
1.150000
1.270833
0.995833
0.687500
0.925000
0.666667
0.829167
0.712500
0.783333
1.066667
1.020833
0.650000
0.816667
0.854167
0.766667
0.704167
0.808333
1.079167
0.995833
0.800000
1.058333
1.225000
0.841667
0.645833
0.841667
0.750000
0.816667
1.516667
1.104167
0.887500
1.033333
0.754167
1.500000
0.858333
1.045833
1.345833
1.466667
0.670833
0.716667
0.804167
1.050000
0.712500
0.650000
1.216667
1.350000
1.054167
0.712500
0.670833
0.600000
0.875000
1.254167
0.654167
1.100000
0.670833
1.079167
1.050000
0.670833
0.700000
0.904167
0.754167
1.208333
0.891667
0.812500
1.141667
0.725000
1.104167
1.320833
0.845833
0.679167
0.866667
1.079167
0.912500
0.754167
1.033333
0.950000
0.962500
0.666667
0.920833
1.066667
1.300000
0.804167
1.062500
1.183333
1.591667
0.895833
1.625000
0.929167
1.304167
0.829167
0.829167
1.083333
0.895833
0.775000
0.825000
1.212500
0.712500
1.058333
1.041667
0.650000
0.825000
1.858333
1.062500
0.850000
1.091667
1.141667
0.854167
1.116667
1.645833
0.920833
1.391667
0.995833
0.675000
0.775000
0.754167
0.670833
0.645833
0.800000
0.870833
0.629167
0.941667
0.987500
0.770833
0.804167
0.845833
0.937500
0.883333
1.158333
1.020833
1.487500
0.954167
1.091667
1.108333
1.275000
1.054167
1.670833
0.962500
1.408333
1.204167
0.958333
0.866667
0.633333
0.737500
1.083333
0.616667
0.775000
0.691667
0.950000
0.908333
0.991667
1.125000
0.833333
0.854167
1.683333
1.029167
1.120833
1.066667
0.654167
0.700000
1.254167
1.291667
1.258333
0.891667
1.404167
1.058333
0.812500
1.100000
0.666667
0.616667
0.733333
0.654167
0.750000
0.745833
1.012500
0.887500
0.812500
0.925000
0.750000
0.754167
1.041667
0.758333
0.745833
0.879167
0.733333
0.758333
0.600000
0.837500
0.912500
1.245833
0.658333
0.758333
0.962500
0.683333
0.595833
1.229167
1.554167
0.816667
0.950000
0.829167
1.087500
0.704167
0.945833
0.729167
1.050000
0.933333
1.504167
0.825000
0.725000
1.191667
1.012500
0.595833
0.687500
0.679167
1.120833
0.812500
1.183333
0.875000
0.929167
0.870833
1.016667
1.012500
1.133333
1.129167
0.816667
1.020833
0.575000
0.837500
0.641667
0.829167
1.337500
0.625000
0.841667
1.141667
0.654167
0.587500
0.933333
1.341667
0.908333
0.620833
0.616667
1.512500
0.887500
0.670833
0.750000
0.737500
1.045833
0.620833
0.920833
0.916667
0.745833
0.858333
1.125000
0.995833
0.900000
1.279167
0.629167
0.841667
0.966667
1.087500
1.108333
0.908333
0.975000
1.362500
0.937500
0.975000
1.020833
1.358333
1.108333
1.120833
1.416667
0.804167
0.620833
0.858333
0.795833
1.004167
1.145833
1.170833
1.291667
1.104167
0.858333
0.987500
0.729167
0.645833
0.716667
0.766667
0.658333
0.779167
1.050000
0.787500
1.150000
0.979167
0.879167
0.816667
1.370833
1.112500
0.916667
1.379167
0.783333
0.704167
1.116667
1.491667
0.687500
1.083333
1.100000
1.000000
1.245833
0.866667
0.658333
0.779167
0.995833
0.816667
0.850000
0.887500
0.958333
1.370833
0.891667
0.683333
0.979167
0.900000
0.604167
1.250000
1.316667
0.816667
1.391667
1.345833
1.125000
0.829167
0.875000
0.841667
1.395833
0.941667
1.079167
1.225000
0.650000
0.700000
1.366667
1.075000
0.879167
0.825000
0.620833
0.933333
0.854167
0.900000
1.075000
0.875000
1.141667
0.616667
0.687500
1.558333
1.391667
0.808333
0.666667
0.795833
0.604167
1.075000
1.175000
0.604167
0.916667
0.645833
0.716667
0.700000
0.816667
0.720833
0.679167
0.850000
0.625000
0.950000
0.845833
1.412500
0.758333
1.191667
1.758333
1.016667
1.083333
0.825000
1.083333
0.716667
0.887500
1.541667
0.675000
0.950000
0.741667
0.837500
0.766667
0.829167
1.591667
0.829167
0.800000
0.712500
0.879167
0.750000
1.050000
0.704167
1.362500
0.583333
0.908333
0.858333
1.500000
0.929167
0.958333
0.620833
0.683333
0.795833
0.829167
0.808333
0.745833
1.333333
1.308333
0.612500
1.462500
0.858333
0.937500
1.066667
0.845833
1.583333
1.454167
0.750000
0.745833
0.820833
0.616667
0.812500
1.312500
0.679167
1.308333
0.887500
1.133333
1.300000
1.112500
1.037500
0.720833
0.879167
0.908333
1.062500
1.029167
0.837500
1.133333
1.033333
0.820833
0.925000
1.608333
0.804167
1.012500
0.783333
0.825000
0.962500
0.662500
0.695833
1.100000
0.895833
1.820833
0.775000
0.750000
0.937500
0.745833
1.495833
0.970833
1.062500
0.941667
0.758333
0.670833
1.258333
1.787500
0.987500
1.066667
1.329167
1.166667
0.833333
0.766667
0.970833
1.295833
0.791667
0.987500
1.391667
0.791667
1.279167
0.804167
1.029167
0.825000
1.175000
0.870833
0.933333
1.066667
0.804167
0.704167
1.075000
0.750000
1.179167
1.154167
0.779167
1.333333
0.587500
1.437500
0.962500
0.770833
1.533333
1.120833
0.958333
0.870833
0.675000
0.891667
0.929167
0.866667
1.270833
0.679167
0.612500
0.995833
0.658333
1.041667
0.845833
0.791667
0.862500
0.758333
0.808333
0.579167
1.079167
0.704167
0.725000
1.162500
0.579167
0.983333
0.733333
0.675000
0.695833
1.162500
0.583333
0.879167
0.712500
0.650000
0.583333
0.862500
0.641667
1.025000
0.791667
0.637500
1.412500
0.795833
0.891667
0.775000
1.029167
0.791667
0.887500
1.145833
0.958333
1.100000
0.783333
1.000000
1.241667
0.916667
1.150000
0.866667
0.687500
