0.625000
0.629167
0.629167
0.625000
0.633333
0.629167
0.629167
0.629167
0.625000
0.629167
0.620833
0.625000
0.620833
0.625000
0.625000
0.625000
0.629167
0.629167
0.629167
0.633333
0.625000
0.633333
0.625000
0.629167
0.633333
0.629167
0.633333
0.633333
0.629167
0.625000
0.629167
0.625000
0.633333
0.625000
0.629167
0.625000
0.629167
0.629167
0.633333
0.629167
0.629167
0.629167
0.629167
0.616667
0.637500
0.625000
0.625000
0.620833
0.620833
0.620833
0.625000
0.591667
0.654167
0.620833
0.625000
0.625000
0.625000
0.625000
0.629167
0.625000
0.625000
0.625000
0.629167
0.625000
0.629167
0.625000
0.629167
0.629167
0.625000
0.629167
0.625000
0.625000
0.625000
0.625000
0.620833
0.620833
0.620833
0.616667
0.616667
0.620833
0.616667
0.620833
0.625000
0.620833
0.620833
0.625000
0.625000
0.625000
0.620833
0.625000
0.625000
0.625000
0.625000
0.625000
0.625000
0.625000
0.620833
0.616667
0.620833
0.616667
0.616667
0.612500
0.616667
0.612500
0.616667
0.620833
0.620833
0.625000
0.625000
0.625000
0.625000
0.633333
0.629167
0.629167
0.625000
0.629167
0.625000
0.633333
0.625000
0.629167
0.625000
0.625000
0.625000
0.629167
0.625000
0.625000
0.625000
0.616667
0.620833
0.620833
0.616667
0.620833
0.612500
0.616667
0.620833
0.616667
0.620833
0.620833
0.620833
0.620833
0.620833
0.625000
0.620833
0.625000
0.625000
0.629167
0.629167
0.633333
0.633333
0.633333
0.633333
0.633333
0.637500
0.629167
0.629167
0.637500
0.629167
0.633333
0.629167
0.629167
0.629167
0.629167
0.629167
0.625000
0.629167
0.625000
0.629167
0.625000
0.629167
0.620833
0.625000
0.629167
0.629167
0.625000
0.625000
0.620833
0.620833
0.625000
0.625000
0.620833
0.620833
0.620833
0.616667
0.616667
0.616667
0.616667
0.616667
0.612500
0.620833
0.616667
0.616667
0.616667
0.620833
0.612500
0.616667
0.620833
0.612500
0.616667
0.616667
0.612500
0.612500
0.612500
0.612500
0.616667
0.612500
0.608333
0.608333
0.612500
0.612500
0.608333
0.608333
0.608333
0.608333
0.612500
0.604167
0.604167
0.604167
0.604167
0.604167
0.608333
0.604167
0.608333
0.608333
0.608333
0.608333
0.612500
0.608333
0.612500
0.612500
0.604167
0.616667
0.612500
0.608333
0.612500
0.612500
0.612500
0.612500
0.612500
0.616667
0.612500
0.620833
0.625000
0.616667
0.620833
0.625000
0.620833
0.620833
0.620833
0.616667
0.616667
0.616667
0.612500
0.616667
0.612500
0.608333
0.612500
0.612500
0.612500
0.608333
0.612500
0.616667
0.616667
0.616667
0.616667
0.620833
0.616667
0.620833
0.616667
0.616667
0.612500
0.612500
0.612500
0.612500
0.608333
0.612500
0.608333
0.608333
0.608333
0.604167
0.608333
0.604167
0.608333
0.608333
0.608333
0.608333
0.604167
0.604167
0.612500
0.604167
0.608333
0.612500
0.608333
0.608333
0.612500
0.616667
0.612500
0.616667
0.616667
0.616667
0.616667
0.616667
0.616667
0.612500
0.616667
0.612500
0.620833
0.616667
0.616667
0.616667
0.616667
0.616667
0.616667
0.616667
0.612500
0.616667
0.612500
0.612500
0.616667
0.612500
0.612500
0.616667
0.612500
0.612500
0.612500
0.612500
0.612500
0.608333
0.608333
0.612500
0.608333
0.608333
0.608333
0.612500
0.608333
0.608333
0.475000
0.720833
0.616667
0.612500
0.608333
0.612500
0.608333
0.612500
0.612500
0.612500
0.612500
0.616667
0.612500
0.612500
0.616667
0.612500
0.616667
0.612500
0.616667
0.616667
0.616667
0.620833
0.620833
0.620833
0.620833
0.616667
0.620833
0.625000
0.616667
0.620833
0.620833
0.620833
0.620833
0.620833
0.620833
0.620833
0.625000
0.620833
0.625000
0.620833
0.625000
0.620833
0.616667
0.625000
0.625000
0.620833
1.237500
0.620833
0.620833
0.616667
0.616667
0.620833
0.620833
0.616667
0.616667
0.616667
0.616667
0.616667
0.487500
0.712500
0.620833
0.620833
0.616667
0.620833
0.620833
0.625000
0.620833
0.620833
0.625000
0.629167
0.629167
0.629167
0.629167
0.625000
0.633333
0.629167
0.629167
0.629167
0.629167
0.629167
0.633333
0.633333
0.629167
0.629167
0.633333
0.629167
0.625000
0.633333
0.629167
0.629167
0.625000
0.633333
0.629167
0.625000
0.625000
0.625000
0.620833
0.487500
0.754167
0.616667
0.620833
0.616667
0.616667
0.616667
0.620833
0.616667
0.620833
0.620833
0.625000
0.625000
0.620833
0.625000
0.625000
0.620833
0.508333
0.737500
0.625000
0.625000
0.620833
0.620833
0.620833
0.620833
0.620833
0.620833
0.620833
0.612500
0.620833
0.616667
0.616667
0.616667
0.616667
0.620833
0.620833
0.620833
0.625000
0.625000
0.625000
0.620833
0.620833
0.625000
0.620833
0.620833
0.625000
0.616667
0.620833
0.616667
0.620833
0.620833
0.620833
0.629167
0.620833
0.629167
0.637500
0.637500
0.633333
0.637500
0.637500
0.629167
0.637500
0.487500
0.737500
0.629167
0.625000
0.625000
0.620833
0.625000
0.616667
0.620833
0.616667
0.620833
0.620833
0.616667
0.625000
0.620833
0.620833
0.625000
0.625000
0.629167
0.620833
0.625000
0.625000
0.629167
0.625000
0.625000
0.629167
0.620833
0.629167
0.625000
0.629167
0.625000
0.625000
0.625000
0.625000
0.625000
0.625000
0.625000
0.625000
0.625000
0.620833
0.625000
0.629167
0.625000
0.625000
0.625000
0.633333
0.629167
0.633333
0.633333
0.629167
0.629167
0.629167
0.629167
0.629167
0.625000
0.620833
0.625000
0.625000
0.625000
0.620833
0.616667
0.620833
0.616667
0.620833
0.612500
0.616667
0.616667
0.612500
0.612500
0.616667
0.620833
0.612500
0.616667
0.612500
0.612500
0.616667
0.612500
0.612500
0.612500
0.612500
0.612500
0.612500
0.616667
0.612500
0.616667
0.620833
0.616667
0.616667
0.620833
0.616667
0.620833
0.616667
0.470833
0.762500
0.620833
0.620833
0.450000
0.758333
0.625000
0.620833
0.620833
0.620833
0.620833
0.620833
0.625000
0.620833
0.620833
0.625000
0.620833
0.625000
0.550000
0.675000
0.625000
0.625000
0.625000
0.620833
0.620833
0.625000
0.625000
0.625000
0.620833
0.625000
0.620833
0.625000
0.629167
0.629167
0.625000
0.629167
0.629167
0.629167
0.629167
0.633333
0.629167
0.625000
0.629167
0.629167
0.625000
0.625000
0.620833
0.625000
0.620833
0.625000
0.625000
0.620833
0.616667
0.616667
0.616667
0.612500
0.616667
0.612500
0.612500
0.616667
0.616667
0.612500
0.616667
0.612500
0.616667
0.612500
0.616667
0.612500
0.412500
0.762500
0.637500
0.625000
0.620833
0.616667
0.620833
0.620833
0.591667
0.658333
0.620833
0.620833
0.625000
0.629167
0.620833
0.625000
0.620833
0.620833
0.483333
0.758333
0.620833
0.620833
0.620833
0.625000
0.620833
0.620833
0.616667
0.620833
0.620833
0.616667
0.620833
0.591667
0.650000
0.620833
0.629167
0.625000
0.629167
0.625000
0.620833
0.625000
0.620833
0.620833
0.620833
0.620833
0.616667
0.620833
0.620833
0.625000
0.625000
0.620833
0.620833
0.620833
0.620833
0.620833
0.625000
0.625000
0.620833
0.625000
0.625000
0.620833
0.620833
0.620833
0.454167
0.758333
0.633333
0.625000
0.629167
0.629167
0.629167
0.625000
0.629167
0.629167
0.620833
0.625000
0.620833
0.616667
0.483333
0.750000
0.612500
0.616667
0.612500
0.612500
0.612500
0.616667
0.612500
0.616667
0.616667
0.620833
0.616667
0.616667
0.625000
0.616667
0.620833
0.625000
0.625000
0.620833
0.629167
0.629167
0.625000
0.629167
0.620833
0.625000
0.629167
0.625000
0.620833
0.620833
0.620833
0.616667
0.620833
0.620833
0.620833
0.616667
0.620833
0.620833
0.620833
0.625000
0.625000
0.616667
0.625000
0.616667
0.620833
0.620833
0.620833
0.625000
0.620833
0.616667
0.620833
0.620833
0.625000
0.616667
0.620833
0.625000
0.616667
0.620833
0.620833
0.616667
0.620833
0.616667
0.620833
0.616667
0.620833
0.620833
0.616667
0.620833
0.620833
0.616667
0.616667
0.625000
0.616667
0.620833
0.620833
0.616667
0.616667
0.620833
0.616667
0.616667
0.612500
0.616667
0.616667
0.616667
0.620833
0.616667
0.620833
0.612500
0.616667
0.616667
0.616667
0.612500
0.616667
0.612500
0.616667
0.616667
0.612500
0.620833
0.616667
0.616667
0.616667
0.620833
0.620833
0.620833
0.625000
0.625000
0.620833
0.625000
0.629167
0.620833
0.625000
0.620833
0.616667
0.620833
0.625000
0.625000
0.620833
0.629167
0.620833
0.620833
0.629167
0.625000
0.625000
0.629167
0.625000
0.629167
0.629167
0.629167
0.625000
0.529167
0.700000
0.625000
0.620833
0.620833
0.625000
0.625000
0.629167
1.245833
0.625000
0.625000
0.625000
0.625000
0.620833
0.620833
0.616667
0.620833
0.616667
0.616667
0.620833
0.620833
0.620833
0.625000
0.625000
0.625000
0.625000
0.620833
0.620833
0.625000
0.625000
0.625000
0.620833
0.625000
0.625000
0.629167
0.625000
0.629167
0.629167
0.625000
0.629167
0.629167
0.629167
0.625000
0.625000
0.625000
0.620833
0.625000
0.625000
0.620833
0.620833
0.625000
0.620833
0.625000
0.625000
0.620833
0.629167
0.620833
0.620833
0.620833
0.620833
0.616667
0.620833
0.616667
0.616667
0.616667
0.620833
0.616667
0.616667
0.616667
0.612500
0.620833
0.616667
0.616667
0.616667
0.612500
0.616667
0.616667
0.620833
0.620833
0.625000
0.625000
0.620833
0.620833
0.625000
0.620833
0.625000
0.620833
0.625000
0.616667
0.620833
0.620833
0.620833
0.616667
0.620833
0.625000
0.620833
0.629167
0.629167
0.633333
0.633333
0.629167
0.629167
0.633333
0.629167
0.633333
0.633333
0.629167
0.570833
0.687500
0.625000
0.625000
0.625000
0.625000
0.625000
0.487500
0.766667
0.625000
0.620833
0.625000
0.616667
0.620833
0.625000
0.620833
0.620833
0.616667
0.620833
0.479167
0.725000
0.629167
0.625000
0.616667
0.625000
0.620833
0.620833
0.616667
0.616667
0.616667
0.616667
0.620833
0.620833
0.541667
0.691667
0.629167
0.620833
