0.983333
0.995833
0.987500
0.975000
0.983333
0.995833
0.995833
0.979167
0.979167
0.987500
1.000000
0.983333
0.983333
0.983333
0.991667
1.000000
0.979167
0.983333
0.991667
0.991667
0.979167
0.979167
0.983333
1.000000
0.987500
0.979167
0.983333
0.995833
0.995833
0.979167
0.987500
0.987500
1.000000
0.991667
0.983333
0.987500
1.008333
0.987500
0.979167
0.983333
0.995833
0.979167
0.970833
0.629167
1.379167
0.983333
0.966667
0.970833
0.975000
0.991667
0.966667
0.975000
0.979167
0.987500
0.983333
0.970833
0.975000
0.991667
0.991667
0.979167
0.975000
0.983333
1.000000
0.995833
0.987500
0.983333
1.008333
0.979167
0.983333
0.979167
0.991667
1.000000
0.975000
0.979167
0.975000
0.987500
0.987500
0.975000
0.983333
0.679167
1.350000
0.975000
0.970833
0.991667
0.970833
0.975000
0.975000
1.004167
0.975000
0.975000
0.991667
1.000000
0.975000
0.979167
0.979167
0.991667
0.995833
0.975000
0.979167
0.987500
0.995833
0.983333
0.983333
0.983333
0.995833
1.000000
0.979167
0.654167
1.362500
0.995833
0.970833
0.975000
0.975000
0.983333
1.000000
0.983333
0.983333
0.979167
2.041667
0.983333
0.970833
0.983333
0.995833
0.975000
0.983333
0.987500
1.004167
0.983333
0.983333
0.987500
0.987500
1.004167
0.975000
0.983333
0.983333
1.000000
0.979167
0.983333
0.987500
0.991667
0.991667
0.983333
0.987500
0.991667
1.004167
0.987500
0.987500
0.991667
1.004167
0.991667
0.983333
0.987500
1.000000
0.995833
0.987500
0.987500
0.687500
1.350000
0.979167
0.975000
0.975000
0.983333
0.991667
0.975000
0.979167
0.983333
0.995833
0.979167
0.983333
0.987500
1.008333
0.533333
1.454167
0.979167
0.641667
1.375000
0.975000
0.975000
0.987500
0.987500
0.975000
0.979167
1.000000
0.970833
0.975000
0.983333
0.995833
0.987500
0.979167
0.987500
0.987500
1.008333
0.983333
0.987500
0.983333
1.008333
0.979167
0.975000
0.983333
1.000000
0.983333
0.979167
0.983333
0.983333
1.954167
0.995833
0.991667
1.004167
0.983333
0.987500
0.983333
1.004167
0.987500
0.987500
0.987500
0.995833
0.991667
0.979167
0.987500
1.004167
0.983333
0.983333
0.979167
0.995833
0.975000
0.975000
0.979167
1.000000
0.975000
0.975000
0.979167
0.983333
1.000000
0.975000
0.983333
0.983333
0.995833
0.983333
0.975000
0.979167
0.987500
0.983333
0.975000
0.975000
0.991667
0.975000
0.975000
0.979167
0.987500
1.000000
0.979167
0.983333
0.987500
1.004167
0.983333
0.987500
0.987500
0.991667
1.004167
0.979167
0.975000
0.975000
0.987500
0.733333
1.287500
0.979167
0.975000
1.000000
0.983333
0.683333
1.333333
0.987500
0.983333
0.970833
0.975000
0.983333
0.983333
0.975000
0.979167
0.987500
1.000000
0.983333
0.633333
1.383333
0.995833
0.979167
0.979167
0.987500
1.000000
0.979167
0.983333
0.979167
0.995833
0.983333
0.979167
0.983333
0.983333
1.004167
0.979167
0.979167
0.979167
0.995833
0.975000
0.975000
0.979167
0.995833
0.975000
0.975000
0.983333
0.995833
0.979167
0.979167
0.979167
0.991667
0.979167
0.979167
0.983333
1.004167
0.983333
0.983333
0.983333
1.000000
0.995833
0.987500
0.987500
0.995833
0.991667
0.987500
0.983333
1.000000
1.000000
0.979167
0.975000
0.979167
1.000000
0.975000
0.970833
0.975000
0.991667
0.970833
0.975000
0.975000
0.987500
0.983333
0.970833
0.975000
1.004167
0.975000
0.975000
0.975000
0.983333
0.983333
0.966667
0.975000
0.983333
0.987500
0.975000
0.987500
0.983333
1.004167
0.975000
0.979167
0.975000
0.995833
0.970833
0.970833
0.979167
0.983333
0.966667
0.979167
0.987500
0.987500
0.975000
0.979167
0.991667
0.987500
0.983333
0.979167
0.995833
1.004167
0.983333
0.979167
0.987500
1.000000
0.979167
0.979167
0.983333
0.983333
1.008333
0.983333
0.991667
1.000000
1.016667
0.991667
0.995833
1.004167
1.004167
0.983333
0.991667
2.020833
0.975000
1.004167
0.975000
0.979167
0.995833
0.991667
0.987500
0.991667
1.004167
2.041667
0.991667
0.995833
1.008333
0.983333
0.991667
0.987500
1.004167
0.983333
0.987500
1.000000
1.008333
0.983333
0.987500
0.995833
0.620833
1.383333
0.979167
0.987500
0.979167
0.975000
0.979167
0.991667
0.991667
0.979167
0.983333
0.983333
1.004167
0.979167
0.983333
0.987500
0.675000
1.337500
0.979167
0.975000
0.987500
0.987500
0.654167
1.354167
0.987500
1.000000
0.554167
1.420833
0.970833
0.987500
0.962500
0.970833
0.975000
0.991667
0.979167
0.975000
0.975000
0.991667
1.000000
0.979167
0.991667
0.983333
2.016667
0.979167
0.975000
0.983333
0.987500
0.970833
0.979167
0.991667
0.995833
0.991667
1.004167
1.012500
1.004167
0.991667
0.650000
1.375000
0.995833
0.975000
0.987500
1.000000
0.970833
0.975000
0.987500
0.983333
0.979167
0.983333
0.991667
1.012500
0.983333
0.991667
0.666667
1.379167
0.987500
0.983333
0.987500
1.008333
0.987500
0.987500
0.987500
0.995833
1.012500
0.983333
0.691667
1.337500
0.995833
1.004167
0.454167
1.500000
0.987500
1.004167
0.491667
1.479167
0.983333
1.000000
0.975000
0.983333
0.983333
0.987500
1.000000
0.983333
0.983333
0.662500
1.362500
0.991667
0.983333
0.983333
0.995833
2.029167
0.983333
0.983333
2.020833
0.979167
0.983333
0.991667
1.008333
0.987500
0.991667
0.987500
2.025000
0.983333
0.979167
0.991667
1.000000
0.604167
1.395833
0.983333
0.987500
0.779167
1.237500
1.004167
1.016667
0.491667
1.516667
1.004167
1.012500
0.500000
1.466667
1.004167
0.983333
0.687500
1.329167
1.008333
1.029167
0.437500
1.508333
0.979167
0.595833
1.395833
0.991667
0.983333
0.525000
1.466667
0.966667
0.708333
1.325000
0.975000
0.991667
0.720833
1.279167
1.004167
0.966667
1.004167
1.004167
0.579167
1.391667
1.000000
0.970833
0.950000
1.000000
1.979167
0.975000
0.666667
1.366667
1.062500
1.016667
0.454167
1.529167
1.025000
0.995833
0.487500
1.504167
0.995833
0.987500
0.508333
1.479167
0.987500
0.570833
1.445833
0.991667
1.000000
0.491667
1.525000
1.037500
0.987500
0.504167
