0.762500
0.762500
0.816667
0.816667
0.775000
0.770833
0.775000
0.812500
0.816667
0.775000
0.775000
0.775000
0.820833
0.833333
0.795833
0.783333
0.833333
0.829167
0.816667
0.795833
0.787500
0.820833
0.829167
0.787500
0.783333
0.775000
0.566667
1.008333
0.666667
0.904167
0.783333
0.808333
0.800000
0.770833
0.766667
0.779167
0.795833
0.770833
0.762500
0.770833
0.795833
0.787500
0.775000
0.775000
0.812500
0.833333
0.800000
0.800000
0.787500
0.825000
0.837500
0.795833
0.779167
0.787500
0.804167
0.775000
0.754167
0.758333
0.762500
0.775000
0.745833
0.737500
0.750000
0.783333
0.795833
0.762500
0.754167
0.762500
0.779167
0.800000
0.787500
0.770833
0.783333
0.800000
0.845833
0.575000
1.029167
0.812500
0.820833
0.833333
0.679167
0.916667
0.629167
0.933333
0.808333
0.791667
0.758333
0.745833
0.775000
0.779167
0.754167
0.733333
0.741667
0.745833
0.783333
0.779167
0.745833
0.750000
0.758333
0.791667
0.787500
0.754167
0.758333
0.762500
0.791667
0.791667
0.770833
0.770833
0.775000
0.795833
0.600000
0.925000
0.741667
0.779167
0.766667
0.733333
0.733333
0.745833
0.758333
0.591667
0.887500
0.729167
0.775000
0.766667
0.733333
0.733333
0.733333
0.775000
0.770833
0.729167
0.733333
0.741667
0.783333
0.770833
0.741667
0.741667
0.745833
0.775000
0.758333
0.737500
0.750000
0.758333
0.791667
0.783333
0.750000
0.754167
0.762500
0.787500
0.775000
0.750000
0.758333
0.795833
0.816667
0.791667
0.787500
0.816667
0.833333
0.804167
0.787500
0.783333
0.825000
0.833333
0.575000
0.983333
0.612500
0.958333
0.808333
0.770833
0.754167
0.750000
0.779167
0.770833
0.733333
0.745833
0.745833
0.791667
0.791667
0.750000
0.750000
0.762500
0.808333
0.820833
0.770833
0.766667
0.770833
0.800000
0.808333
0.770833
0.766667
0.770833
0.816667
0.816667
0.783333
0.766667
0.775000
0.791667
0.787500
0.754167
0.745833
0.758333
0.783333
0.758333
0.762500
0.766667
0.804167
0.804167
0.762500
0.758333
0.766667
0.787500
0.758333
0.750000
0.750000
0.779167
0.795833
0.770833
0.750000
0.745833
0.787500
0.791667
0.750000
0.745833
0.762500
0.770833
0.754167
0.570833
0.908333
0.762500
0.775000
0.737500
0.729167
0.737500
0.770833
0.770833
0.725000
0.729167
0.741667
0.770833
0.775000
0.729167
0.579167
0.912500
0.795833
0.595833
0.920833
0.762500
0.779167
0.766667
0.733333
0.737500
0.775000
0.775000
0.737500
0.733333
0.741667
0.787500
0.787500
0.741667
0.733333
0.591667
0.483333
1.162500
0.770833
0.758333
0.783333
0.766667
0.729167
0.729167
0.737500
0.770833
0.770833
0.720833
0.733333
0.729167
0.600000
0.929167
0.729167
0.733333
0.725000
0.758333
0.741667
0.712500
0.725000
0.729167
0.766667
0.766667
0.729167
0.733333
0.745833
0.770833
0.758333
0.733333
0.745833
0.758333
0.800000
0.587500
0.970833
0.754167
0.750000
0.783333
0.795833
0.758333
0.750000
0.583333
0.937500
0.533333
0.991667
0.762500
0.766667
0.779167
0.775000
0.737500
0.745833
0.762500
0.787500
0.766667
0.750000
0.758333
0.808333
0.600000
0.983333
0.787500
0.804167
0.800000
0.762500
0.745833
0.745833
0.787500
0.783333
0.737500
0.737500
0.750000
0.795833
0.795833
0.754167
0.754167
0.770833
0.800000
0.779167
0.758333
0.770833
0.783333
0.816667
0.800000
0.783333
0.779167
0.783333
0.825000
0.816667
0.791667
0.779167
0.800000
0.825000
0.795833
0.779167
0.779167
0.791667
0.812500
0.795833
0.766667
0.762500
0.779167
0.804167
0.779167
0.770833
0.770833
0.791667
0.820833
0.812500
0.787500
0.783333
0.816667
0.829167
0.783333
0.770833
0.762500
0.812500
0.641667
0.470833
0.575000
0.458333
1.008333
0.791667
0.758333
0.741667
0.741667
0.783333
0.775000
0.737500
0.741667
0.725000
0.720833
0.733333
0.745833
0.766667
0.745833
0.745833
0.754167
0.795833
0.791667
0.754167
0.758333
0.758333
0.800000
0.800000
0.750000
0.745833
0.754167
0.783333
0.775000
0.733333
0.733333
0.750000
0.779167
0.762500
0.737500
0.741667
0.737500
0.775000
0.770833
0.729167
0.741667
0.750000
0.787500
0.787500
0.591667
0.908333
0.754167
0.795833
0.783333
0.745833
0.750000
0.758333
0.800000
0.795833
0.758333
0.762500
0.775000
0.641667
0.937500
0.629167
0.912500
0.762500
0.787500
0.766667
0.754167
0.750000
0.775000
0.762500
0.741667
0.745833
0.758333
0.800000
0.800000
0.762500
0.766667
0.775000
0.783333
0.808333
0.791667
0.537500
0.987500
0.800000
0.820833
0.787500
0.766667
0.762500
0.775000
0.795833
0.800000
0.762500
0.754167
0.758333
0.770833
0.791667
0.783333
0.750000
0.754167
0.766667
0.800000
0.800000
0.795833
0.816667
0.770833
0.841667
0.779167
0.825000
0.550000
1.037500
0.783333
0.750000
0.641667
0.937500
0.750000
0.754167
0.779167
0.800000
0.720833
0.741667
0.754167
0.779167
0.770833
0.745833
0.754167
0.762500
0.795833
0.795833
0.775000
0.766667
0.770833
0.587500
0.995833
0.766667
0.775000
0.766667
0.804167
0.800000
0.762500
0.770833
0.779167
0.795833
0.808333
0.775000
0.766667
0.770833
0.783333
0.820833
0.658333
0.941667
0.800000
0.800000
0.812500
0.795833
0.754167
0.758333
0.754167
0.783333
0.779167
0.745833
0.754167
0.762500
0.787500
0.770833
0.762500
0.754167
0.787500
0.770833
0.745833
0.750000
0.750000
0.779167
0.766667
0.733333
0.741667
0.770833
0.787500
0.745833
0.745833
0.750000
0.779167
0.770833
0.737500
0.745833
0.754167
0.766667
0.608333
0.887500
0.741667
0.750000
0.779167
0.770833
0.737500
0.741667
0.762500
0.791667
0.770833
0.750000
0.762500
0.808333
0.787500
0.775000
0.775000
0.800000
0.800000
0.766667
0.770833
0.550000
1.029167
0.783333
0.783333
0.779167
0.575000
0.958333
0.758333
0.762500
0.783333
0.787500
0.745833
0.754167
0.758333
0.800000
0.787500
0.750000
0.754167
0.762500
0.787500
0.791667
0.750000
0.758333
0.770833
0.787500
0.766667
0.750000
0.754167
0.804167
0.808333
0.787500
0.775000
0.804167
0.795833
0.758333
0.754167
0.754167
0.791667
0.783333
0.737500
0.741667
0.741667
0.775000
0.775000
0.737500
0.729167
0.733333
0.741667
0.750000
0.737500
0.708333
0.720833
0.725000
0.758333
0.754167
0.712500
0.737500
0.750000
0.754167
0.775000
0.754167
0.741667
0.762500
0.783333
0.783333
0.808333
0.804167
0.766667
0.766667
0.775000
0.800000
0.795833
0.758333
0.770833
0.775000
0.795833
0.804167
0.775000
0.762500
0.770833
0.770833
0.800000
0.787500
0.758333
0.762500
0.758333
0.775000
0.754167
0.741667
0.566667
0.941667
0.733333
0.741667
0.741667
0.754167
0.733333
0.725000
0.741667
0.754167
0.783333
0.600000
1.637500
0.779167
0.645833
0.883333
0.754167
0.754167
0.741667
0.766667
0.750000
0.737500
0.750000
0.766667
0.800000
0.791667
0.783333
0.787500
0.804167
0.850000
0.875000
0.858333
0.591667
1.083333
0.625000
0.991667
0.800000
0.783333
0.791667
0.775000
0.741667
0.745833
0.754167
0.783333
0.779167
0.754167
0.758333
0.766667
0.783333
0.750000
0.750000
0.754167
0.762500
0.787500
0.775000
0.562500
0.950000
0.804167
0.845833
0.825000
0.816667
0.833333
0.812500
0.770833
0.766667
0.770833
0.795833
0.545833
1.000000
0.762500
0.725000
0.812500
0.775000
0.737500
0.737500
0.733333
0.729167
0.704167
0.700000
0.679167
0.687500
0.687500
0.679167
0.670833
0.679167
0.691667
0.683333
0.675000
0.679167
0.695833
0.679167
0.670833
0.675000
0.670833
0.679167
0.683333
0.683333
0.666667
0.662500
0.666667
0.670833
0.675000
0.675000
0.666667
0.675000
0.683333
0.687500
0.670833
0.675000
0.683333
0.700000
0.695833
0.695833
0.720833
0.704167
0.708333
0.704167
0.750000
0.725000
0.729167
0.737500
0.750000
0.741667
0.733333
0.745833
0.800000
0.791667
0.766667
0.775000
0.787500
0.808333
0.800000
0.795833
0.566667
1.070833
0.575000
1.012500
0.787500
