0.475000
0.829167
0.725000
0.475000
0.425000
0.575000
0.904167
0.737500
0.716667
0.487500
0.429167
0.754167
0.816667
0.729167
0.500000
0.429167
0.570833
0.841667
0.737500
0.466667
0.845833
0.733333
0.483333
0.841667
0.729167
0.470833
0.841667
0.720833
0.475000
0.420833
0.608333
0.858333
0.750000
0.495833
0.625000
0.825000
0.725000
0.470833
0.425000
0.745833
0.441667
0.604167
0.841667
0.733333
0.712500
0.508333
0.820833
0.720833
0.475000
0.425000
0.550000
0.833333
0.737500
0.487500
0.429167
0.587500
0.837500
0.741667
0.725000
0.425000
0.900000
0.737500
0.470833
0.420833
0.658333
0.837500
0.741667
0.429167
0.850000
0.779167
0.720833
0.470833
0.845833
0.729167
0.466667
0.850000
0.729167
0.475000
0.837500
0.720833
0.433333
0.433333
0.595833
0.833333
0.733333
0.425000
0.745833
0.812500
0.720833
0.466667
0.854167
0.733333
0.437500
0.433333
0.691667
0.750000
0.795833
0.720833
0.712500
0.495833
0.850000
0.741667
0.716667
0.504167
0.850000
0.737500
0.470833
0.854167
0.729167
0.475000
0.841667
0.729167
0.466667
0.850000
0.733333
0.470833
0.420833
0.562500
0.479167
0.925000
0.741667
0.475000
0.837500
0.725000
0.466667
0.833333
0.720833
0.470833
0.425000
0.433333
0.675000
0.875000
0.716667
0.429167
0.858333
0.720833
0.433333
0.437500
0.662500
0.841667
0.733333
0.504167
0.641667
0.837500
0.741667
0.466667
0.866667
0.733333
0.470833
0.429167
0.695833
0.491667
0.441667
0.541667
0.816667
0.725000
0.825000
0.729167
0.716667
0.466667
0.850000
0.729167
0.470833
0.429167
0.658333
0.775000
0.779167
0.720833
0.716667
0.495833
0.858333
0.741667
0.470833
0.425000
0.654167
0.775000
0.787500
0.716667
0.433333
0.433333
0.800000
0.762500
0.758333
0.712500
0.708333
0.495833
0.845833
0.725000
0.433333
0.429167
0.600000
0.425000
0.625000
0.841667
0.737500
0.416667
0.437500
0.708333
0.525000
0.933333
0.741667
0.470833
0.858333
0.725000
0.466667
0.420833
0.562500
0.912500
0.445833
0.570833
0.950000
0.512500
0.841667
0.720833
0.466667
0.420833
0.650000
0.779167
0.754167
0.708333
0.704167
0.495833
0.420833
0.537500
0.908333
0.450000
1.008333
0.483333
0.895833
0.720833
0.475000
0.420833
0.695833
0.816667
0.725000
0.487500
0.837500
0.716667
0.475000
0.420833
0.658333
0.829167
0.725000
0.412500
0.429167
0.808333
0.775000
0.712500
0.708333
0.479167
0.429167
0.550000
0.845833
0.737500
0.483333
0.845833
0.737500
0.475000
0.845833
0.729167
0.437500
0.983333
0.487500
0.850000
0.729167
0.429167
0.879167
0.720833
0.470833
0.833333
0.716667
0.475000
0.416667
0.570833
0.866667
0.745833
0.700000
0.466667
0.829167
0.725000
0.470833
0.416667
0.508333
0.904167
0.441667
0.662500
0.820833
0.729167
0.712500
0.504167
0.829167
0.716667
0.466667
0.841667
0.725000
0.466667
0.420833
0.562500
0.895833
0.441667
0.441667
0.904167
0.445833
0.400000
0.595833
0.916667
0.729167
0.712500
0.475000
0.420833
0.595833
0.841667
0.733333
0.725000
0.475000
0.420833
0.604167
0.841667
0.737500
0.720833
0.475000
0.425000
0.579167
0.916667
0.737500
0.716667
0.479167
0.858333
0.737500
0.470833
0.420833
0.725000
0.762500
0.795833
0.725000
0.712500
0.491667
0.854167
0.733333
0.466667
0.854167
0.729167
0.466667
0.420833
0.554167
0.837500
0.729167
0.716667
0.508333
0.429167
0.854167
0.737500
0.491667
0.425000
0.850000
0.737500
0.487500
0.833333
0.725000
0.425000
0.862500
0.725000
0.475000
0.412500
0.620833
0.483333
0.420833
0.558333
0.491667
1.045833
0.762500
0.754167
0.700000
0.695833
0.491667
0.825000
0.720833
0.475000
0.833333
0.716667
0.425000
0.437500
0.737500
0.866667
0.487500
0.833333
0.725000
0.470833
0.420833
0.566667
0.908333
0.437500
0.437500
0.608333
0.858333
0.745833
0.725000
0.483333
0.420833
0.579167
0.870833
0.779167
0.716667
0.716667
0.500000
0.429167
0.762500
0.845833
0.495833
0.429167
0.600000
0.845833
0.737500
0.720833
0.504167
0.850000
0.737500
0.466667
0.737500
0.858333
0.475000
0.425000
0.658333
0.850000
0.741667
0.729167
0.470833
0.858333
0.741667
0.466667
0.429167
0.654167
0.858333
0.750000
0.725000
0.712500
0.508333
0.833333
0.725000
0.470833
0.837500
0.729167
0.470833
0.420833
0.666667
0.750000
0.795833
0.725000
0.720833
0.483333
0.850000
0.733333
0.466667
0.420833
0.691667
0.466667
0.554167
0.862500
0.750000
0.733333
0.495833
0.429167
0.579167
0.854167
0.750000
0.729167
0.483333
0.862500
0.741667
0.729167
0.504167
0.433333
0.562500
0.845833
0.766667
0.729167
0.470833
0.858333
0.745833
0.475000
0.425000
0.545833
0.933333
0.754167
0.725000
0.483333
0.425000
0.708333
0.766667
0.770833
0.716667
0.708333
0.420833
0.950000
0.495833
0.850000
0.729167
0.470833
0.437500
0.529167
0.866667
0.437500
0.433333
0.704167
0.850000
0.733333
0.712500
0.712500
0.491667
1.291667
0.754167
0.483333
0.425000
0.604167
0.841667
0.733333
0.720833
0.470833
0.425000
0.612500
0.841667
0.737500
0.725000
0.475000
0.420833
0.704167
0.750000
0.795833
0.725000
0.716667
0.500000
0.845833
0.737500
0.466667
0.854167
0.737500
0.470833
0.420833
0.625000
0.837500
0.745833
0.720833
0.483333
0.845833
0.729167
0.470833
0.416667
0.633333
0.833333
0.733333
0.720833
0.475000
0.850000
0.725000
0.470833
0.420833
0.566667
0.858333
0.737500
0.729167
0.483333
0.854167
0.737500
0.466667
0.420833
0.516667
0.895833
0.441667
0.962500
0.475000
0.854167
0.733333
0.475000
0.420833
0.595833
0.845833
0.770833
0.720833
0.720833
0.491667
0.858333
0.737500
0.466667
0.425000
0.587500
0.920833
0.741667
0.725000
0.466667
0.858333
0.741667
0.470833
0.420833
0.533333
0.929167
0.745833
0.500000
0.670833
0.845833
0.741667
0.466667
0.879167
0.750000
0.470833
0.420833
0.504167
0.937500
0.754167
0.729167
0.475000
0.862500
0.737500
0.470833
0.420833
0.604167
0.854167
0.741667
0.729167
0.470833
0.420833
0.591667
0.850000
0.741667
0.412500
0.429167
0.800000
0.762500
0.729167
0.716667
0.475000
0.416667
0.633333
0.775000
0.800000
0.733333
0.712500
0.470833
0.420833
0.604167
0.854167
0.741667
0.729167
0.720833
0.491667
0.425000
0.833333
0.791667
0.487500
0.425000
0.862500
0.750000
0.487500
0.425000
0.612500
0.841667
0.737500
0.483333
0.425000
0.670833
0.841667
0.737500
0.725000
0.479167
0.420833
0.695833
0.795833
0.766667
0.716667
0.708333
0.500000
0.841667
0.733333
0.475000
0.841667
0.729167
0.475000
0.412500
0.491667
0.904167
0.737500
0.479167
0.425000
0.566667
0.912500
0.737500
0.725000
0.491667
1.112500
0.775000
0.800000
0.729167
0.720833
0.491667
0.870833
0.745833
0.479167
0.420833
0.666667
0.766667
0.779167
0.716667
0.704167
0.491667
0.425000
0.570833
0.841667
0.737500
0.491667
0.425000
0.729167
0.462500
0.450000
0.908333
0.745833
0.475000
0.425000
0.666667
0.825000
0.733333
0.716667
0.487500
0.420833
0.729167
0.762500
0.470833
0.583333
0.487500
0.925000
0.445833
0.716667
0.833333
0.733333
0.466667
0.416667
0.704167
0.858333
0.725000
0.716667
0.479167
0.837500
0.445833
0.700000
0.816667
0.729167
0.466667
0.416667
0.395833
0.883333
0.729167
0.708333
0.479167
0.420833
0.562500
0.879167
0.725000
0.500000
0.641667
0.812500
0.720833
0.470833
0.416667
0.566667
0.912500
0.733333
0.466667
0.483333
0.904167
0.737500
0.479167
0.425000
0.583333
0.845833
0.741667
0.479167
0.850000
0.737500
0.475000
0.854167
0.737500
0.470833
0.858333
0.733333
0.470833
0.420833
0.666667
0.779167
0.783333
0.729167
0.716667
0.495833
0.425000
0.579167
0.854167
0.750000
0.725000
0.483333
0.854167
0.737500
0.425000
0.879167
0.737500
0.470833
0.416667
0.458333
0.916667
0.733333
0.500000
0.650000
0.833333
0.733333
0.466667
0.416667
0.766667
0.804167
0.729167
0.716667
0.466667
0.420833
0.679167
0.466667
0.483333
0.933333
0.754167
0.729167
0.500000
0.429167
0.566667
0.845833
0.737500
0.504167
0.637500
0.833333
0.733333
0.475000
0.420833
0.604167
0.916667
0.741667
0.720833
0.479167
0.425000
0.770833
0.795833
0.470833
0.612500
0.850000
0.741667
0.729167
0.495833
0.429167
0.566667
0.879167
0.750000
0.729167
0.720833
0.491667
0.850000
0.737500
0.720833
0.495833
0.433333
0.879167
0.745833
0.479167
0.425000
0.566667
0.916667
0.737500
0.725000
0.475000
0.845833
0.737500
0.712500
0.508333
0.833333
0.729167
0.470833
0.737500
0.820833
0.475000
0.420833
0.575000
0.495833
0.570833
0.854167
0.737500
0.720833
0.495833
0.420833
0.591667
0.833333
0.720833
0.704167
0.704167
0.495833
0.820833
0.716667
0.470833
0.416667
0.695833
0.833333
0.725000
0.716667
0.712500
0.500000
0.841667
0.729167
0.720833
0.500000
0.429167
0.704167
0.895833
0.479167
0.425000
0.650000
0.816667
0.766667
0.737500
0.725000
0.487500
0.425000
0.712500
0.750000
0.804167
0.737500
0.725000
0.483333
0.866667
0.741667
0.495833
0.895833
0.729167
0.475000
0.412500
0.466667
0.920833
0.737500
0.479167
0.412500
0.479167
0.916667
0.733333
0.483333
0.408333
0.595833
0.920833
0.737500
0.491667
0.837500
0.729167
0.466667
0.416667
0.700000
0.854167
0.720833
0.408333
0.425000
0.766667
0.750000
0.462500
0.658333
