0.541667
0.545833
0.545833
0.554167
0.550000
0.554167
0.550000
0.554167
0.554167
0.558333
0.566667
0.566667
0.570833
0.566667
0.566667
0.562500
0.579167
0.570833
0.562500
0.570833
0.570833
0.558333
0.550000
0.550000
0.550000
0.433333
0.658333
0.554167
0.558333
0.545833
0.562500
0.558333
0.558333
0.562500
0.570833
0.570833
0.566667
0.570833
0.579167
0.579167
0.570833
0.575000
0.575000
0.570833
0.575000
0.566667
0.566667
0.575000
0.579167
0.579167
0.579167
0.579167
0.583333
0.583333
0.587500
0.591667
0.583333
0.583333
0.595833
0.587500
0.575000
0.591667
0.570833
0.575000
0.575000
0.579167
0.579167
0.575000
0.570833
0.575000
0.570833
0.566667
0.583333
0.587500
0.583333
0.583333
0.600000
0.587500
0.595833
0.591667
0.600000
0.600000
0.600000
0.591667
0.595833
0.591667
0.591667
0.587500
0.591667
0.583333
0.600000
0.604167
0.591667
0.583333
0.575000
0.570833
0.570833
0.570833
0.570833
0.566667
0.562500
0.570833
0.558333
0.562500
0.562500
0.558333
0.562500
0.558333
0.554167
0.550000
0.554167
0.545833
0.554167
0.554167
0.562500
0.562500
0.570833
0.575000
0.570833
0.570833
0.575000
0.562500
0.566667
0.562500
0.562500
0.566667
0.562500
0.566667
0.570833
0.570833
0.566667
0.575000
0.579167
0.570833
0.570833
0.579167
0.566667
0.562500
0.562500
0.566667
0.566667
0.562500
0.570833
0.566667
0.570833
0.570833
0.575000
0.570833
0.575000
0.570833
0.583333
0.583333
0.583333
0.583333
0.583333
0.579167
0.583333
0.579167
0.587500
0.579167
0.583333
0.583333
0.591667
0.591667
0.587500
0.595833
0.587500
0.595833
0.595833
0.604167
0.595833
0.591667
0.591667
0.587500
0.587500
0.591667
0.595833
0.583333
0.587500
0.604167
0.608333
0.600000
0.604167
0.604167
0.616667
0.612500
0.625000
0.612500
0.612500
0.612500
0.620833
0.608333
0.604167
0.595833
0.629167
0.616667
0.612500
0.616667
0.616667
0.620833
0.625000
0.625000
0.620833
0.620833
0.637500
0.625000
0.612500
0.612500
0.633333
0.633333
0.629167
0.625000
0.625000
0.633333
0.625000
0.629167
0.620833
0.616667
0.645833
0.629167
0.620833
0.612500
0.620833
0.620833
0.620833
0.620833
0.620833
0.625000
0.629167
0.620833
0.608333
0.616667
0.625000
0.620833
0.616667
0.612500
0.633333
0.637500
0.625000
0.620833
0.616667
0.625000
0.616667
0.620833
0.612500
0.604167
0.620833
0.612500
0.612500
0.612500
0.604167
0.616667
0.612500
0.616667
0.620833
0.616667
0.629167
0.620833
0.625000
0.616667
0.620833
0.629167
0.641667
0.625000
0.620833
0.654167
0.654167
0.641667
0.641667
0.629167
0.650000
0.625000
0.629167
0.620833
0.641667
0.641667
0.508333
0.733333
0.595833
0.591667
0.595833
0.416667
0.770833
0.237500
0.345833
0.575000
0.329167
0.241667
0.575000
0.566667
0.562500
0.558333
0.629167
0.491667
0.558333
0.566667
0.558333
0.570833
0.566667
0.566667
0.562500
0.570833
0.566667
0.579167
0.570833
0.570833
0.570833
0.566667
0.566667
0.570833
0.562500
0.570833
0.566667
0.562500
0.575000
0.570833
0.579167
0.575000
0.579167
0.587500
0.587500
0.591667
0.583333
0.587500
0.587500
0.587500
0.583333
0.587500
0.579167
0.587500
0.587500
0.587500
0.587500
0.591667
0.604167
0.604167
0.604167
0.504167
0.275000
0.320833
0.687500
0.591667
0.587500
0.570833
0.570833
0.575000
0.562500
0.562500
0.562500
0.558333
0.558333
0.566667
0.570833
0.566667
0.554167
0.558333
0.558333
0.558333
0.570833
0.570833
0.570833
0.583333
0.579167
0.587500
0.591667
0.595833
0.587500
0.595833
0.587500
0.808333
0.345833
0.216667
0.354167
0.570833
0.562500
0.566667
0.566667
0.566667
0.570833
0.570833
0.583333
0.587500
0.570833
0.583333
0.570833
0.579167
0.570833
0.570833
0.575000
0.579167
0.570833
0.566667
0.575000
0.579167
0.575000
0.579167
0.579167
0.579167
0.579167
0.579167
0.579167
0.575000
0.575000
0.575000
0.587500
0.579167
0.591667
0.591667
0.591667
0.608333
0.612500
0.604167
0.583333
0.591667
0.587500
0.587500
0.575000
0.579167
0.575000
0.575000
0.191667
0.370833
0.570833
0.562500
0.554167
0.558333
0.562500
0.550000
0.575000
0.566667
0.566667
0.570833
0.583333
0.575000
0.570833
0.575000
0.575000
0.566667
0.558333
0.566667
0.570833
0.562500
0.562500
0.566667
0.566667
0.570833
0.562500
0.575000
0.570833
0.570833
0.570833
0.579167
0.583333
0.583333
0.579167
0.575000
0.475000
0.666667
0.562500
0.562500
0.566667
0.562500
0.570833
0.570833
0.566667
0.570833
0.575000
0.570833
0.575000
0.587500
0.575000
0.562500
0.558333
0.562500
0.562500
0.562500
0.562500
0.562500
0.566667
0.570833
0.566667
0.566667
0.562500
0.579167
0.558333
0.562500
0.554167
0.554167
0.554167
0.216667
0.358333
0.525000
0.550000
0.550000
0.550000
0.545833
0.545833
0.545833
0.537500
0.550000
0.545833
0.554167
0.545833
0.550000
0.558333
0.550000
0.562500
0.562500
0.562500
0.554167
0.562500
0.558333
0.566667
0.562500
0.583333
0.579167
0.575000
0.570833
0.587500
0.583333
0.575000
0.570833
0.579167
0.575000
0.579167
0.562500
0.575000
0.570833
0.570833
0.570833
0.575000
0.579167
0.575000
0.570833
0.583333
0.575000
0.558333
0.575000
0.587500
0.579167
0.579167
0.570833
0.600000
0.591667
0.579167
0.579167
0.587500
0.583333
0.591667
0.579167
0.579167
0.595833
0.595833
0.591667
0.604167
0.587500
0.583333
0.583333
0.583333
0.579167
0.595833
0.583333
0.579167
0.583333
0.570833
0.583333
0.570833
0.575000
0.579167
0.575000
0.566667
0.575000
0.570833
0.570833
0.570833
0.570833
0.579167
0.575000
0.575000
0.570833
0.570833
0.570833
0.583333
0.570833
0.579167
0.579167
0.579167
0.579167
0.583333
0.579167
0.583333
0.595833
0.587500
0.579167
0.591667
0.591667
0.587500
0.583333
0.587500
0.591667
0.595833
0.595833
0.595833
0.591667
0.608333
0.595833
0.595833
0.591667
0.600000
0.608333
0.600000
0.612500
0.604167
0.608333
0.612500
0.608333
0.612500
0.608333
0.616667
0.616667
0.537500
0.687500
0.591667
0.595833
0.583333
0.579167
0.575000
0.570833
0.575000
0.579167
0.562500
0.562500
0.562500
0.558333
0.570833
0.562500
0.554167
0.554167
0.550000
0.558333
0.554167
0.558333
0.558333
0.562500
0.566667
0.566667
0.554167
0.575000
0.579167
0.570833
0.570833
0.570833
0.575000
0.579167
0.583333
0.575000
0.583333
0.579167
0.587500
0.591667
0.587500
0.608333
0.608333
0.591667
0.312500
0.275000
0.279167
0.304167
0.583333
0.587500
0.562500
0.020833
0.216667
0.350000
0.570833
0.570833
0.575000
0.570833
0.566667
0.562500
0.570833
0.558333
0.558333
0.550000
0.554167
0.545833
0.541667
0.550000
0.554167
0.554167
0.554167
0.558333
0.554167
0.566667
0.554167
0.570833
0.575000
0.566667
0.566667
0.570833
0.575000
0.575000
0.570833
0.570833
0.570833
0.583333
0.579167
0.587500
0.579167
0.595833
0.600000
0.591667
0.591667
0.604167
0.600000
0.595833
0.587500
0.579167
0.579167
0.570833
0.566667
0.570833
0.579167
0.579167
0.579167
0.583333
0.579167
0.575000
0.570833
0.570833
0.566667
0.558333
0.558333
0.550000
0.558333
0.566667
0.562500
0.558333
0.558333
0.554167
0.558333
0.558333
0.562500
0.566667
0.558333
0.562500
0.566667
0.554167
0.558333
0.554167
0.558333
0.562500
0.554167
0.562500
0.562500
0.575000
0.583333
0.579167
0.583333
0.575000
0.583333
0.579167
0.579167
0.579167
0.583333
0.579167
0.579167
0.579167
0.583333
0.587500
0.604167
0.600000
0.600000
0.583333
0.583333
0.575000
0.579167
0.570833
0.562500
0.562500
0.570833
0.570833
0.550000
0.558333
0.545833
0.550000
0.554167
0.545833
0.545833
0.541667
0.558333
0.550000
0.554167
0.550000
0.550000
0.554167
0.558333
0.558333
0.558333
0.554167
0.562500
0.558333
0.562500
0.562500
0.562500
0.566667
0.566667
0.558333
0.570833
0.558333
0.562500
0.562500
0.570833
0.570833
0.566667
0.566667
0.570833
0.570833
0.575000
0.583333
0.579167
0.587500
0.579167
0.579167
0.579167
0.575000
0.575000
0.570833
0.566667
0.575000
0.566667
0.566667
0.570833
0.579167
0.579167
0.575000
0.570833
0.575000
0.575000
0.587500
0.575000
0.587500
0.575000
0.587500
0.587500
0.583333
0.591667
0.583333
0.600000
0.591667
0.579167
0.575000
0.579167
0.566667
0.558333
0.562500
0.562500
0.554167
0.558333
0.558333
0.562500
0.562500
0.558333
0.558333
0.575000
0.575000
0.570833
0.575000
0.575000
0.579167
0.566667
0.575000
0.575000
0.687500
0.441667
0.566667
0.554167
0.541667
0.545833
0.541667
0.537500
0.550000
0.545833
0.541667
0.541667
0.554167
0.554167
0.554167
0.550000
0.558333
0.558333
0.558333
0.562500
0.558333
0.558333
0.458333
0.645833
0.550000
0.558333
0.550000
0.554167
0.550000
0.554167
0.554167
0.545833
0.550000
0.550000
0.550000
0.541667
0.541667
0.541667
0.545833
0.541667
0.537500
0.541667
0.545833
0.541667
0.545833
0.558333
0.550000
0.550000
0.550000
0.545833
0.550000
0.558333
0.550000
0.545833
0.570833
0.562500
0.562500
0.554167
0.562500
0.562500
0.562500
0.566667
0.566667
0.566667
0.558333
0.554167
0.554167
0.566667
0.562500
0.562500
0.566667
0.575000
0.562500
0.562500
0.566667
0.566667
0.566667
0.566667
0.566667
0.562500
0.579167
0.579167
0.587500
0.579167
0.583333
0.579167
0.595833
0.587500
0.579167
0.591667
0.591667
0.587500
0.591667
0.591667
0.600000
0.616667
0.604167
0.604167
0.650000
0.650000
0.475000
0.745833
0.595833
0.595833
0.587500
0.275000
0.300000
0.216667
0.345833
0.570833
0.566667
0.562500
0.554167
0.554167
0.554167
0.550000
0.558333
0.554167
0.562500
0.562500
0.554167
0.550000
0.545833
0.554167
0.545833
0.545833
0.545833
0.550000
0.558333
0.550000
0.554167
0.554167
0.554167
0.562500
0.562500
0.562500
0.558333
0.570833
0.562500
0.562500
0.562500
0.550000
0.562500
0.554167
0.558333
0.558333
0.575000
0.570833
0.579167
0.570833
0.579167
0.579167
0.583333
0.566667
0.579167
0.583333
0.579167
0.583333
0.570833
0.587500
0.591667
0.604167
0.591667
0.587500
0.591667
0.595833
0.595833
0.591667
0.591667
0.591667
0.587500
0.587500
0.591667
0.591667
0.591667
0.587500
0.595833
0.595833
0.604167
0.616667
0.616667
0.604167
0.595833
0.600000
0.595833
0.600000
0.600000
0.604167
0.600000
0.608333
0.608333
0.604167
0.612500
0.650000
0.629167
0.625000
0.620833
0.620833
0.616667
0.625000
0.604167
0.595833
0.616667
0.608333
0.216667
0.370833
0.166667
0.425000
0.583333
0.583333
0.575000
0.575000
0.570833
0.562500
0.562500
0.200000
0.575000
0.333333
0.550000
0.554167
0.550000
