0.633333
0.633333
0.633333
0.633333
0.633333
0.633333
0.633333
0.633333
0.629167
0.633333
0.633333
0.629167
0.633333
0.629167
0.629167
0.629167
0.633333
0.633333
0.633333
0.637500
0.633333
0.633333
0.637500
0.633333
0.633333
0.633333
0.633333
0.633333
0.633333
0.633333
0.633333
0.633333
0.629167
0.633333
0.633333
0.629167
0.633333
0.629167
0.633333
0.629167
0.633333
0.629167
0.629167
0.629167
0.633333
0.629167
0.633333
0.633333
0.637500
0.633333
0.633333
0.633333
0.633333
0.633333
0.633333
0.633333
0.633333
0.629167
0.633333
0.633333
0.633333
0.629167
0.633333
0.633333
0.629167
0.633333
0.629167
0.633333
0.629167
0.633333
0.629167
0.629167
0.633333
0.629167
0.629167
0.633333
0.629167
0.629167
0.629167
0.625000
0.633333
0.633333
0.629167
0.633333
0.637500
0.633333
0.633333
0.633333
0.633333
0.633333
0.633333
0.633333
0.633333
0.633333
0.633333
0.629167
0.633333
0.629167
0.633333
0.633333
0.629167
0.633333
0.633333
0.629167
0.633333
0.633333
0.625000
0.629167
0.633333
0.629167
0.633333
0.633333
0.633333
0.633333
0.633333
0.633333
0.633333
0.633333
0.633333
0.633333
0.629167
0.633333
0.633333
0.629167
0.633333
0.629167
0.633333
0.629167
0.629167
0.633333
0.629167
0.629167
0.629167
0.629167
0.633333
0.629167
0.629167
0.629167
0.629167
0.629167
0.629167
0.629167
0.629167
0.629167
0.629167
0.629167
0.629167
0.629167
0.629167
0.629167
0.629167
0.629167
0.629167
0.629167
0.629167
0.625000
0.620833
0.641667
0.629167
0.629167
0.633333
0.633333
0.629167
0.633333
0.629167
0.633333
0.633333
0.629167
0.629167
0.633333
0.629167
0.629167
0.633333
0.629167
0.629167
0.629167
0.633333
0.629167
0.629167
0.629167
0.629167
0.629167
0.629167
0.629167
0.629167
0.629167
0.629167
0.629167
0.629167
0.629167
0.625000
0.625000
0.633333
0.629167
0.629167
0.633333
0.629167
0.633333
0.633333
0.629167
0.633333
0.629167
0.629167
0.629167
0.629167
0.629167
0.629167
0.629167
0.629167
0.629167
0.625000
0.629167
0.629167
0.625000
0.629167
0.629167
0.629167
0.629167
0.629167
0.629167
0.629167
0.629167
0.629167
0.629167
0.629167
0.629167
0.629167
0.629167
0.629167
0.629167
0.625000
0.625000
0.583333
0.683333
0.629167
0.633333
0.633333
0.633333
0.633333
0.633333
0.629167
0.633333
0.629167
0.629167
0.633333
0.629167
0.633333
0.629167
0.629167
0.629167
0.629167
0.629167
0.629167
0.633333
0.629167
0.629167
0.629167
0.633333
0.629167
0.629167
0.633333
0.629167
0.629167
0.629167
0.633333
0.629167
0.629167
0.629167
0.633333
0.558333
0.708333
0.637500
0.633333
0.637500
0.633333
0.637500
0.633333
0.633333
0.637500
0.633333
0.633333
0.633333
0.633333
0.633333
0.629167
0.633333
0.633333
0.633333
0.633333
0.633333
0.633333
0.633333
0.633333
0.629167
0.633333
0.629167
0.629167
0.633333
0.633333
0.633333
0.633333
0.637500
0.633333
0.633333
0.633333
0.633333
0.633333
0.633333
0.633333
0.633333
0.633333
0.629167
0.633333
0.633333
0.637500
0.633333
0.633333
0.633333
0.633333
0.629167
0.633333
0.629167
0.629167
0.629167
0.633333
0.633333
0.637500
0.633333
0.633333
0.637500
0.633333
0.633333
0.633333
0.633333
0.633333
0.633333
0.633333
0.629167
0.633333
0.629167
0.633333
0.629167
0.629167
0.629167
0.633333
0.629167
0.629167
0.629167
0.629167
0.633333
0.629167
0.629167
0.629167
0.629167
0.629167
0.633333
0.629167
0.629167
0.629167
0.629167
0.629167
0.629167
0.629167
0.629167
0.633333
0.629167
0.629167
0.629167
0.633333
0.629167
0.629167
0.629167
0.629167
0.629167
0.629167
0.625000
0.629167
0.625000
0.625000
0.629167
0.633333
0.629167
0.629167
0.629167
0.633333
0.629167
0.625000
0.629167
0.629167
0.625000
0.629167
0.629167
0.625000
0.629167
0.625000
0.629167
0.625000
0.625000
0.629167
0.625000
0.625000
0.629167
0.625000
0.629167
0.625000
0.629167
0.625000
0.629167
0.625000
0.625000
0.629167
0.629167
0.625000
0.625000
0.629167
0.629167
0.625000
0.629167
0.625000
0.625000
0.625000
0.629167
0.629167
0.629167
0.633333
0.629167
0.633333
0.629167
0.629167
0.629167
0.629167
0.629167
0.629167
0.629167
0.629167
0.633333
0.625000
0.625000
0.629167
0.629167
0.629167
0.633333
0.629167
0.629167
0.633333
0.629167
0.629167
0.629167
0.629167
0.629167
0.625000
0.629167
0.629167
0.625000
0.629167
0.625000
0.629167
0.629167
0.625000
0.629167
0.625000
0.629167
0.625000
0.629167
0.625000
0.629167
0.541667
0.716667
0.625000
0.629167
0.625000
0.625000
0.625000
0.625000
0.629167
0.629167
0.629167
0.629167
0.629167
0.629167
0.629167
0.629167
0.629167
0.625000
0.629167
0.629167
0.629167
0.629167
0.629167
0.629167
0.629167
0.625000
0.629167
0.629167
0.625000
0.629167
0.629167
0.629167
0.625000
0.629167
0.629167
0.625000
0.629167
0.625000
0.625000
0.629167
0.620833
0.625000
0.625000
0.629167
0.629167
0.629167
0.629167
0.629167
0.629167
0.629167
0.625000
0.629167
0.629167
0.625000
0.629167
0.629167
0.625000
0.629167
0.625000
0.629167
0.625000
0.629167
0.625000
0.629167
0.629167
0.625000
0.629167
0.625000
0.629167
0.625000
0.629167
0.629167
0.625000
0.629167
0.625000
0.629167
0.625000
0.625000
0.625000
0.629167
0.625000
0.629167
0.633333
0.629167
0.629167
0.633333
0.629167
0.629167
0.629167
0.629167
0.629167
0.629167
0.629167
0.629167
0.625000
0.629167
0.625000
0.629167
0.629167
0.625000
0.629167
0.625000
0.625000
0.629167
0.625000
0.625000
0.629167
0.625000
0.629167
0.625000
0.625000
0.629167
0.625000
0.625000
0.629167
0.625000
0.620833
0.629167
0.629167
0.625000
0.629167
0.629167
0.629167
0.629167
0.625000
0.629167
0.629167
0.625000
0.625000
0.629167
0.625000
0.625000
0.625000
0.625000
0.625000
0.629167
0.625000
0.625000
0.625000
0.625000
0.625000
0.625000
0.629167
0.625000
0.625000
0.625000
0.629167
0.625000
0.625000
0.629167
0.625000
0.625000
0.629167
0.629167
0.625000
0.625000
0.629167
0.625000
0.625000
0.629167
0.625000
0.350000
0.904167
0.633333
0.625000
0.629167
0.629167
0.625000
0.629167
0.625000
0.629167
0.625000
0.625000
0.625000
0.625000
0.625000
0.625000
0.620833
0.625000
0.625000
0.620833
0.625000
0.625000
0.620833
0.625000
0.625000
0.625000
0.620833
0.620833
0.620833
0.625000
0.625000
0.625000
0.625000
0.625000
0.625000
0.625000
0.629167
0.625000
0.625000
0.625000
0.620833
0.625000
0.625000
0.625000
0.625000
0.620833
0.625000
0.625000
0.620833
0.625000
0.625000
0.625000
0.625000
0.625000
0.620833
0.625000
0.625000
0.625000
0.625000
0.625000
0.625000
0.625000
0.625000
0.625000
0.620833
0.625000
0.625000
0.625000
0.625000
0.625000
0.620833
0.625000
0.620833
0.625000
0.625000
0.629167
0.625000
0.629167
0.625000
0.625000
0.629167
0.625000
0.625000
0.625000
0.625000
0.620833
0.625000
0.625000
0.625000
0.625000
0.620833
0.625000
0.625000
0.620833
0.625000
0.625000
0.620833
0.625000
0.625000
0.620833
0.620833
0.625000
0.629167
0.625000
0.629167
0.629167
0.629167
0.629167
0.629167
0.629167
0.625000
0.629167
0.625000
0.625000
0.629167
0.625000
0.629167
0.625000
0.629167
0.625000
0.629167
0.629167
0.625000
0.629167
0.625000
0.629167
0.625000
0.629167
0.625000
0.629167
0.625000
0.629167
0.629167
0.625000
0.629167
0.625000
0.629167
0.625000
0.625000
0.629167
0.620833
0.625000
0.625000
0.629167
0.625000
0.629167
0.629167
0.629167
0.629167
0.625000
0.629167
0.629167
0.625000
0.629167
0.625000
0.629167
0.625000
0.629167
0.625000
0.629167
0.625000
0.625000
0.625000
0.629167
0.625000
0.625000
0.629167
0.625000
0.625000
0.629167
0.625000
0.629167
0.625000
0.629167
0.625000
0.629167
0.625000
0.629167
0.625000
0.625000
0.625000
0.625000
0.625000
0.625000
0.629167
0.625000
0.625000
0.625000
0.620833
0.620833
0.575000
0.683333
0.625000
0.629167
0.629167
0.625000
0.629167
0.629167
0.629167
0.629167
0.625000
0.629167
0.629167
0.625000
0.629167
0.625000
0.629167
0.629167
0.625000
0.629167
0.625000
0.625000
0.629167
0.625000
0.625000
0.625000
0.625000
0.625000
0.625000
0.625000
0.625000
0.625000
0.625000
0.625000
0.620833
0.625000
0.625000
0.625000
0.625000
0.620833
0.620833
0.620833
0.620833
0.625000
0.625000
0.625000
0.625000
0.629167
0.625000
0.625000
0.625000
0.625000
0.625000
0.620833
0.625000
0.625000
0.620833
0.625000
0.620833
0.625000
0.625000
0.620833
0.625000
0.620833
0.620833
0.625000
0.620833
0.620833
0.625000
0.620833
0.625000
0.620833
0.625000
0.620833
0.625000
0.625000
0.620833
0.625000
0.620833
0.625000
0.620833
0.620833
0.620833
0.620833
0.620833
0.625000
0.620833
0.625000
0.625000
0.625000
0.625000
0.625000
0.620833
0.625000
0.620833
0.625000
0.620833
0.625000
0.620833
0.620833
0.625000
0.620833
0.625000
0.575000
0.670833
0.620833
0.620833
0.625000
0.620833
0.620833
0.625000
0.620833
0.620833
0.620833
0.620833
0.625000
0.625000
0.625000
0.629167
0.625000
0.629167
0.625000
0.629167
0.625000
0.625000
0.625000
0.625000
0.625000
0.550000
0.704167
0.625000
0.625000
0.625000
0.625000
0.625000
0.625000
0.625000
0.625000
0.620833
0.625000
0.625000
0.625000
0.625000
0.625000
0.620833
0.625000
0.620833
0.625000
0.620833
0.620833
0.625000
0.620833
0.620833
0.620833
0.620833
0.620833
0.620833
0.620833
0.620833
0.620833
0.616667
0.625000
0.620833
0.625000
0.625000
0.620833
0.625000
0.625000
0.625000
0.625000
0.625000
0.625000
0.625000
0.625000
0.625000
0.625000
0.625000
