0.662500
0.654167
0.658333
0.658333
0.662500
0.658333
0.658333
0.658333
0.658333
0.662500
0.658333
0.658333
0.658333
0.666667
0.654167
0.658333
0.654167
0.662500
0.658333
0.658333
0.654167
0.658333
0.658333
0.666667
0.654167
0.658333
0.654167
0.195833
0.462500
0.654167
0.654167
0.650000
0.650000
0.658333
0.645833
0.654167
0.650000
0.566667
0.087500
0.679167
0.645833
0.650000
0.454167
0.845833
0.654167
0.650000
0.650000
0.650000
0.650000
0.641667
0.650000
0.650000
0.650000
0.654167
0.658333
0.654167
0.654167
0.654167
0.400000
0.254167
0.654167
0.650000
0.658333
0.641667
0.654167
0.650000
0.645833
0.654167
0.650000
0.645833
0.645833
0.645833
0.641667
0.645833
0.645833
0.645833
0.650000
0.650000
0.645833
0.645833
0.645833
0.508333
0.791667
0.645833
0.233333
0.304167
0.450000
0.433333
0.366667
0.808333
0.654167
0.645833
0.654167
0.650000
0.654167
0.658333
0.650000
0.654167
0.270833
0.379167
0.666667
0.666667
0.658333
0.654167
0.658333
0.658333
0.658333
0.654167
0.654167
0.658333
0.662500
0.654167
0.654167
0.658333
0.654167
0.658333
0.658333
0.654167
0.658333
0.658333
0.658333
0.662500
0.650000
0.654167
0.650000
0.650000
0.650000
0.645833
0.650000
0.645833
0.654167
0.662500
0.645833
0.641667
0.641667
0.641667
0.650000
0.641667
0.637500
0.641667
0.650000
0.445833
0.208333
0.641667
0.645833
0.654167
0.650000
0.654167
0.662500
0.654167
0.658333
0.654167
0.658333
0.662500
0.654167
0.375000
0.291667
0.654167
0.658333
0.650000
0.654167
0.654167
0.658333
0.662500
0.654167
0.654167
0.654167
0.658333
0.662500
0.654167
0.645833
0.654167
0.658333
0.654167
0.645833
0.658333
0.645833
0.645833
0.408333
0.241667
0.220833
0.429167
0.654167
0.654167
0.650000
0.645833
0.645833
0.645833
0.654167
0.650000
0.254167
0.391667
0.650000
0.650000
0.654167
0.654167
0.654167
0.654167
0.650000
0.654167
0.654167
0.658333
0.650000
0.654167
0.650000
0.654167
0.654167
0.654167
0.650000
0.650000
0.654167
0.650000
0.650000
0.650000
0.645833
0.654167
0.654167
0.645833
0.645833
0.650000
0.650000
0.445833
0.204167
0.325000
0.325000
0.650000
0.670833
0.658333
0.654167
0.654167
0.658333
0.662500
0.650000
0.654167
0.650000
0.658333
0.654167
0.650000
0.650000
0.650000
0.645833
0.650000
0.662500
0.650000
0.650000
0.650000
0.650000
0.654167
0.645833
0.645833
0.645833
0.650000
0.650000
0.516667
0.445833
0.983333
0.654167
0.662500
0.645833
0.645833
0.645833
0.650000
0.654167
0.654167
0.650000
0.650000
0.791667
0.508333
0.650000
0.645833
0.650000
0.675000
0.654167
0.525000
0.770833
0.658333
0.650000
0.641667
0.650000
0.654167
0.645833
0.650000
0.650000
0.420833
0.233333
0.662500
0.216667
0.433333
0.645833
0.650000
0.095833
0.562500
0.425000
0.370833
0.491667
0.650000
0.504167
0.258333
0.283333
0.879167
0.279167
0.362500
0.641667
0.383333
0.262500
0.637500
0.641667
0.245833
0.400000
0.633333
0.479167
0.520833
0.283333
0.641667
0.629167
0.641667
0.366667
0.279167
0.637500
0.525000
0.754167
0.729167
0.545833
0.179167
0.470833
0.312500
0.475000
0.491667
0.241667
0.350000
0.683333
0.279167
0.375000
0.629167
1.283333
0.633333
0.641667
0.633333
0.645833
0.645833
0.645833
0.645833
0.658333
0.654167
0.650000
0.658333
0.654167
0.662500
0.654167
0.658333
0.650000
0.425000
0.229167
0.650000
0.658333
0.650000
0.645833
0.645833
0.650000
0.645833
0.650000
0.641667
0.641667
0.637500
0.645833
0.645833
0.637500
0.641667
0.637500
0.641667
0.650000
0.637500
0.641667
0.320833
0.316667
0.308333
0.329167
0.641667
0.637500
0.637500
0.633333
0.633333
0.654167
0.625000
0.654167
0.641667
0.637500
0.637500
0.637500
0.645833
0.633333
0.633333
0.633333
0.645833
0.637500
0.637500
0.641667
0.645833
0.645833
0.650000
0.641667
0.637500
0.641667
0.645833
0.641667
0.633333
0.645833
0.645833
0.637500
0.637500
0.633333
0.208333
0.433333
0.362500
0.925000
0.637500
0.637500
0.637500
0.637500
0.641667
0.633333
0.629167
0.633333
0.633333
0.637500
0.637500
0.633333
0.637500
0.633333
0.641667
0.212500
0.429167
0.637500
0.641667
0.383333
0.550000
0.283333
0.712500
0.645833
0.641667
0.641667
0.645833
0.637500
0.650000
0.641667
0.641667
0.641667
0.645833
0.650000
0.641667
0.637500
0.645833
0.641667
0.641667
0.416667
0.225000
0.641667
0.641667
0.404167
0.241667
0.629167
0.404167
0.912500
0.645833
0.750000
0.537500
0.395833
0.250000
0.366667
0.279167
0.641667
0.641667
0.645833
0.637500
0.637500
0.637500
0.645833
0.641667
0.637500
0.633333
0.641667
0.641667
0.633333
0.637500
0.637500
0.662500
0.604167
0.637500
0.645833
0.637500
0.637500
0.645833
0.650000
0.662500
0.637500
0.454167
0.195833
0.645833
0.645833
0.650000
0.645833
0.645833
0.645833
0.650000
0.645833
0.650000
0.662500
0.645833
0.641667
0.645833
0.654167
0.641667
0.641667
0.641667
0.654167
0.641667
0.641667
0.645833
0.645833
0.641667
0.641667
0.650000
0.654167
0.650000
0.650000
0.650000
0.658333
0.258333
0.387500
0.662500
0.645833
0.637500
0.529167
0.770833
0.645833
0.637500
0.637500
0.766667
0.604167
0.545833
0.633333
0.641667
0.633333
0.637500
0.633333
0.633333
0.641667
0.641667
0.637500
0.633333
0.641667
0.637500
0.637500
0.637500
0.641667
0.645833
0.641667
0.641667
0.641667
0.641667
0.641667
0.645833
0.654167
0.645833
0.641667
0.645833
0.645833
0.641667
0.637500
0.641667
0.645833
0.637500
0.633333
0.641667
0.637500
0.641667
0.637500
0.641667
0.645833
0.633333
0.633333
0.637500
0.633333
0.637500
0.633333
0.629167
0.633333
0.633333
0.633333
0.633333
0.633333
0.341667
0.937500
0.641667
0.650000
0.258333
0.379167
0.637500
0.637500
0.637500
0.645833
0.633333
0.633333
0.633333
0.633333
0.629167
0.629167
0.633333
0.633333
0.641667
0.637500
0.637500
0.637500
0.645833
0.658333
0.658333
0.662500
0.650000
0.650000
0.654167
0.654167
0.658333
0.645833
0.650000
0.654167
0.645833
0.645833
0.650000
0.654167
0.650000
0.645833
0.654167
0.641667
0.641667
0.641667
0.641667
0.637500
0.633333
0.633333
0.641667
0.645833
0.637500
0.637500
0.637500
0.641667
0.641667
0.637500
0.641667
0.562500
0.520833
0.983333
0.141667
0.341667
0.637500
0.625000
0.650000
0.637500
0.425000
0.212500
0.637500
0.783333
0.495833
0.637500
0.637500
0.645833
0.641667
0.641667
0.645833
0.654167
0.658333
0.658333
0.654167
0.658333
0.658333
0.666667
0.654167
0.670833
0.662500
0.662500
0.662500
0.658333
0.654167
0.658333
0.650000
0.650000
0.654167
0.587500
0.704167
0.654167
0.650000
0.641667
0.641667
0.645833
0.645833
0.641667
0.633333
0.637500
0.641667
0.637500
0.633333
0.637500
0.637500
0.633333
0.633333
0.633333
0.633333
0.629167
0.629167
0.637500
0.629167
0.629167
0.633333
0.637500
0.633333
0.629167
0.633333
0.637500
0.629167
0.641667
0.633333
0.629167
0.629167
0.629167
0.633333
0.625000
0.629167
0.625000
0.695833
0.554167
0.620833
0.400000
0.233333
0.625000
0.883333
0.391667
0.745833
0.516667
0.625000
0.633333
0.641667
0.633333
0.637500
0.633333
0.645833
0.641667
0.645833
0.645833
0.645833
0.658333
0.662500
0.650000
0.650000
0.645833
0.645833
0.650000
0.637500
0.633333
0.641667
0.633333
0.633333
0.637500
0.720833
0.333333
0.220833
0.412500
0.229167
0.250000
0.387500
0.637500
0.633333
0.462500
1.020833
0.420833
0.395833
0.237500
0.629167
0.633333
0.633333
0.633333
0.637500
0.629167
0.350000
0.408333
0.495833
0.645833
0.637500
0.658333
0.616667
0.633333
0.633333
0.637500
0.641667
0.633333
0.633333
0.641667
0.208333
0.212500
0.220833
0.645833
0.637500
0.633333
0.637500
0.641667
0.645833
0.929167
0.333333
0.425000
0.208333
0.633333
0.637500
0.645833
0.629167
0.629167
0.633333
0.629167
0.633333
0.637500
0.629167
0.266667
0.362500
0.637500
0.629167
0.637500
0.295833
0.350000
0.633333
0.633333
0.629167
0.237500
0.395833
0.637500
0.633333
0.633333
0.629167
0.204167
0.437500
0.633333
0.625000
0.633333
0.633333
0.645833
0.629167
0.637500
0.633333
0.637500
0.633333
0.633333
0.633333
0.633333
0.633333
0.637500
0.275000
0.354167
0.637500
0.633333
0.637500
0.658333
0.645833
0.654167
0.645833
0.658333
0.645833
0.645833
0.650000
0.650000
0.645833
0.641667
0.645833
0.645833
0.637500
0.637500
0.641667
0.641667
0.645833
0.650000
0.658333
0.650000
0.658333
0.662500
0.650000
0.650000
0.645833
0.645833
0.654167
0.641667
0.641667
0.641667
0.645833
0.637500
0.637500
0.637500
0.633333
0.637500
0.633333
0.637500
0.637500
0.408333
0.229167
0.650000
0.620833
0.633333
0.637500
0.637500
0.641667
0.637500
0.633333
0.637500
0.637500
0.633333
0.645833
0.633333
0.629167
0.633333
0.637500
0.629167
0.629167
0.633333
0.637500
0.629167
0.629167
0.629167
0.633333
0.633333
0.629167
0.633333
0.637500
0.637500
0.637500
0.633333
0.633333
0.637500
0.320833
0.312500
0.425000
0.208333
0.629167
0.633333
0.366667
0.266667
0.254167
0.379167
0.337500
0.308333
0.625000
0.629167
0.633333
0.629167
0.641667
0.629167
0.633333
0.629167
0.629167
0.637500
0.629167
0.641667
0.633333
0.629167
0.629167
0.637500
0.629167
0.620833
0.629167
0.633333
0.625000
0.620833
0.625000
0.625000
0.629167
0.629167
0.620833
0.625000
0.620833
0.625000
0.633333
0.620833
0.625000
0.616667
0.625000
0.629167
0.616667
0.620833
0.625000
0.633333
0.620833
0.620833
0.625000
0.625000
0.591667
0.391667
0.266667
0.629167
0.362500
0.258333
0.620833
0.475000
0.795833
0.637500
0.654167
0.637500
0.637500
0.637500
0.641667
0.645833
0.637500
0.645833
0.641667
0.650000
0.645833
0.645833
0.329167
0.320833
0.654167
0.645833
0.641667
0.641667
0.641667
0.645833
0.637500
0.633333
0.633333
0.641667
0.633333
0.629167
0.633333
0.637500
0.641667
0.629167
0.633333
0.633333
0.633333
0.637500
0.633333
0.637500
0.633333
