0.741667
0.787500
0.816667
0.954167
0.866667
1.729167
0.766667
0.670833
0.879167
0.800000
0.800000
0.741667
0.887500
0.812500
0.820833
0.933333
0.845833
1.754167
0.754167
0.745833
0.779167
0.950000
1.037500
0.566667
0.825000
0.729167
0.841667
0.912500
1.612500
0.800000
0.758333
0.708333
0.766667
0.741667
0.791667
0.850000
0.833333
0.833333
0.845833
0.862500
0.741667
0.795833
0.712500
2.650000
0.779167
2.687500
0.850000
1.650000
0.800000
0.845833
0.870833
0.812500
0.775000
0.887500
2.570833
0.725000
0.741667
1.795833
0.808333
0.783333
0.716667
0.775000
1.800000
0.783333
0.775000
4.370833
0.758333
0.887500
1.679167
0.912500
0.841667
0.895833
0.766667
0.820833
0.891667
0.825000
0.812500
0.762500
0.804167
1.825000
1.670833
0.770833
0.816667
0.862500
6.087500
0.691667
0.729167
0.954167
2.825000
1.470833
0.750000
0.895833
0.783333
0.770833
0.758333
0.795833
2.641667
0.829167
0.900000
0.691667
0.841667
0.200000
0.558333
0.895833
0.783333
0.737500
0.829167
0.950000
0.812500
0.866667
2.562500
0.908333
0.854167
0.762500
0.925000
0.787500
0.733333
2.637500
0.883333
0.816667
0.808333
2.679167
1.191667
1.375000
0.854167
0.833333
0.770833
0.737500
0.712500
1.204167
0.487500
0.745833
0.745833
0.891667
0.883333
0.783333
0.870833
1.745833
1.791667
0.833333
0.870833
0.779167
0.925000
0.766667
0.770833
0.770833
0.725000
0.720833
0.891667
0.770833
0.941667
0.804167
0.829167
0.725000
0.850000
2.537500
0.820833
0.820833
0.945833
5.158333
0.820833
0.758333
0.787500
0.870833
2.616667
0.775000
0.766667
0.729167
0.800000
0.729167
0.941667
0.779167
0.808333
0.754167
0.737500
0.787500
4.354167
0.779167
1.800000
3.429167
0.745833
1.787500
4.262500
0.825000
3.533333
0.845833
0.700000
1.762500
0.766667
0.804167
1.816667
1.637500
0.862500
0.787500
0.704167
3.495833
0.795833
0.775000
0.795833
0.820833
0.758333
0.887500
0.804167
0.808333
0.850000
6.020833
1.804167
0.745833
0.758333
0.825000
0.825000
1.745833
0.837500
0.737500
0.787500
0.720833
0.829167
0.804167
1.787500
0.795833
0.733333
0.908333
0.791667
0.800000
2.641667
0.833333
0.875000
0.791667
1.766667
0.887500
0.758333
0.829167
0.879167
2.637500
2.587500
2.545833
0.741667
0.875000
0.775000
0.945833
0.733333
0.866667
0.791667
0.941667
0.816667
0.762500
0.770833
0.833333
4.375000
2.583333
0.775000
2.616667
0.812500
0.820833
0.725000
4.275000
6.970833
3.375000
2.604167
1.666667
0.741667
1.795833
0.866667
0.816667
0.862500
0.800000
3.516667
1.737500
0.829167
0.883333
1.695833
1.741667
1.704167
2.579167
0.787500
0.766667
1.787500
0.479167
0.312500
1.766667
0.804167
0.925000
0.762500
0.837500
2.604167
5.237500
2.504167
1.770833
1.662500
0.775000
0.895833
0.833333
0.791667
0.820833
0.762500
0.950000
0.825000
0.791667
3.529167
5.108333
2.633333
0.791667
1.783333
0.766667
0.754167
0.858333
0.770833
0.808333
0.862500
0.758333
11.212500
0.866667
0.879167
0.858333
1.720833
1.758333
1.725000
0.800000
0.775000
0.779167
0.770833
0.758333
0.929167
1.704167
0.783333
0.750000
2.637500
0.858333
1.766667
0.783333
0.720833
0.825000
0.816667
3.308333
1.962500
0.820833
0.754167
2.679167
0.808333
0.733333
0.779167
0.879167
0.879167
0.875000
0.900000
0.758333
0.866667
3.529167
1.712500
2.529167
1.704167
0.808333
0.920833
0.733333
2.620833
0.804167
0.937500
0.754167
0.887500
2.591667
1.737500
0.737500
0.862500
0.804167
0.829167
0.841667
0.783333
0.800000
4.383333
4.300000
0.750000
1.712500
0.870833
3.470833
3.408333
0.845833
0.795833
0.741667
1.770833
1.725000
0.745833
0.845833
1.487500
2.850000
0.795833
0.804167
0.791667
0.862500
0.783333
1.808333
1.654167
0.787500
0.950000
0.745833
0.908333
0.833333
0.925000
0.791667
0.891667
0.791667
0.720833
0.825000
2.620833
0.720833
0.725000
0.791667
0.950000
1.662500
2.608333
0.791667
0.829167
0.866667
0.920833
2.608333
1.691667
0.779167
0.941667
0.812500
0.770833
1.754167
0.887500
0.812500
0.845833
0.895833
0.775000
0.908333
0.783333
0.945833
0.816667
1.775000
1.712500
0.762500
0.912500
0.770833
0.758333
0.758333
0.954167
1.679167
1.762500
1.716667
1.716667
0.850000
1.150000
2.291667
0.812500
0.737500
0.766667
0.683333
0.254167
0.345833
0.350000
0.812500
0.691667
0.762500
0.704167
0.962500
0.775000
0.850000
0.875000
0.808333
0.750000
0.737500
0.704167
0.720833
0.908333
0.862500
0.758333
1.833333
3.112500
0.250000
2.304167
0.262500
0.804167
0.954167
2.512500
0.900000
1.745833
0.795833
0.779167
0.900000
0.820833
0.945833
0.866667
1.733333
0.808333
1.691667
0.833333
0.829167
0.333333
1.483333
1.691667
0.875000
0.733333
1.737500
0.783333
0.708333
0.733333
1.716667
0.804167
1.833333
1.620833
0.712500
0.683333
1.758333
0.766667
1.779167
