0.916667
0.929167
0.920833
0.916667
0.875000
0.862500
0.858333
0.829167
0.837500
0.854167
0.841667
0.862500
0.850000
0.850000
0.862500
0.870833
0.845833
0.808333
0.804167
0.804167
0.829167
0.845833
0.820833
0.850000
0.850000
0.875000
0.883333
0.858333
0.870833
0.850000
0.858333
0.833333
0.850000
0.854167
0.854167
0.841667
0.841667
0.825000
0.812500
0.825000
0.845833
0.883333
0.895833
0.904167
0.900000
0.870833
0.858333
0.875000
0.887500
0.887500
0.933333
0.941667
0.941667
0.958333
0.958333
0.916667
0.912500
0.916667
0.883333
0.870833
0.870833
0.908333
0.883333
0.883333
0.912500
0.925000
0.891667
0.904167
0.900000
0.916667
0.920833
0.920833
0.904167
0.908333
0.908333
0.879167
0.895833
0.912500
0.895833
0.887500
0.883333
0.916667
0.950000
0.929167
0.945833
0.958333
0.929167
0.945833
0.979167
0.954167
0.945833
0.975000
0.941667
0.937500
0.966667
0.958333
0.920833
0.945833
0.933333
0.916667
0.937500
0.941667
0.904167
0.937500
0.950000
0.916667
0.937500
0.950000
0.920833
0.945833
0.954167
0.925000
0.954167
0.966667
0.925000
0.954167
0.966667
0.933333
0.975000
0.966667
0.933333
0.983333
0.975000
0.933333
0.966667
0.941667
0.920833
0.945833
0.933333
0.912500
0.933333
0.950000
0.908333
0.937500
0.950000
0.908333
0.933333
0.937500
0.891667
0.879167
0.862500
0.916667
0.925000
0.883333
0.908333
0.933333
0.895833
0.945833
0.966667
0.933333
0.916667
0.941667
0.941667
0.908333
0.937500
0.950000
0.929167
0.916667
0.937500
0.941667
0.908333
0.929167
0.941667
0.929167
0.912500
0.950000
0.962500
0.925000
0.945833
0.966667
0.937500
0.933333
0.958333
0.950000
0.933333
0.970833
0.962500
0.933333
0.966667
0.966667
0.912500
0.908333
0.916667
0.904167
0.850000
0.854167
0.862500
0.883333
0.887500
0.887500
0.858333
0.862500
0.862500
0.845833
0.837500
0.800000
0.812500
0.829167
0.850000
0.845833
0.841667
0.820833
0.841667
0.837500
0.854167
0.866667
0.875000
0.833333
0.845833
0.854167
0.862500
0.862500
0.837500
0.841667
0.850000
0.862500
0.833333
0.837500
0.850000
0.862500
0.875000
0.870833
0.858333
0.825000
0.833333
0.858333
0.875000
0.883333
0.875000
0.879167
0.850000
0.875000
0.908333
0.875000
0.866667
0.845833
0.829167
0.816667
0.787500
0.787500
0.787500
0.787500
0.804167
0.829167
0.850000
0.845833
0.825000
0.833333
0.837500
0.841667
0.833333
0.837500
0.837500
0.862500
0.883333
0.900000
0.875000
0.900000
0.895833
0.870833
0.862500
0.850000
0.829167
0.841667
0.837500
0.862500
0.875000
0.887500
0.854167
0.854167
0.858333
0.866667
0.850000
0.858333
0.879167
0.891667
0.883333
0.887500
0.862500
0.866667
0.870833
0.879167
0.854167
0.875000
0.866667
0.870833
0.862500
0.862500
0.850000
0.854167
0.862500
0.870833
0.875000
0.866667
0.858333
0.858333
0.862500
0.850000
0.825000
0.825000
0.825000
0.850000
0.870833
0.904167
0.908333
0.870833
0.854167
0.854167
0.854167
0.858333
0.875000
0.887500
0.875000
0.866667
0.870833
0.858333
0.845833
0.862500
0.879167
0.883333
0.883333
0.866667
0.862500
0.850000
0.837500
0.820833
0.829167
0.845833
0.866667
0.879167
0.875000
0.858333
0.829167
0.829167
0.816667
0.816667
0.833333
0.841667
0.837500
0.804167
0.812500
0.833333
0.866667
0.870833
0.920833
0.962500
0.933333
0.941667
0.983333
0.958333
0.908333
1.858333
0.904167
0.870833
0.862500
0.829167
0.812500
0.787500
0.450000
0.320833
0.754167
0.745833
0.741667
0.729167
0.720833
0.725000
0.716667
0.720833
0.725000
0.745833
0.325000
0.387500
0.712500
0.766667
0.783333
0.833333
0.845833
0.845833
0.900000
0.904167
0.900000
0.925000
0.933333
0.912500
0.900000
0.291667
0.270833
0.487500
0.529167
0.312500
0.604167
0.266667
0.616667
0.879167
0.837500
0.841667
0.812500
0.795833
0.783333
0.775000
0.787500
0.766667
0.750000
0.779167
0.791667
0.783333
0.775000
0.816667
0.833333
0.820833
0.854167
0.883333
0.895833
0.875000
0.875000
0.866667
0.875000
0.879167
0.525000
0.320833
0.108333
0.250000
0.504167
0.862500
0.866667
0.862500
0.833333
0.841667
0.829167
0.820833
0.808333
0.825000
0.816667
0.850000
0.850000
0.854167
0.845833
0.862500
0.891667
0.891667
0.875000
0.858333
0.879167
0.891667
0.904167
0.887500
0.854167
0.866667
0.883333
0.866667
0.895833
0.904167
0.908333
0.891667
0.883333
0.858333
0.845833
0.841667
0.858333
0.870833
0.887500
0.900000
0.858333
0.866667
0.875000
0.866667
0.850000
0.854167
0.862500
0.870833
0.854167
0.841667
0.833333
0.829167
0.833333
0.825000
0.791667
0.800000
0.804167
0.820833
0.804167
0.833333
0.833333
0.837500
0.837500
0.829167
0.820833
0.300000
0.495833
0.775000
0.775000
0.766667
0.795833
0.816667
0.866667
0.879167
0.854167
0.858333
0.841667
0.816667
0.829167
0.829167
0.833333
0.829167
0.804167
0.808333
0.804167
0.795833
0.787500
0.795833
0.812500
0.812500
0.833333
0.854167
0.875000
0.862500
0.875000
0.879167
0.870833
0.841667
0.829167
0.837500
0.845833
0.854167
0.858333
0.850000
0.808333
0.820833
0.812500
0.816667
0.820833
0.812500
0.833333
0.841667
0.854167
0.837500
0.854167
0.862500
0.825000
0.841667
0.837500
0.837500
0.820833
0.825000
0.833333
0.820833
0.812500
0.837500
0.841667
0.829167
0.837500
0.829167
0.820833
0.820833
0.791667
0.800000
0.800000
0.808333
0.820833
0.833333
0.816667
0.833333
0.825000
0.820833
0.837500
0.858333
0.891667
0.875000
0.891667
0.891667
0.875000
0.858333
1.058333
0.700000
0.850000
0.829167
1.600000
0.766667
0.745833
0.729167
0.712500
0.700000
0.691667
0.675000
0.666667
0.666667
0.654167
0.670833
0.666667
0.679167
0.695833
0.733333
0.737500
0.766667
0.791667
0.783333
0.841667
0.866667
0.850000
0.870833
0.900000
0.895833
0.895833
0.900000
0.883333
0.900000
0.904167
0.904167
0.895833
0.891667
0.883333
0.866667
0.845833
0.816667
0.804167
0.820833
0.841667
0.845833
0.845833
0.879167
0.900000
0.875000
0.895833
0.916667
0.916667
0.879167
0.887500
0.887500
0.854167
0.858333
0.875000
0.854167
0.879167
0.866667
0.866667
0.854167
0.833333
0.833333
0.837500
0.845833
0.858333
0.858333
0.862500
0.870833
0.845833
0.858333
0.870833
0.866667
0.866667
0.912500
0.925000
0.900000
0.904167
0.912500
0.891667
0.887500
0.904167
0.891667
0.887500
0.912500
0.912500
0.895833
0.920833
0.908333
0.912500
0.891667
0.908333
0.900000
0.895833
0.866667
0.879167
0.900000
0.904167
0.904167
0.945833
0.929167
0.920833
0.941667
0.941667
0.912500
0.937500
0.945833
0.891667
0.920833
0.929167
0.912500
0.891667
0.912500
0.908333
0.879167
0.895833
0.908333
0.600000
1.054167
0.962500
0.908333
0.908333
0.912500
0.904167
0.912500
0.941667
0.941667
0.929167
0.954167
0.958333
0.933333
0.979167
0.975000
0.933333
0.950000
0.941667
0.904167
0.916667
0.895833
0.891667
0.908333
0.883333
0.908333
0.925000
0.895833
0.912500
0.908333
0.887500
0.908333
0.912500
0.875000
0.916667
