0.633333
0.391667
0.250000
0.433333
0.191667
0.783333
0.495833
0.645833
0.620833
0.616667
0.629167
0.208333
0.416667
0.337500
0.287500
0.683333
0.550000
0.200000
0.416667
0.637500
0.645833
0.616667
0.637500
0.166667
0.466667
0.183333
0.454167
0.633333
0.616667
0.541667
0.095833
0.625000
0.300000
0.329167
0.612500
0.604167
0.625000
0.612500
0.616667
0.620833
0.608333
0.208333
0.400000
0.458333
0.150000
0.212500
0.404167
0.629167
0.625000
0.612500
0.633333
0.629167
0.633333
0.645833
0.612500
0.641667
0.808333
0.062500
1.041667
0.620833
0.641667
0.620833
0.637500
0.991667
0.229167
0.625000
0.629167
0.645833
0.612500
1.454167
0.458333
0.633333
0.600000
0.633333
0.625000
0.625000
0.608333
0.604167
0.625000
0.616667
0.616667
0.604167
0.591667
0.245833
0.587500
0.387500
0.595833
0.595833
1.175000
0.591667
0.591667
0.600000
0.583333
0.583333
0.595833
0.604167
0.595833
0.608333
0.591667
0.616667
0.608333
0.620833
0.625000
0.787500
0.216667
0.229167
0.620833
0.641667
0.641667
0.637500
0.662500
0.654167
0.658333
0.645833
0.625000
0.641667
0.637500
0.633333
0.620833
0.616667
0.637500
0.229167
1.054167
0.670833
0.258333
0.379167
0.916667
0.400000
0.658333
0.620833
0.633333
0.629167
0.633333
0.650000
0.625000
0.641667
0.641667
0.658333
0.654167
0.629167
0.654167
0.645833
0.658333
0.633333
1.258333
0.629167
0.629167
0.620833
0.612500
0.625000
0.641667
0.641667
0.662500
1.300000
0.650000
1.012500
0.291667
0.625000
0.654167
0.641667
0.633333
0.658333
0.791667
0.191667
0.283333
0.637500
0.933333
0.350000
0.625000
0.641667
0.650000
0.645833
0.654167
0.629167
0.650000
0.662500
0.670833
0.650000
0.308333
0.350000
0.650000
0.654167
0.637500
0.612500
0.637500
0.620833
0.629167
0.612500
0.600000
0.841667
1.045833
0.625000
0.612500
0.641667
1.262500
0.629167
0.616667
0.637500
0.625000
0.629167
0.629167
0.620833
0.641667
0.633333
0.654167
0.741667
0.508333
0.645833
0.625000
0.650000
0.625000
0.625000
0.508333
0.770833
0.645833
0.625000
0.616667
0.637500
0.633333
0.633333
0.608333
0.629167
0.629167
0.625000
0.633333
0.616667
0.616667
0.295833
0.325000
0.620833
0.629167
0.612500
1.262500
1.037500
0.237500
0.604167
0.641667
1.450000
1.054167
1.258333
0.629167
1.866667
0.633333
0.629167
0.620833
0.612500
0.629167
0.637500
0.750000
0.320833
0.195833
0.629167
0.637500
0.650000
0.650000
0.629167
0.500000
0.787500
0.654167
0.654167
0.620833
1.295833
0.654167
0.616667
0.625000
0.641667
0.637500
0.637500
0.616667
0.645833
1.108333
0.154167
0.608333
1.220833
0.612500
0.629167
0.612500
0.254167
0.350000
0.625000
0.212500
0.420833
0.625000
0.608333
0.612500
0.629167
0.629167
0.637500
0.616667
0.645833
0.620833
0.633333
0.633333
0.616667
0.629167
0.633333
0.629167
0.625000
0.783333
0.479167
0.633333
0.666667
0.662500
0.525000
0.241667
0.295833
0.225000
0.658333
0.658333
0.645833
0.670833
0.104167
0.562500
0.666667
0.637500
0.245833
0.412500
0.650000
0.620833
1.245833
0.612500
0.616667
0.595833
1.191667
0.233333
0.362500
1.179167
0.575000
1.200000
0.604167
0.604167
1.191667
0.612500
1.229167
1.212500
0.379167
0.400000
0.450000
0.608333
0.845833
0.366667
0.608333
0.629167
0.375000
0.258333
0.616667
0.641667
1.291667
0.633333
0.637500
0.637500
0.245833
0.383333
0.637500
0.608333
0.241667
0.387500
0.212500
0.395833
0.254167
0.366667
0.612500
0.258333
0.341667
0.354167
0.262500
0.612500
0.629167
0.620833
0.504167
0.341667
0.408333
0.629167
0.641667
0.620833
0.616667
0.637500
0.620833
0.625000
0.625000
1.229167
1.491667
0.358333
0.604167
0.233333
0.495833
0.208333
0.916667
0.616667
0.604167
0.170833
0.462500
0.808333
0.425000
0.625000
0.354167
0.245833
0.629167
0.616667
0.975000
0.275000
0.595833
0.620833
0.887500
0.362500
0.595833
0.820833
1.008333
0.629167
1.225000
0.620833
0.629167
0.604167
0.620833
0.625000
0.620833
0.604167
0.595833
0.612500
0.604167
0.604167
0.579167
0.608333
0.604167
0.604167
0.591667
0.595833
0.625000
0.616667
0.608333
0.591667
1.204167
0.587500
0.583333
0.591667
0.366667
0.804167
0.587500
0.575000
0.587500
0.608333
0.616667
0.425000
0.804167
0.633333
0.629167
0.216667
0.400000
0.637500
0.629167
0.604167
0.637500
0.625000
0.633333
0.616667
0.187500
0.420833
0.629167
0.612500
0.620833
0.591667
0.245833
0.383333
0.608333
0.608333
0.604167
0.612500
0.616667
0.241667
0.366667
0.616667
0.587500
0.612500
0.612500
0.612500
0.600000
0.595833
0.612500
0.612500
0.620833
0.595833
0.883333
0.350000
0.616667
0.612500
0.608333
0.625000
0.258333
0.295833
0.683333
0.600000
0.629167
0.620833
0.633333
0.625000
0.616667
0.629167
0.633333
0.637500
0.612500
1.287500
0.633333
0.604167
0.845833
1.041667
0.620833
0.300000
0.300000
0.625000
0.629167
0.629167
0.600000
1.266667
1.250000
0.620833
0.629167
1.254167
0.608333
0.641667
0.612500
0.629167
0.629167
0.612500
0.637500
0.804167
0.470833
0.620833
0.645833
0.650000
0.633333
0.879167
0.154167
0.220833
0.270833
0.354167
0.233333
0.395833
0.629167
0.612500
0.633333
0.612500
0.629167
0.620833
0.566667
0.229167
0.437500
0.620833
0.629167
0.604167
0.283333
0.350000
0.358333
0.262500
0.641667
0.633333
0.987500
0.904167
0.637500
1.254167
0.633333
0.637500
0.783333
0.470833
0.629167
0.641667
0.654167
0.512500
0.554167
0.204167
0.816667
0.470833
0.600000
0.433333
0.195833
0.612500
0.604167
0.608333
0.608333
0.595833
0.587500
0.604167
0.600000
0.600000
0.600000
1.212500
0.612500
0.633333
0.604167
0.645833
0.633333
0.645833
0.650000
0.608333
1.287500
0.633333
0.620833
0.650000
0.637500
1.254167
0.625000
0.620833
0.633333
0.637500
0.625000
1.287500
0.637500
0.666667
0.633333
1.483333
0.004167
0.475000
0.641667
0.629167
0.637500
0.637500
0.625000
0.800000
0.441667
0.375000
0.258333
0.616667
0.620833
0.612500
0.616667
0.912500
0.379167
0.612500
0.641667
1.287500
0.641667
0.616667
0.654167
0.650000
0.645833
0.616667
0.637500
0.633333
0.645833
0.616667
0.616667
0.858333
0.416667
0.633333
0.612500
0.637500
0.633333
0.870833
0.383333
1.241667
0.637500
0.333333
0.929167
0.962500
0.941667
0.637500
0.612500
0.641667
0.629167
0.654167
0.620833
1.250000
0.625000
0.629167
1.241667
0.620833
1.250000
0.616667
1.270833
1.270833
0.608333
0.433333
0.195833
0.616667
0.629167
0.616667
0.608333
1.258333
1.283333
0.512500
0.329167
0.425000
1.304167
0.645833
0.629167
0.645833
0.645833
0.650000
0.629167
0.450000
0.812500
1.295833
0.633333
0.645833
0.633333
1.233333
0.595833
0.612500
0.608333
0.608333
0.604167
0.595833
0.616667
0.616667
0.237500
0.387500
0.491667
0.120833
0.704167
0.762500
0.370833
0.291667
0.479167
0.512500
0.187500
0.425000
0.825000
0.429167
0.645833
0.366667
0.262500
0.633333
0.637500
0.620833
0.587500
0.608333
0.600000
0.595833
0.583333
0.566667
0.591667
0.575000
0.587500
0.579167
0.566667
0.591667
0.483333
0.304167
0.395833
0.583333
0.575000
0.600000
0.229167
0.616667
0.350000
0.595833
1.191667
1.200000
0.600000
0.591667
0.608333
1.225000
0.600000
0.625000
0.058333
0.554167
0.629167
1.204167
0.612500
0.629167
0.620833
0.479167
0.754167
1.287500
0.641667
0.537500
0.504167
0.866667
0.629167
0.620833
0.625000
1.262500
1.254167
0.645833
0.629167
0.291667
0.345833
1.245833
0.195833
1.062500
0.641667
0.737500
0.691667
0.470833
0.650000
0.616667
0.645833
0.641667
0.645833
0.633333
0.625000
1.300000
0.645833
0.620833
0.641667
0.637500
0.658333
0.641667
0.216667
0.425000
0.666667
0.670833
0.662500
0.629167
0.662500
0.295833
0.350000
0.641667
0.620833
0.650000
0.637500
0.654167
0.641667
0.629167
0.879167
1.066667
1.254167
0.641667
0.633333
0.629167
0.616667
0.641667
1.300000
0.616667
0.666667
0.658333
0.658333
1.279167
1.329167
0.637500
0.629167
0.187500
0.454167
0.637500
0.637500
0.616667
0.758333
0.516667
0.400000
0.237500
0.629167
0.616667
0.629167
0.637500
0.633333
0.645833
0.625000
0.641667
0.645833
0.654167
0.625000
0.650000
0.645833
0.650000
0.645833
0.862500
0.437500
0.650000
0.662500
1.295833
0.650000
0.637500
0.633333
0.620833
0.616667
0.608333
0.587500
0.591667
0.595833
0.600000
0.620833
0.608333
0.595833
0.625000
0.620833
0.616667
0.641667
0.625000
0.654167
0.637500
0.645833
0.654167
0.633333
0.641667
0.354167
0.295833
0.654167
0.645833
0.658333
0.666667
0.683333
0.691667
0.683333
0.700000
1.475000
0.700000
0.720833
0.712500
0.712500
0.666667
0.687500
0.695833
0.700000
0.675000
0.704167
0.729167
0.733333
0.683333
0.720833
0.708333
0.687500
0.679167
0.687500
0.683333
0.720833
0.683333
0.700000
0.695833
0.683333
0.658333
0.679167
0.662500
0.662500
0.625000
0.645833
0.633333
0.662500
0.654167
0.633333
0.679167
0.687500
0.695833
0.704167
0.720833
0.704167
0.712500
0.695833
0.187500
0.520833
0.695833
0.716667
0.683333
0.700000
0.704167
0.700000
0.666667
0.687500
0.683333
0.683333
0.658333
0.229167
0.450000
0.679167
0.683333
0.670833
0.695833
0.683333
0.695833
0.666667
0.691667
0.712500
0.729167
0.475000
0.208333
0.720833
0.704167
0.704167
0.679167
0.687500
0.691667
0.691667
0.654167
0.687500
0.687500
0.704167
0.670833
0.716667
0.695833
0.737500
0.683333
0.704167
0.708333
0.708333
0.666667
0.704167
0.708333
0.712500
0.237500
0.437500
0.704167
0.695833
0.700000
0.666667
