0.791667
0.808333
0.808333
0.825000
0.712500
0.675000
0.758333
0.695833
1.779167
0.641667
0.875000
0.891667
0.758333
0.758333
0.704167
0.775000
0.729167
1.816667
0.675000
0.787500
0.691667
0.733333
0.795833
0.758333
0.766667
0.829167
0.812500
0.816667
0.833333
2.595833
1.766667
2.483333
0.891667
0.708333
0.779167
2.562500
0.808333
0.862500
0.737500
0.700000
0.733333
0.845833
0.775000
0.904167
0.775000
0.650000
0.770833
0.766667
1.741667
0.729167
0.725000
0.716667
0.683333
0.704167
0.662500
0.825000
0.758333
0.712500
0.683333
0.908333
0.720833
0.787500
1.683333
0.729167
0.795833
1.812500
0.725000
0.741667
3.420833
0.750000
0.775000
0.645833
0.704167
0.879167
0.725000
0.791667
2.520833
0.729167
0.883333
0.825000
0.825000
0.716667
0.825000
0.833333
0.770833
0.816667
0.654167
0.741667
1.795833
0.812500
0.791667
0.758333
0.766667
1.745833
0.670833
2.587500
0.704167
0.754167
0.762500
0.683333
0.870833
5.237500
0.770833
0.791667
0.679167
0.633333
0.758333
0.845833
0.708333
0.716667
0.737500
1.733333
0.850000
0.745833
0.679167
1.800000
0.808333
0.737500
0.841667
0.908333
0.866667
2.437500
0.904167
1.775000
1.637500
0.683333
0.679167
1.741667
2.504167
0.658333
1.579167
2.570833
0.675000
2.520833
0.700000
0.670833
0.683333
0.908333
0.787500
0.770833
0.754167
0.766667
0.741667
0.804167
0.737500
0.891667
0.816667
0.695833
0.854167
0.733333
0.758333
0.758333
0.779167
0.895833
0.687500
0.891667
1.729167
0.729167
0.729167
0.833333
0.662500
0.875000
0.800000
0.795833
0.879167
0.787500
0.829167
0.808333
0.841667
0.779167
0.904167
0.787500
0.766667
0.704167
0.762500
0.737500
1.791667
0.737500
0.791667
0.854167
0.800000
0.816667
0.820833
1.691667
0.791667
0.733333
0.720833
0.804167
0.750000
0.783333
0.716667
0.750000
0.787500
0.733333
0.687500
1.816667
0.687500
0.704167
0.875000
0.670833
0.887500
0.658333
0.720833
0.845833
1.712500
0.720833
1.829167
0.741667
0.754167
0.804167
0.900000
0.775000
0.675000
0.841667
0.712500
0.758333
1.754167
0.779167
0.750000
0.704167
0.804167
0.883333
1.783333
0.791667
0.708333
0.750000
0.787500
0.800000
0.754167
0.675000
0.683333
0.683333
0.729167
0.904167
0.733333
0.704167
0.775000
1.758333
0.841667
0.741667
1.700000
0.912500
0.737500
0.750000
0.833333
0.879167
0.658333
0.750000
0.716667
0.854167
0.704167
0.825000
1.729167
0.675000
0.825000
0.870833
0.887500
0.733333
0.925000
0.829167
0.754167
0.820833
0.858333
0.812500
0.745833
1.750000
0.779167
0.745833
0.712500
0.720833
0.887500
1.729167
0.800000
0.708333
0.654167
0.912500
0.812500
0.762500
0.708333
0.754167
0.700000
0.833333
0.795833
0.729167
0.733333
0.750000
0.733333
0.758333
0.658333
1.787500
0.741667
0.812500
0.883333
0.754167
1.687500
0.670833
0.754167
0.800000
0.845833
1.708333
0.904167
1.666667
0.679167
0.745833
0.737500
0.675000
0.745833
0.800000
0.683333
0.804167
0.750000
0.883333
0.725000
0.916667
0.712500
0.804167
2.675000
0.733333
0.812500
0.900000
0.737500
0.737500
0.725000
1.783333
0.704167
0.679167
0.812500
0.904167
0.829167
0.733333
0.754167
0.687500
1.720833
0.829167
0.833333
0.745833
0.766667
0.845833
0.837500
0.787500
0.758333
0.725000
0.866667
0.654167
0.708333
0.825000
0.729167
0.791667
0.729167
0.791667
0.883333
0.708333
0.900000
0.779167
0.741667
0.700000
0.675000
0.858333
0.808333
0.850000
0.758333
0.700000
0.654167
3.508333
1.587500
0.695833
0.725000
1.737500
0.695833
0.741667
0.808333
0.762500
1.700000
0.675000
0.800000
2.604167
1.787500
0.695833
0.766667
0.770833
0.791667
0.779167
2.637500
0.679167
0.695833
0.787500
0.666667
0.725000
0.804167
0.741667
2.675000
0.666667
0.720833
0.704167
0.783333
0.737500
0.695833
0.795833
0.695833
0.675000
1.762500
0.708333
0.845833
2.608333
0.654167
1.662500
0.900000
2.570833
0.775000
0.879167
0.820833
0.808333
0.804167
0.762500
0.733333
0.816667
0.716667
0.662500
0.900000
0.745833
0.862500
0.850000
0.666667
0.712500
0.733333
0.854167
0.904167
0.837500
0.820833
0.737500
0.666667
0.658333
0.837500
0.741667
0.879167
0.762500
0.700000
0.875000
0.770833
0.737500
0.850000
0.704167
0.800000
0.837500
0.816667
0.858333
0.650000
0.841667
3.495833
1.612500
0.779167
0.725000
0.800000
0.841667
0.712500
0.762500
0.737500
0.691667
0.679167
0.750000
0.733333
0.875000
0.787500
0.733333
0.733333
0.875000
0.795833
1.779167
0.704167
1.675000
3.470833
1.637500
0.887500
0.791667
0.837500
0.862500
0.762500
0.716667
0.666667
0.708333
0.875000
0.662500
0.650000
0.791667
0.741667
0.870833
0.891667
1.666667
0.812500
0.762500
0.895833
0.841667
0.708333
0.812500
0.825000
0.829167
0.675000
0.875000
0.891667
0.745833
3.487500
0.854167
0.766667
0.791667
0.812500
0.737500
0.758333
0.854167
0.779167
0.691667
0.770833
1.679167
0.720833
0.908333
0.737500
0.716667
0.720833
0.704167
0.812500
0.787500
0.737500
0.687500
0.833333
0.816667
0.750000
0.745833
0.833333
0.750000
0.700000
0.820833
1.750000
0.862500
0.820833
0.720833
0.841667
0.629167
0.808333
0.704167
0.766667
1.808333
0.691667
0.658333
0.916667
1.645833
0.862500
0.683333
0.850000
0.766667
0.729167
0.716667
0.837500
0.645833
1.758333
0.725000
0.729167
0.804167
0.683333
0.841667
0.829167
1.754167
0.812500
0.712500
0.725000
0.770833
0.745833
0.720833
0.808333
0.666667
0.650000
1.737500
0.862500
0.704167
0.729167
0.775000
0.691667
0.883333
0.700000
0.704167
0.754167
0.695833
0.750000
0.820833
0.762500
0.700000
0.641667
0.758333
0.729167
0.695833
5.091667
0.695833
0.783333
0.733333
0.712500
0.737500
0.741667
0.683333
0.833333
0.820833
0.679167
0.741667
0.675000
1.666667
0.683333
1.608333
0.870833
0.691667
0.791667
0.879167
0.650000
0.750000
0.679167
0.720833
0.645833
0.729167
0.845833
0.750000
0.641667
0.637500
0.820833
0.725000
0.683333
0.737500
0.837500
1.770833
0.795833
0.800000
0.691667
0.787500
0.754167
0.829167
0.737500
0.170833
0.608333
0.791667
0.879167
0.812500
0.833333
0.762500
0.708333
0.879167
0.858333
0.783333
0.758333
0.854167
3.512500
4.275000
1.741667
0.704167
0.787500
0.754167
0.687500
0.725000
0.687500
0.904167
0.725000
0.858333
0.762500
0.850000
0.737500
0.712500
0.704167
0.804167
0.729167
0.725000
0.704167
0.641667
1.816667
0.625000
1.658333
0.754167
