0.420833
1.162500
0.837500
0.516667
0.750000
0.733333
0.762500
0.850000
0.650000
0.720833
0.725000
0.762500
0.825000
0.691667
0.679167
1.025000
0.516667
1.012500
0.616667
0.908333
0.750000
0.504167
0.762500
0.720833
0.979167
0.437500
0.583333
1.120833
0.454167
1.008333
0.858333
1.008333
0.558333
0.791667
0.754167
0.754167
0.758333
0.758333
0.741667
0.708333
0.800000
0.866667
0.645833
0.750000
0.754167
0.750000
1.000000
0.495833
0.737500
0.762500
0.662500
1.012500
0.608333
0.654167
0.725000
1.000000
0.479167
0.762500
1.733333
0.466667
0.991667
0.508333
0.720833
0.758333
0.729167
0.762500
0.745833
0.725000
1.750000
0.437500
0.825000
0.675000
0.758333
0.733333
0.695833
1.000000
0.766667
0.712500
0.558333
0.729167
0.754167
0.683333
0.758333
0.966667
0.600000
0.645833
0.812500
0.725000
0.608333
0.600000
0.987500
1.725000
0.716667
0.858333
0.854167
0.887500
0.858333
0.766667
1.529167
0.787500
0.762500
0.783333
0.866667
0.925000
0.762500
0.512500
0.700000
1.583333
1.541667
0.895833
0.558333
1.541667
0.720833
0.858333
0.775000
1.741667
1.220833
0.616667
0.812500
0.987500
1.500000
1.066667
1.470833
3.191667
0.550000
1.708333
0.783333
1.533333
0.733333
0.804167
0.762500
1.766667
1.258333
0.591667
1.004167
0.754167
0.475000
0.812500
1.437500
0.766667
0.700000
0.904167
0.362500
0.800000
0.866667
0.829167
0.825000
0.775000
0.745833
0.766667
0.754167
0.729167
0.779167
0.712500
0.712500
0.733333
0.795833
0.675000
0.845833
0.708333
0.675000
0.750000
0.800000
0.716667
0.741667
0.791667
0.754167
0.675000
0.845833
0.708333
0.758333
0.737500
0.762500
0.750000
0.725000
0.770833
0.770833
0.745833
0.754167
0.737500
0.758333
1.595833
0.733333
0.758333
0.741667
0.620833
0.729167
0.812500
0.750000
0.700000
0.941667
0.679167
0.783333
0.504167
0.720833
0.833333
0.675000
0.779167
0.758333
0.754167
0.758333
0.725000
0.858333
0.691667
0.758333
0.758333
0.725000
0.850000
1.466667
0.766667
0.766667
0.758333
0.758333
0.720833
0.854167
0.700000
0.750000
0.754167
0.750000
0.750000
0.754167
0.754167
0.754167
0.758333
0.750000
0.754167
0.745833
0.745833
0.754167
0.758333
0.754167
0.675000
0.845833
0.608333
0.729167
0.791667
0.754167
0.691667
0.858333
0.637500
0.795833
0.729167
0.745833
0.745833
0.933333
0.591667
0.675000
0.766667
1.475000
0.766667
0.741667
0.729167
1.020833
0.483333
0.637500
0.700000
0.979167
1.875000
0.700000
0.716667
0.858333
1.566667
0.729167
0.700000
1.012500
0.616667
0.837500
1.262500
1.575000
0.662500
0.745833
0.750000
1.758333
1.300000
0.700000
1.750000
0.512500
0.750000
0.754167
1.729167
0.508333
0.758333
0.737500
1.495833
1.725000
0.554167
1.737500
1.504167
0.558333
0.904167
0.529167
0.733333
0.779167
1.516667
0.754167
0.737500
1.008333
0.570833
0.745833
0.725000
0.612500
0.816667
0.662500
0.725000
0.645833
0.987500
0.720833
0.858333
0.854167
0.829167
0.733333
0.766667
0.745833
0.745833
0.754167
0.662500
1.037500
0.512500
0.758333
0.729167
0.741667
0.750000
0.741667
0.750000
0.762500
0.729167
0.741667
0.750000
0.758333
0.733333
0.762500
0.708333
0.791667
0.741667
0.754167
0.645833
0.779167
1.491667
0.925000
0.658333
0.991667
0.770833
0.745833
0.750000
0.500000
0.716667
0.775000
0.770833
0.750000
0.675000
1.033333
0.779167
0.445833
1.008333
0.450000
0.858333
0.633333
0.795833
0.837500
0.387500
0.983333
0.725000
0.854167
0.883333
0.812500
0.758333
0.758333
0.729167
0.820833
0.683333
0.762500
0.745833
0.758333
0.737500
0.766667
0.995833
0.508333
0.737500
0.775000
0.750000
0.758333
0.762500
0.762500
0.758333
0.762500
0.762500
0.758333
0.754167
0.758333
0.754167
1.300000
0.820833
0.720833
0.891667
0.762500
0.825000
0.766667
0.754167
0.758333
0.758333
0.754167
0.979167
0.450000
0.908333
0.379167
0.666667
0.658333
0.729167
1.054167
0.750000
0.470833
0.783333
0.758333
1.775000
0.504167
0.683333
1.025000
0.733333
0.741667
0.441667
0.858333
1.433333
1.575000
0.650000
0.983333
0.750000
0.350000
0.808333
1.758333
0.533333
1.729167
0.745833
0.533333
0.700000
1.720833
0.504167
0.737500
0.712500
1.508333
1.708333
0.520833
1.737500
1.495833
0.462500
1.750000
1.454167
0.537500
1.745833
1.450000
0.541667
0.695833
0.754167
1.625000
0.658333
1.737500
1.337500
0.895833
0.479167
0.787500
0.687500
1.016667
0.495833
0.745833
0.725000
0.983333
0.495833
0.991667
0.729167
0.762500
0.487500
0.712500
0.787500
0.683333
1.012500
0.500000
1.012500
1.495833
0.708333
0.525000
0.737500
0.766667
0.754167
0.729167
0.762500
0.745833
0.754167
0.725000
0.983333
0.437500
0.904167
0.666667
0.383333
0.991667
0.508333
0.766667
0.754167
0.737500
0.766667
0.733333
0.766667
0.845833
0.879167
0.762500
0.487500
0.687500
0.795833
0.762500
0.750000
0.683333
1.041667
0.608333
1.383333
0.675000
0.675000
0.725000
0.887500
0.716667
0.725000
0.854167
0.854167
0.754167
0.708333
0.820833
0.841667
0.833333
0.658333
0.837500
0.912500
0.500000
0.754167
0.762500
0.870833
0.579167
1.029167
0.516667
1.020833
0.495833
0.758333
0.770833
0.762500
0.708333
1.054167
0.512500
0.987500
0.779167
0.733333
0.775000
0.733333
0.512500
0.758333
1.495833
0.991667
0.775000
0.741667
0.750000
0.733333
0.708333
0.662500
0.387500
0.650000
0.987500
0.720833
1.566667
0.737500
0.858333
0.708333
0.625000
0.820833
1.575000
0.587500
0.995833
0.520833
1.500000
1.012500
0.487500
0.770833
1.754167
1.458333
0.512500
1.600000
1.391667
1.004167
0.508333
0.679167
0.991667
0.537500
1.500000
1.512500
0.679167
0.879167
0.758333
0.841667
0.587500
0.679167
0.766667
0.850000
0.862500
0.779167
0.487500
0.750000
0.745833
0.970833
0.608333
0.900000
0.745833
0.754167
0.733333
0.766667
0.716667
0.550000
0.687500
0.708333
0.933333
0.704167
1.370833
1.033333
0.612500
0.904167
0.595833
0.658333
0.737500
0.758333
0.983333
0.779167
0.487500
1.016667
0.491667
1.000000
0.729167
0.529167
0.708333
0.966667
0.741667
0.466667
0.925000
0.825000
0.562500
0.754167
1.016667
0.495833
1.000000
0.495833
0.775000
0.833333
0.920833
0.745833
0.775000
0.658333
0.562500
0.754167
0.970833
0.766667
0.729167
0.720833
0.683333
0.733333
0.508333
0.716667
0.929167
0.583333
0.837500
0.733333
1.016667
0.495833
1.008333
0.654167
0.783333
0.508333
0.775000
0.837500
0.587500
1.033333
0.516667
1.012500
0.520833
0.666667
0.854167
0.700000
1.020833
0.500000
0.995833
0.770833
0.416667
1.025000
0.604167
0.875000
0.758333
0.716667
0.683333
0.737500
0.745833
0.720833
0.683333
0.733333
0.608333
0.858333
0.691667
0.604167
0.645833
0.712500
0.775000
0.687500
0.729167
0.670833
0.979167
0.729167
0.766667
0.466667
0.754167
0.937500
0.745833
0.712500
0.695833
0.741667
0.608333
0.858333
0.691667
0.754167
0.466667
0.750000
0.937500
0.716667
1.333333
0.829167
1.458333
1.479167
1.729167
1.183333
1.533333
0.862500
0.733333
1.366667
1.404167
1.000000
0.716667
0.662500
0.770833
0.825000
0.841667
0.704167
0.770833
0.725000
0.679167
0.562500
1.475000
0.841667
0.704167
0.562500
0.666667
0.720833
0.933333
0.729167
0.758333
0.720833
0.691667
0.750000
