0.633333
0.091667
0.329167
1.050000
0.812500
0.925000
0.641667
0.308333
0.754167
0.425000
0.437500
0.150000
0.508333
0.395833
0.491667
0.395833
0.637500
0.216667
0.487500
0.566667
0.358333
0.275000
0.629167
0.637500
0.650000
0.625000
0.633333
0.637500
0.379167
0.250000
0.625000
0.433333
0.720833
0.304167
0.441667
0.216667
0.420833
0.637500
0.629167
0.358333
0.275000
0.383333
0.245833
0.641667
0.329167
0.300000
0.633333
0.633333
0.641667
0.500000
0.762500
0.633333
0.412500
0.866667
0.237500
0.395833
0.633333
0.266667
0.337500
0.450000
0.220833
0.645833
0.641667
0.245833
0.383333
0.641667
0.291667
0.350000
0.654167
0.650000
0.650000
1.025000
0.283333
0.333333
0.320833
0.912500
0.395833
0.225000
0.416667
0.658333
0.225000
0.429167
0.629167
0.675000
0.654167
0.441667
0.216667
1.300000
1.075000
0.883333
0.766667
0.895833
0.300000
0.320833
1.279167
0.429167
0.570833
0.654167
1.825000
0.775000
0.737500
0.570833
0.487500
0.495833
0.966667
0.458333
1.508333
0.654167
0.654167
0.650000
0.650000
0.650000
0.662500
0.379167
0.250000
0.437500
0.045833
1.062500
0.629167
0.862500
0.266667
0.654167
0.829167
0.487500
0.658333
0.787500
0.554167
1.291667
0.366667
0.295833
0.654167
0.479167
0.291667
0.529167
0.645833
0.650000
0.645833
0.641667
0.641667
0.645833
0.645833
1.191667
0.212500
0.525000
0.641667
0.641667
0.650000
0.645833
0.645833
0.641667
0.650000
0.641667
0.754167
0.529167
0.645833
0.337500
0.112500
0.841667
0.466667
0.820833
0.650000
0.733333
0.554167
0.245833
1.054167
0.645833
0.300000
0.345833
0.654167
0.641667
0.641667
0.354167
0.429167
0.150000
0.362500
0.091667
0.558333
0.658333
0.650000
0.520833
0.529167
0.250000
0.312500
0.341667
0.650000
0.291667
0.358333
0.529167
0.762500
0.320833
0.333333
0.670833
1.329167
0.637500
0.929167
1.050000
0.662500
0.412500
0.233333
0.254167
0.587500
0.458333
0.858333
0.641667
0.425000
0.229167
1.045833
1.283333
0.241667
0.404167
0.858333
0.425000
0.295833
0.441667
0.537500
0.779167
0.216667
0.483333
0.850000
0.445833
0.420833
0.179167
0.354167
0.737500
0.629167
0.641667
0.625000
0.633333
0.850000
0.425000
0.633333
0.629167
0.637500
0.616667
0.279167
0.395833
0.087500
0.837500
0.504167
0.320833
0.254167
0.129167
0.541667
0.554167
0.637500
1.008333
1.275000
0.487500
0.291667
0.595833
0.537500
0.237500
0.458333
0.516667
0.487500
0.600000
0.654167
1.270833
0.154167
0.300000
0.766667
0.316667
0.658333
0.425000
0.679167
1.258333
0.245833
0.566667
0.366667
0.741667
1.304167
0.883333
0.245833
0.354167
0.270833
0.237500
0.575000
0.637500
0.558333
0.770833
0.608333
1.283333
1.370833
0.641667
0.616667
0.320833
1.137500
1.041667
0.466667
0.620833
0.445833
1.045833
1.504167
0.295833
0.779167
0.708333
0.470833
0.316667
1.204167
0.400000
0.241667
1.166667
0.245833
0.825000
0.854167
0.558333
0.300000
0.345833
0.350000
0.362500
0.900000
1.091667
0.775000
0.420833
0.641667
0.733333
0.312500
1.504167
1.079167
0.837500
0.183333
0.312500
0.775000
0.637500
0.637500
0.208333
1.079167
0.762500
1.145833
1.195833
0.312500
0.870833
0.666667
0.245833
0.287500
0.083333
1.508333
0.579167
0.516667
0.229167
1.175000
0.641667
1.283333
0.950000
0.600000
0.620833
1.058333
0.387500
0.275000
0.637500
1.279167
1.279167
1.391667
0.350000
0.833333
0.529167
0.766667
0.650000
0.879167
0.416667
0.641667
0.870833
0.416667
0.662500
0.645833
0.358333
0.258333
0.433333
0.250000
0.650000
0.645833
0.633333
0.662500
0.345833
0.304167
0.304167
0.337500
0.662500
0.662500
0.654167
0.666667
0.645833
0.458333
0.200000
0.658333
0.650000
0.650000
0.650000
0.641667
0.637500
0.316667
0.325000
0.637500
0.420833
0.616667
0.454167
1.041667
0.308333
0.283333
0.737500
0.220833
0.345833
0.637500
0.391667
0.237500
0.637500
0.625000
0.341667
0.300000
0.633333
0.391667
0.320833
0.225000
0.133333
0.416667
0.412500
0.641667
0.508333
0.512500
0.237500
0.633333
0.345833
0.287500
0.862500
0.266667
0.150000
0.637500
0.304167
0.312500
0.312500
0.325000
0.650000
0.275000
0.975000
0.629167
0.545833
0.441667
0.454167
0.454167
1.266667
1.258333
0.537500
0.470833
0.562500
0.287500
0.441667
0.750000
0.304167
1.095833
0.358333
0.475000
0.158333
0.287500
0.283333
0.970833
0.708333
0.429167
0.145833
0.445833
0.454167
0.462500
0.525000
0.629167
0.991667
0.279167
0.308333
0.975000
0.387500
0.300000
0.379167
0.641667
0.287500
0.454167
0.425000
0.287500
0.529167
1.375000
0.500000
1.062500
0.779167
0.800000
0.245833
0.954167
0.445833
0.775000
0.491667
0.787500
0.270833
0.254167
0.516667
0.537500
0.304167
0.641667
0.658333
0.691667
1.379167
0.591667
0.783333
0.670833
0.595833
0.454167
0.479167
0.220833
0.233333
0.237500
0.445833
0.441667
0.433333
0.437500
0.616667
0.158333
1.408333
0.316667
0.762500
1.429167
0.495833
0.220833
0.937500
0.845833
0.300000
0.220833
0.687500
1.400000
0.383333
0.266667
0.350000
0.316667
0.733333
0.566667
1.312500
0.950000
0.358333
0.275000
0.725000
0.291667
0.458333
0.300000
1.179167
0.933333
0.787500
0.275000
1.116667
0.395833
0.287500
0.583333
0.458333
0.620833
1.350000
0.362500
0.145833
0.741667
0.308333
0.916667
0.758333
0.950000
0.612500
0.312500
0.825000
0.620833
1.262500
1.258333
0.616667
0.629167
0.929167
0.350000
0.637500
0.629167
1.429167
0.341667
0.550000
0.508333
0.429167
0.287500
0.450000
0.291667
0.304167
0.450000
1.258333
1.458333
0.470833
0.479167
0.812500
0.650000
1.241667
1.050000
0.458333
0.445833
0.950000
1.587500
1.625000
0.583333
0.354167
0.233333
1.045833
0.700000
0.562500
0.645833
0.600000
0.666667
0.795833
0.595833
0.337500
0.183333
0.741667
0.308333
0.641667
1.283333
1.533333
0.641667
1.195833
0.500000
0.250000
0.254167
0.391667
0.645833
0.650000
0.487500
0.700000
0.716667
0.295833
0.608333
0.625000
0.312500
0.320833
0.441667
0.512500
0.770833
0.637500
1.504167
0.316667
0.370833
0.350000
0.641667
0.633333
0.637500
0.237500
0.400000
0.362500
0.287500
0.525000
0.754167
0.637500
0.641667
0.637500
0.637500
0.629167
0.650000
0.645833
0.650000
0.662500
0.250000
0.404167
0.825000
0.395833
0.158333
1.345833
0.795833
0.379167
0.650000
0.416667
0.433333
0.429167
0.354167
0.816667
0.766667
0.650000
0.275000
0.379167
0.287500
0.320833
0.675000
0.645833
0.620833
0.658333
0.637500
0.729167
0.245833
0.300000
0.170833
0.316667
0.450000
0.491667
0.462500
0.316667
0.762500
0.887500
0.645833
0.645833
0.987500
0.308333
0.320833
0.516667
0.441667
0.904167
0.500000
0.320833
0.833333
1.279167
0.950000
0.308333
0.900000
0.404167
0.629167
1.279167
0.254167
0.379167
1.158333
0.729167
0.316667
0.312500
0.308333
0.325000
0.641667
0.637500
0.625000
0.629167
0.908333
0.983333
1.262500
0.633333
0.645833
0.633333
0.641667
0.637500
0.650000
0.645833
0.641667
0.641667
1.291667
0.345833
0.416667
0.283333
0.437500
0.437500
0.600000
0.700000
0.366667
0.283333
0.645833
0.208333
0.691667
1.041667
0.429167
0.504167
0.579167
0.300000
0.337500
0.425000
0.316667
0.450000
0.883333
0.279167
0.641667
0.883333
1.025000
0.212500
0.333333
0.629167
1.258333
0.420833
0.570833
0.900000
0.633333
1.387500
0.858333
0.675000
0.945833
0.354167
0.320833
0.283333
0.437500
0.291667
0.895833
0.470833
0.654167
0.212500
0.416667
0.783333
0.712500
0.308333
0.508333
1.054167
1.270833
0.137500
0.575000
0.295833
0.925000
0.320833
0.229167
1.275000
1.891667
1.000000
0.270833
0.279167
0.708333
0.283333
0.916667
1.637500
1.275000
1.291667
1.350000
1.866667
1.012500
2.079167
0.308333
0.566667
0.616667
0.312500
1.350000
2.195833
1.300000
0.783333
1.158333
1.283333
0.450000
0.762500
0.291667
0.441667
0.466667
0.912500
0.712500
0.812500
0.320833
0.295833
0.350000
1.370833
1.320833
0.487500
0.633333
0.591667
0.454167
0.429167
0.391667
0.533333
1.425000
0.633333
0.816667
1.120833
1.270833
0.645833
0.633333
0.637500
0.345833
1.425000
1.445833
1.925000
0.516667
0.770833
0.641667
0.641667
0.545833
0.445833
0.308333
0.400000
0.437500
0.445833
0.637500
0.254167
0.395833
0.583333
0.633333
0.458333
0.795833
0.475000
0.387500
0.429167
1.495833
0.429167
0.583333
0.600000
0.462500
0.937500
0.595833
0.458333
0.504167
1.341667
0.370833
0.470833
0.300000
0.550000
1.612500
0.970833
1.045833
0.845833
0.916667
1.608333
1.766667
1.266667
0.200000
0.391667
0.654167
1.800000
0.645833
1.604167
1.583333
1.908333
1.925000
0.637500
0.637500
0.645833
0.641667
0.645833
0.641667
0.633333
0.637500
0.641667
0.420833
0.866667
0.637500
0.916667
0.366667
0.645833
0.641667
0.641667
0.183333
0.591667
0.508333
0.645833
0.650000
0.641667
0.354167
0.283333
0.137500
0.512500
0.645833
0.650000
0.645833
0.766667
0.529167
0.291667
0.350000
0.225000
0.429167
0.529167
0.241667
0.529167
0.654167
0.354167
0.545833
0.408333
0.650000
0.645833
0.879167
0.420833
0.662500
0.645833
0.354167
0.950000
0.654167
0.416667
0.237500
0.654167
0.650000
0.654167
0.295833
0.358333
0.645833
0.654167
0.412500
0.233333
0.654167
0.225000
0.429167
0.650000
0.654167
0.654167
0.625000
0.450000
0.220833
0.641667
0.116667
0.400000
0.316667
0.462500
0.641667
0.650000
0.637500
0.641667
0.645833
0.654167
0.875000
0.679167
0.400000
0.912500
0.308333
0.458333
0.158333
0.645833
0.783333
0.937500
0.350000
0.366667
0.275000
0.208333
0.433333
0.637500
0.383333
0.254167
0.237500
0.191667
0.212500
0.641667
0.641667
0.641667
0.645833
0.412500
0.220833
0.283333
0.358333
0.300000
0.341667
0.254167
0.362500
0.666667
0.650000
0.645833
0.645833
0.541667
0.445833
0.304167
0.641667
0.641667
0.641667
0.637500
0.637500
1.016667
0.312500
1.000000
