0.762500
0.662500
0.712500
0.808333
0.929167
0.595833
0.570833
0.966667
1.358333
0.758333
0.754167
0.562500
0.983333
1.041667
1.029167
0.833333
1.004167
0.783333
0.537500
0.891667
1.033333
0.975000
0.629167
0.875000
0.683333
0.754167
0.775000
1.150000
0.941667
1.041667
0.587500
0.958333
1.475000
0.795833
0.775000
1.200000
0.612500
1.279167
0.791667
0.875000
0.995833
0.566667
0.954167
0.975000
0.562500
0.858333
1.025000
0.587500
0.891667
0.745833
1.025000
0.762500
0.779167
0.775000
0.708333
0.829167
0.679167
0.979167
1.408333
0.845833
0.562500
0.925000
1.579167
0.675000
0.891667
0.783333
0.991667
0.645833
0.916667
1.183333
0.745833
0.666667
0.825000
0.695833
1.300000
0.962500
0.620833
0.579167
0.979167
0.754167
0.725000
0.887500
0.770833
0.875000
0.570833
0.725000
0.929167
0.995833
1.654167
0.912500
0.725000
0.641667
0.862500
1.020833
0.695833
1.133333
0.958333
1.050000
0.908333
0.850000
0.670833
0.591667
0.737500
0.591667
0.925000
1.054167
1.350000
0.975000
0.812500
0.925000
0.812500
0.762500
1.045833
1.033333
0.958333
1.008333
0.700000
0.775000
0.645833
0.720833
0.858333
0.779167
1.012500
0.904167
0.533333
0.729167
0.650000
1.183333
0.795833
0.775000
0.579167
1.295833
0.908333
0.904167
0.937500
1.708333
0.887500
0.579167
0.641667
0.975000
1.062500
1.066667
1.500000
1.266667
0.608333
0.912500
0.941667
0.554167
0.529167
0.537500
0.945833
0.775000
0.920833
0.808333
0.550000
1.145833
0.887500
1.058333
0.841667
0.570833
0.604167
0.995833
0.608333
1.058333
0.887500
0.766667
1.033333
0.658333
0.945833
0.691667
0.666667
1.212500
1.237500
1.387500
1.537500
1.537500
1.104167
0.979167
0.579167
0.929167
1.512500
1.108333
0.575000
0.820833
0.583333
0.820833
0.720833
0.808333
1.075000
1.091667
0.595833
0.770833
0.937500
0.758333
0.520833
0.933333
1.108333
0.850000
0.800000
1.004167
0.662500
0.954167
0.791667
0.733333
0.712500
0.700000
0.741667
0.575000
1.058333
1.270833
0.958333
0.550000
1.004167
1.112500
0.791667
0.683333
0.704167
0.645833
0.720833
0.566667
0.883333
0.700000
0.929167
0.825000
0.554167
0.737500
1.166667
1.025000
0.566667
0.620833
0.800000
1.416667
1.066667
0.987500
0.745833
1.000000
0.712500
0.954167
0.829167
0.754167
0.516667
0.925000
1.570833
0.745833
0.783333
0.645833
0.570833
0.525000
1.025000
0.816667
0.754167
0.612500
0.862500
1.025000
0.566667
1.141667
1.912500
1.712500
1.062500
1.554167
0.875000
0.533333
0.941667
0.791667
0.937500
0.625000
0.620833
0.987500
0.566667
0.850000
0.641667
0.670833
1.208333
0.783333
0.991667
1.525000
1.087500
0.712500
0.691667
0.758333
0.762500
0.795833
0.816667
0.566667
0.929167
1.187500
1.066667
1.000000
1.437500
0.975000
1.162500
0.616667
0.933333
1.129167
1.066667
0.762500
0.725000
0.925000
0.937500
1.033333
0.779167
0.687500
0.950000
0.987500
0.583333
0.866667
0.729167
0.533333
0.975000
1.091667
0.775000
0.754167
0.595833
0.779167
0.858333
0.600000
0.620833
0.537500
0.520833
0.812500
1.191667
1.120833
0.666667
0.783333
0.741667
0.745833
0.558333
0.991667
0.987500
0.570833
0.729167
0.583333
0.566667
0.729167
1.254167
0.766667
0.554167
0.833333
0.750000
1.162500
1.758333
0.845833
0.875000
1.008333
0.804167
0.683333
0.766667
0.816667
0.841667
0.866667
0.795833
0.937500
0.708333
0.537500
0.887500
0.812500
0.695833
0.979167
1.208333
0.575000
1.062500
0.920833
0.962500
0.970833
0.579167
0.900000
1.179167
0.729167
0.504167
0.966667
0.891667
0.650000
1.158333
0.804167
0.591667
0.887500
0.970833
0.562500
0.791667
1.479167
0.958333
1.112500
0.937500
0.791667
0.720833
0.887500
0.758333
0.779167
0.608333
1.187500
0.745833
1.091667
1.079167
0.604167
0.929167
1.020833
1.016667
0.820833
0.716667
0.804167
0.870833
0.550000
0.787500
1.129167
1.245833
1.033333
1.029167
0.787500
0.691667
0.962500
0.645833
0.675000
0.808333
0.854167
0.566667
0.879167
0.916667
1.100000
0.700000
0.854167
0.766667
0.525000
0.729167
0.833333
1.112500
1.104167
0.570833
0.700000
0.812500
0.583333
0.712500
0.975000
1.108333
0.737500
0.866667
0.783333
0.983333
0.800000
0.575000
0.629167
0.975000
0.566667
1.100000
0.841667
0.720833
0.579167
1.070833
0.650000
0.887500
0.816667
0.612500
0.904167
0.691667
0.816667
0.708333
0.579167
1.050000
1.287500
1.216667
0.929167
0.662500
0.595833
0.929167
0.883333
1.095833
0.650000
0.912500
0.779167
0.908333
0.954167
0.966667
0.887500
0.925000
0.862500
0.541667
0.904167
0.883333
0.716667
0.966667
1.016667
0.891667
0.537500
0.562500
0.779167
1.008333
0.808333
0.704167
0.887500
0.554167
0.787500
0.825000
0.745833
0.737500
0.954167
0.808333
0.737500
0.995833
0.791667
0.925000
0.558333
0.837500
0.800000
0.612500
1.366667
0.720833
1.091667
0.804167
0.641667
0.862500
0.558333
0.550000
0.970833
1.075000
0.983333
1.195833
1.000000
1.129167
0.958333
1.245833
1.320833
0.737500
0.537500
0.783333
1.050000
0.933333
0.791667
0.575000
0.912500
0.795833
0.975000
0.975000
0.645833
1.100000
1.308333
0.729167
0.545833
0.908333
0.579167
0.904167
0.650000
1.191667
0.758333
0.829167
0.595833
0.979167
0.900000
0.812500
0.808333
0.529167
1.187500
0.783333
0.937500
0.912500
0.558333
0.883333
0.945833
0.950000
0.566667
1.129167
0.625000
0.991667
1.283333
1.354167
1.462500
0.804167
0.525000
0.916667
0.975000
0.758333
1.029167
1.054167
1.225000
0.729167
1.000000
0.775000
0.675000
0.845833
0.562500
0.929167
1.254167
1.045833
0.704167
0.658333
0.895833
0.695833
0.929167
1.600000
0.795833
0.745833
1.091667
0.983333
0.570833
0.979167
0.770833
0.941667
0.804167
0.912500
0.854167
1.025000
0.883333
0.829167
0.812500
0.908333
0.870833
0.675000
0.950000
1.108333
0.675000
0.758333
1.137500
0.295833
0.375000
0.404167
0.550000
0.900000
0.912500
0.654167
1.125000
0.862500
0.533333
0.654167
0.629167
1.112500
0.895833
1.729167
0.637500
0.741667
0.820833
0.708333
0.950000
0.845833
1.041667
1.012500
0.954167
0.558333
0.566667
0.554167
0.662500
0.812500
0.595833
0.641667
0.525000
1.183333
1.154167
0.379167
0.745833
0.708333
0.762500
0.558333
0.616667
0.558333
0.945833
1.566667
1.766667
0.695833
0.812500
0.837500
0.545833
0.558333
0.866667
1.045833
0.816667
0.916667
0.820833
0.975000
1.037500
1.287500
0.695833
0.541667
1.062500
1.025000
1.233333
0.975000
1.016667
1.516667
0.654167
0.808333
1.450000
1.133333
0.954167
1.079167
0.900000
0.558333
0.733333
0.758333
0.750000
0.691667
1.087500
0.925000
0.587500
0.958333
0.708333
0.779167
0.945833
0.683333
0.658333
0.537500
0.729167
0.579167
0.575000
0.854167
0.975000
0.929167
0.770833
0.754167
0.675000
0.500000
0.541667
0.583333
1.158333
0.620833
1.062500
1.016667
0.679167
1.216667
0.704167
1.029167
0.637500
0.858333
0.825000
0.583333
0.916667
1.116667
0.758333
1.070833
