1.087500
1.320833
1.616667
1.433333
1.645833
0.779167
1.937500
1.162500
1.316667
0.762500
1.454167
0.995833
1.691667
1.262500
0.991667
1.262500
1.600000
1.612500
0.875000
1.600000
0.695833
1.150000
1.341667
1.383333
1.429167
0.991667
1.504167
1.420833
1.225000
1.737500
1.200000
1.091667
1.270833
1.158333
1.437500
0.837500
1.312500
0.775000
1.558333
1.441667
0.875000
1.045833
0.783333
0.975000
0.791667
1.466667
1.291667
1.183333
1.412500
1.120833
0.850000
1.016667
0.833333
1.079167
0.887500
2.058333
1.250000
1.462500
1.579167
1.208333
1.450000
1.612500
0.812500
1.645833
1.700000
0.800000
1.333333
1.633333
1.250000
0.975000
0.812500
0.916667
1.320833
0.950000
0.941667
1.287500
1.454167
1.554167
1.645833
1.141667
1.937500
1.870833
1.875000
1.029167
1.379167
1.162500
1.429167
1.616667
0.725000
1.945833
1.070833
0.795833
1.691667
0.862500
1.595833
1.425000
2.050000
2.025000
0.895833
0.983333
1.216667
0.970833
0.766667
1.212500
0.745833
1.066667
0.866667
0.904167
1.154167
0.795833
0.954167
0.995833
1.166667
1.116667
1.662500
0.829167
1.062500
1.525000
0.845833
3.454167
1.258333
1.550000
1.833333
0.945833
1.079167
1.716667
1.358333
0.979167
0.754167
1.166667
0.795833
1.083333
0.800000
0.991667
0.825000
0.945833
1.370833
0.875000
1.975000
1.300000
1.025000
0.787500
1.183333
0.975000
1.370833
0.850000
0.887500
1.312500
1.529167
0.850000
1.250000
1.270833
1.245833
1.208333
1.354167
2.075000
1.629167
1.266667
2.004167
1.325000
1.304167
1.116667
1.004167
0.920833
2.008333
1.125000
1.758333
0.837500
1.820833
1.125000
0.820833
1.233333
1.733333
1.000000
1.662500
0.937500
1.841667
1.370833
0.862500
1.712500
1.120833
1.620833
0.816667
1.912500
1.837500
1.600000
0.879167
1.175000
0.783333
0.958333
1.775000
0.941667
0.733333
1.245833
0.870833
1.041667
1.645833
1.445833
0.804167
1.125000
1.133333
1.245833
2.379167
0.862500
1.412500
1.058333
0.829167
1.820833
0.758333
0.979167
1.420833
0.933333
1.437500
1.308333
0.883333
0.883333
0.920833
1.429167
1.862500
1.083333
0.800000
0.866667
1.212500
1.070833
1.008333
0.925000
1.700000
1.229167
0.816667
1.204167
1.137500
1.291667
1.250000
0.829167
1.320833
1.808333
1.554167
1.366667
1.620833
1.300000
1.220833
1.516667
2.116667
1.170833
1.887500
0.804167
1.275000
1.158333
0.879167
1.100000
1.158333
0.816667
1.112500
0.858333
0.795833
1.841667
0.991667
1.137500
1.308333
1.033333
1.191667
1.400000
0.987500
0.870833
0.995833
1.595833
1.179167
1.175000
1.208333
0.920833
1.350000
0.854167
1.258333
0.862500
1.666667
1.054167
0.816667
1.845833
1.433333
1.079167
1.279167
1.454167
0.987500
1.116667
1.491667
0.800000
1.554167
1.066667
1.450000
1.345833
1.520833
1.133333
1.925000
1.141667
0.829167
1.787500
0.929167
0.950000
1.270833
1.541667
1.258333
1.304167
0.837500
1.325000
1.983333
1.754167
0.858333
0.775000
0.891667
2.125000
1.091667
1.845833
0.941667
1.070833
0.966667
2.029167
0.787500
1.012500
1.379167
1.195833
1.308333
0.854167
1.750000
0.970833
1.029167
0.904167
1.170833
1.237500
1.304167
0.904167
1.254167
1.154167
1.200000
1.529167
1.258333
1.545833
1.254167
1.054167
0.870833
1.570833
1.516667
1.262500
1.387500
1.395833
0.983333
1.141667
1.416667
1.566667
0.979167
1.329167
1.362500
1.062500
0.991667
1.775000
1.062500
0.941667
1.383333
0.900000
1.029167
0.933333
0.866667
1.000000
0.920833
1.050000
1.100000
1.320833
2.104167
1.112500
0.870833
1.025000
1.941667
1.166667
0.920833
1.700000
1.054167
1.266667
0.970833
1.191667
2.129167
1.070833
0.808333
0.916667
1.583333
0.812500
1.191667
1.075000
1.383333
1.070833
1.508333
1.170833
0.945833
1.191667
1.758333
1.108333
0.841667
0.866667
1.079167
1.100000
0.841667
1.125000
0.804167
1.133333
2.050000
1.125000
1.112500
1.445833
1.575000
0.783333
1.712500
1.558333
1.083333
2.866667
0.970833
0.916667
1.258333
1.495833
1.600000
1.033333
1.637500
1.066667
1.741667
0.854167
1.083333
1.804167
1.820833
1.758333
1.470833
0.708333
1.412500
1.216667
0.741667
1.429167
1.108333
1.125000
0.904167
1.433333
0.758333
1.208333
1.620833
1.150000
1.837500
1.525000
1.037500
1.116667
1.529167
1.316667
0.800000
1.729167
0.829167
1.183333
1.270833
0.987500
0.791667
1.466667
1.333333
0.891667
0.945833
1.725000
1.133333
0.841667
1.395833
1.600000
1.512500
1.491667
1.137500
1.279167
0.937500
0.904167
1.241667
1.229167
1.316667
1.383333
1.091667
1.658333
0.883333
1.204167
1.066667
0.991667
0.875000
1.375000
0.825000
1.154167
0.950000
1.029167
1.325000
1.479167
2.075000
0.920833
1.275000
0.866667
0.791667
0.970833
0.958333
1.525000
1.400000
0.779167
1.120833
1.304167
0.858333
1.691667
2.079167
1.150000
