0.812500
0.816667
0.816667
0.591667
0.233333
0.820833
0.825000
0.829167
0.850000
0.841667
0.854167
0.841667
0.829167
0.850000
0.841667
0.837500
0.825000
0.820833
0.841667
0.845833
0.825000
0.825000
0.829167
0.841667
0.845833
0.829167
0.825000
0.841667
0.858333
0.837500
1.645833
0.816667
0.833333
0.841667
0.829167
0.816667
0.387500
0.433333
0.825000
0.833333
0.570833
0.250000
0.800000
0.825000
0.845833
0.850000
1.670833
0.845833
0.862500
0.858333
0.845833
0.833333
0.854167
0.883333
0.895833
0.895833
0.870833
0.850000
0.879167
0.891667
0.887500
0.875000
1.716667
0.883333
0.883333
0.870833
0.858333
0.854167
0.854167
0.858333
0.854167
0.850000
0.862500
0.879167
0.875000
0.854167
0.850000
0.870833
0.866667
0.845833
0.841667
0.866667
0.879167
0.879167
0.862500
0.858333
0.862500
0.891667
0.904167
0.895833
0.875000
0.854167
0.870833
0.883333
0.891667
0.883333
1.345833
0.391667
0.879167
0.908333
0.904167
0.879167
0.854167
0.854167
0.879167
0.891667
0.866667
0.850000
0.866667
0.887500
0.887500
0.887500
0.870833
1.737500
0.241667
0.641667
0.891667
0.875000
0.850000
0.866667
0.883333
0.891667
0.870833
0.858333
0.870833
0.887500
0.895833
0.904167
0.904167
0.895833
0.866667
0.870833
0.887500
0.891667
0.870833
0.845833
0.854167
0.870833
0.883333
0.883333
0.875000
0.858333
0.866667
0.887500
0.895833
0.891667
0.883333
0.854167
0.862500
0.879167
0.895833
0.900000
0.904167
0.879167
0.358333
0.525000
0.883333
0.883333
0.883333
0.862500
0.870833
0.879167
0.895833
0.612500
0.987500
1.345833
0.491667
0.900000
0.908333
0.891667
0.875000
0.883333
0.900000
0.904167
0.912500
0.891667
0.887500
0.883333
0.895833
0.900000
0.895833
0.875000
0.862500
0.879167
0.887500
0.895833
0.908333
0.900000
0.883333
0.891667
0.891667
0.875000
0.866667
0.891667
0.908333
0.908333
0.900000
0.870833
0.870833
0.891667
0.891667
0.895833
0.879167
0.854167
0.870833
0.329167
0.562500
0.908333
0.916667
0.891667
0.866667
0.883333
0.904167
0.529167
0.375000
0.912500
0.895833
0.908333
0.895833
0.900000
0.895833
0.895833
0.875000
0.850000
0.866667
0.879167
0.891667
0.912500
0.891667
0.883333
0.887500
0.908333
0.920833
0.933333
0.916667
0.920833
0.912500
0.895833
0.895833
0.895833
0.904167
0.904167
0.879167
0.858333
0.875000
0.895833
0.904167
0.904167
0.895833
0.879167
0.887500
0.891667
0.904167
0.895833
0.879167
0.875000
0.858333
0.441667
0.420833
0.875000
0.887500
0.875000
0.858333
0.870833
0.891667
0.904167
0.900000
0.904167
0.891667
0.887500
0.900000
0.916667
0.904167
0.904167
0.904167
0.895833
0.904167
0.920833
0.916667
0.904167
0.875000
0.883333
0.895833
0.908333
0.900000
0.900000
0.887500
0.900000
0.916667
0.920833
0.937500
0.916667
0.887500
0.870833
0.895833
0.904167
0.912500
0.900000
0.875000
0.541667
0.320833
0.875000
0.900000
0.904167
0.866667
0.845833
0.862500
0.908333
0.925000
0.916667
0.895833
0.858333
0.887500
0.900000
0.904167
0.916667
0.908333
0.891667
0.866667
0.887500
0.900000
0.904167
0.900000
0.900000
0.875000
0.875000
0.895833
0.895833
0.891667
0.875000
0.366667
0.487500
0.858333
0.887500
0.904167
0.912500
0.891667
0.870833
0.870833
0.891667
0.904167
0.908333
0.912500
0.879167
0.879167
0.904167
0.912500
0.929167
0.908333
0.904167
0.908333
0.925000
0.929167
0.925000
0.891667
0.858333
0.887500
0.908333
0.916667
0.925000
0.920833
0.904167
0.879167
0.895833
0.908333
0.908333
0.891667
0.866667
0.895833
0.908333
0.925000
0.933333
0.925000
0.908333
0.900000
0.916667
0.916667
0.916667
0.891667
0.875000
0.870833
0.900000
0.920833
0.920833
0.425000
0.708333
0.287500
0.341667
0.387500
0.237500
0.466667
0.483333
0.137500
0.654167
0.750000
0.829167
0.495833
0.454167
0.241667
0.412500
0.641667
0.308333
0.320833
0.591667
0.512500
0.304167
0.312500
0.433333
0.583333
0.283333
0.316667
0.295833
0.304167
0.391667
0.316667
0.387500
0.254167
0.587500
0.904167
0.654167
0.766667
0.462500
0.329167
0.212500
0.766667
0.600000
0.220833
0.400000
0.591667
0.270833
0.387500
0.520833
0.791667
0.829167
1.441667
0.462500
0.512500
0.241667
0.383333
0.250000
0.383333
0.379167
0.495833
0.612500
0.495833
0.395833
0.875000
0.379167
0.408333
0.516667
0.733333
0.833333
1.195833
0.462500
0.841667
0.841667
0.854167
0.845833
0.850000
0.858333
0.850000
0.850000
0.866667
0.870833
0.879167
0.862500
0.700000
0.183333
0.887500
0.870833
0.875000
0.858333
0.870833
0.875000
0.875000
0.879167
0.862500
0.883333
0.887500
0.887500
0.891667
0.891667
0.870833
0.895833
0.887500
0.883333
0.870833
0.983333
0.716667
0.275000
0.620833
0.591667
0.262500
0.704167
2.029167
0.354167
0.791667
0.804167
1.104167
0.479167
0.791667
0.387500
1.220833
0.787500
0.295833
0.375000
0.879167
0.850000
0.345833
1.283333
1.279167
1.245833
1.708333
1.695833
0.566667
0.775000
0.508333
0.750000
1.350000
0.391667
0.887500
0.658333
0.516667
0.370833
0.862500
0.525000
0.562500
0.908333
0.579167
0.420833
0.287500
0.158333
1.000000
0.604167
0.325000
0.533333
0.870833
0.500000
1.579167
0.537500
0.883333
1.737500
1.758333
0.883333
1.741667
0.883333
0.887500
0.891667
0.920833
0.925000
0.916667
0.908333
0.883333
0.883333
0.887500
0.887500
0.895833
0.900000
0.879167
0.879167
0.891667
0.900000
0.895833
0.879167
0.875000
0.887500
0.900000
0.904167
0.887500
0.862500
0.875000
0.904167
0.908333
0.895833
0.883333
0.900000
0.912500
0.925000
0.891667
0.891667
0.908333
0.912500
0.912500
0.887500
0.883333
0.900000
0.908333
0.908333
0.916667
0.516667
0.354167
0.300000
0.254167
1.133333
0.858333
0.887500
0.054167
0.841667
0.887500
0.587500
0.266667
0.837500
0.850000
1.429167
0.283333
0.870833
0.883333
0.895833
1.187500
0.541667
0.491667
0.754167
0.479167
0.187500
0.137500
0.433333
0.325000
0.691667
0.445833
0.204167
0.333333
0.475000
0.479167
0.358333
0.283333
0.312500
0.600000
0.404167
0.920833
0.412500
0.537500
0.441667
0.287500
0.587500
0.437500
0.508333
0.562500
0.320833
0.758333
0.725000
0.804167
1.616667
0.820833
0.804167
0.816667
0.825000
0.837500
0.833333
0.841667
0.845833
0.866667
0.875000
0.879167
0.870833
0.891667
0.887500
0.900000
0.900000
0.891667
0.900000
0.904167
0.908333
0.891667
0.883333
0.883333
0.883333
0.887500
0.887500
0.908333
0.891667
0.895833
0.895833
0.895833
0.875000
0.875000
0.883333
0.887500
1.016667
0.445833
0.329167
0.779167
0.850000
0.850000
1.704167
0.883333
1.450000
0.291667
0.887500
0.895833
0.887500
0.841667
0.275000
0.550000
0.837500
0.837500
0.541667
0.295833
0.854167
0.870833
0.895833
0.904167
1.320833
1.408333
0.908333
0.912500
0.904167
1.779167
0.404167
0.495833
0.908333
0.908333
1.783333
0.900000
0.908333
0.908333
1.629167
0.145833
0.891667
0.900000
0.895833
0.870833
0.866667
0.525000
0.345833
0.887500
0.879167
0.866667
0.854167
0.870833
0.875000
0.891667
0.875000
1.779167
0.879167
0.883333
0.870833
0.858333
0.879167
0.883333
0.904167
0.895833
0.862500
0.866667
0.895833
0.904167
0.895833
1.325000
0.454167
0.895833
0.908333
0.912500
0.904167
0.862500
0.891667
0.900000
0.904167
0.287500
0.612500
0.883333
0.866667
0.904167
0.912500
0.904167
0.875000
0.866667
0.891667
0.891667
0.900000
