0.891667
0.883333
0.875000
0.920833
0.870833
0.895833
0.741667
0.950000
0.891667
0.904167
0.870833
0.908333
0.891667
0.887500
0.662500
0.962500
0.908333
0.825000
0.933333
0.754167
0.954167
0.879167
0.879167
0.883333
0.866667
0.875000
0.875000
0.883333
0.879167
0.866667
0.783333
0.954167
0.879167
0.866667
0.875000
0.879167
0.654167
0.933333
0.891667
0.783333
0.941667
0.691667
0.937500
0.858333
0.854167
0.883333
0.729167
0.900000
0.687500
0.929167
0.866667
0.854167
0.883333
0.879167
0.875000
0.862500
0.895833
0.875000
0.862500
0.870833
0.875000
0.875000
0.883333
0.891667
0.925000
0.854167
0.908333
0.850000
0.891667
0.808333
0.933333
0.775000
0.975000
0.900000
0.912500
0.883333
0.866667
0.883333
0.883333
0.875000
0.866667
0.870833
0.879167
0.870833
0.870833
0.879167
0.816667
0.929167
0.704167
0.933333
0.887500
0.879167
0.870833
0.879167
0.883333
0.870833
0.483333
0.337500
1.029167
0.870833
0.854167
0.850000
0.850000
0.841667
0.841667
0.845833
0.854167
0.854167
0.850000
0.854167
0.887500
0.829167
0.904167
0.875000
0.891667
0.816667
0.925000
0.720833
0.954167
0.691667
0.933333
0.883333
0.866667
0.900000
0.875000
0.875000
0.891667
0.875000
0.891667
0.895833
0.891667
0.879167
0.800000
0.941667
0.741667
0.941667
0.887500
0.895833
0.870833
0.879167
0.887500
0.870833
0.875000
0.879167
0.883333
0.870833
0.875000
0.887500
0.883333
0.870833
0.887500
0.891667
0.883333
0.887500
0.779167
1.008333
0.887500
0.883333
0.891667
0.804167
0.929167
0.695833
0.958333
0.900000
0.891667
0.895833
0.900000
0.887500
0.812500
0.941667
0.895833
0.883333
0.887500
0.887500
0.887500
0.875000
0.883333
0.883333
0.883333
0.745833
0.945833
0.870833
0.870833
0.858333
0.858333
0.870833
0.866667
0.866667
0.858333
0.870833
0.879167
0.879167
0.879167
0.887500
0.891667
0.891667
0.862500
0.912500
0.733333
0.958333
0.887500
0.883333
0.891667
0.666667
0.937500
0.875000
0.804167
0.904167
0.762500
0.916667
0.700000
0.916667
0.670833
0.908333
0.879167
0.887500
0.862500
0.875000
0.875000
0.866667
0.887500
0.754167
0.920833
0.816667
0.858333
0.858333
0.854167
0.808333
0.866667
0.783333
0.891667
0.862500
0.862500
0.879167
0.887500
0.879167
0.862500
0.879167
0.900000
0.812500
0.920833
0.720833
0.945833
0.658333
0.941667
0.879167
0.854167
0.866667
0.870833
0.875000
0.879167
0.883333
0.866667
0.866667
0.862500
0.854167
0.758333
0.920833
0.841667
0.833333
0.845833
0.770833
0.904167
0.762500
0.920833
0.741667
0.933333
0.712500
0.937500
0.891667
0.895833
0.879167
0.879167
0.887500
0.879167
0.862500
0.808333
0.925000
0.866667
0.866667
0.862500
0.883333
0.816667
0.879167
0.875000
0.875000
0.862500
0.862500
0.754167
0.920833
0.695833
0.925000
0.887500
0.870833
0.870833
0.858333
0.870833
0.883333
0.866667
0.866667
0.883333
0.887500
0.866667
0.875000
0.879167
0.883333
0.858333
0.866667
0.866667
0.841667
0.862500
0.795833
0.908333
0.741667
0.920833
0.866667
0.875000
0.858333
0.870833
0.716667
0.954167
0.666667
0.966667
0.904167
0.870833
0.870833
0.883333
0.895833
0.870833
0.887500
0.891667
0.879167
0.829167
0.929167
0.787500
0.920833
0.870833
0.866667
0.862500
0.850000
0.704167
0.950000
0.737500
0.916667
0.741667
0.925000
0.716667
0.941667
0.875000
0.866667
0.862500
0.850000
0.845833
0.875000
0.858333
0.858333
0.875000
0.883333
0.870833
0.875000
0.879167
0.887500
0.870833
0.870833
0.879167
0.879167
0.862500
0.875000
0.875000
0.866667
0.741667
0.941667
0.875000
0.866667
0.858333
0.866667
0.875000
0.866667
0.866667
0.883333
0.891667
0.870833
0.875000
0.891667
0.891667
0.804167
0.970833
0.737500
0.950000
0.900000
0.900000
0.879167
0.879167
0.870833
0.754167
0.937500
0.875000
0.879167
0.879167
0.883333
0.875000
0.841667
0.904167
0.770833
0.933333
0.716667
0.937500
0.858333
0.870833
0.895833
0.733333
0.920833
0.854167
0.854167
0.879167
0.783333
0.866667
0.779167
0.862500
0.683333
0.887500
0.829167
0.816667
0.837500
0.833333
0.825000
0.837500
0.850000
0.841667
0.858333
0.862500
0.654167
0.929167
0.845833
0.829167
0.850000
0.825000
0.837500
0.829167
0.829167
0.833333
0.762500
0.870833
0.754167
0.925000
0.720833
0.912500
0.850000
0.862500
0.779167
0.900000
0.862500
0.866667
0.854167
0.862500
0.858333
0.862500
0.866667
0.870833
0.870833
0.866667
0.870833
0.887500
0.870833
0.858333
0.795833
0.933333
0.825000
0.879167
0.816667
0.908333
0.854167
0.866667
0.883333
0.883333
0.870833
0.875000
0.887500
0.887500
0.895833
0.879167
0.704167
0.937500
0.870833
0.883333
0.879167
0.775000
0.925000
0.733333
0.933333
0.879167
0.870833
0.887500
0.883333
0.875000
0.850000
0.895833
0.875000
0.866667
0.862500
0.866667
0.879167
0.862500
0.862500
0.866667
0.875000
0.866667
0.754167
0.916667
0.875000
0.858333
0.862500
0.858333
0.850000
0.845833
0.841667
0.858333
0.858333
0.850000
0.845833
0.862500
0.862500
0.854167
0.858333
0.866667
0.879167
0.858333
0.866667
0.787500
0.895833
0.816667
0.841667
0.862500
0.720833
0.887500
0.704167
0.912500
0.695833
0.912500
0.854167
0.866667
0.845833
0.883333
0.704167
0.933333
0.733333
0.925000
0.870833
0.866667
0.854167
0.850000
0.862500
0.862500
0.854167
0.858333
0.866667
0.870833
0.862500
0.866667
0.870833
0.875000
0.862500
0.845833
0.916667
0.762500
0.950000
0.875000
0.833333
0.883333
0.345833
0.420833
0.933333
0.775000
0.895833
0.862500
0.870833
0.866667
0.879167
0.862500
0.866667
0.875000
0.879167
0.887500
0.875000
0.870833
0.904167
0.883333
0.875000
0.762500
0.937500
0.841667
0.866667
0.887500
0.875000
0.870833
0.754167
0.933333
0.712500
0.933333
0.875000
0.866667
0.879167
0.879167
0.866667
0.812500
0.920833
0.825000
0.866667
0.850000
0.841667
0.825000
0.841667
0.833333
0.850000
0.841667
0.837500
0.858333
0.845833
0.879167
0.862500
0.900000
0.879167
0.879167
0.883333
0.887500
0.875000
0.858333
0.854167
0.862500
0.866667
0.854167
0.854167
0.854167
0.816667
0.887500
0.695833
0.904167
0.862500
0.850000
0.845833
0.850000
0.850000
0.850000
0.841667
0.845833
0.854167
0.854167
0.845833
0.850000
0.850000
0.841667
0.841667
0.854167
0.850000
0.845833
0.854167
0.854167
0.850000
0.845833
0.850000
0.854167
0.800000
0.895833
0.858333
0.845833
0.845833
0.854167
0.829167
0.862500
0.820833
0.866667
0.787500
0.883333
0.775000
0.891667
0.804167
0.870833
0.820833
0.870833
0.804167
0.858333
0.837500
0.837500
0.845833
0.845833
0.829167
0.820833
0.829167
0.825000
0.825000
0.845833
0.858333
0.650000
0.895833
0.754167
0.870833
0.858333
0.854167
0.841667
0.866667
0.858333
0.850000
0.841667
0.858333
0.854167
0.858333
0.845833
0.854167
0.858333
0.854167
0.845833
0.854167
0.841667
0.858333
0.845833
0.850000
0.858333
0.858333
0.850000
0.854167
0.850000
0.854167
0.858333
0.862500
0.870833
0.862500
0.862500
