1.087500
1.087500
1.087500
1.087500
1.087500
1.087500
1.087500
1.087500
1.087500
1.087500
1.091667
1.087500
1.087500
1.087500
1.087500
1.087500
1.087500
1.087500
1.087500
1.091667
1.087500
1.087500
1.087500
1.087500
1.087500
1.087500
1.087500
1.087500
1.091667
1.087500
1.087500
1.087500
1.087500
1.087500
1.087500
1.087500
1.087500
1.087500
1.087500
1.091667
1.087500
1.087500
1.087500
1.087500
1.087500
1.087500
1.087500
1.087500
1.091667
1.087500
1.087500
1.087500
1.087500
1.087500
1.087500
1.087500
1.091667
1.083333
1.087500
1.091667
1.087500
1.087500
1.087500
1.087500
1.087500
1.087500
1.087500
1.087500
1.091667
1.087500
1.087500
1.087500
1.087500
1.087500
1.087500
1.087500
1.091667
1.083333
1.091667
1.087500
1.087500
1.087500
1.087500
1.087500
1.087500
1.091667
1.083333
1.087500
1.091667
1.087500
1.087500
1.087500
1.087500
1.087500
1.087500
1.087500
1.087500
1.091667
1.087500
1.087500
1.087500
1.087500
1.087500
1.087500
1.087500
1.087500
1.087500
1.087500
1.087500
1.091667
1.087500
1.087500
1.087500
1.087500
1.087500
1.087500
1.087500
1.091667
1.087500
1.087500
1.087500
1.087500
1.087500
1.087500
1.087500
1.087500
1.087500
1.087500
1.091667
1.087500
1.087500
1.087500
1.087500
1.087500
1.087500
1.087500
1.087500
1.091667
1.087500
1.087500
1.087500
1.087500
1.087500
1.087500
1.087500
1.087500
1.087500
0.987500
1.187500
1.091667
1.087500
1.087500
1.087500
1.087500
1.087500
1.087500
1.087500
1.087500
1.087500
1.091667
1.087500
1.087500
1.087500
1.087500
1.087500
1.087500
1.087500
1.087500
1.091667
1.087500
1.087500
1.087500
1.087500
1.087500
1.087500
1.087500
1.087500
1.087500
1.091667
1.087500
1.087500
1.087500
1.087500
1.087500
1.087500
1.087500
1.087500
1.087500
1.087500
1.091667
1.087500
1.087500
1.087500
1.087500
1.087500
1.087500
1.091667
1.087500
1.087500
1.087500
1.087500
1.087500
1.087500
1.087500
1.087500
1.087500
1.091667
1.087500
1.087500
1.087500
1.087500
1.087500
1.087500
1.087500
1.087500
1.087500
1.087500
1.091667
1.087500
1.087500
1.087500
1.087500
1.087500
1.087500
1.087500
1.087500
1.087500
1.091667
1.087500
1.087500
1.087500
1.087500
1.087500
1.087500
1.087500
1.087500
1.087500
1.091667
1.087500
1.087500
1.087500
1.087500
1.087500
1.087500
1.087500
1.087500
1.087500
1.091667
1.087500
1.087500
1.087500
1.087500
1.087500
1.087500
1.087500
1.087500
1.087500
1.087500
1.091667
1.087500
1.087500
1.087500
1.087500
1.087500
1.087500
1.091667
1.083333
1.087500
1.091667
1.087500
1.087500
1.087500
1.087500
1.087500
1.087500
1.087500
1.087500
1.095833
1.087500
1.087500
1.087500
1.087500
1.087500
1.087500
1.087500
1.087500
1.091667
1.091667
1.087500
1.087500
0.979167
1.195833
1.087500
1.087500
1.087500
1.087500
1.091667
1.087500
1.091667
1.091667
1.087500
1.087500
0.737500
1.200000
1.087500
1.087500
1.087500
1.087500
1.087500
1.087500
1.087500
1.087500
1.087500
1.087500
1.095833
1.083333
1.087500
1.087500
1.087500
1.087500
1.087500
1.087500
1.087500
1.091667
1.087500
1.087500
1.087500
1.087500
1.087500
1.087500
1.087500
1.087500
1.087500
1.091667
1.087500
1.087500
1.087500
1.087500
1.087500
1.087500
1.087500
1.087500
1.087500
1.087500
1.091667
1.087500
1.095833
1.079167
1.087500
1.087500
1.087500
1.087500
1.087500
1.087500
1.091667
1.087500
1.087500
1.087500
1.087500
1.087500
1.087500
1.087500
1.091667
1.087500
1.087500
0.987500
1.187500
1.087500
1.087500
1.091667
1.087500
1.087500
1.087500
1.087500
0.991667
1.183333
1.087500
1.087500
1.091667
1.087500
1.087500
1.087500
1.087500
1.087500
1.087500
1.091667
1.087500
1.087500
1.087500
1.004167
1.170833
1.087500
1.087500
1.087500
1.087500
0.966667
1.204167
1.087500
1.087500
1.087500
1.087500
1.087500
1.087500
1.087500
1.087500
1.087500
1.091667
1.087500
1.087500
1.087500
1.083333
1.091667
1.087500
1.087500
1.087500
1.087500
1.087500
1.091667
1.087500
1.083333
1.091667
1.087500
1.087500
1.087500
1.087500
1.087500
1.087500
1.091667
1.083333
1.091667
1.087500
1.087500
1.087500
1.087500
1.091667
1.083333
1.087500
1.091667
1.087500
1.087500
1.087500
1.087500
1.087500
0.987500
1.187500
1.087500
1.087500
1.087500
1.091667
1.087500
1.087500
1.087500
1.087500
1.087500
1.087500
1.091667
1.083333
1.091667
1.087500
1.087500
1.087500
1.087500
1.087500
1.087500
1.087500
1.091667
1.083333
1.087500
1.091667
1.087500
1.087500
1.087500
1.087500
1.087500
1.087500
1.087500
1.087500
1.091667
1.087500
1.087500
1.087500
1.087500
1.087500
1.087500
1.087500
1.087500
1.091667
1.087500
1.087500
1.087500
1.087500
1.087500
1.087500
1.087500
1.104167
1.070833
1.091667
1.083333
1.091667
1.087500
1.087500
1.087500
1.087500
1.087500
1.087500
1.087500
1.091667
1.087500
1.087500
1.087500
1.087500
1.087500
1.087500
1.087500
1.087500
1.091667
1.083333
1.091667
1.087500
1.087500
1.087500
1.087500
1.087500
1.087500
1.087500
1.087500
1.087500
1.091667
1.087500
1.087500
1.087500
1.087500
1.079167
1.095833
1.091667
1.083333
1.087500
1.091667
1.087500
1.087500
1.087500
1.087500
1.087500
1.087500
1.087500
1.087500
1.091667
1.087500
1.087500
1.087500
0.937500
0.658333
1.187500
1.087500
1.087500
1.087500
1.104167
1.070833
1.087500
1.091667
1.087500
1.004167
1.170833
1.087500
1.087500
1.087500
1.087500
1.087500
1.087500
1.091667
1.087500
1.087500
1.087500
1.087500
