0.220833
0.412500
0.191667
0.454167
0.637500
0.216667
0.412500
0.616667
0.241667
0.387500
0.629167
0.625000
0.633333
0.675000
0.200000
0.395833
0.220833
0.420833
0.254167
0.483333
0.525000
0.633333
0.304167
0.333333
0.441667
0.475000
0.354167
0.633333
0.629167
0.625000
0.645833
0.629167
0.212500
0.437500
0.645833
0.116667
0.516667
0.129167
0.512500
0.654167
0.654167
0.208333
0.454167
0.216667
0.429167
0.233333
0.412500
0.487500
0.195833
0.470833
0.212500
0.666667
0.666667
0.545833
0.808333
0.687500
0.679167
0.362500
0.183333
0.354167
0.441667
0.212500
0.479167
0.683333
0.695833
0.679167
0.008333
0.654167
0.862500
0.683333
0.437500
0.662500
0.654167
0.491667
0.816667
0.662500
0.662500
0.645833
0.654167
0.804167
0.525000
0.429167
0.591667
0.295833
0.654167
0.366667
0.291667
0.670833
0.245833
0.404167
0.662500
0.679167
0.695833
0.695833
0.683333
1.412500
1.395833
0.887500
0.487500
0.687500
0.675000
0.666667
1.350000
0.687500
0.920833
0.445833
0.691667
0.675000
0.683333
0.670833
0.920833
0.604167
0.245833
0.925000
0.237500
1.091667
1.383333
1.395833
0.687500
2.062500
0.675000
1.362500
1.416667
2.083333
1.425000
2.179167
0.737500
0.720833
2.245833
0.775000
0.737500
0.745833
0.758333
0.758333
0.758333
0.733333
0.737500
0.758333
0.770833
0.775000
1.245833
0.795833
0.762500
0.737500
1.479167
0.725000
0.675000
0.662500
0.670833
0.683333
0.675000
0.704167
0.712500
0.720833
0.675000
0.704167
0.700000
0.687500
1.379167
0.712500
0.700000
0.325000
0.370833
0.704167
1.158333
0.300000
0.704167
0.708333
0.733333
0.741667
1.400000
1.150000
0.245833
0.708333
0.691667
0.562500
0.833333
0.704167
0.708333
0.700000
0.716667
0.495833
0.216667
0.725000
0.741667
0.716667
0.750000
0.762500
0.779167
0.783333
1.525000
0.812500
0.837500
0.762500
0.808333
0.833333
0.825000
0.779167
0.825000
0.837500
0.820833
0.770833
0.816667
0.837500
0.850000
0.787500
0.800000
0.837500
0.854167
0.783333
0.837500
0.833333
0.812500
0.770833
0.829167
0.800000
0.800000
0.737500
0.733333
0.741667
0.725000
0.691667
0.691667
0.716667
0.716667
0.704167
0.720833
0.741667
0.750000
0.450000
0.283333
0.720833
0.766667
1.020833
0.458333
0.741667
0.754167
0.720833
0.479167
0.266667
0.787500
0.779167
0.745833
0.237500
1.233333
0.716667
0.712500
0.716667
0.762500
0.770833
0.362500
0.366667
0.358333
0.375000
0.729167
0.737500
0.745833
0.720833
0.737500
0.750000
0.816667
0.816667
0.783333
0.812500
0.879167
0.895833
0.866667
0.795833
0.854167
0.854167
0.883333
0.862500
0.808333
0.858333
0.912500
0.900000
0.816667
0.887500
0.937500
0.858333
0.816667
0.870833
0.866667
0.908333
0.800000
0.858333
0.862500
0.854167
0.770833
0.816667
0.833333
0.833333
0.783333
0.825000
0.837500
0.808333
0.750000
0.750000
0.787500
0.737500
0.720833
0.787500
0.775000
0.758333
0.783333
0.800000
0.783333
0.750000
0.766667
0.833333
0.800000
0.770833
0.783333
0.795833
0.750000
0.783333
0.854167
0.833333
0.804167
0.808333
0.829167
0.795833
1.695833
0.920833
0.800000
0.829167
0.850000
0.887500
0.883333
0.820833
0.900000
1.208333
0.954167
0.841667
0.866667
0.895833
0.929167
1.200000
1.133333
1.008333
0.966667
0.950000
0.879167
0.883333
0.870833
0.891667
0.854167
1.220833
1.095833
0.870833
0.887500
0.891667
0.895833
0.866667
0.900000
0.920833
0.900000
0.854167
0.900000
0.900000
0.895833
0.854167
0.933333
0.970833
0.916667
0.858333
0.912500
0.900000
0.850000
0.916667
0.916667
0.862500
0.929167
0.945833
0.883333
0.933333
0.941667
0.945833
0.900000
0.945833
0.962500
0.950000
0.904167
0.933333
0.941667
0.950000
0.895833
0.941667
0.920833
0.937500
0.883333
0.937500
0.937500
0.925000
0.895833
0.916667
0.958333
0.966667
0.912500
0.941667
0.950000
0.908333
0.954167
0.970833
0.920833
0.958333
0.966667
0.904167
0.950000
0.950000
0.908333
0.958333
0.966667
0.912500
0.933333
0.966667
0.933333
0.912500
0.941667
0.933333
0.954167
0.904167
0.958333
0.983333
0.900000
0.937500
0.929167
0.904167
0.954167
0.966667
0.904167
0.962500
0.966667
0.941667
0.970833
0.987500
0.950000
1.033333
1.020833
0.958333
1.000000
1.008333
0.941667
0.970833
0.987500
0.983333
0.933333
0.970833
0.954167
0.958333
0.916667
0.962500
0.966667
0.987500
0.920833
0.945833
0.975000
0.966667
0.912500
0.975000
0.975000
0.966667
0.941667
0.975000
0.966667
0.916667
0.950000
0.983333
0.916667
0.975000
0.958333
0.925000
0.954167
0.966667
0.925000
0.975000
0.979167
0.916667
0.970833
0.950000
0.920833
0.966667
0.991667
0.950000
0.975000
0.975000
0.925000
0.979167
0.991667
0.941667
0.987500
1.008333
0.950000
1.004167
0.995833
0.950000
0.991667
0.987500
0.920833
0.962500
0.970833
0.850000
0.908333
0.950000
0.891667
0.950000
0.970833
0.908333
0.941667
0.970833
0.908333
0.958333
0.979167
0.912500
0.954167
1.008333
0.933333
0.958333
0.979167
0.920833
0.991667
1.016667
0.945833
0.995833
1.020833
0.970833
1.004167
1.033333
0.941667
0.929167
0.925000
0.866667
0.875000
0.779167
0.733333
0.858333
0.841667
0.862500
0.795833
0.895833
1.279167
1.008333
1.229167
1.050000
0.862500
0.858333
1.012500
0.900000
0.866667
0.920833
0.945833
0.966667
0.904167
0.950000
0.941667
0.950000
0.904167
0.950000
0.962500
0.933333
0.900000
0.937500
0.929167
0.883333
0.925000
0.937500
0.904167
0.875000
0.916667
0.908333
0.862500
0.900000
0.904167
0.879167
0.920833
0.920833
0.862500
0.929167
0.933333
0.875000
0.937500
0.912500
0.875000
0.937500
0.941667
0.887500
0.920833
0.925000
0.891667
0.929167
0.937500
0.891667
0.937500
0.933333
0.891667
0.937500
0.950000
0.916667
0.945833
0.941667
0.912500
0.945833
0.975000
0.925000
0.970833
0.966667
0.925000
1.004167
1.000000
0.937500
0.983333
0.979167
0.945833
0.991667
0.970833
0.925000
0.987500
1.012500
0.937500
0.987500
0.979167
0.916667
0.970833
0.979167
0.920833
0.991667
0.983333
0.945833
0.975000
0.970833
0.920833
0.950000
0.987500
0.920833
0.970833
0.979167
0.933333
0.991667
0.983333
0.925000
0.979167
0.975000
0.933333
0.979167
0.962500
0.933333
0.962500
0.970833
0.920833
0.966667
0.966667
0.933333
0.962500
0.950000
0.912500
0.962500
0.966667
0.912500
0.958333
0.983333
0.929167
0.983333
0.958333
0.925000
0.995833
0.987500
0.925000
0.983333
0.950000
0.937500
0.991667
0.975000
0.933333
0.979167
0.979167
0.929167
0.987500
0.983333
0.937500
0.979167
0.966667
0.920833
0.975000
0.966667
0.900000
0.945833
0.945833
0.908333
0.945833
0.970833
0.916667
0.995833
0.962500
0.929167
1.020833
0.991667
0.950000
0.983333
1.000000
0.941667
0.987500
0.995833
0.950000
0.991667
0.987500
0.941667
0.991667
1.000000
0.941667
0.991667
0.979167
0.937500
0.983333
1.020833
0.937500
0.979167
0.995833
0.908333
0.950000
0.962500
0.937500
0.966667
1.012500
0.945833
0.983333
0.975000
0.920833
0.987500
1.016667
0.954167
1.004167
0.970833
0.950000
1.004167
0.987500
0.941667
0.975000
0.987500
0.937500
