1.041667
1.033333
1.041667
1.041667
0.758333
1.308333
1.050000
1.041667
1.029167
1.033333
1.041667
1.029167
1.037500
1.029167
1.033333
1.029167
1.033333
1.037500
1.037500
1.037500
1.029167
1.037500
1.029167
1.041667
1.033333
1.029167
1.037500
1.041667
1.037500
1.033333
1.033333
1.037500
1.045833
1.033333
1.033333
0.750000
1.325000
1.045833
1.037500
1.037500
1.029167
1.029167
1.029167
1.029167
1.033333
1.041667
1.029167
1.037500
1.029167
1.041667
1.050000
1.037500
1.029167
1.033333
1.029167
1.050000
1.025000
1.037500
1.029167
1.037500
1.037500
1.037500
1.033333
1.033333
0.754167
1.316667
1.041667
1.041667
1.033333
0.733333
1.341667
1.033333
1.045833
1.025000
0.754167
1.291667
1.037500
1.033333
1.025000
1.020833
1.020833
1.025000
1.025000
1.033333
1.025000
1.025000
1.029167
1.020833
1.025000
1.033333
1.012500
1.045833
1.033333
1.037500
1.037500
1.037500
1.041667
1.041667
1.037500
1.041667
0.729167
1.337500
1.062500
1.029167
1.025000
1.033333
1.041667
0.737500
1.312500
1.054167
1.029167
1.029167
1.020833
1.033333
1.033333
1.029167
1.037500
1.033333
1.033333
1.029167
1.045833
1.033333
1.029167
1.037500
1.045833
1.033333
1.037500
1.037500
1.037500
1.041667
1.033333
1.037500
1.041667
1.041667
1.041667
1.045833
1.029167
1.041667
0.729167
1.345833
1.058333
1.037500
1.033333
1.029167
1.029167
1.033333
1.029167
0.750000
1.320833
1.050000
1.045833
1.033333
1.037500
1.037500
1.033333
0.737500
1.333333
1.045833
1.041667
1.033333
0.754167
1.316667
1.045833
1.041667
1.016667
1.033333
1.012500
1.029167
1.016667
1.029167
1.025000
1.025000
1.029167
1.025000
1.037500
1.025000
1.033333
1.033333
1.054167
1.025000
1.037500
1.020833
1.041667
1.041667
1.029167
1.041667
1.037500
1.033333
1.037500
1.041667
1.037500
1.029167
1.041667
1.041667
1.033333
1.041667
0.741667
1.337500
0.454167
0.600000
1.033333
1.033333
1.041667
1.033333
1.020833
1.029167
1.037500
1.037500
1.037500
1.029167
0.741667
1.337500
1.045833
1.033333
1.037500
1.020833
0.800000
1.254167
1.029167
1.037500
1.020833
1.020833
1.020833
1.020833
1.025000
1.025000
1.037500
1.025000
1.033333
1.029167
1.025000
1.037500
1.004167
1.054167
0.733333
1.337500
1.050000
1.045833
1.020833
0.741667
1.312500
1.050000
1.025000
1.020833
1.025000
1.020833
1.025000
1.025000
1.020833
1.029167
1.016667
1.020833
1.033333
1.020833
1.029167
2.050000
1.033333
1.029167
1.029167
1.041667
1.033333
1.033333
1.033333
1.037500
1.045833
1.033333
1.033333
1.037500
0.716667
1.333333
1.070833
1.037500
1.020833
1.037500
1.033333
0.737500
0.287500
1.037500
0.770833
1.300000
1.037500
1.045833
1.029167
1.029167
1.033333
0.745833
1.312500
1.045833
1.045833
1.025000
1.025000
1.025000
1.050000
1.020833
0.733333
1.316667
1.045833
1.029167
1.041667
0.745833
1.300000
1.037500
1.029167
1.025000
1.033333
1.020833
1.037500
0.745833
1.312500
1.037500
1.033333
1.025000
1.029167
1.020833
1.045833
1.033333
1.033333
1.029167
1.045833
1.025000
1.045833
1.020833
1.045833
1.029167
1.041667
1.033333
1.033333
1.037500
1.025000
0.912500
1.137500
1.033333
1.041667
1.037500
1.033333
1.037500
1.037500
1.041667
1.033333
1.037500
1.033333
1.037500
1.033333
1.025000
1.033333
0.800000
1.250000
1.045833
1.029167
1.029167
1.025000
1.016667
1.029167
1.025000
1.029167
1.020833
1.037500
1.025000
1.033333
1.037500
1.033333
1.041667
1.020833
1.037500
1.050000
0.733333
1.316667
1.045833
1.041667
1.033333
0.762500
1.291667
1.029167
1.037500
1.020833
1.033333
1.029167
1.020833
1.033333
1.033333
1.029167
1.008333
1.070833
1.033333
1.033333
1.033333
1.050000
1.025000
1.033333
1.037500
1.041667
1.029167
1.041667
1.025000
1.033333
1.029167
0.745833
1.325000
1.062500
1.033333
1.020833
0.812500
1.250000
1.037500
1.033333
1.025000
1.025000
1.033333
1.016667
1.029167
1.029167
1.029167
1.037500
1.029167
1.025000
1.037500
1.033333
1.029167
1.041667
1.037500
1.033333
1.033333
1.037500
1.041667
1.041667
1.029167
1.045833
1.029167
1.041667
1.050000
1.025000
1.037500
0.737500
1.329167
1.041667
1.041667
1.033333
0.733333
1.308333
1.029167
1.025000
1.029167
1.012500
1.020833
1.020833
1.025000
1.033333
1.029167
1.029167
1.025000
1.033333
1.033333
1.025000
1.041667
1.020833
1.033333
1.029167
1.033333
1.029167
1.033333
1.050000
0.454167
0.545833
1.062500
1.025000
1.037500
1.037500
1.037500
1.025000
0.741667
1.333333
1.054167
1.045833
1.029167
0.750000
1.308333
1.041667
1.037500
1.029167
1.025000
1.037500
1.029167
1.025000
1.029167
1.041667
1.033333
1.029167
1.037500
1.029167
1.045833
1.033333
1.037500
1.037500
0.729167
1.337500
1.062500
1.020833
1.033333
1.016667
1.033333
1.025000
1.033333
1.033333
1.025000
1.041667
1.033333
1.029167
1.037500
1.033333
1.054167
1.033333
1.033333
1.050000
1.033333
1.045833
1.037500
1.045833
1.037500
1.037500
1.050000
1.054167
1.033333
1.041667
1.045833
1.037500
1.045833
1.041667
1.045833
1.050000
1.041667
1.045833
1.050000
1.037500
0.750000
1.325000
0.437500
0.616667
1.037500
1.033333
1.037500
1.020833
1.033333
1.029167
1.037500
1.033333
1.020833
1.037500
1.037500
1.033333
1.045833
1.033333
1.041667
0.725000
1.350000
1.050000
1.041667
1.025000
0.737500
0.650000
0.670833
1.041667
1.045833
1.025000
0.995833
1.041667
1.020833
1.025000
1.020833
1.037500
1.020833
1.033333
1.020833
1.045833
1.029167
1.025000
1.037500
1.037500
1.033333
1.029167
1.037500
1.037500
1.041667
1.033333
1.033333
1.041667
1.033333
1.754167
1.341667
1.045833
1.033333
1.037500
1.020833
1.025000
1.029167
1.025000
1.029167
1.025000
1.029167
1.033333
1.025000
1.025000
1.033333
1.033333
1.025000
1.025000
1.033333
