0.662500
0.641667
0.658333
0.645833
0.658333
0.645833
0.641667
0.654167
0.654167
0.650000
0.654167
0.650000
0.650000
0.650000
0.658333
0.650000
0.650000
0.650000
0.650000
0.645833
0.654167
0.654167
0.645833
0.654167
0.645833
0.654167
0.650000
0.650000
0.645833
0.654167
0.654167
0.650000
0.650000
0.654167
0.645833
0.654167
0.654167
0.645833
0.654167
0.650000
0.641667
0.662500
0.654167
0.650000
0.654167
0.650000
0.650000
0.654167
0.650000
0.654167
0.641667
0.654167
0.650000
0.650000
0.654167
0.650000
0.645833
0.645833
0.654167
0.662500
0.650000
0.650000
0.641667
0.658333
0.654167
0.637500
0.654167
0.658333
0.650000
0.654167
0.654167
0.650000
0.645833
0.650000
0.658333
0.645833
0.650000
0.650000
0.650000
0.654167
0.654167
0.650000
0.650000
0.650000
0.641667
0.662500
0.650000
0.645833
0.658333
0.641667
0.658333
0.650000
0.641667
0.662500
0.641667
0.662500
0.650000
0.650000
0.641667
0.662500
0.650000
0.654167
0.650000
0.654167
0.650000
0.645833
0.658333
0.650000
0.650000
0.654167
0.650000
0.650000
0.654167
0.650000
0.654167
0.650000
0.654167
0.650000
0.654167
0.645833
0.654167
0.654167
0.650000
0.654167
0.645833
0.658333
0.650000
0.650000
0.645833
0.658333
0.654167
0.650000
0.650000
0.658333
0.654167
0.654167
0.645833
0.654167
0.658333
0.637500
0.654167
0.500000
0.816667
0.650000
0.658333
0.654167
0.654167
0.650000
0.654167
0.658333
0.650000
0.658333
0.650000
0.654167
0.654167
0.654167
0.645833
0.666667
0.654167
0.650000
0.662500
0.645833
0.654167
0.658333
0.650000
0.658333
0.645833
0.662500
0.645833
0.658333
0.654167
0.658333
0.654167
0.654167
1.300000
0.800000
0.516667
0.645833
0.670833
0.650000
0.641667
0.662500
0.658333
0.654167
0.654167
0.662500
0.654167
0.654167
0.645833
0.658333
0.654167
0.416667
0.237500
0.658333
0.320833
0.329167
0.658333
0.654167
0.641667
0.400000
0.270833
0.637500
0.666667
0.666667
0.633333
0.666667
0.658333
0.645833
0.662500
0.491667
0.812500
0.654167
0.650000
0.658333
0.658333
0.654167
0.658333
0.641667
1.308333
0.662500
0.654167
1.083333
0.883333
0.658333
0.650000
0.708333
0.608333
0.654167
0.641667
0.654167
0.666667
0.658333
0.637500
1.316667
0.666667
0.650000
0.654167
0.645833
0.670833
0.645833
0.658333
0.645833
0.670833
0.637500
0.670833
0.658333
0.650000
0.645833
0.670833
0.650000
0.641667
0.658333
0.658333
0.666667
0.650000
0.662500
0.566667
0.729167
0.670833
0.316667
0.166667
0.816667
0.666667
0.658333
0.637500
0.658333
0.666667
0.233333
0.425000
0.650000
0.662500
0.479167
0.187500
0.695833
0.608333
0.658333
0.650000
0.654167
0.658333
0.662500
0.650000
0.666667
0.654167
0.654167
0.662500
0.645833
0.670833
0.658333
0.654167
0.658333
0.650000
0.666667
0.658333
0.658333
0.637500
1.433333
0.562500
0.645833
0.666667
0.645833
0.666667
0.650000
0.654167
0.658333
0.670833
0.654167
0.658333
0.658333
0.658333
0.654167
0.658333
0.658333
0.658333
0.654167
0.650000
0.675000
0.650000
0.658333
0.658333
0.654167
0.658333
0.658333
0.654167
0.662500
0.654167
0.662500
0.658333
0.650000
0.662500
0.641667
0.675000
0.654167
0.658333
0.662500
0.650000
0.658333
0.666667
0.658333
0.654167
0.662500
0.658333
0.658333
0.650000
0.662500
0.662500
0.654167
0.662500
0.654167
0.658333
0.658333
0.650000
0.666667
0.658333
0.654167
0.658333
0.658333
0.650000
0.662500
0.650000
0.658333
0.662500
0.658333
0.658333
0.658333
0.654167
0.658333
0.658333
0.650000
0.666667
0.658333
0.654167
0.654167
0.658333
0.654167
0.654167
0.662500
0.658333
0.666667
0.650000
0.666667
0.733333
0.570833
0.841667
1.245833
0.554167
0.445833
0.870833
0.470833
0.537500
0.641667
0.370833
0.604167
0.658333
0.666667
0.583333
0.633333
0.395833
0.354167
0.662500
0.654167
0.666667
0.637500
0.662500
0.662500
0.658333
0.566667
0.525000
0.875000
0.645833
0.662500
0.662500
0.666667
0.645833
0.670833
0.650000
0.666667
0.654167
0.687500
0.612500
0.675000
0.641667
0.662500
0.666667
0.645833
0.675000
0.654167
0.645833
0.666667
0.666667
0.650000
0.658333
0.662500
0.654167
0.662500
0.645833
0.666667
0.662500
0.650000
0.658333
0.658333
0.658333
0.650000
0.658333
0.666667
0.658333
0.541667
0.625000
0.800000
0.670833
0.645833
0.666667
0.650000
1.308333
0.995833
0.212500
0.166667
0.612500
0.920833
0.391667
0.670833
1.162500
0.816667
0.645833
0.666667
0.654167
0.650000
0.670833
0.583333
0.720833
0.662500
0.666667
0.658333
0.662500
0.491667
0.825000
0.662500
0.645833
0.675000
0.658333
0.654167
0.650000
0.654167
0.675000
0.658333
0.650000
0.666667
0.662500
0.662500
0.658333
0.645833
0.670833
0.650000
0.670833
0.658333
0.658333
0.662500
0.320833
0.341667
0.554167
0.775000
0.554167
0.750000
0.654167
0.366667
0.945833
0.658333
0.650000
0.412500
0.925000
0.650000
0.354167
0.300000
0.433333
0.800000
0.741667
0.662500
0.662500
0.654167
0.662500
0.658333
0.645833
0.658333
0.658333
0.658333
0.666667
0.658333
0.662500
0.645833
0.658333
0.670833
0.645833
0.679167
0.650000
0.662500
0.662500
0.658333
0.666667
0.654167
0.662500
0.654167
0.662500
0.658333
0.662500
0.654167
0.654167
0.666667
0.658333
0.658333
0.658333
0.658333
0.650000
0.666667
0.658333
0.650000
1.354167
0.620833
0.666667
0.658333
0.650000
0.658333
0.662500
0.670833
0.316667
0.337500
0.650000
0.670833
0.662500
0.658333
0.654167
0.662500
0.658333
0.645833
0.666667
0.662500
0.658333
0.645833
0.670833
0.658333
0.662500
0.662500
0.654167
0.658333
0.662500
0.658333
0.670833
0.650000
0.658333
0.662500
0.650000
0.662500
0.666667
0.658333
0.666667
0.654167
0.650000
0.670833
0.666667
0.641667
0.679167
0.645833
0.658333
0.662500
0.666667
0.666667
0.654167
0.287500
0.362500
0.662500
0.654167
0.675000
0.650000
0.662500
0.670833
0.650000
0.666667
0.662500
0.795833
0.125000
0.404167
0.645833
0.670833
0.662500
0.725000
0.608333
0.641667
0.654167
0.675000
0.658333
0.654167
0.666667
0.645833
0.670833
0.662500
0.654167
0.666667
0.658333
0.662500
0.662500
0.654167
0.666667
0.658333
0.654167
0.666667
0.658333
0.662500
0.658333
0.666667
0.662500
0.654167
0.658333
0.662500
0.650000
0.662500
0.666667
0.658333
0.662500
0.654167
0.670833
0.654167
0.666667
0.654167
0.658333
0.662500
0.658333
0.658333
0.654167
0.662500
0.650000
0.670833
0.658333
0.658333
0.658333
0.658333
0.654167
0.654167
0.658333
0.658333
0.658333
0.658333
0.662500
0.654167
0.662500
0.654167
0.654167
0.658333
0.662500
0.650000
0.662500
0.658333
0.658333
0.650000
0.666667
0.654167
0.654167
0.658333
0.662500
0.650000
0.666667
0.654167
0.654167
0.662500
0.650000
0.658333
0.658333
0.658333
0.666667
0.654167
0.654167
0.662500
0.654167
0.662500
0.654167
0.666667
0.650000
0.666667
0.654167
0.654167
0.662500
0.662500
0.662500
0.658333
0.658333
0.654167
0.650000
0.666667
0.662500
0.662500
0.654167
0.666667
0.654167
0.658333
0.662500
0.658333
0.650000
0.675000
0.654167
0.666667
0.654167
0.658333
0.666667
0.658333
0.658333
0.658333
0.666667
0.654167
0.658333
0.666667
0.654167
0.666667
0.654167
0.666667
0.658333
0.658333
0.662500
0.662500
0.658333
0.658333
0.658333
0.666667
0.654167
0.666667
0.662500
0.650000
0.662500
0.666667
0.654167
0.658333
0.662500
0.666667
0.658333
0.654167
0.662500
0.658333
0.658333
0.662500
0.662500
0.658333
0.662500
0.662500
0.658333
0.658333
0.662500
0.662500
0.654167
0.662500
0.658333
0.662500
0.650000
0.670833
0.650000
0.670833
0.658333
0.662500
0.654167
0.658333
0.650000
0.662500
0.670833
0.645833
0.675000
0.654167
0.662500
0.654167
0.666667
0.645833
0.670833
0.658333
0.650000
0.670833
0.654167
0.662500
0.658333
0.654167
0.658333
0.666667
0.650000
0.666667
0.654167
0.658333
0.662500
0.654167
0.658333
0.662500
0.654167
0.658333
0.662500
0.654167
0.658333
0.662500
0.662500
0.654167
0.658333
0.662500
0.658333
0.658333
0.658333
0.654167
0.658333
0.658333
0.658333
0.650000
0.675000
0.654167
0.654167
0.658333
0.662500
0.658333
0.658333
0.645833
0.658333
0.670833
0.662500
0.654167
0.658333
0.658333
0.658333
0.658333
0.662500
0.654167
0.666667
0.654167
0.658333
0.658333
0.650000
0.666667
0.662500
0.662500
0.662500
0.641667
0.658333
0.662500
0.670833
0.645833
0.666667
0.662500
0.658333
0.658333
0.658333
0.650000
0.670833
0.645833
0.658333
0.670833
0.658333
0.658333
0.654167
0.650000
0.666667
0.662500
0.658333
0.654167
0.654167
0.662500
0.654167
0.650000
0.662500
0.658333
0.662500
0.658333
0.641667
0.670833
0.658333
0.654167
0.658333
0.658333
0.650000
0.658333
0.658333
0.662500
0.658333
0.650000
0.662500
0.650000
0.658333
0.658333
0.662500
0.654167
0.645833
0.654167
0.675000
0.641667
0.595833
0.733333
0.479167
0.825000
0.654167
0.670833
0.654167
0.662500
0.645833
0.666667
0.658333
0.658333
0.662500
0.658333
0.654167
0.662500
0.658333
0.658333
0.654167
0.658333
0.666667
0.641667
0.666667
0.662500
0.658333
0.662500
0.658333
0.645833
0.675000
0.658333
0.658333
0.645833
0.658333
