0.762500
0.529167
0.287500
0.354167
0.645833
0.629167
0.645833
0.641667
0.637500
0.637500
0.637500
0.633333
0.633333
0.633333
0.633333
0.637500
0.637500
0.637500
0.637500
0.633333
0.637500
0.633333
0.637500
0.629167
0.629167
0.633333
0.633333
0.637500
0.637500
0.637500
0.637500
0.641667
0.629167
0.633333
0.633333
0.633333
0.633333
0.629167
0.279167
0.579167
1.029167
0.212500
0.416667
0.625000
0.241667
0.383333
0.641667
0.316667
0.433333
0.516667
0.641667
0.641667
0.379167
0.908333
0.645833
0.666667
0.629167
0.666667
0.633333
0.650000
0.679167
0.462500
0.862500
0.658333
0.666667
0.629167
0.683333
0.308333
0.333333
0.679167
0.579167
0.258333
0.441667
0.683333
0.637500
0.233333
0.445833
0.670833
0.666667
0.454167
0.212500
1.320833
0.670833
0.375000
0.312500
0.279167
0.391667
0.666667
0.829167
0.300000
0.833333
0.650000
0.658333
0.654167
0.650000
0.645833
0.650000
0.650000
0.195833
0.454167
0.650000
0.612500
0.679167
0.654167
0.650000
0.354167
0.945833
0.958333
0.320833
0.633333
0.629167
0.629167
0.629167
0.625000
0.637500
0.537500
0.270833
0.420833
0.291667
0.329167
0.379167
0.233333
0.620833
0.616667
0.625000
0.229167
0.387500
0.604167
0.633333
0.616667
0.666667
0.475000
0.416667
1.216667
0.329167
0.620833
0.895833
0.550000
0.420833
0.625000
0.625000
0.625000
1.450000
1.041667
0.629167
0.620833
0.616667
0.620833
0.391667
0.283333
0.287500
0.270833
0.800000
0.441667
0.616667
0.500000
0.279167
0.458333
0.620833
0.225000
0.395833
0.616667
1.070833
0.170833
0.620833
0.625000
0.629167
0.620833
0.629167
0.629167
0.625000
0.625000
0.625000
0.625000
0.629167
0.629167
0.633333
0.633333
0.741667
0.195833
0.329167
0.633333
0.633333
0.641667
0.633333
0.641667
0.308333
0.329167
0.629167
0.216667
0.387500
0.666667
0.633333
0.225000
0.408333
0.633333
0.633333
1.279167
0.637500
0.637500
0.637500
0.637500
0.637500
0.641667
0.645833
0.633333
0.650000
0.633333
0.641667
0.641667
0.641667
0.645833
0.641667
0.666667
0.625000
0.670833
0.625000
0.645833
0.645833
0.645833
0.662500
0.625000
0.645833
0.645833
0.645833
0.645833
0.645833
0.666667
0.625000
0.641667
0.604167
0.687500
0.329167
0.312500
0.670833
0.633333
0.645833
0.158333
0.483333
0.808333
0.391667
0.158333
0.575000
0.441667
0.325000
0.283333
0.270833
0.641667
0.645833
0.329167
0.445833
0.525000
0.650000
0.216667
0.462500
0.633333
0.654167
0.558333
0.770833
0.629167
0.679167
0.629167
0.654167
0.650000
0.650000
0.654167
0.645833
0.641667
0.420833
0.429167
0.450000
0.362500
0.520833
0.283333
0.725000
0.291667
0.350000
0.779167
0.495833
0.633333
0.095833
0.541667
0.633333
0.641667
0.637500
0.637500
0.758333
0.516667
0.637500
0.637500
0.191667
0.445833
0.633333
0.350000
0.295833
0.637500
0.637500
0.637500
0.633333
0.641667
0.633333
0.637500
0.333333
0.416667
0.516667
0.625000
0.404167
0.879167
0.637500
0.641667
0.416667
0.225000
0.620833
0.662500
0.641667
0.645833
0.495833
0.333333
0.462500
0.641667
1.329167
0.754167
0.487500
0.233333
0.412500
0.337500
0.420833
0.479167
0.320833
0.362500
0.645833
0.895833
1.012500
0.641667
0.641667
0.637500
0.641667
0.633333
0.637500
0.641667
0.700000
0.400000
0.279167
0.525000
0.633333
0.629167
0.633333
0.633333
0.633333
0.637500
0.512500
0.162500
0.587500
0.491667
0.508333
0.862500
0.654167
0.433333
0.295833
0.525000
0.633333
0.745833
0.504167
0.312500
0.316667
0.345833
0.283333
0.629167
0.620833
0.525000
0.737500
0.620833
0.379167
0.254167
0.616667
0.133333
0.500000
0.450000
0.804167
0.629167
0.212500
0.412500
0.508333
0.754167
0.625000
0.625000
0.641667
0.420833
0.845833
0.629167
0.633333
1.270833
0.983333
0.662500
0.454167
0.437500
0.633333
1.033333
0.866667
0.633333
0.629167
0.633333
0.633333
0.637500
1.141667
0.754167
1.133333
0.370833
0.562500
1.108333
0.229167
1.050000
1.908333
0.641667
0.637500
0.458333
0.287500
0.529167
0.641667
0.912500
0.362500
0.633333
0.225000
0.425000
0.254167
0.383333
0.554167
0.733333
0.170833
1.108333
0.637500
1.279167
0.183333
1.095833
0.437500
0.850000
1.308333
1.912500
0.650000
1.329167
1.312500
0.641667
0.683333
0.641667
0.233333
0.445833
0.425000
0.891667
0.637500
0.654167
0.658333
0.625000
0.420833
0.345833
0.279167
0.520833
0.437500
0.654167
0.654167
0.654167
0.670833
0.291667
0.341667
0.679167
0.662500
0.645833
0.645833
0.258333
0.433333
0.691667
0.670833
0.645833
0.666667
0.687500
0.645833
0.658333
0.658333
0.662500
0.675000
0.633333
0.650000
0.650000
0.645833
0.383333
0.258333
0.645833
0.645833
0.641667
0.420833
0.216667
0.633333
0.637500
0.637500
0.637500
0.641667
0.637500
0.633333
0.637500
0.637500
0.641667
0.641667
0.641667
0.645833
0.645833
0.645833
0.275000
0.366667
0.641667
0.645833
0.645833
0.645833
0.329167
0.316667
0.662500
0.637500
0.650000
0.650000
0.654167
0.650000
0.654167
0.654167
0.654167
0.654167
0.654167
0.654167
0.587500
0.725000
0.662500
0.662500
0.683333
0.650000
0.683333
0.654167
0.691667
0.520833
0.812500
0.700000
0.662500
0.675000
0.670833
0.695833
0.650000
0.654167
0.662500
0.662500
0.408333
0.250000
0.650000
0.650000
0.229167
0.425000
0.641667
0.612500
0.479167
0.825000
0.629167
0.637500
0.366667
0.258333
0.208333
0.658333
0.391667
0.625000
0.616667
0.308333
0.437500
0.504167
0.270833
0.954167
0.258333
0.362500
0.616667
0.620833
0.608333
0.233333
0.383333
0.658333
0.266667
0.304167
0.608333
0.612500
0.612500
0.612500
0.808333
0.412500
0.616667
1.220833
0.612500
0.562500
0.654167
0.612500
0.425000
0.800000
0.604167
0.345833
0.266667
0.612500
0.612500
0.245833
0.362500
0.325000
0.308333
0.591667
0.745833
0.308333
0.154167
0.625000
0.604167
0.704167
0.141667
0.991667
0.429167
0.791667
0.612500
0.433333
0.787500
0.608333
0.612500
0.612500
0.608333
0.616667
0.612500
0.616667
1.237500
0.620833
0.629167
0.620833
0.625000
0.625000
0.629167
0.629167
0.629167
0.633333
0.625000
0.629167
0.633333
0.629167
0.437500
0.175000
0.654167
1.050000
0.633333
0.216667
0.341667
0.287500
0.291667
0.445833
0.137500
0.300000
0.300000
0.308333
0.612500
0.841667
0.833333
0.350000
0.637500
0.629167
0.620833
0.312500
0.954167
0.629167
1.245833
0.625000
0.558333
0.695833
0.625000
0.416667
0.204167
0.616667
1.241667
0.100000
0.245833
0.454167
1.054167
0.883333
0.950000
0.612500
0.887500
0.287500
0.433333
0.450000
1.141667
0.462500
0.954167
0.875000
0.604167
0.416667
0.204167
0.275000
0.425000
0.279167
0.433333
0.216667
0.520833
0.275000
0.337500
0.879167
0.191667
0.304167
0.712500
0.604167
0.733333
0.812500
0.275000
0.808333
0.425000
0.591667
0.950000
0.270833
0.633333
0.600000
1.229167
0.616667
0.162500
0.450000
0.620833
1.241667
1.045833
0.820833
1.250000
0.629167
0.633333
0.200000
0.420833
0.737500
0.087500
0.429167
0.433333
0.833333
0.312500
0.316667
1.225000
0.654167
0.208333
1.045833
0.633333
0.625000
0.629167
1.258333
0.625000
0.625000
0.629167
0.183333
0.441667
0.783333
1.095833
0.620833
0.425000
0.829167
0.620833
0.620833
0.237500
1.625000
0.620833
1.483333
0.458333
1.141667
0.970833
1.491667
0.875000
0.966667
1.525000
1.545833
0.358333
0.508333
0.354167
0.620833
0.612500
1.850000
0.875000
0.358333
0.620833
0.283333
0.333333
0.683333
0.512500
1.362500
0.920833
0.245833
0.633333
0.533333
1.625000
0.345833
0.654167
0.600000
0.625000
1.108333
1.395833
1.229167
0.300000
0.291667
0.458333
1.462500
1.754167
1.375000
1.441667
0.441667
0.304167
0.329167
0.633333
0.754167
0.466667
0.491667
0.312500
0.670833
0.495833
1.241667
0.645833
0.633333
1.266667
1.041667
1.254167
1.520833
1.920833
0.858333
1.716667
0.637500
0.445833
0.833333
0.637500
1.270833
1.266667
0.637500
0.633333
0.637500
0.633333
0.641667
0.629167
0.637500
0.641667
0.641667
0.641667
0.641667
0.641667
0.645833
0.641667
0.641667
0.645833
0.641667
0.645833
0.641667
0.641667
0.645833
0.754167
0.533333
0.645833
0.370833
0.275000
0.945833
0.337500
0.400000
0.237500
0.216667
0.425000
0.762500
0.520833
0.645833
0.662500
0.008333
0.616667
0.650000
0.408333
0.241667
0.516667
0.154167
0.629167
0.645833
0.229167
0.416667
0.645833
0.641667
0.408333
0.625000
0.254167
0.637500
0.633333
0.091667
0.554167
0.633333
0.645833
0.637500
0.637500
0.633333
0.637500
0.637500
0.637500
0.641667
0.637500
0.645833
0.641667
0.466667
0.316667
0.508333
0.650000
0.650000
0.750000
0.550000
0.645833
0.679167
0.637500
0.679167
0.670833
0.666667
0.641667
0.658333
0.662500
0.683333
0.225000
0.412500
0.683333
0.641667
0.675000
0.641667
0.654167
0.662500
0.666667
0.691667
0.675000
0.675000
0.312500
0.404167
0.612500
0.408333
0.929167
0.687500
0.645833
0.662500
0.395833
0.945833
0.641667
0.654167
0.662500
0.291667
0.391667
0.316667
0.737500
0.237500
0.370833
0.287500
0.641667
0.662500
0.645833
0.650000
0.645833
0.912500
0.366667
0.241667
0.270833
0.766667
0.633333
0.637500
0.629167
0.237500
0.670833
0.354167
0.625000
0.625000
0.262500
0.366667
0.908333
0.341667
0.616667
0.620833
1.245833
0.616667
0.820833
0.416667
1.229167
0.620833
0.316667
0.300000
0.616667
1.366667
0.483333
1.237500
0.620833
0.208333
0.416667
0.620833
0.629167
0.787500
0.470833
0.629167
0.816667
0.320833
0.750000
0.629167
0.362500
0.262500
0.629167
0.625000
0.625000
0.837500
0.404167
0.620833
0.620833
0.616667
0.291667
0.333333
0.625000
0.620833
0.620833
0.620833
0.687500
0.562500
0.625000
0.625000
0.629167
0.629167
0.629167
0.625000
0.629167
1.033333
0.229167
0.629167
0.633333
0.245833
0.387500
0.637500
0.637500
0.637500
0.708333
0.120833
0.283333
0.141667
0.658333
0.920833
0.350000
0.633333
0.729167
0.233333
0.595833
0.983333
0.637500
0.637500
0.637500
0.245833
