0.533333
0.533333
0.533333
0.533333
0.525000
0.533333
0.533333
0.529167
0.520833
0.541667
0.533333
0.533333
0.533333
0.533333
0.533333
0.533333
0.675000
0.387500
0.533333
0.533333
0.537500
0.533333
0.533333
0.533333
0.533333
0.541667
0.537500
0.533333
0.537500
0.537500
0.537500
0.537500
0.537500
0.537500
0.537500
0.537500
0.541667
0.541667
0.537500
0.516667
0.570833
0.520833
0.558333
0.537500
0.537500
0.545833
0.537500
0.541667
0.541667
0.537500
0.541667
0.541667
0.537500
0.537500
0.545833
0.541667
0.537500
0.537500
0.545833
0.545833
0.541667
0.545833
0.545833
0.545833
0.541667
0.550000
0.545833
0.545833
0.541667
0.550000
0.545833
0.541667
0.545833
0.545833
0.541667
0.541667
0.541667
0.545833
0.537500
0.541667
0.545833
0.541667
0.537500
0.350000
0.733333
0.541667
0.537500
0.537500
0.541667
0.537500
0.541667
0.541667
0.541667
0.541667
0.545833
0.545833
0.541667
0.545833
0.545833
0.545833
0.550000
0.545833
0.545833
0.550000
0.937500
0.220833
0.304167
0.370833
0.350000
0.545833
0.241667
0.308333
0.550000
0.545833
0.550000
0.550000
0.550000
0.550000
0.550000
0.554167
0.550000
0.550000
0.554167
0.550000
0.554167
0.554167
0.554167
0.545833
0.487500
0.616667
0.554167
0.550000
0.550000
0.550000
0.550000
0.545833
0.550000
0.550000
0.554167
0.545833
0.550000
0.554167
0.554167
0.550000
1.420833
0.395833
0.600000
0.408333
0.975000
0.075000
0.295833
0.741667
1.583333
0.670833
0.541667
0.550000
0.541667
0.545833
0.545833
0.545833
0.545833
0.554167
0.541667
0.550000
0.545833
0.550000
0.704167
0.454167
0.208333
0.300000
0.279167
0.537500
0.912500
0.391667
0.758333
0.220833
0.391667
0.445833
0.508333
0.966667
1.104167
0.300000
0.379167
0.254167
0.416667
0.287500
0.425000
0.258333
0.637500
0.716667
0.679167
0.445833
0.304167
0.829167
0.145833
0.662500
0.312500
0.208333
0.225000
0.216667
0.554167
0.454167
0.733333
0.783333
0.395833
0.320833
0.637500
0.212500
1.129167
0.450000
0.870833
1.087500
0.441667
0.816667
0.220833
1.308333
0.325000
0.287500
0.779167
0.237500
0.758333
0.450000
0.762500
0.908333
0.212500
0.925000
1.462500
0.754167
0.429167
1.512500
1.050000
1.570833
1.575000
2.087500
0.516667
1.075000
2.104167
2.637500
1.720833
1.575000
0.358333
1.704167
2.045833
1.591667
1.066667
2.662500
2.675000
0.537500
2.683333
0.537500
0.541667
0.541667
1.625000
0.537500
0.541667
0.537500
0.537500
0.545833
0.712500
0.366667
0.545833
1.079167
0.545833
0.591667
1.029167
0.545833
0.541667
0.537500
0.545833
0.541667
0.537500
0.545833
1.079167
0.541667
0.541667
0.545833
0.545833
0.445833
0.645833
0.554167
0.529167
0.554167
0.541667
0.604167
0.491667
0.837500
0.800000
0.550000
0.275000
0.345833
0.470833
0.545833
0.541667
0.550000
0.541667
0.541667
0.541667
0.545833
0.537500
0.545833
0.545833
0.541667
0.545833
0.545833
0.545833
0.545833
0.550000
0.545833
0.554167
0.541667
0.545833
0.550000
0.550000
0.545833
0.512500
0.591667
0.550000
0.550000
0.545833
0.550000
0.545833
0.545833
0.545833
0.545833
0.545833
0.545833
0.545833
0.545833
0.545833
0.545833
0.550000
0.550000
0.550000
0.550000
0.550000
0.554167
0.545833
0.554167
0.550000
0.554167
0.550000
0.554167
0.554167
0.558333
0.554167
0.554167
0.558333
0.550000
0.558333
0.558333
0.554167
0.554167
0.558333
0.558333
0.554167
0.558333
0.558333
0.554167
0.533333
0.579167
0.558333
0.550000
0.270833
0.287500
0.558333
0.554167
0.558333
0.558333
0.558333
0.554167
0.558333
0.562500
0.558333
0.554167
0.558333
0.562500
0.558333
0.558333
0.554167
0.562500
0.558333
0.558333
0.558333
0.558333
0.562500
0.558333
0.558333
0.558333
0.562500
0.558333
0.558333
0.558333
0.558333
0.562500
0.562500
0.554167
0.562500
0.562500
0.558333
0.558333
0.562500
0.566667
0.558333
0.558333
0.562500
0.562500
0.562500
0.562500
0.562500
0.562500
0.562500
0.562500
0.570833
0.562500
0.566667
0.566667
0.566667
0.562500
0.562500
0.566667
0.566667
0.562500
0.566667
0.570833
0.562500
0.566667
0.566667
0.566667
0.562500
0.562500
0.570833
0.566667
0.562500
0.562500
0.566667
0.562500
0.562500
0.558333
0.562500
0.562500
0.558333
0.558333
0.558333
0.562500
0.558333
0.562500
0.558333
0.558333
0.562500
0.554167
0.558333
0.558333
0.562500
0.558333
0.558333
0.562500
0.562500
0.562500
0.558333
0.566667
0.562500
0.562500
0.562500
0.562500
0.566667
0.566667
0.562500
0.566667
0.562500
0.566667
0.350000
0.620833
0.283333
0.441667
0.383333
0.391667
0.358333
0.558333
0.566667
0.566667
0.562500
0.545833
0.587500
0.566667
0.566667
0.562500
0.570833
0.566667
0.566667
0.566667
0.566667
0.566667
0.570833
0.566667
0.500000
0.633333
0.570833
0.575000
0.570833
0.570833
0.566667
0.575000
0.575000
0.575000
0.566667
0.575000
0.570833
0.570833
0.570833
0.570833
0.570833
0.570833
0.562500
0.566667
0.570833
0.575000
0.566667
0.570833
0.462500
0.575000
0.625000
0.616667
0.595833
0.566667
0.575000
0.575000
0.575000
0.570833
0.570833
0.575000
0.566667
0.254167
0.312500
0.575000
0.570833
0.566667
0.575000
0.575000
0.570833
0.570833
0.575000
0.575000
0.516667
0.620833
0.575000
0.570833
0.575000
0.570833
0.570833
0.575000
0.579167
0.575000
0.570833
0.579167
0.583333
0.575000
0.575000
0.575000
0.579167
0.579167
0.579167
0.575000
0.583333
0.583333
0.583333
0.575000
0.579167
0.579167
0.587500
0.579167
0.575000
0.583333
0.579167
0.579167
0.575000
0.579167
0.579167
0.579167
0.570833
0.575000
0.579167
0.575000
0.579167
0.575000
0.579167
0.575000
0.579167
0.575000
0.579167
0.583333
0.579167
0.579167
0.579167
1.162500
0.579167
0.575000
0.583333
0.587500
0.579167
0.583333
0.579167
0.579167
0.579167
0.583333
0.579167
0.579167
0.579167
0.583333
0.579167
0.575000
0.583333
0.587500
0.579167
0.579167
0.583333
0.591667
0.587500
0.583333
0.616667
0.587500
0.591667
0.591667
0.587500
0.587500
0.587500
0.583333
0.591667
0.587500
0.583333
0.583333
0.591667
0.587500
0.579167
0.583333
0.591667
0.587500
0.591667
0.579167
0.587500
0.591667
0.587500
0.587500
0.583333
0.587500
0.591667
0.587500
0.516667
0.654167
0.591667
0.591667
0.587500
0.591667
0.579167
0.587500
0.583333
0.579167
0.579167
0.583333
0.587500
0.583333
0.579167
0.583333
0.587500
0.587500
0.579167
0.583333
0.583333
0.591667
0.591667
0.579167
0.554167
0.616667
0.595833
0.583333
0.583333
0.579167
0.587500
0.583333
0.583333
0.579167
0.579167
0.583333
0.583333
0.583333
0.583333
0.579167
0.587500
0.583333
0.583333
0.583333
0.583333
0.583333
0.575000
0.575000
0.587500
0.579167
0.575000
0.575000
0.583333
0.591667
0.583333
0.566667
0.608333
0.604167
0.591667
0.595833
0.587500
0.579167
0.554167
0.404167
0.212500
0.587500
0.300000
0.287500
0.579167
0.587500
0.583333
0.583333
0.579167
0.583333
0.583333
0.583333
0.579167
0.579167
0.583333
0.583333
0.579167
0.579167
0.587500
0.587500
0.583333
0.591667
0.445833
0.816667
0.683333
0.391667
0.579167
0.595833
0.587500
0.587500
0.583333
0.587500
0.587500
0.591667
0.583333
0.583333
0.587500
0.587500
0.583333
0.583333
0.587500
0.587500
0.583333
0.583333
0.587500
0.579167
0.587500
0.583333
0.579167
0.583333
0.587500
0.583333
0.579167
0.587500
0.587500
0.579167
0.579167
0.587500
0.579167
0.579167
0.579167
0.583333
0.591667
0.579167
0.583333
0.579167
0.587500
0.587500
0.579167
0.583333
0.579167
0.587500
0.591667
0.583333
0.583333
0.587500
0.591667
0.591667
0.583333
0.587500
0.587500
0.591667
0.583333
0.583333
0.587500
0.591667
0.591667
0.583333
0.587500
0.587500
0.595833
0.587500
0.583333
0.587500
0.591667
0.600000
0.587500
0.591667
0.591667
0.591667
0.591667
0.583333
0.579167
0.575000
0.583333
0.579167
0.575000
0.575000
0.604167
0.583333
0.579167
0.583333
0.575000
0.887500
1.766667
0.716667
1.691667
0.370833
0.229167
0.208333
0.537500
0.329167
0.170833
0.570833
0.220833
0.387500
0.362500
0.337500
0.770833
0.216667
0.283333
0.420833
0.445833
0.858333
0.250000
0.470833
0.250000
0.533333
0.216667
0.287500
0.391667
0.837500
0.916667
0.520833
0.650000
0.220833
0.904167
0.458333
0.100000
0.637500
0.008333
0.729167
0.325000
0.329167
0.420833
0.295833
0.462500
0.883333
0.245833
0.616667
0.350000
0.504167
0.383333
0.491667
0.258333
0.833333
0.475000
0.720833
0.295833
0.316667
0.208333
0.341667
0.225000
0.329167
0.595833
0.316667
0.491667
0.425000
0.333333
0.562500
0.366667
0.229167
0.216667
0.325000
0.345833
0.216667
0.425000
0.204167
0.295833
0.808333
0.529167
0.654167
0.495833
0.245833
0.212500
0.233333
0.395833
0.370833
0.712500
0.233333
0.341667
0.225000
0.604167
0.312500
0.187500
0.479167
0.370833
1.520833
0.641667
1.075000
1.079167
0.537500
1.066667
1.662500
0.475000
0.529167
1.058333
0.533333
0.529167
1.054167
0.483333
0.558333
0.550000
0.529167
0.533333
0.391667
0.733333
0.225000
0.233333
0.591667
0.416667
1.112500
0.529167
0.533333
0.525000
0.533333
0.533333
0.529167
0.529167
0.529167
0.525000
0.533333
0.529167
0.529167
0.529167
0.529167
0.533333
0.520833
0.525000
0.533333
0.525000
0.529167
0.566667
0.533333
0.537500
0.533333
0.533333
0.537500
0.533333
0.537500
0.537500
0.537500
0.533333
0.533333
0.537500
0.537500
0.533333
0.537500
0.537500
0.533333
0.537500
0.537500
0.533333
0.537500
0.537500
0.533333
0.537500
0.533333
0.537500
0.537500
0.537500
0.541667
0.541667
0.341667
0.729167
0.541667
0.537500
0.537500
0.537500
0.537500
0.537500
0.537500
0.537500
0.537500
0.533333
0.537500
0.537500
0.537500
0.537500
0.537500
0.541667
0.537500
0.537500
0.541667
0.537500
0.541667
0.537500
0.537500
0.541667
0.537500
0.541667
0.541667
0.541667
0.541667
0.541667
0.541667
0.541667
0.545833
0.541667
0.545833
0.541667
0.545833
0.545833
0.545833
0.541667
0.433333
0.658333
0.250000
0.833333
0.508333
0.579167
0.541667
0.541667
0.541667
0.545833
0.537500
0.545833
0.541667
0.541667
0.541667
0.541667
0.537500
0.545833
0.541667
0.541667
0.541667
0.541667
0.537500
0.545833
0.541667
0.541667
0.545833
0.541667
0.550000
0.541667
0.545833
0.541667
0.545833
0.545833
0.545833
0.545833
0.550000
0.545833
0.545833
0.545833
0.545833
0.550000
0.545833
0.545833
0.550000
0.550000
0.550000
0.550000
0.550000
0.550000
0.554167
0.550000
