0.662500
0.658333
0.662500
0.666667
0.658333
0.666667
0.662500
0.654167
0.662500
0.662500
0.658333
0.666667
0.662500
0.670833
0.662500
0.666667
0.666667
0.662500
0.670833
0.662500
0.662500
0.666667
0.666667
0.662500
0.662500
0.666667
0.662500
0.662500
0.666667
0.662500
0.662500
0.662500
0.662500
0.662500
0.662500
0.666667
0.654167
0.666667
0.662500
0.658333
0.662500
0.662500
0.662500
0.662500
0.670833
0.662500
0.662500
0.666667
0.658333
0.666667
0.658333
0.662500
0.658333
0.670833
0.662500
0.658333
0.666667
0.658333
0.666667
0.662500
0.662500
0.662500
0.658333
0.666667
0.662500
0.658333
0.670833
0.666667
0.662500
0.662500
0.670833
0.662500
0.662500
0.670833
0.662500
0.662500
0.666667
0.662500
0.658333
0.658333
0.662500
0.650000
0.658333
0.658333
0.650000
0.658333
0.654167
0.654167
0.658333
0.650000
0.654167
0.650000
0.654167
0.654167
0.641667
0.650000
0.650000
0.641667
0.645833
0.650000
0.654167
0.641667
0.637500
0.641667
0.745833
0.537500
0.633333
0.641667
0.633333
0.637500
0.637500
0.645833
0.633333
0.629167
0.637500
0.741667
0.529167
0.637500
0.633333
0.625000
0.633333
0.312500
0.320833
0.637500
0.737500
0.275000
0.358333
0.520833
0.633333
0.641667
0.625000
0.637500
0.620833
0.637500
0.637500
0.637500
0.629167
0.641667
0.637500
0.637500
0.645833
0.733333
0.641667
0.541667
0.637500
0.645833
0.654167
0.754167
0.529167
0.641667
0.658333
0.654167
0.745833
0.541667
0.641667
0.641667
0.641667
0.641667
0.654167
0.641667
0.637500
0.654167
0.645833
0.641667
0.654167
0.654167
0.650000
0.645833
0.658333
0.658333
0.645833
0.654167
0.654167
0.654167
0.654167
0.658333
0.662500
0.654167
0.658333
0.666667
0.658333
0.658333
0.666667
0.658333
0.658333
0.666667
0.662500
0.658333
0.670833
0.662500
0.662500
0.666667
0.662500
0.662500
0.658333
0.666667
0.658333
0.666667
0.662500
0.658333
0.670833
0.662500
0.650000
0.654167
0.658333
0.650000
0.658333
0.654167
0.654167
0.654167
0.645833
0.654167
0.654167
0.650000
0.662500
0.662500
0.658333
0.654167
0.670833
0.662500
0.658333
0.675000
0.666667
0.662500
0.662500
0.675000
0.675000
0.670833
0.662500
0.666667
0.675000
0.670833
0.662500
0.675000
0.675000
0.670833
0.666667
0.662500
0.670833
0.670833
0.675000
0.658333
0.662500
0.666667
0.666667
0.662500
0.662500
0.670833
0.666667
0.658333
0.666667
0.670833
0.662500
0.666667
0.675000
0.670833
0.666667
0.670833
0.670833
0.662500
0.675000
0.666667
0.666667
0.675000
0.670833
0.666667
0.670833
0.666667
0.666667
0.670833
0.658333
0.662500
0.666667
0.658333
0.666667
0.658333
0.662500
0.662500
0.662500
0.654167
0.662500
0.658333
0.662500
0.662500
0.658333
0.666667
0.658333
0.658333
0.658333
0.658333
0.654167
0.662500
0.650000
0.654167
0.658333
0.650000
0.654167
0.662500
0.654167
0.650000
0.658333
0.645833
0.654167
0.650000
0.650000
0.650000
0.658333
0.654167
0.654167
0.654167
0.650000
0.654167
0.654167
0.650000
0.654167
0.662500
0.662500
0.654167
0.662500
0.654167
0.658333
0.658333
0.654167
0.654167
0.666667
0.654167
0.654167
0.658333
0.650000
0.658333
0.654167
0.645833
0.654167
0.658333
0.654167
0.654167
0.658333
0.650000
0.658333
0.654167
0.650000
0.654167
0.662500
0.654167
0.654167
0.662500
0.658333
0.658333
0.658333
0.662500
0.654167
0.658333
0.658333
0.654167
0.654167
0.658333
0.650000
0.654167
0.654167
0.650000
0.645833
0.650000
0.658333
0.650000
0.645833
0.654167
0.650000
0.645833
0.645833
0.650000
0.645833
0.650000
0.650000
0.658333
0.645833
0.645833
0.645833
0.645833
0.650000
0.654167
0.637500
0.650000
0.654167
0.650000
0.645833
0.658333
0.650000
0.645833
0.658333
0.650000
0.650000
0.654167
0.654167
0.654167
0.658333
0.658333
0.654167
0.650000
0.662500
0.650000
0.650000
0.658333
0.650000
0.645833
0.654167
0.645833
0.645833
0.645833
0.662500
0.650000
0.645833
0.650000
0.645833
0.650000
0.650000
0.645833
0.645833
0.654167
0.645833
0.645833
0.654167
0.645833
0.645833
0.645833
0.650000
0.641667
0.650000
0.645833
0.645833
0.645833
0.650000
0.645833
0.645833
0.645833
0.650000
0.645833
0.654167
0.650000
0.645833
0.654167
0.650000
0.641667
0.650000
0.654167
0.645833
0.650000
0.654167
0.650000
0.650000
0.654167
0.650000
0.654167
0.650000
0.650000
0.654167
0.650000
0.654167
0.650000
0.658333
0.650000
0.650000
0.654167
0.650000
0.650000
0.650000
0.658333
0.650000
0.650000
0.654167
0.650000
0.650000
0.654167
0.658333
0.654167
0.658333
0.658333
0.658333
0.654167
0.666667
0.658333
0.658333
0.658333
0.666667
0.658333
0.658333
0.666667
0.662500
0.658333
0.666667
0.662500
0.662500
0.658333
0.666667
0.662500
0.658333
0.666667
0.662500
0.658333
0.666667
0.662500
0.654167
0.658333
0.658333
0.658333
0.650000
0.654167
0.754167
0.645833
0.533333
0.641667
0.637500
0.637500
0.629167
0.641667
0.633333
0.633333
0.637500
0.633333
0.637500
0.637500
0.637500
0.641667
0.650000
0.637500
0.641667
0.650000
0.645833
0.641667
0.650000
0.650000
0.641667
0.645833
0.654167
0.641667
0.645833
0.650000
0.645833
0.645833
0.650000
0.650000
0.645833
0.650000
0.658333
0.650000
0.654167
0.658333
0.650000
0.658333
0.654167
0.650000
0.658333
0.654167
0.654167
0.658333
0.662500
0.654167
0.658333
0.658333
0.654167
0.654167
0.662500
0.654167
0.654167
0.658333
0.662500
0.658333
0.654167
0.658333
0.662500
0.654167
0.654167
0.662500
0.654167
0.650000
0.654167
0.654167
0.658333
0.650000
0.658333
0.654167
0.645833
0.650000
0.654167
0.645833
0.645833
0.650000
0.650000
0.645833
0.645833
0.650000
0.645833
0.641667
0.650000
0.645833
0.641667
0.645833
0.645833
0.641667
0.645833
0.645833
0.641667
0.645833
0.650000
0.641667
0.641667
0.641667
0.645833
0.641667
0.641667
0.645833
0.637500
0.641667
0.645833
0.641667
0.641667
0.645833
0.650000
0.641667
0.650000
0.645833
0.641667
0.650000
0.650000
0.641667
0.645833
0.650000
0.645833
0.645833
0.654167
0.641667
0.645833
0.654167
0.650000
0.645833
0.650000
0.654167
0.645833
0.650000
0.650000
0.645833
0.650000
0.650000
0.650000
0.650000
0.662500
0.650000
0.650000
0.658333
0.650000
0.641667
0.650000
0.650000
0.645833
0.650000
0.645833
0.645833
0.650000
0.650000
0.645833
0.650000
0.654167
0.645833
0.650000
0.654167
0.654167
0.654167
0.654167
0.658333
0.654167
0.658333
0.658333
0.658333
0.650000
0.662500
0.654167
0.654167
0.650000
0.658333
0.658333
0.650000
0.654167
0.658333
0.654167
0.654167
0.658333
0.654167
0.654167
0.662500
0.662500
0.658333
0.658333
0.662500
0.658333
0.654167
0.658333
0.658333
0.645833
0.654167
0.658333
0.654167
0.650000
0.658333
0.658333
0.654167
0.662500
0.654167
0.654167
0.654167
0.662500
0.658333
0.654167
0.658333
0.650000
0.658333
0.658333
0.654167
0.654167
0.658333
0.650000
0.654167
0.658333
0.654167
0.654167
0.654167
0.662500
0.654167
0.650000
0.658333
0.654167
0.654167
0.654167
0.658333
0.654167
0.654167
0.654167
0.654167
0.650000
0.658333
0.654167
0.650000
0.654167
0.662500
0.654167
0.654167
0.658333
0.654167
0.650000
0.654167
0.654167
0.650000
0.658333
0.654167
0.650000
0.658333
0.654167
0.645833
0.654167
0.654167
0.650000
0.654167
0.650000
0.654167
0.645833
0.650000
0.654167
0.645833
0.645833
0.654167
0.650000
0.645833
0.645833
0.650000
0.650000
0.645833
0.654167
0.650000
0.645833
0.654167
0.650000
0.650000
0.650000
0.654167
0.654167
0.645833
0.658333
0.650000
0.645833
0.654167
0.641667
0.641667
0.637500
0.645833
0.633333
0.641667
0.637500
0.637500
0.641667
0.641667
0.633333
0.641667
0.645833
0.641667
0.637500
0.645833
0.641667
0.637500
0.641667
0.645833
0.645833
0.641667
0.645833
0.650000
0.645833
0.641667
0.650000
0.650000
0.641667
0.650000
0.650000
0.645833
0.645833
0.654167
0.650000
0.645833
0.654167
0.645833
0.641667
0.650000
0.645833
0.641667
0.641667
0.650000
0.645833
0.637500
0.641667
0.637500
0.633333
0.637500
0.637500
0.629167
0.629167
0.633333
0.629167
0.625000
0.633333
0.633333
0.625000
0.633333
0.629167
0.625000
0.633333
0.633333
0.633333
0.629167
0.633333
0.637500
0.629167
0.637500
0.633333
0.629167
0.641667
0.633333
0.633333
0.633333
0.641667
0.633333
0.629167
0.641667
0.641667
0.620833
0.645833
0.620833
0.641667
0.629167
0.633333
0.633333
0.641667
0.637500
0.633333
0.645833
0.637500
0.637500
0.633333
0.650000
0.645833
0.637500
0.641667
0.645833
0.637500
0.645833
0.641667
0.641667
0.641667
0.645833
0.641667
0.654167
0.641667
0.645833
0.650000
0.645833
0.645833
0.650000
0.641667
0.650000
0.654167
0.641667
0.645833
0.650000
0.650000
0.645833
0.645833
0.645833
0.650000
0.641667
0.650000
0.650000
0.645833
0.650000
0.650000
0.645833
0.654167
0.645833
0.645833
0.654167
0.650000
0.645833
0.650000
0.650000
0.645833
0.650000
0.650000
0.641667
0.650000
0.650000
0.645833
0.645833
0.654167
0.754167
0.541667
0.654167
0.650000
0.650000
0.658333
0.654167
0.650000
0.654167
0.658333
0.654167
0.650000
0.658333
0.654167
0.650000
0.658333
0.654167
0.650000
0.654167
0.654167
0.650000
0.645833
