0.954167
0.958333
0.866667
0.925000
0.941667
0.866667
0.925000
0.929167
0.858333
0.887500
0.850000
0.816667
0.829167
0.870833
0.820833
0.900000
0.895833
0.858333
0.912500
0.920833
0.854167
0.879167
0.841667
0.870833
0.966667
0.954167
0.879167
0.966667
0.983333
0.904167
1.004167
0.970833
0.854167
0.854167
0.812500
0.758333
1.112500
0.966667
0.891667
1.054167
1.016667
0.920833
1.025000
1.020833
0.925000
0.979167
0.958333
0.879167
0.908333
0.854167
0.829167
0.879167
0.916667
0.833333
0.891667
0.908333
0.858333
0.900000
0.916667
0.858333
0.841667
0.854167
0.845833
0.854167
0.937500
0.895833
0.858333
0.954167
0.941667
0.870833
0.950000
0.916667
0.854167
0.887500
0.933333
0.854167
0.925000
0.962500
0.883333
0.966667
0.975000
0.891667
0.966667
0.970833
0.900000
0.958333
0.929167
0.841667
0.841667
0.854167
0.825000
1.137500
0.979167
0.900000
1.000000
0.979167
0.929167
1.008333
1.012500
0.929167
1.012500
0.991667
0.879167
0.870833
0.850000
0.758333
1.145833
0.950000
0.875000
0.995833
0.975000
0.891667
0.958333
0.970833
0.887500
0.941667
0.950000
0.875000
0.933333
0.925000
0.829167
0.829167
0.854167
0.754167
0.937500
0.837500
0.887500
0.962500
0.895833
0.975000
1.033333
0.895833
1.000000
0.958333
0.866667
0.845833
0.829167
0.758333
1.100000
0.958333
0.887500
0.995833
1.008333
0.895833
0.987500
0.970833
0.912500
0.979167
0.995833
0.895833
0.879167
0.845833
0.825000
0.816667
1.087500
0.862500
0.979167
0.950000
0.870833
0.895833
0.900000
0.870833
0.925000
0.941667
0.875000
0.933333
0.862500
0.825000
0.816667
1.066667
0.866667
0.962500
1.025000
0.912500
1.050000
0.991667
0.904167
0.925000
0.854167
0.845833
0.962500
0.954167
0.895833
1.020833
1.000000
0.908333
0.995833
1.004167
0.916667
0.975000
0.929167
0.887500
0.929167
0.850000
0.816667
0.758333
0.720833
0.750000
1.237500
0.941667
0.845833
0.916667
0.920833
0.866667
0.904167
0.866667
0.829167
0.912500
0.941667
0.879167
0.966667
0.975000
0.904167
0.991667
0.966667
0.908333
0.987500
0.995833
0.908333
0.975000
0.979167
0.891667
0.908333
0.854167
0.825000
0.837500
1.004167
0.879167
0.941667
0.970833
0.900000
0.970833
0.975000
0.887500
0.916667
0.908333
0.845833
0.862500
0.937500
0.854167
0.908333
0.975000
0.875000
0.858333
0.879167
0.812500
1.025000
0.983333
0.912500
0.966667
0.962500
0.900000
0.966667
0.933333
0.854167
0.879167
0.904167
0.879167
0.929167
0.979167
0.891667
0.929167
0.995833
0.925000
0.937500
0.983333
0.895833
0.962500
0.962500
0.866667
0.858333
0.866667
0.783333
1.058333
0.970833
0.908333
1.033333
1.050000
0.941667
1.116667
1.029167
0.962500
1.008333
0.991667
0.916667
0.933333
0.870833
0.850000
0.925000
1.016667
0.904167
0.987500
1.008333
0.900000
1.037500
1.012500
0.900000
0.879167
0.854167
0.870833
0.962500
0.954167
0.895833
0.975000
1.004167
0.900000
1.041667
0.979167
0.900000
0.920833
0.941667
0.875000
0.995833
1.016667
0.916667
1.020833
1.012500
0.929167
1.020833
1.000000
0.925000
0.983333
0.954167
0.879167
0.883333
0.800000
0.808333
1.337500
1.095833
0.929167
1.079167
0.995833
0.925000
1.008333
0.995833
0.887500
0.900000
0.833333
0.762500
1.162500
0.975000
0.891667
0.975000
0.983333
0.870833
0.870833
0.908333
0.804167
0.837500
0.745833
0.766667
0.737500
0.783333
0.758333
0.770833
0.745833
0.779167
1.033333
1.254167
1.020833
1.025000
0.929167
0.883333
0.975000
0.937500
0.845833
0.866667
0.750000
0.725000
0.712500
0.770833
0.766667
0.900000
1.266667
0.883333
0.916667
1.062500
0.945833
0.816667
0.925000
1.054167
0.833333
0.866667
0.804167
0.750000
0.816667
1.262500
0.829167
0.808333
0.858333
0.850000
0.791667
0.833333
0.837500
0.812500
0.812500
0.845833
0.870833
0.829167
0.841667
0.858333
0.825000
0.837500
0.787500
0.841667
1.133333
0.945833
0.891667
0.975000
0.975000
0.887500
0.991667
0.966667
0.900000
0.954167
0.945833
0.862500
0.845833
0.829167
0.787500
0.941667
0.929167
0.862500
0.987500
1.008333
0.912500
0.995833
0.991667
0.912500
0.975000
1.025000
0.904167
0.995833
0.987500
0.891667
0.929167
0.875000
0.833333
0.850000
0.850000
0.816667
1.141667
0.991667
0.895833
0.962500
1.000000
0.908333
0.987500
0.954167
0.875000
0.945833
0.941667
0.833333
0.854167
0.879167
0.854167
0.920833
0.983333
0.870833
0.979167
1.008333
0.908333
0.991667
1.016667
0.912500
0.979167
1.020833
0.912500
0.954167
0.887500
0.829167
0.829167
0.891667
0.891667
1.345833
1.183333
1.075000
1.029167
0.945833
0.908333
0.979167
0.970833
0.887500
0.945833
0.975000
0.858333
0.862500
0.804167
0.762500
1.145833
0.933333
0.833333
1.000000
1.016667
0.937500
1.037500
1.029167
0.925000
1.000000
0.979167
0.900000
0.958333
0.983333
0.900000
0.937500
0.908333
0.829167
0.841667
0.812500
0.779167
1.125000
0.983333
0.887500
1.045833
1.020833
0.912500
1.004167
0.987500
0.908333
0.975000
0.941667
0.850000
0.850000
1.079167
0.900000
1.012500
1.037500
0.937500
1.041667
1.045833
0.954167
1.025000
1.037500
0.925000
1.012500
0.937500
0.850000
0.862500
0.762500
0.845833
1.320833
0.983333
0.908333
1.000000
0.987500
0.912500
0.920833
0.895833
0.795833
1.125000
1.016667
0.895833
0.987500
0.941667
0.879167
0.895833
0.862500
0.829167
0.912500
0.979167
0.866667
0.883333
1.012500
0.912500
0.979167
1.037500
0.945833
0.995833
1.000000
0.908333
0.970833
0.991667
0.891667
0.937500
0.866667
0.812500
0.816667
0.879167
1.004167
0.866667
1.025000
0.950000
0.912500
1.025000
0.987500
0.908333
1.025000
0.991667
0.904167
0.929167
0.904167
0.845833
0.895833
0.945833
0.883333
0.979167
0.983333
0.908333
0.950000
0.945833
0.879167
0.920833
0.933333
0.850000
0.837500
0.725000
0.691667
0.741667
0.733333
0.687500
0.675000
0.658333
0.662500
0.658333
0.675000
0.729167
0.775000
0.754167
0.754167
0.875000
0.854167
0.883333
0.804167
0.908333
0.933333
0.816667
0.950000
1.029167
0.845833
1.020833
1.125000
0.875000
0.945833
1.091667
0.862500
0.845833
0.766667
0.741667
0.787500
0.895833
0.787500
0.854167
0.833333
0.762500
0.841667
0.991667
0.829167
0.941667
0.941667
0.804167
0.812500
0.795833
0.800000
1.075000
0.895833
0.820833
0.837500
0.787500
0.783333
0.800000
0.804167
0.750000
0.762500
0.795833
0.900000
0.791667
0.787500
0.725000
0.720833
0.695833
0.675000
0.645833
0.637500
0.654167
0.645833
0.633333
0.658333
0.679167
0.704167
0.733333
0.854167
0.891667
0.800000
0.937500
0.929167
