0.900000
0.979167
0.962500
0.883333
0.966667
0.950000
0.883333
0.975000
0.979167
0.912500
1.008333
0.958333
0.891667
0.987500
0.983333
0.904167
0.987500
0.987500
0.900000
0.983333
0.937500
0.850000
0.933333
0.983333
0.866667
1.008333
0.929167
0.845833
0.858333
0.804167
0.716667
0.712500
0.779167
0.875000
1.145833
0.862500
0.762500
0.720833
0.691667
0.645833
0.733333
0.708333
0.670833
0.683333
0.666667
0.645833
0.641667
0.637500
0.258333
0.358333
0.625000
0.608333
0.604167
0.604167
0.600000
0.587500
0.575000
0.562500
0.558333
0.545833
0.554167
0.554167
0.537500
0.533333
0.533333
0.529167
0.541667
0.545833
0.545833
0.537500
0.562500
0.579167
0.587500
0.616667
0.595833
0.612500
0.645833
0.633333
0.654167
0.687500
0.679167
0.779167
0.804167
0.729167
0.870833
0.858333
0.750000
1.070833
0.966667
1.116667
0.937500
0.816667
0.854167
0.837500
0.837500
1.237500
0.891667
1.125000
1.062500
0.879167
0.883333
0.904167
0.920833
0.954167
0.950000
0.908333
1.012500
0.904167
1.054167
0.933333
0.916667
1.004167
0.908333
1.012500
0.962500
0.908333
1.058333
0.920833
1.066667
0.920833
0.920833
1.016667
0.904167
1.012500
0.941667
0.908333
0.966667
0.908333
0.895833
0.904167
0.887500
0.937500
0.912500
0.875000
1.062500
1.000000
0.916667
1.312500
1.133333
1.120833
1.145833
1.025000
1.012500
0.975000
0.895833
0.987500
0.950000
0.966667
0.958333
0.891667
0.958333
1.000000
0.912500
0.975000
1.020833
0.925000
1.062500
1.062500
0.933333
1.062500
1.033333
0.920833
1.066667
1.045833
0.958333
1.070833
1.029167
0.925000
1.037500
1.029167
0.908333
0.975000
1.041667
0.920833
1.008333
1.012500
0.916667
1.079167
1.087500
0.962500
1.087500
1.050000
0.950000
1.045833
1.029167
0.950000
1.029167
1.004167
0.979167
1.062500
0.925000
1.066667
1.050000
1.020833
0.970833
0.925000
1.008333
0.975000
0.920833
1.012500
1.041667
0.929167
1.058333
1.025000
0.900000
0.970833
0.995833
0.912500
1.000000
1.016667
0.904167
1.020833
1.020833
0.937500
1.066667
1.058333
0.966667
1.037500
1.029167
0.962500
1.108333
1.066667
0.983333
1.095833
1.045833
0.941667
1.045833
1.025000
0.941667
1.041667
1.033333
0.925000
1.020833
0.958333
0.895833
1.016667
0.995833
0.916667
0.991667
0.987500
0.937500
1.050000
0.941667
1.054167
1.050000
0.995833
1.062500
0.979167
1.091667
1.037500
0.966667
1.058333
0.962500
1.091667
1.054167
0.954167
1.058333
1.016667
0.970833
1.033333
0.970833
0.929167
1.008333
1.016667
1.033333
1.075000
0.941667
1.025000
1.025000
0.987500
1.016667
0.950000
1.037500
1.004167
0.983333
1.025000
0.929167
1.054167
1.016667
0.933333
1.020833
1.050000
0.925000
1.025000
1.058333
0.937500
1.020833
1.008333
0.920833
1.029167
1.033333
0.970833
1.037500
0.945833
1.016667
1.025000
0.941667
1.033333
1.029167
0.962500
0.987500
0.916667
1.016667
1.025000
0.945833
1.087500
1.012500
0.962500
1.008333
0.929167
1.062500
1.029167
0.979167
1.016667
0.925000
0.987500
1.000000
0.912500
0.987500
1.004167
0.904167
1.008333
0.979167
0.912500
0.995833
1.004167
0.920833
1.004167
0.991667
0.925000
1.008333
1.025000
0.937500
1.033333
1.020833
0.929167
1.025000
1.016667
0.941667
1.016667
1.025000
0.929167
1.087500
1.045833
0.983333
1.029167
0.937500
1.016667
1.025000
0.933333
1.033333
1.054167
0.925000
1.033333
1.004167
0.941667
1.000000
0.987500
0.925000
1.025000
1.004167
0.916667
0.975000
0.983333
0.912500
1.012500
1.020833
0.937500
1.087500
1.037500
0.937500
1.041667
1.012500
0.916667
1.025000
1.004167
0.925000
1.041667
1.054167
0.945833
1.045833
1.058333
0.954167
1.075000
1.020833
0.945833
1.029167
1.004167
0.937500
1.016667
1.016667
0.941667
1.029167
1.025000
0.920833
1.066667
1.020833
0.920833
1.016667
1.004167
0.920833
1.004167
1.012500
0.933333
1.025000
0.991667
0.929167
1.012500
0.983333
0.908333
0.995833
0.995833
0.904167
1.004167
1.000000
0.929167
1.012500
0.987500
0.916667
1.029167
0.991667
0.937500
1.000000
1.045833
0.937500
1.025000
1.041667
0.933333
1.037500
1.033333
0.945833
1.004167
1.000000
0.925000
1.037500
1.025000
0.950000
1.058333
1.004167
0.950000
1.054167
1.020833
0.950000
1.058333
1.050000
0.941667
1.066667
0.995833
0.933333
1.045833
1.016667
0.954167
1.029167
0.941667
1.016667
1.029167
0.925000
1.045833
1.025000
0.937500
0.987500
1.004167
0.954167
1.033333
1.020833
0.912500
1.025000
1.016667
0.916667
1.000000
1.012500
0.912500
1.012500
1.008333
0.925000
1.033333
1.012500
0.916667
1.037500
0.979167
0.920833
1.012500
1.045833
0.925000
0.995833
1.016667
0.929167
1.045833
1.008333
0.941667
1.016667
1.029167
0.912500
1.025000
1.020833
0.933333
1.012500
1.000000
0.941667
1.025000
1.016667
0.925000
1.062500
1.016667
0.900000
0.995833
1.033333
0.920833
1.020833
1.025000
0.925000
1.033333
1.008333
0.941667
1.037500
0.995833
0.958333
1.066667
1.045833
0.945833
1.037500
1.045833
0.954167
1.033333
1.008333
0.933333
1.008333
1.025000
0.920833
1.033333
1.020833
0.937500
0.995833
0.983333
0.925000
1.029167
1.062500
0.945833
1.033333
0.995833
0.912500
1.012500
1.033333
0.925000
1.004167
1.016667
0.920833
0.995833
1.012500
0.920833
1.000000
1.004167
0.920833
0.995833
1.016667
0.941667
1.012500
1.004167
0.937500
1.020833
1.020833
0.954167
1.045833
1.025000
0.920833
0.979167
0.991667
0.920833
1.083333
1.050000
0.954167
1.075000
1.008333
0.962500
1.075000
1.029167
1.020833
1.054167
0.941667
0.995833
1.008333
0.912500
0.991667
0.995833
0.929167
1.041667
1.041667
0.954167
1.033333
1.020833
0.995833
0.991667
0.954167
1.029167
1.029167
0.945833
1.000000
1.020833
0.937500
1.058333
0.995833
0.950000
1.016667
1.008333
0.912500
1.025000
0.970833
0.925000
1.029167
1.029167
0.941667
1.045833
0.983333
0.987500
1.012500
0.937500
1.012500
1.016667
0.941667
1.025000
1.025000
0.950000
1.075000
1.041667
0.937500
1.004167
0.995833
0.937500
1.041667
1.000000
0.933333
1.004167
1.000000
0.904167
1.000000
1.004167
0.929167
1.041667
1.012500
0.945833
1.079167
1.029167
0.945833
1.041667
1.016667
0.933333
1.045833
1.033333
0.945833
1.041667
