0.854167
0.858333
0.837500
0.854167
0.875000
0.866667
0.850000
0.883333
0.895833
0.875000
0.750000
0.958333
0.908333
0.862500
0.879167
0.904167
0.575000
1.229167
0.825000
0.879167
0.862500
0.858333
0.866667
0.870833
0.845833
0.837500
0.962500
0.904167
0.745833
1.041667
0.891667
0.875000
0.750000
1.004167
0.875000
0.858333
0.883333
0.883333
0.845833
0.879167
0.908333
0.866667
0.675000
0.441667
0.758333
0.825000
0.870833
0.900000
0.887500
0.875000
0.645833
1.120833
0.879167
0.879167
0.875000
0.866667
0.866667
0.875000
0.866667
0.858333
0.883333
0.875000
0.866667
0.725000
0.437500
0.670833
0.754167
0.704167
0.995833
0.687500
0.979167
0.645833
1.016667
0.820833
0.812500
0.825000
0.766667
0.870833
0.745833
0.029167
0.270833
0.587500
0.804167
0.795833
0.800000
0.800000
0.787500
0.791667
0.775000
0.783333
0.787500
0.770833
0.783333
0.775000
0.779167
0.779167
0.783333
0.620833
0.937500
0.791667
0.775000
0.783333
0.787500
0.787500
0.679167
0.895833
0.800000
0.791667
0.808333
0.808333
0.795833
0.816667
0.829167
0.829167
0.812500
0.845833
0.866667
0.604167
0.595833
0.591667
0.750000
0.829167
0.812500
0.845833
0.854167
0.854167
0.837500
0.858333
0.858333
0.858333
0.845833
0.862500
0.841667
0.854167
0.866667
0.866667
0.841667
0.570833
1.166667
0.887500
0.862500
0.883333
0.875000
0.854167
0.866667
0.870833
0.870833
0.633333
1.058333
0.858333
0.645833
1.004167
0.654167
1.033333
0.829167
0.841667
0.854167
0.825000
0.620833
1.104167
0.858333
0.858333
0.625000
0.170833
1.000000
0.787500
0.845833
0.854167
0.829167
0.850000
0.870833
0.862500
0.845833
0.879167
0.879167
0.845833
0.866667
0.879167
0.858333
0.866667
0.895833
0.891667
0.870833
0.879167
0.891667
0.845833
0.866667
0.875000
0.879167
0.841667
0.862500
0.862500
0.829167
0.866667
0.866667
0.841667
0.858333
0.875000
0.862500
0.870833
0.870833
0.870833
0.837500
0.862500
0.866667
0.837500
0.866667
0.870833
0.562500
1.112500
0.633333
1.112500
0.854167
0.841667
0.829167
0.829167
0.637500
0.983333
0.833333
0.812500
0.816667
0.833333
0.841667
0.829167
0.816667
0.854167
0.862500
0.858333
0.854167
0.633333
1.116667
0.637500
1.095833
0.908333
0.887500
0.895833
0.933333
0.929167
0.891667
0.945833
0.945833
0.904167
0.929167
0.916667
0.900000
0.879167
0.650000
0.416667
0.754167
0.583333
1.045833
0.866667
0.825000
0.833333
0.841667
0.737500
0.941667
0.850000
0.850000
0.870833
0.866667
0.604167
1.125000
0.887500
0.845833
0.866667
0.862500
0.858333
0.633333
0.400000
0.779167
0.783333
0.866667
0.879167
0.837500
0.850000
0.862500
0.795833
0.891667
0.850000
0.829167
0.850000
0.854167
0.820833
0.662500
0.458333
0.662500
0.683333
0.912500
0.845833
0.566667
1.100000
0.858333
0.850000
0.812500
0.837500
0.833333
0.779167
0.875000
0.837500
0.775000
0.875000
0.583333
1.083333
0.833333
1.670833
0.837500
0.833333
0.829167
0.845833
0.845833
0.845833
0.845833
0.875000
0.862500
0.858333
0.875000
0.875000
0.850000
0.570833
1.170833
0.866667
0.858333
0.887500
0.862500
0.837500
0.845833
0.870833
0.637500
1.054167
0.858333
0.854167
0.833333
0.850000
0.854167
0.825000
0.850000
0.858333
0.837500
0.587500
0.195833
0.962500
0.741667
0.791667
0.795833
0.800000
0.787500
0.791667
0.804167
0.800000
0.804167
0.783333
0.837500
0.670833
0.966667
0.829167
0.829167
0.858333
0.850000
0.841667
0.845833
0.875000
0.870833
0.850000
0.866667
0.879167
0.870833
0.858333
0.879167
0.579167
1.150000
0.895833
0.891667
0.866667
0.879167
0.887500
0.891667
0.870833
0.812500
0.512500
0.550000
0.562500
0.512500
0.616667
0.779167
0.608333
0.412500
0.700000
0.770833
0.775000
0.895833
0.850000
0.770833
0.912500
0.850000
0.650000
1.037500
0.616667
0.945833
1.008333
0.833333
0.725000
0.954167
0.833333
0.812500
0.820833
0.758333
0.920833
0.833333
0.820833
0.841667
0.425000
0.554167
0.708333
0.812500
0.620833
1.033333
0.825000
0.820833
0.825000
0.808333
0.825000
0.854167
0.833333
0.833333
0.841667
0.845833
0.816667
0.841667
0.862500
0.862500
0.833333
0.862500
0.879167
0.854167
0.850000
0.866667
0.866667
0.829167
0.858333
0.533333
1.191667
0.883333
0.866667
0.870833
0.825000
0.854167
0.875000
0.841667
1.304167
0.587500
0.754167
0.820833
0.879167
0.891667
0.870833
0.841667
0.862500
0.866667
0.658333
1.033333
0.858333
0.841667
0.800000
0.820833
0.837500
0.845833
0.820833
0.833333
0.845833
0.816667
0.833333
0.845833
0.833333
0.850000
0.850000
0.850000
0.820833
0.854167
0.866667
0.862500
0.679167
0.529167
0.658333
0.754167
0.808333
0.812500
0.804167
0.595833
1.004167
0.812500
0.808333
0.800000
0.808333
0.812500
0.808333
0.820833
0.554167
0.529167
0.662500
0.741667
0.562500
0.412500
0.720833
0.779167
0.779167
0.866667
0.825000
0.783333
0.854167
0.904167
0.729167
0.808333
0.654167
0.995833
0.829167
0.375000
0.645833
0.687500
0.762500
0.625000
1.029167
0.616667
0.466667
0.691667
0.750000
0.833333
0.879167
0.845833
0.816667
0.829167
0.808333
0.825000
0.833333
0.812500
0.829167
0.837500
0.833333
0.841667
0.841667
0.841667
0.825000
0.833333
0.837500
0.829167
0.854167
0.858333
0.841667
0.858333
0.879167
0.879167
0.862500
0.895833
0.900000
0.866667
0.879167
0.887500
0.875000
0.841667
0.875000
0.879167
0.879167
0.850000
0.637500
1.120833
0.854167
0.875000
0.879167
0.866667
0.875000
0.870833
0.883333
0.791667
0.966667
0.875000
0.841667
0.870833
0.883333
0.870833
0.558333
0.970833
1.091667
0.854167
0.854167
0.725000
1.004167
0.833333
0.854167
0.870833
0.862500
0.854167
0.870833
0.879167
0.870833
0.870833
0.904167
0.908333
0.887500
0.891667
0.900000
0.900000
0.883333
0.916667
0.916667
0.879167
0.912500
0.908333
0.875000
0.908333
0.925000
0.875000
0.887500
0.895833
0.883333
0.579167
1.137500
0.891667
0.833333
0.854167
0.850000
0.854167
0.845833
0.850000
0.854167
0.841667
0.862500
0.866667
0.837500
0.862500
0.862500
0.891667
0.741667
1.033333
0.895833
0.854167
0.858333
0.858333
0.841667
0.858333
0.858333
0.837500
0.991667
0.875000
0.870833
0.833333
0.858333
0.870833
0.866667
0.900000
0.887500
0.854167
0.900000
0.916667
0.887500
0.895833
0.912500
0.908333
0.854167
0.895833
0.912500
0.904167
0.629167
1.170833
0.679167
1.091667
0.904167
0.916667
0.879167
0.904167
0.916667
0.904167
0.866667
0.891667
0.904167
0.587500
0.291667
0.895833
0.829167
0.875000
0.854167
0.570833
1.179167
0.750000
0.966667
0.866667
0.612500
0.425000
0.395833
0.704167
0.545833
0.704167
0.829167
0.741667
0.954167
0.825000
0.850000
0.866667
0.862500
0.833333
0.850000
0.858333
0.850000
0.850000
0.858333
0.870833
0.833333
0.870833
0.887500
0.862500
0.687500
1.079167
0.875000
0.866667
0.875000
0.883333
0.566667
1.120833
0.904167
0.850000
0.525000
1.158333
0.850000
0.829167
0.837500
0.837500
0.866667
0.845833
0.858333
0.629167
1.058333
0.870833
0.866667
0.637500
1.083333
0.875000
0.829167
0.875000
0.891667
0.883333
0.845833
0.875000
0.891667
0.870833
0.587500
1.104167
1.679167
0.858333
0.433333
0.625000
0.575000
1.041667
