0.812500
0.816667
0.816667
0.812500
0.812500
0.812500
0.808333
0.812500
0.808333
0.812500
0.812500
0.812500
0.808333
0.812500
0.808333
0.808333
0.808333
0.808333
0.812500
0.816667
0.816667
0.812500
0.812500
0.816667
0.816667
0.812500
0.812500
0.812500
0.808333
0.808333
0.812500
0.808333
0.804167
0.804167
0.804167
0.804167
0.800000
0.675000
0.933333
0.804167
0.804167
0.800000
0.804167
0.679167
0.945833
0.804167
0.804167
0.804167
0.804167
0.808333
0.808333
0.812500
0.804167
0.812500
0.808333
0.812500
0.812500
0.808333
0.808333
0.808333
0.804167
0.645833
0.975000
0.808333
0.812500
0.808333
0.812500
0.812500
0.695833
0.937500
0.816667
0.812500
0.808333
0.808333
0.804167
0.804167
0.804167
0.804167
0.804167
0.804167
0.804167
0.800000
0.804167
0.804167
0.804167
0.804167
0.800000
0.800000
0.800000
0.795833
0.795833
0.800000
0.800000
0.800000
0.804167
0.804167
0.808333
0.804167
0.804167
0.804167
0.800000
0.808333
0.804167
0.804167
0.804167
0.800000
0.800000
0.800000
0.804167
0.804167
0.800000
0.795833
0.800000
0.804167
0.800000
0.795833
0.804167
0.800000
0.800000
0.804167
0.800000
0.804167
0.804167
0.808333
0.804167
0.804167
0.804167
0.795833
0.800000
0.650000
0.966667
0.800000
0.804167
0.800000
0.800000
0.795833
0.654167
0.962500
0.804167
0.800000
0.800000
0.804167
0.808333
0.804167
0.808333
0.808333
0.804167
0.804167
0.804167
0.629167
0.979167
0.800000
0.795833
0.795833
0.800000
0.795833
0.800000
0.658333
0.941667
0.795833
0.795833
0.800000
0.791667
0.795833
0.787500
0.787500
0.787500
0.787500
0.800000
0.658333
0.937500
0.800000
0.800000
0.804167
0.800000
0.812500
0.633333
1.000000
0.804167
0.808333
0.804167
0.804167
0.804167
0.608333
1.004167
0.800000
0.800000
0.800000
0.791667
0.804167
0.800000
0.800000
0.795833
0.800000
0.795833
0.804167
0.800000
0.800000
0.795833
0.795833
0.795833
0.791667
0.804167
0.512500
1.100000
0.808333
0.800000
0.800000
0.804167
0.541667
1.070833
0.800000
0.800000
0.800000
0.795833
0.800000
0.795833
0.612500
0.991667
0.795833
0.787500
0.791667
0.795833
0.800000
0.795833
0.795833
0.750000
0.850000
0.791667
0.795833
0.800000
0.633333
0.983333
0.800000
0.800000
0.791667
0.795833
0.795833
0.654167
0.941667
0.787500
0.787500
0.783333
0.787500
0.791667
0.787500
0.791667
0.695833
0.883333
0.783333
0.783333
0.787500
0.591667
0.987500
0.787500
0.783333
0.783333
0.783333
0.787500
0.629167
0.945833
0.779167
0.779167
0.783333
0.783333
0.791667
0.787500
0.795833
0.795833
0.791667
0.795833
0.795833
0.795833
0.791667
0.791667
0.787500
0.670833
0.920833
0.791667
0.787500
0.795833
0.600000
0.987500
0.787500
0.787500
0.791667
0.787500
0.679167
0.912500
0.787500
0.787500
0.787500
0.791667
0.791667
0.650000
0.950000
0.795833
0.791667
0.795833
0.791667
0.795833
0.795833
0.787500
0.791667
0.775000
0.570833
1.020833
0.791667
0.791667
0.787500
0.670833
0.912500
0.704167
0.383333
0.554167
0.741667
0.791667
0.791667
0.791667
0.641667
0.958333
0.791667
0.791667
0.795833
0.712500
0.870833
0.787500
0.783333
0.783333
0.783333
0.783333
0.783333
0.604167
0.966667
0.787500
0.779167
0.779167
0.591667
0.983333
0.783333
0.783333
0.787500
0.783333
0.791667
0.616667
0.979167
0.791667
0.787500
0.787500
0.787500
0.787500
0.575000
1.012500
0.791667
0.787500
0.791667
0.787500
0.787500
0.554167
1.033333
0.791667
0.787500
0.791667
0.787500
0.791667
0.562500
1.037500
0.795833
0.791667
0.791667
0.787500
0.791667
0.791667
0.791667
0.791667
0.791667
0.791667
0.787500
0.791667
0.804167
0.795833
0.795833
0.800000
0.795833
0.795833
0.795833
0.641667
0.950000
0.783333
0.783333
0.783333
0.779167
0.783333
0.783333
0.783333
0.783333
0.783333
0.787500
0.779167
0.791667
0.791667
0.791667
0.791667
0.791667
0.791667
0.791667
0.791667
0.795833
0.791667
0.791667
0.795833
0.787500
0.791667
0.795833
0.729167
0.866667
0.795833
0.800000
0.787500
0.791667
0.791667
0.787500
0.791667
0.787500
0.783333
0.783333
0.783333
0.779167
0.783333
0.712500
0.858333
0.787500
0.779167
0.783333
0.787500
0.787500
0.787500
0.787500
0.787500
0.791667
0.787500
0.787500
0.791667
0.791667
0.795833
0.791667
0.791667
0.791667
0.791667
0.787500
0.787500
0.791667
0.791667
0.791667
0.791667
0.787500
0.787500
0.783333
0.787500
0.787500
0.787500
0.783333
0.783333
0.791667
0.791667
0.787500
0.787500
0.787500
0.787500
0.783333
0.791667
0.691667
0.895833
0.795833
0.791667
0.787500
0.779167
0.800000
0.787500
0.675000
0.445833
0.529167
0.745833
0.791667
0.791667
0.516667
1.079167
0.787500
0.795833
0.791667
0.662500
0.916667
0.783333
0.783333
0.783333
0.791667
0.787500
0.791667
0.783333
0.791667
0.787500
0.787500
0.795833
0.795833
0.791667
0.791667
0.791667
0.795833
0.791667
0.787500
0.791667
0.795833
0.800000
0.795833
0.795833
0.791667
0.791667
0.791667
0.791667
0.791667
0.791667
0.800000
0.795833
0.745833
0.841667
0.791667
0.787500
0.791667
0.795833
0.795833
0.791667
0.795833
0.791667
0.791667
0.791667
0.787500
0.795833
0.791667
0.795833
0.795833
0.679167
0.916667
0.791667
0.787500
0.791667
0.675000
0.920833
0.787500
0.791667
0.787500
0.658333
0.929167
0.791667
0.791667
0.787500
0.633333
0.954167
0.787500
0.787500
0.787500
0.641667
0.941667
0.783333
0.783333
0.783333
0.783333
0.787500
0.650000
0.941667
0.783333
0.791667
0.787500
0.787500
0.787500
0.795833
0.800000
0.695833
0.904167
0.800000
0.795833
0.795833
0.800000
0.795833
0.800000
0.795833
0.795833
0.654167
0.937500
0.795833
0.791667
0.795833
0.795833
0.795833
0.795833
0.800000
0.625000
0.983333
0.800000
0.804167
0.800000
0.679167
0.933333
0.795833
0.795833
0.795833
0.641667
0.958333
0.787500
0.791667
0.795833
0.608333
0.991667
0.791667
0.791667
0.795833
0.704167
0.883333
0.791667
0.795833
0.795833
0.579167
1.020833
0.791667
0.791667
0.787500
0.783333
0.795833
0.787500
0.666667
0.916667
0.783333
0.783333
0.783333
0.787500
0.783333
0.795833
0.795833
0.800000
0.804167
0.800000
0.800000
0.791667
0.791667
0.791667
0.795833
0.791667
0.795833
0.583333
1.012500
0.791667
0.787500
0.791667
0.733333
0.854167
0.791667
0.787500
0.787500
0.600000
0.983333
0.787500
0.783333
0.795833
0.550000
1.050000
0.795833
0.795833
0.791667
0.795833
0.791667
0.791667
0.800000
0.795833
0.791667
0.791667
0.687500
0.895833
0.783333
0.787500
0.791667
0.645833
0.929167
0.783333
0.783333
0.783333
0.783333
0.783333
0.787500
0.783333
0.783333
0.783333
0.791667
0.787500
0.787500
0.595833
0.995833
0.787500
0.791667
0.783333
0.791667
0.787500
0.666667
0.920833
0.783333
0.787500
0.787500
0.787500
0.783333
0.795833
0.745833
0.845833
0.795833
0.791667
0.787500
0.783333
0.783333
0.791667
0.787500
0.787500
0.791667
0.787500
0.791667
0.787500
0.787500
0.795833
0.787500
0.775000
0.808333
0.787500
0.787500
0.745833
0.825000
0.791667
0.795833
0.791667
0.791667
0.791667
0.791667
0.787500
0.787500
0.795833
0.791667
0.625000
0.958333
0.787500
0.416667
1.179167
0.629167
0.954167
0.787500
0.787500
0.733333
0.837500
0.783333
0.779167
0.658333
0.370833
0.916667
0.437500
0.495833
1.079167
0.783333
0.783333
0.775000
0.779167
0.775000
0.783333
0.779167
0.783333
0.570833
1.008333
0.787500
0.783333
0.787500
0.591667
0.987500
0.783333
0.787500
0.779167
0.787500
0.787500
0.787500
0.787500
0.787500
0.783333
0.779167
0.791667
0.783333
0.787500
