0.820833
0.829167
0.287500
0.508333
0.829167
0.858333
0.775000
0.833333
0.808333
0.808333
0.845833
0.858333
0.825000
0.737500
0.733333
0.679167
0.733333
0.783333
0.945833
0.875000
0.862500
0.895833
0.816667
0.812500
0.879167
0.970833
0.975000
0.816667
0.933333
0.845833
0.837500
0.887500
1.166667
0.970833
0.854167
0.887500
0.858333
0.820833
0.775000
0.912500
0.933333
0.912500
0.970833
0.870833
0.912500
0.791667
0.875000
0.925000
1.229167
1.075000
0.991667
0.895833
0.870833
0.733333
0.704167
0.691667
0.670833
0.920833
1.079167
1.095833
0.904167
0.895833
0.787500
0.795833
0.804167
0.854167
1.200000
1.125000
1.016667
0.908333
0.870833
0.895833
0.762500
0.791667
0.870833
1.183333
0.950000
0.883333
0.875000
0.820833
0.812500
1.125000
0.966667
0.916667
1.116667
0.900000
0.991667
0.866667
0.958333
1.004167
0.912500
0.991667
1.008333
0.975000
0.937500
0.933333
0.900000
0.958333
0.983333
0.970833
1.058333
1.062500
0.945833
1.004167
0.979167
0.883333
0.841667
0.800000
0.812500
1.154167
1.191667
0.941667
0.937500
0.891667
0.879167
0.891667
0.945833
0.904167
0.879167
0.933333
0.937500
0.854167
0.879167
0.979167
0.945833
0.962500
1.020833
1.025000
0.987500
1.120833
1.087500
1.075000
1.141667
1.100000
1.095833
1.112500
1.070833
1.141667
1.100000
1.095833
1.104167
1.029167
1.095833
0.945833
0.954167
0.829167
0.758333
1.045833
1.166667
1.170833
1.095833
1.079167
1.012500
1.108333
1.083333
1.104167
1.145833
1.075000
1.145833
