0.683333
0.679167
0.675000
0.679167
0.683333
0.670833
0.679167
0.679167
0.675000
0.679167
0.679167
0.675000
0.679167
0.675000
0.675000
0.679167
0.675000
0.675000
0.679167
0.679167
0.679167
0.670833
0.679167
0.679167
0.670833
0.683333
0.679167
0.679167
0.683333
0.679167
0.679167
0.679167
0.679167
0.679167
0.675000
0.683333
0.679167
0.679167
0.683333
0.675000
0.679167
0.675000
0.683333
0.679167
0.675000
0.679167
0.679167
0.679167
0.670833
0.683333
0.679167
0.679167
0.675000
0.683333
0.679167
0.670833
0.687500
0.679167
0.679167
0.675000
0.679167
0.675000
0.675000
0.683333
0.675000
0.675000
0.675000
0.679167
0.675000
0.662500
0.683333
0.679167
0.675000
0.679167
0.675000
0.679167
0.666667
0.683333
0.679167
0.675000
0.679167
0.679167
0.562500
0.766667
0.687500
0.683333
0.675000
0.679167
0.679167
0.679167
0.670833
0.683333
0.675000
0.679167
0.679167
0.675000
0.675000
0.670833
0.691667
0.679167
0.675000
0.683333
0.679167
0.679167
0.675000
0.679167
0.679167
0.679167
0.683333
0.679167
0.675000
0.670833
0.687500
0.683333
0.679167
0.679167
0.679167
0.679167
0.675000
0.683333
0.679167
0.679167
0.679167
0.679167
0.679167
0.675000
0.683333
0.679167
0.679167
0.675000
0.679167
0.679167
0.670833
0.687500
0.679167
0.675000
0.679167
0.679167
0.679167
0.675000
0.683333
0.679167
0.675000
0.679167
0.679167
0.679167
0.675000
0.683333
0.675000
0.679167
0.670833
0.683333
0.679167
0.675000
0.683333
0.679167
0.675000
0.670833
0.687500
0.679167
0.675000
0.683333
0.679167
0.679167
0.666667
0.687500
0.683333
0.679167
0.679167
0.679167
0.675000
0.675000
0.687500
0.679167
0.679167
0.675000
0.683333
0.679167
0.675000
0.683333
0.679167
0.675000
0.679167
0.675000
0.683333
0.675000
0.679167
0.679167
0.675000
0.670833
0.679167
0.679167
0.675000
0.679167
0.683333
0.679167
0.670833
0.683333
0.683333
0.679167
0.679167
0.679167
0.679167
0.679167
0.679167
0.679167
0.675000
0.683333
0.679167
0.679167
0.675000
0.683333
0.679167
0.675000
0.679167
0.683333
0.679167
0.675000
0.683333
0.687500
0.683333
0.679167
0.679167
0.679167
0.675000
0.679167
0.675000
0.679167
0.679167
0.679167
0.675000
0.679167
0.679167
0.679167
0.675000
0.679167
0.675000
0.679167
0.679167
0.295833
0.383333
0.516667
0.162500
0.679167
0.675000
0.679167
0.675000
0.679167
0.675000
0.683333
1.358333
0.683333
0.675000
0.679167
0.675000
0.679167
0.670833
0.687500
0.679167
0.679167
0.679167
0.683333
0.675000
0.675000
0.675000
0.670833
0.675000
0.670833
0.666667
0.670833
0.670833
0.670833
0.670833
0.670833
0.670833
0.666667
0.670833
0.670833
0.670833
0.670833
0.670833
0.666667
0.670833
0.670833
0.670833
0.670833
0.670833
0.675000
0.670833
0.666667
0.675000
0.670833
0.670833
0.675000
0.670833
0.670833
0.675000
0.675000
0.675000
0.670833
0.675000
0.675000
0.670833
0.675000
0.675000
0.675000
0.670833
0.675000
0.675000
0.675000
0.675000
0.675000
0.675000
0.670833
0.675000
0.675000
0.670833
0.675000
0.670833
0.670833
0.670833
0.679167
0.670833
0.675000
0.675000
0.670833
0.679167
0.670833
0.679167
0.675000
0.670833
0.675000
0.675000
0.670833
0.675000
0.675000
0.675000
0.675000
0.670833
0.679167
0.675000
0.675000
0.679167
0.670833
0.679167
0.670833
0.679167
0.679167
0.670833
0.679167
0.675000
0.679167
0.675000
0.679167
0.675000
0.679167
0.675000
0.675000
0.679167
0.675000
0.679167
0.679167
0.675000
0.679167
0.675000
0.679167
0.675000
0.683333
0.675000
0.679167
0.675000
0.679167
0.675000
0.675000
0.683333
0.679167
0.679167
0.670833
0.683333
0.679167
0.675000
0.683333
0.683333
0.675000
0.683333
0.679167
0.679167
0.675000
0.683333
0.679167
0.675000
0.679167
0.679167
0.679167
0.675000
0.679167
0.679167
0.675000
0.683333
0.675000
0.675000
0.670833
0.687500
0.679167
0.679167
0.683333
0.679167
0.679167
0.679167
0.679167
0.679167
0.675000
0.687500
0.679167
0.679167
0.679167
0.683333
0.679167
0.675000
0.687500
0.683333
0.679167
0.679167
0.675000
0.679167
0.679167
0.683333
0.679167
0.675000
0.679167
0.679167
0.679167
0.675000
0.687500
0.683333
0.679167
0.670833
0.683333
0.683333
0.679167
0.679167
0.683333
0.679167
0.675000
0.683333
0.679167
0.679167
0.683333
0.683333
0.675000
0.679167
0.683333
0.679167
0.679167
0.683333
0.679167
0.679167
0.679167
0.679167
0.679167
0.670833
0.683333
0.683333
0.679167
0.679167
0.683333
0.679167
0.670833
0.687500
0.679167
0.679167
0.679167
0.679167
0.679167
0.675000
0.687500
0.679167
0.679167
0.679167
0.679167
0.683333
0.679167
0.679167
0.679167
0.675000
0.679167
0.679167
0.679167
0.675000
0.687500
0.679167
0.679167
0.675000
0.683333
0.679167
0.675000
0.687500
0.679167
0.679167
0.554167
0.783333
0.691667
0.683333
0.683333
0.683333
0.683333
0.675000
0.687500
0.683333
0.679167
0.687500
0.683333
0.679167
0.675000
0.687500
0.683333
0.679167
0.687500
0.679167
0.679167
0.687500
0.687500
0.679167
0.683333
0.683333
0.683333
0.679167
0.683333
0.683333
0.679167
0.687500
0.683333
0.679167
0.679167
0.687500
0.683333
0.679167
0.691667
0.683333
0.683333
0.687500
0.683333
0.683333
0.679167
0.687500
0.683333
0.683333
0.691667
0.683333
0.683333
0.679167
0.687500
0.687500
0.679167
0.691667
0.687500
0.687500
0.675000
0.691667
0.687500
0.683333
0.691667
0.687500
0.683333
0.687500
0.687500
0.683333
0.675000
0.695833
0.683333
0.683333
0.691667
0.687500
0.683333
0.687500
0.683333
0.687500
0.683333
0.683333
0.687500
0.683333
0.683333
0.683333
0.683333
0.683333
0.683333
0.683333
0.683333
0.687500
0.683333
0.683333
0.670833
0.695833
0.683333
0.683333
0.683333
0.687500
0.679167
0.683333
0.687500
0.679167
0.683333
0.683333
0.679167
0.683333
0.683333
0.679167
0.683333
0.683333
0.679167
0.683333
0.679167
0.679167
0.683333
0.687500
0.679167
0.675000
0.691667
0.683333
0.679167
0.683333
0.683333
0.683333
0.679167
0.687500
0.683333
0.683333
0.683333
0.683333
0.679167
0.679167
0.687500
0.687500
0.679167
0.687500
0.683333
0.683333
0.683333
0.679167
0.683333
0.679167
0.683333
0.679167
0.679167
0.683333
0.679167
0.679167
0.679167
0.683333
0.683333
0.679167
0.679167
0.683333
0.679167
0.675000
0.683333
0.679167
0.679167
0.683333
0.679167
0.679167
0.679167
0.687500
0.679167
0.675000
0.679167
0.541667
0.137500
0.679167
0.675000
0.683333
0.683333
0.683333
0.683333
0.687500
0.679167
0.683333
0.679167
0.683333
0.679167
0.679167
0.683333
0.683333
0.683333
0.675000
0.683333
0.683333
0.675000
0.683333
0.679167
0.679167
0.679167
0.679167
0.679167
0.679167
0.683333
0.683333
0.675000
0.683333
0.679167
0.679167
0.683333
0.679167
0.679167
0.683333
0.683333
0.679167
0.683333
0.683333
0.683333
0.670833
0.691667
0.683333
0.679167
0.687500
0.687500
0.679167
0.675000
0.691667
0.683333
0.679167
0.687500
0.683333
0.683333
0.675000
0.687500
0.683333
0.679167
0.687500
0.683333
0.679167
0.675000
0.687500
0.683333
0.679167
0.687500
0.687500
0.679167
0.675000
0.687500
0.683333
0.683333
0.683333
0.683333
0.683333
0.670833
0.687500
0.683333
0.679167
0.687500
0.683333
0.679167
0.683333
0.683333
0.679167
0.679167
0.683333
0.683333
0.683333
0.687500
0.683333
0.433333
0.820833
0.716667
0.700000
0.695833
0.700000
0.687500
0.687500
0.683333
0.691667
0.687500
0.683333
0.691667
0.687500
0.683333
0.675000
0.691667
0.687500
0.683333
0.687500
0.687500
0.683333
0.679167
0.687500
0.687500
0.683333
0.687500
0.687500
0.683333
0.675000
0.691667
0.683333
0.683333
0.687500
0.683333
0.683333
0.683333
0.683333
0.683333
0.679167
0.687500
0.683333
0.683333
0.691667
0.683333
0.687500
0.679167
0.687500
0.687500
0.683333
0.683333
0.687500
0.683333
0.683333
0.683333
0.683333
0.683333
0.683333
0.687500
0.683333
0.679167
0.687500
0.683333
0.683333
0.687500
0.683333
0.687500
0.679167
0.687500
0.687500
0.679167
0.691667
0.687500
0.683333
0.679167
0.687500
0.687500
0.683333
0.691667
0.683333
0.687500
0.675000
0.691667
0.687500
0.687500
0.687500
0.687500
0.687500
0.683333
0.687500
0.683333
0.687500
0.687500
0.683333
0.687500
0.679167
0.691667
0.687500
0.687500
0.687500
0.683333
0.687500
0.683333
0.687500
0.683333
0.683333
0.687500
0.687500
0.683333
0.679167
0.687500
0.687500
0.683333
0.687500
0.687500
0.683333
0.675000
0.691667
0.687500
0.679167
0.687500
0.687500
0.683333
0.683333
0.683333
0.683333
0.683333
0.687500
0.687500
0.683333
0.679167
0.691667
0.683333
0.683333
0.691667
0.687500
0.683333
0.679167
0.691667
0.687500
0.683333
0.687500
0.683333
0.687500
0.683333
0.683333
0.683333
0.308333
0.375000
0.687500
0.687500
0.683333
0.683333
0.683333
0.687500
0.679167
0.691667
0.683333
0.683333
