0.737500
0.583333
0.695833
0.654167
0.658333
0.870833
0.850000
0.587500
0.879167
0.562500
0.695833
0.708333
0.908333
0.725000
0.654167
0.483333
0.866667
0.862500
0.562500
0.866667
0.579167
0.862500
0.583333
0.729167
0.712500
0.875000
0.575000
0.866667
0.579167
0.883333
0.570833
0.737500
0.720833
0.733333
0.725000
0.741667
0.725000
0.733333
0.720833
0.737500
0.725000
0.700000
0.912500
0.600000
0.741667
0.733333
0.733333
0.729167
0.733333
0.725000
0.875000
0.541667
0.900000
0.591667
0.729167
0.725000
0.720833
0.683333
0.891667
0.708333
0.720833
0.720833
0.729167
0.712500
0.554167
0.891667
0.725000
0.708333
0.691667
0.708333
0.591667
0.700000
0.870833
0.566667
0.858333
0.566667
1.429167
0.850000
0.704167
0.600000
0.837500
0.566667
0.883333
0.733333
0.566667
0.875000
0.562500
0.862500
0.545833
0.716667
0.887500
0.716667
0.587500
0.862500
0.570833
0.854167
0.587500
0.687500
0.875000
0.725000
0.716667
0.733333
0.575000
0.800000
0.483333
0.854167
0.858333
0.579167
0.729167
0.708333
0.729167
0.712500
0.729167
0.850000
0.554167
0.883333
0.725000
0.720833
0.720833
0.579167
0.866667
0.583333
0.862500
0.537500
0.720833
0.862500
0.745833
0.575000
0.854167
0.604167
0.725000
0.700000
0.720833
0.891667
0.737500
0.712500
0.600000
0.725000
0.729167
0.720833
0.720833
1.454167
0.679167
0.895833
0.729167
0.712500
0.600000
0.850000
0.604167
0.725000
0.866667
0.545833
0.895833
0.750000
0.579167
0.720833
0.733333
0.725000
0.845833
0.691667
0.566667
0.433333
0.979167
0.658333
1.525000
0.729167
1.441667
1.595833
0.683333
0.595833
1.395833
1.450000
0.720833
0.716667
1.570833
1.295833
1.429167
1.429167
0.704167
0.691667
1.466667
1.429167
1.437500
1.404167
1.462500
1.395833
1.462500
1.412500
1.570833
1.287500
1.416667
1.441667
1.579167
0.450000
0.829167
0.850000
0.591667
0.858333
0.587500
0.862500
0.583333
0.733333
0.716667
0.741667
0.716667
0.737500
0.712500
0.737500
0.725000
0.737500
0.712500
0.875000
0.591667
0.741667
0.720833
0.737500
0.720833
0.733333
0.720833
0.725000
0.683333
0.895833
0.729167
0.608333
0.716667
1.445833
0.870833
0.566667
0.866667
0.570833
0.733333
0.679167
0.720833
0.875000
0.745833
0.579167
0.862500
0.604167
0.670833
0.620833
0.870833
0.862500
0.533333
0.900000
0.591667
0.800000
0.487500
0.862500
0.854167
0.566667
0.900000
0.666667
0.475000
0.850000
0.858333
0.583333
0.687500
0.900000
0.720833
0.537500
0.608333
0.850000
0.862500
0.575000
0.862500
0.562500
1.445833
0.720833
0.708333
0.725000
0.720833
0.862500
0.566667
0.729167
0.712500
0.729167
0.712500
0.733333
0.708333
0.733333
0.712500
0.725000
0.695833
0.904167
0.670833
0.754167
0.575000
0.725000
0.716667
0.845833
0.733333
0.595833
0.675000
0.900000
0.737500
0.579167
0.725000
0.854167
0.587500
0.850000
0.716667
0.537500
0.883333
0.737500
0.729167
0.575000
0.854167
0.725000
0.583333
0.683333
0.883333
0.720833
0.725000
0.583333
0.841667
0.737500
0.704167
0.729167
0.545833
0.887500
0.725000
0.679167
0.729167
0.587500
0.787500
0.754167
0.562500
0.858333
0.562500
0.725000
0.712500
0.850000
0.575000
0.729167
0.712500
0.725000
0.854167
0.487500
0.929167
0.587500
0.854167
0.570833
0.858333
0.587500
0.683333
0.745833
0.675000
0.904167
0.716667
0.662500
0.766667
0.579167
0.833333
0.570833
0.737500
0.725000
1.387500
0.687500
0.708333
0.616667
0.820833
0.704167
0.716667
0.700000
0.725000
0.704167
0.725000
0.700000
0.729167
0.700000
0.729167
0.700000
0.879167
0.554167
0.720833
0.704167
0.725000
0.700000
0.733333
0.704167
0.729167
0.704167
0.729167
0.708333
0.720833
0.683333
0.729167
0.845833
0.579167
0.712500
0.716667
0.725000
0.687500
0.737500
0.700000
0.558333
0.866667
0.704167
0.683333
0.879167
0.545833
0.725000
0.700000
0.725000
0.695833
0.725000
0.700000
0.716667
0.445833
0.962500
0.700000
0.712500
0.704167
0.725000
0.695833
0.554167
1.016667
0.300000
0.983333
0.712500
0.708333
0.500000
0.929167
0.433333
0.983333
0.400000
1.020833
0.708333
0.712500
0.470833
1.012500
0.400000
1.020833
0.400000
1.033333
0.408333
0.991667
0.445833
1.441667
1.416667
1.437500
1.437500
1.441667
1.425000
1.445833
1.458333
1.429167
1.454167
1.441667
1.504167
0.804167
0.654167
1.487500
1.458333
2.275000
2.183333
2.850000
2.937500
2.920833
0.691667
0.716667
0.891667
0.600000
0.725000
0.725000
0.725000
0.716667
0.725000
0.712500
0.858333
0.533333
0.900000
0.716667
0.712500
0.720833
0.583333
0.712500
0.683333
0.708333
0.900000
0.712500
0.716667
0.708333
0.729167
0.575000
1.362500
0.795833
0.862500
0.716667
0.587500
0.729167
0.720833
0.729167
0.687500
0.716667
0.733333
0.700000
0.725000
0.708333
0.725000
0.708333
0.854167
0.537500
0.900000
0.570833
0.866667
0.583333
0.829167
0.604167
0.708333
0.725000
0.712500
0.725000
1.312500
0.795833
0.900000
0.562500
0.862500
0.566667
0.858333
0.562500
0.725000
0.583333
0.812500
0.837500
0.470833
0.850000
0.725000
0.708333
0.800000
0.466667
0.804167
0.895833
0.579167
0.825000
0.725000
0.575000
0.808333
0.466667
0.854167
0.854167
0.562500
0.725000
0.712500
0.716667
0.841667
0.579167
0.725000
0.708333
0.695833
0.754167
0.708333
0.729167
0.716667
0.729167
0.712500
0.729167
0.716667
0.725000
0.575000
0.816667
0.883333
0.720833
0.575000
0.858333
0.700000
0.745833
0.566667
0.858333
0.525000
0.900000
1.300000
0.708333
0.725000
0.712500
0.725000
0.641667
0.925000
0.575000
0.854167
0.587500
0.720833
0.679167
0.604167
0.854167
0.729167
0.616667
0.825000
1.466667
1.445833
0.729167
0.725000
1.450000
1.445833
1.450000
0.733333
0.700000
1.600000
1.425000
1.270833
1.420833
1.420833
1.420833
1.420833
1.400000
1.404167
1.404167
1.287500
1.529167
1.416667
1.416667
1.412500
1.441667
1.345833
1.504167
1.450000
0.695833
0.854167
0.579167
0.729167
0.712500
0.725000
0.725000
0.800000
0.754167
0.591667
0.725000
0.712500
0.862500
0.587500
0.725000
0.712500
0.870833
0.579167
0.725000
0.716667
0.725000
0.708333
0.725000
0.716667
0.725000
0.704167
0.725000
0.670833
0.895833
0.716667
0.720833
0.550000
0.887500
0.570833
0.720833
0.845833
0.712500
0.716667
0.537500
0.675000
0.904167
0.691667
0.729167
0.716667
0.558333
0.883333
0.558333
0.862500
0.504167
0.891667
0.708333
0.729167
0.708333
0.704167
0.695833
0.729167
0.537500
0.887500
0.687500
0.733333
0.575000
0.858333
0.566667
0.854167
0.712500
0.712500
0.579167
0.862500
0.587500
1.441667
0.854167
0.583333
0.866667
0.583333
1.450000
0.720833
1.454167
0.725000
1.612500
0.716667
0.725000
0.716667
0.600000
0.725000
0.862500
0.587500
0.691667
0.725000
0.904167
0.587500
0.733333
0.729167
0.725000
0.729167
0.854167
0.558333
0.887500
0.733333
0.716667
0.587500
0.841667
0.733333
0.704167
0.720833
0.733333
0.575000
0.858333
0.583333
1.387500
0.837500
0.745833
0.554167
0.725000
1.150000
0.816667
0.991667
0.491667
0.812500
0.716667
0.645833
0.750000
0.887500
0.733333
0.579167
0.804167
0.766667
0.566667
0.725000
0.716667
0.666667
0.608333
0.812500
0.912500
0.579167
0.841667
0.725000
0.583333
0.808333
0.750000
0.545833
0.716667
0.866667
0.733333
0.583333
0.854167
0.583333
0.870833
0.570833
0.687500
0.554167
0.758333
0.866667
0.862500
0.583333
0.795833
0.758333
0.583333
0.870833
0.570833
0.729167
1.450000
0.708333
1.429167
0.862500
