0.916667
0.925000
0.904167
0.895833
0.916667
0.920833
0.904167
0.916667
0.937500
0.945833
0.916667
0.929167
0.945833
0.941667
0.995833
1.012500
0.975000
0.983333
0.987500
1.008333
0.991667
1.016667
0.995833
0.987500
0.966667
0.954167
0.837500
0.120833
0.320833
0.641667
0.937500
0.916667
0.908333
0.916667
0.920833
0.891667
0.891667
0.887500
0.900000
0.883333
0.883333
0.895833
0.908333
0.908333
0.887500
0.912500
0.895833
0.879167
0.908333
0.904167
0.891667
0.891667
0.895833
0.879167
0.908333
0.916667
0.925000
0.941667
0.925000
0.929167
0.916667
0.904167
0.879167
0.887500
0.904167
0.695833
1.120833
0.941667
0.954167
0.954167
0.958333
0.933333
0.945833
0.945833
0.958333
0.954167
0.950000
0.925000
0.904167
0.912500
0.916667
0.912500
0.908333
0.904167
0.925000
0.920833
0.358333
0.579167
0.937500
0.929167
0.920833
0.925000
0.925000
0.912500
0.929167
0.916667
0.904167
0.908333
0.904167
0.908333
0.912500
0.887500
0.908333
0.908333
0.900000
0.900000
0.891667
0.883333
0.908333
0.933333
0.633333
0.312500
0.908333
0.908333
0.912500
0.916667
0.925000
0.925000
0.925000
0.916667
0.916667
0.904167
0.920833
0.912500
0.925000
0.925000
0.908333
0.929167
0.929167
0.929167
0.945833
0.945833
0.941667
0.929167
0.908333
0.925000
0.937500
0.933333
0.925000
0.912500
0.920833
0.904167
0.908333
0.458333
0.458333
0.429167
0.470833
0.895833
0.883333
0.879167
0.887500
0.908333
0.875000
0.879167
0.891667
0.904167
0.879167
0.870833
0.883333
0.304167
0.579167
0.883333
0.895833
0.904167
0.900000
0.866667
0.875000
0.879167
0.854167
0.866667
0.858333
0.862500
0.891667
0.883333
0.900000
0.908333
0.883333
0.887500
0.891667
0.879167
0.870833
0.854167
0.854167
0.883333
0.870833
0.895833
0.916667
0.920833
0.920833
0.929167
0.904167
0.441667
0.216667
0.229167
0.904167
0.916667
0.904167
0.904167
0.908333
0.891667
0.895833
0.904167
0.908333
0.912500
0.908333
0.916667
0.895833
0.900000
0.904167
0.908333
0.929167
0.558333
0.358333
0.904167
0.916667
0.895833
0.875000
0.904167
0.900000
0.908333
0.904167
0.916667
0.920833
0.883333
0.900000
0.891667
0.895833
0.879167
0.875000
0.891667
0.879167
0.916667
0.912500
0.908333
0.929167
0.941667
0.683333
0.250000
0.937500
0.945833
0.916667
0.941667
0.929167
0.933333
0.958333
0.979167
0.945833
0.975000
0.962500
0.950000
0.962500
0.741667
0.212500
0.933333
0.950000
0.425000
0.450000
0.075000
0.170833
0.429167
0.325000
0.929167
0.929167
0.920833
0.908333
0.933333
0.916667
0.920833
0.933333
0.920833
0.933333
0.937500
0.920833
0.633333
0.300000
0.912500
0.912500
0.904167
0.920833
0.920833
0.183333
0.745833
0.945833
0.929167
0.920833
0.908333
0.891667
0.908333
0.912500
0.883333
0.883333
0.900000
0.916667
0.900000
0.916667
0.912500
0.904167
0.891667
0.887500
0.900000
0.912500
0.900000
0.795833
0.462500
0.579167
0.362500
0.304167
0.241667
0.520833
0.404167
0.925000
0.920833
0.941667
0.929167
0.920833
0.945833
0.941667
0.920833
0.908333
0.929167
0.916667
0.900000
0.920833
0.929167
0.912500
0.904167
0.912500
0.912500
0.912500
0.912500
0.904167
0.904167
0.925000
0.929167
0.916667
0.937500
0.929167
0.895833
0.908333
0.887500
0.870833
0.883333
0.925000
0.891667
0.904167
0.916667
0.912500
0.925000
0.925000
0.929167
0.920833
0.933333
0.950000
0.912500
0.904167
0.875000
0.916667
0.916667
0.912500
0.929167
0.925000
0.908333
0.904167
0.879167
0.895833
0.904167
0.900000
0.891667
0.900000
0.904167
0.883333
0.900000
0.912500
0.891667
0.895833
0.891667
0.920833
0.904167
0.925000
0.929167
0.941667
0.916667
0.916667
0.920833
0.895833
0.883333
0.900000
0.895833
0.879167
0.883333
0.858333
0.875000
0.895833
0.891667
0.900000
0.900000
0.887500
0.895833
0.904167
0.891667
0.854167
0.845833
0.862500
0.895833
0.891667
0.862500
0.875000
0.891667
0.887500
0.895833
0.912500
0.912500
0.912500
0.920833
0.904167
0.900000
0.883333
0.895833
0.908333
0.562500
1.250000
0.895833
0.875000
0.887500
0.879167
0.887500
0.900000
0.900000
0.854167
0.866667
0.883333
0.900000
0.887500
0.895833
0.900000
0.629167
0.275000
0.312500
0.587500
0.883333
0.879167
0.616667
0.279167
0.262500
0.616667
0.491667
0.400000
0.858333
0.866667
0.858333
0.870833
0.862500
0.870833
0.887500
0.883333
0.879167
0.875000
0.875000
0.891667
0.875000
0.870833
0.850000
0.883333
0.870833
0.904167
0.920833
0.904167
0.920833
0.925000
0.920833
0.941667
0.954167
0.970833
0.945833
0.945833
0.925000
0.920833
0.933333
0.920833
0.941667
0.941667
0.937500
0.937500
0.933333
0.925000
0.929167
0.908333
0.904167
0.912500
0.933333
0.962500
0.987500
1.008333
0.975000
0.950000
0.941667
0.975000
0.954167
0.958333
0.920833
0.933333
0.929167
0.933333
0.941667
0.945833
0.512500
0.454167
0.929167
0.920833
0.929167
0.954167
0.304167
0.625000
0.941667
0.950000
0.925000
0.912500
0.908333
0.608333
0.300000
0.429167
0.204167
0.295833
0.904167
0.479167
0.412500
0.908333
0.412500
0.495833
0.900000
0.916667
0.929167
0.433333
0.512500
0.941667
0.929167
0.929167
0.925000
0.916667
0.908333
0.937500
0.925000
0.958333
0.945833
0.958333
0.500000
0.416667
0.529167
0.404167
0.941667
0.925000
0.929167
0.945833
0.937500
0.962500
0.941667
0.925000
0.912500
0.925000
0.908333
0.925000
0.920833
0.920833
0.941667
0.941667
0.958333
0.987500
0.987500
1.020833
1.020833
1.008333
0.970833
0.958333
0.962500
0.983333
0.958333
0.929167
0.916667
0.870833
0.862500
0.887500
0.929167
0.908333
0.929167
0.895833
0.916667
0.925000
0.908333
0.925000
0.925000
0.875000
0.891667
0.916667
0.845833
0.891667
0.933333
0.866667
0.925000
0.950000
0.929167
0.908333
0.912500
0.933333
0.941667
0.916667
0.912500
0.908333
0.920833
0.925000
0.900000
0.908333
0.912500
0.912500
0.908333
0.895833
0.870833
0.879167
0.570833
0.341667
0.887500
0.895833
0.912500
0.925000
0.925000
0.925000
0.916667
0.925000
0.933333
0.945833
0.908333
0.912500
0.895833
0.920833
0.920833
0.929167
0.958333
0.241667
0.204167
0.495833
0.945833
0.958333
0.966667
0.933333
0.954167
0.941667
0.933333
0.933333
0.933333
0.937500
0.929167
0.916667
0.945833
0.954167
0.950000
0.958333
0.937500
0.941667
0.937500
0.950000
0.958333
0.937500
0.933333
0.887500
0.900000
0.483333
0.412500
0.900000
0.920833
0.945833
0.941667
0.929167
0.970833
0.962500
0.945833
0.945833
0.545833
0.416667
0.600000
0.375000
0.962500
0.945833
0.929167
0.916667
0.933333
0.920833
0.941667
0.950000
0.329167
0.595833
0.950000
0.970833
0.950000
0.966667
0.958333
0.966667
0.962500
0.937500
0.950000
0.950000
0.933333
0.883333
0.908333
0.925000
0.920833
0.925000
0.920833
0.929167
0.925000
0.916667
0.883333
0.883333
0.883333
0.895833
0.887500
0.904167
0.912500
0.912500
0.912500
0.916667
0.904167
0.908333
0.912500
0.904167
0.895833
