0.145833
0.304167
0.558333
0.741667
0.391667
0.229167
0.629167
0.620833
0.379167
0.250000
0.633333
0.633333
0.629167
0.629167
0.270833
0.362500
0.362500
0.904167
0.637500
0.637500
0.645833
0.637500
0.645833
0.650000
0.516667
0.500000
0.316667
0.362500
0.233333
0.645833
0.729167
0.554167
0.695833
0.470833
0.437500
0.450000
0.550000
0.616667
0.654167
0.645833
0.645833
0.337500
0.704167
0.258333
0.475000
0.291667
0.529167
0.641667
0.637500
0.645833
0.645833
0.645833
0.641667
0.225000
0.258333
0.279167
0.175000
0.575000
0.408333
0.637500
0.641667
0.200000
0.450000
0.637500
0.416667
0.233333
0.454167
0.145833
0.062500
0.620833
0.637500
0.641667
0.358333
0.279167
0.633333
0.641667
0.341667
0.287500
0.637500
0.641667
0.637500
0.633333
0.466667
0.820833
0.645833
0.520833
0.129167
0.641667
0.650000
0.645833
0.654167
0.654167
0.695833
0.295833
0.308333
0.637500
0.833333
0.583333
0.425000
0.345833
0.495833
1.075000
0.754167
1.279167
1.270833
1.679167
0.225000
0.637500
0.629167
0.637500
0.633333
0.633333
0.625000
0.633333
0.629167
0.366667
0.262500
0.633333
0.629167
0.629167
0.625000
1.079167
0.825000
0.629167
0.629167
0.629167
0.633333
0.329167
0.308333
0.629167
0.625000
0.758333
0.333333
0.791667
0.645833
0.625000
0.633333
0.629167
0.529167
0.737500
0.629167
0.629167
0.625000
0.629167
0.629167
0.629167
0.108333
0.520833
0.516667
0.733333
0.629167
0.629167
0.629167
0.625000
0.633333
0.629167
0.633333
0.633333
0.633333
0.637500
0.633333
0.637500
0.633333
0.637500
0.637500
0.637500
0.641667
0.650000
0.641667
0.645833
0.641667
0.645833
0.366667
0.283333
0.358333
0.287500
0.645833
0.650000
0.645833
0.645833
0.637500
0.245833
0.404167
0.641667
0.650000
0.637500
0.233333
0.291667
0.120833
0.641667
0.187500
0.458333
0.637500
0.395833
0.245833
0.637500
0.637500
0.641667
0.633333
0.637500
0.637500
0.641667
0.641667
0.637500
0.641667
0.641667
0.641667
0.641667
0.641667
0.645833
0.650000
0.645833
0.645833
0.641667
0.645833
0.650000
0.650000
0.645833
0.650000
0.645833
0.654167
0.650000
0.650000
0.650000
0.650000
0.654167
0.650000
0.658333
0.287500
0.366667
0.241667
0.604167
0.283333
0.820833
0.241667
0.583333
0.487500
0.766667
0.300000
0.608333
0.937500
0.350000
0.304167
0.450000
0.937500
0.095833
0.475000
0.641667
0.641667
0.641667
0.383333
0.258333
0.395833
0.241667
0.633333
0.637500
0.637500
0.604167
0.658333
0.629167
0.625000
0.395833
0.237500
0.504167
0.754167
0.620833
0.629167
0.625000
0.625000
0.625000
0.787500
0.575000
0.525000
0.629167
0.625000
0.620833
0.629167
0.629167
0.929167
0.325000
0.629167
0.629167
0.700000
0.562500
0.629167
0.587500
0.683333
0.633333
0.466667
0.795833
0.629167
0.550000
0.145833
0.570833
0.850000
0.258333
0.537500
0.250000
0.625000
0.641667
0.641667
0.633333
0.633333
0.629167
0.633333
0.345833
0.508333
0.295833
0.304167
0.441667
0.629167
0.629167
0.458333
0.141667
0.658333
0.633333
0.608333
0.666667
0.429167
0.204167
0.225000
0.375000
0.679167
0.637500
0.629167
0.350000
0.379167
0.245833
0.295833
0.629167
0.629167
0.625000
0.633333
0.629167
0.633333
0.445833
0.829167
0.633333
0.629167
0.637500
0.633333
0.633333
0.216667
0.425000
0.395833
0.291667
0.575000
0.641667
0.629167
0.641667
0.637500
0.641667
0.641667
0.650000
0.716667
0.320833
0.258333
0.370833
0.937500
0.633333
0.433333
0.304167
0.750000
0.470833
0.741667
0.204167
0.408333
0.566667
0.583333
0.595833
0.754167
1.275000
0.729167
0.470833
0.275000
0.420833
0.420833
0.433333
0.420833
0.620833
0.962500
0.308333
0.637500
0.637500
0.633333
0.258333
0.370833
0.304167
0.337500
0.229167
0.412500
0.633333
0.504167
0.766667
0.637500
0.633333
0.629167
0.916667
0.300000
0.675000
0.629167
0.625000
0.625000
0.625000
0.329167
0.300000
0.620833
0.625000
0.625000
0.754167
0.495833
0.629167
0.620833
0.625000
0.625000
0.620833
0.629167
0.625000
0.629167
0.625000
0.625000
0.629167
0.633333
0.766667
0.500000
0.625000
0.633333
0.633333
0.633333
0.637500
0.637500
0.641667
0.641667
0.637500
0.637500
0.641667
0.475000
0.795833
0.637500
0.633333
0.637500
0.633333
0.633333
0.633333
0.637500
0.637500
0.637500
0.637500
0.637500
0.633333
0.641667
0.641667
0.637500
0.637500
0.637500
0.637500
0.637500
0.641667
0.637500
0.637500
0.637500
0.379167
0.250000
0.641667
0.633333
0.641667
0.629167
0.633333
0.629167
0.633333
0.633333
0.633333
0.379167
0.258333
0.633333
0.395833
0.237500
1.145833
0.445833
0.304167
0.625000
0.116667
0.300000
0.833333
0.625000
0.591667
0.666667
0.629167
0.629167
0.625000
0.629167
0.629167
0.629167
0.633333
0.633333
0.633333
0.275000
0.354167
0.633333
0.633333
0.316667
0.316667
0.633333
0.637500
0.637500
0.312500
0.325000
0.304167
0.341667
0.512500
0.125000
0.329167
0.312500
0.212500
0.433333
0.366667
0.279167
0.466667
0.150000
0.675000
0.750000
0.550000
0.645833
1.300000
0.745833
0.566667
1.029167
0.287500
0.662500
0.662500
0.683333
0.241667
0.475000
0.583333
0.350000
0.312500
0.662500
0.629167
0.670833
0.658333
0.662500
0.654167
0.566667
0.266667
0.466667
0.312500
0.975000
1.000000
0.295833
0.637500
0.300000
0.329167
1.070833
0.458333
0.379167
0.629167
0.633333
0.629167
0.416667
0.212500
1.225000
0.579167
0.700000
0.566667
0.575000
0.479167
0.258333
0.637500
1.245833
1.395833
0.491667
1.250000
0.500000
1.108333
0.891667
0.662500
0.308333
0.333333
0.637500
0.766667
1.133333
1.266667
0.641667
0.633333
0.550000
0.408333
0.454167
0.683333
0.220833
0.237500
0.641667
0.641667
0.637500
0.258333
0.462500
0.562500
0.637500
0.641667
0.650000
0.641667
0.645833
0.641667
0.654167
0.433333
0.295833
0.308333
0.258333
1.254167
1.041667
0.929167
0.854167
1.166667
1.695833
1.395833
1.891667
0.616667
1.925000
1.283333
2.554167
2.541667
2.533333
3.170833
0.637500
0.745833
1.166667
0.400000
0.866667
1.270833
0.766667
0.504167
0.625000
0.625000
0.275000
0.350000
0.629167
0.620833
0.391667
0.229167
0.375000
0.254167
0.212500
0.308333
0.458333
0.270833
0.191667
0.433333
0.620833
0.620833
0.500000
0.745833
0.620833
0.620833
0.620833
0.262500
0.354167
1.250000
0.616667
0.329167
0.291667
0.625000
0.620833
0.625000
0.620833
0.462500
0.295833
0.495833
0.625000
1.250000
0.629167
0.625000
0.629167
0.300000
0.962500
0.479167
0.591667
0.408333
0.420833
0.445833
0.304167
1.150000
0.633333
1.258333
0.654167
1.450000
0.445833
1.279167
1.500000
0.412500
0.629167
1.733333
2.062500
1.075000
2.087500
1.275000
2.283333
1.829167
0.625000
1.595833
0.408333
0.850000
1.870833
1.254167
0.625000
0.629167
0.625000
0.308333
0.316667
0.625000
0.620833
0.591667
0.658333
0.629167
0.620833
0.625000
0.616667
0.625000
0.612500
0.229167
0.408333
0.629167
0.625000
0.625000
0.625000
0.625000
0.637500
0.629167
0.633333
0.270833
0.366667
0.637500
0.637500
0.637500
0.637500
0.637500
0.641667
0.645833
0.637500
0.291667
0.350000
0.645833
0.641667
0.641667
0.641667
0.641667
0.645833
0.645833
0.645833
0.258333
0.379167
0.304167
0.341667
0.641667
0.650000
0.362500
0.341667
0.583333
0.645833
0.645833
0.641667
0.641667
0.637500
0.641667
0.641667
0.641667
0.641667
0.641667
0.645833
0.316667
0.320833
0.637500
0.637500
0.637500
0.641667
0.633333
0.633333
0.629167
0.620833
0.633333
0.629167
0.620833
0.616667
0.620833
0.341667
0.279167
0.625000
0.312500
0.308333
0.620833
0.620833
0.620833
0.625000
0.625000
0.629167
0.629167
0.637500
0.633333
0.633333
0.633333
0.637500
0.641667
0.387500
0.250000
0.637500
0.641667
0.645833
0.241667
0.395833
0.645833
0.770833
0.520833
0.716667
0.216667
0.420833
0.775000
0.216667
0.895833
0.641667
0.641667
0.650000
0.629167
0.670833
0.654167
0.458333
0.729167
0.220833
0.395833
0.829167
0.708333
0.641667
0.441667
0.466667
0.329167
1.062500
0.275000
0.429167
0.433333
0.445833
0.750000
0.641667
0.270833
0.995833
0.629167
0.608333
0.654167
0.266667
0.437500
0.550000
0.470833
0.662500
0.362500
0.370833
0.920833
0.929167
0.466667
0.337500
1.154167
0.808333
1.325000
0.154167
0.470833
1.375000
1.170833
0.304167
2.125000
1.787500
1.791667
0.595833
0.320833
0.270833
0.525000
1.279167
0.587500
1.204167
0.758333
1.025000
0.783333
0.775000
0.595833
0.837500
0.600000
1.195833
0.312500
0.441667
0.445833
1.195833
1.075000
1.329167
1.795833
1.208333
1.795833
0.483333
0.791667
0.637500
0.308333
1.966667
0.716667
0.308333
0.300000
0.312500
0.754167
0.729167
0.587500
0.720833
0.987500
0.604167
0.475000
0.733333
0.241667
0.970833
0.912500
0.904167
1.220833
0.791667
0.429167
1.225000
0.616667
1.833333
0.500000
0.720833
0.616667
0.608333
0.304167
0.304167
0.500000
0.504167
0.441667
1.045833
0.570833
1.225000
0.975000
0.870833
1.233333
1.837500
0.745833
0.491667
0.612500
0.612500
0.312500
0.912500
1.237500
0.620833
0.612500
0.754167
0.970833
0.279167
0.575000
0.483333
0.550000
0.570833
0.904167
0.437500
0.612500
1.266667
0.312500
0.241667
0.862500
0.962500
1.266667
0.283333
1.366667
0.741667
1.220833
1.429167
0.995833
1.683333
0.212500
0.366667
0.462500
1.537500
1.358333
0.562500
0.679167
0.625000
0.241667
0.800000
0.304167
0.745833
1.029167
1.220833
1.358333
1.429167
1.583333
0.620833
0.620833
0.637500
0.612500
0.625000
0.620833
1.245833
