0.595833
0.408333
0.562500
0.420833
0.550000
0.925000
0.954167
0.941667
0.945833
0.950000
0.945833
0.987500
0.995833
1.008333
1.008333
1.000000
0.958333
0.995833
1.004167
1.016667
1.025000
0.979167
1.033333
1.045833
1.054167
1.041667
1.045833
0.995833
1.029167
1.050000
1.075000
1.083333
1.033333
1.083333
1.125000
1.129167
1.054167
1.083333
1.104167
1.100000
1.012500
1.037500
1.037500
1.050000
1.012500
0.958333
0.983333
1.020833
1.041667
1.037500
1.029167
1.020833
1.000000
0.987500
0.991667
1.000000
1.004167
1.012500
1.004167
1.083333
1.116667
1.145833
1.129167
1.037500
1.058333
1.083333
1.079167
1.045833
1.025000
1.025000
1.041667
1.041667
1.029167
0.958333
1.016667
1.054167
1.075000
0.995833
1.016667
1.025000
1.012500
1.016667
0.954167
0.975000
0.983333
1.004167
1.008333
1.008333
0.962500
1.016667
1.029167
1.050000
1.062500
1.037500
0.991667
1.066667
1.070833
1.079167
1.079167
1.091667
1.129167
1.141667
1.129167
1.162500
1.233333
1.200000
1.100000
1.150000
1.158333
1.104167
1.004167
1.004167
1.020833
1.037500
0.954167
0.979167
1.016667
0.991667
0.991667
0.991667
0.945833
0.995833
1.008333
1.037500
1.054167
1.062500
1.004167
1.058333
1.075000
1.120833
1.129167
1.045833
1.062500
1.058333
1.066667
1.066667
1.025000
0.991667
1.037500
1.087500
1.083333
1.029167
1.091667
1.070833
1.087500
1.033333
1.075000
1.083333
1.112500
1.033333
1.033333
1.045833
1.037500
1.029167
1.012500
0.950000
0.991667
1.000000
1.029167
1.037500
0.995833
1.012500
1.008333
1.025000
1.045833
1.008333
1.062500
1.070833
1.091667
1.083333
1.008333
1.058333
1.075000
1.070833
0.983333
1.020833
1.029167
1.020833
1.004167
0.954167
1.008333
1.008333
1.012500
1.025000
0.975000
1.033333
1.054167
1.070833
1.091667
1.075000
1.004167
1.062500
1.095833
1.108333
1.016667
1.050000
1.041667
1.050000
0.966667
0.995833
1.000000
1.012500
1.012500
1.004167
0.962500
1.025000
1.033333
1.041667
1.050000
1.058333
1.000000
1.020833
1.079167
1.091667
1.104167
1.029167
1.062500
1.050000
1.054167
1.066667
1.062500
1.041667
1.041667
1.045833
0.991667
1.083333
1.133333
1.129167
1.004167
1.025000
1.079167
1.075000
0.983333
1.008333
0.995833
0.991667
0.975000
0.983333
0.987500
0.975000
0.975000
0.987500
1.004167
1.029167
1.079167
1.104167
1.066667
1.204167
1.191667
1.091667
1.137500
1.141667
1.079167
0.991667
1.033333
1.054167
1.083333
1.016667
0.966667
0.991667
1.016667
1.016667
1.008333
0.941667
0.962500
0.975000
1.016667
1.050000
1.029167
0.979167
1.066667
1.062500
1.058333
0.995833
1.045833
1.066667
1.087500
0.991667
1.037500
1.050000
1.050000
0.975000
0.966667
0.983333
0.995833
1.050000
0.962500
0.937500
0.941667
0.970833
1.037500
1.004167
0.983333
0.925000
0.900000
0.933333
0.962500
1.016667
1.000000
0.975000
0.950000
0.916667
0.933333
0.937500
0.954167
0.991667
1.020833
1.033333
1.045833
1.008333
1.079167
1.112500
1.129167
1.254167
1.175000
1.050000
1.045833
1.050000
1.066667
0.975000
0.987500
0.991667
0.991667
0.979167
0.933333
0.970833
0.975000
0.975000
1.008333
1.008333
0.991667
0.970833
1.029167
1.050000
1.070833
1.075000
1.025000
1.091667
1.141667
1.175000
1.100000
1.041667
1.037500
1.025000
1.045833
0.975000
0.991667
1.000000
1.016667
0.966667
0.995833
1.008333
1.037500
1.020833
0.958333
1.016667
1.029167
1.016667
1.016667
0.979167
0.945833
0.966667
0.987500
1.020833
1.029167
0.958333
0.983333
0.987500
1.008333
1.029167
1.050000
1.045833
0.983333
1.058333
1.100000
1.083333
0.991667
1.062500
1.075000
1.087500
0.983333
0.991667
0.991667
0.995833
0.987500
0.933333
0.954167
0.954167
0.975000
1.012500
0.962500
0.983333
0.991667
1.016667
1.029167
1.020833
0.975000
1.020833
1.066667
1.062500
1.054167
1.083333
1.016667
1.037500
1.075000
1.112500
1.058333
0.962500
0.958333
0.991667
1.025000
1.008333
0.983333
0.933333
0.945833
0.966667
0.970833
1.000000
0.995833
1.000000
0.954167
1.075000
1.129167
1.120833
1.033333
1.087500
1.095833
1.058333
1.037500
1.037500
1.016667
0.987500
0.966667
0.950000
0.908333
0.945833
0.945833
0.983333
1.012500
1.012500
0.970833
1.033333
1.066667
1.079167
1.033333
1.145833
1.137500
1.091667
1.004167
1.075000
1.091667
1.041667
0.975000
1.012500
1.000000
0.975000
0.925000
0.975000
0.975000
0.991667
0.995833
0.979167
0.916667
0.975000
1.004167
1.033333
1.062500
1.062500
1.008333
1.062500
1.070833
1.070833
1.062500
1.008333
1.087500
1.187500
1.245833
1.095833
1.083333
1.075000
0.995833
0.950000
0.954167
0.958333
0.954167
0.920833
0.916667
0.925000
0.954167
0.966667
0.962500
0.950000
0.954167
0.975000
1.000000
1.029167
1.029167
0.958333
0.991667
1.000000
1.012500
1.020833
0.987500
0.966667
0.929167
0.966667
1.000000
1.016667
1.045833
1.062500
1.045833
0.975000
1.041667
1.120833
1.100000
1.108333
1.083333
1.025000
0.987500
1.000000
0.975000
0.970833
0.966667
0.962500
0.937500
0.925000
0.925000
0.925000
0.900000
0.958333
1.008333
1.033333
1.062500
0.966667
0.975000
1.004167
1.012500
1.000000
0.933333
0.966667
0.975000
0.970833
0.987500
0.987500
0.962500
0.941667
0.933333
0.929167
0.933333
0.950000
0.975000
0.983333
0.950000
1.029167
1.050000
1.041667
1.050000
1.012500
1.108333
1.087500
1.050000
1.000000
1.041667
1.062500
1.041667
0.958333
0.983333
0.979167
0.983333
0.970833
0.920833
0.933333
0.929167
0.954167
0.975000
0.979167
0.983333
0.987500
0.991667
0.966667
1.037500
1.079167
1.129167
1.104167
1.050000
1.175000
1.187500
1.170833
1.041667
1.079167
1.175000
1.150000
1.008333
1.012500
1.016667
1.012500
0.958333
0.983333
1.008333
1.004167
1.008333
1.000000
0.937500
0.970833
0.991667
1.020833
1.041667
1.045833
1.004167
1.041667
1.104167
1.125000
