0.716667
0.708333
0.716667
0.720833
0.716667
0.704167
0.712500
0.712500
0.704167
0.695833
0.708333
0.704167
0.683333
0.687500
0.695833
0.691667
0.679167
0.691667
0.691667
0.675000
0.675000
0.691667
0.695833
0.683333
0.683333
0.704167
0.700000
0.700000
0.695833
0.708333
0.704167
0.704167
0.520833
0.908333
0.704167
0.695833
0.708333
0.704167
0.704167
0.695833
0.716667
0.712500
0.700000
0.695833
0.716667
0.708333
0.691667
0.691667
0.704167
0.704167
0.683333
0.695833
0.691667
0.679167
0.670833
0.687500
0.687500
0.666667
0.679167
0.683333
0.679167
0.675000
0.687500
0.691667
0.691667
0.683333
0.700000
0.700000
0.700000
0.695833
0.712500
0.712500
0.712500
0.708333
0.720833
0.720833
0.725000
0.720833
0.716667
0.708333
0.729167
0.716667
0.704167
0.704167
0.712500
0.695833
0.687500
0.695833
0.687500
0.670833
0.670833
0.679167
0.658333
0.662500
0.675000
0.658333
0.654167
0.670833
0.670833
0.658333
0.666667
0.666667
0.670833
0.658333
0.662500
0.675000
0.670833
0.670833
0.675000
0.670833
0.679167
0.691667
0.683333
0.700000
0.704167
0.716667
0.704167
0.720833
0.725000
0.729167
0.720833
0.720833
0.733333
0.725000
0.720833
0.712500
0.725000
0.720833
0.712500
0.704167
0.720833
0.720833
0.716667
0.700000
0.716667
0.712500
0.708333
0.700000
0.720833
0.716667
0.708333
0.708333
0.725000
0.720833
0.716667
0.704167
0.725000
0.720833
0.720833
0.704167
0.729167
0.725000
0.725000
0.716667
0.733333
0.729167
0.729167
0.720833
0.733333
0.729167
0.729167
0.720833
0.737500
0.729167
0.720833
0.716667
0.733333
0.725000
0.716667
0.708333
0.733333
0.720833
0.704167
0.700000
0.720833
0.720833
0.700000
0.695833
0.708333
0.704167
0.691667
0.679167
0.695833
0.691667
0.637500
0.725000
0.691667
0.687500
0.675000
0.675000
0.695833
0.687500
0.675000
0.683333
0.700000
0.695833
0.691667
0.691667
0.708333
0.708333
0.704167
0.695833
0.716667
0.708333
0.712500
0.704167
0.725000
0.720833
0.716667
0.712500
0.729167
0.729167
0.720833
0.712500
0.729167
0.729167
0.708333
0.700000
0.716667
0.712500
0.683333
0.695833
0.700000
0.687500
0.679167
0.695833
0.691667
0.491667
0.516667
0.458333
0.608333
0.658333
0.654167
0.675000
0.670833
0.650000
0.658333
0.675000
0.675000
0.662500
0.670833
0.683333
0.687500
0.675000
0.533333
0.854167
0.691667
0.704167
0.529167
0.883333
0.445833
0.975000
0.695833
0.704167
0.708333
0.708333
0.700000
0.716667
0.716667
0.720833
0.716667
0.737500
0.737500
0.491667
1.012500
1.479167
0.729167
0.716667
0.729167
0.733333
0.550000
0.920833
0.725000
0.704167
0.683333
0.700000
0.687500
0.670833
0.695833
0.687500
0.508333
0.862500
0.462500
0.908333
0.670833
0.687500
0.679167
0.670833
0.670833
0.687500
0.691667
0.687500
0.683333
0.704167
0.708333
0.708333
0.700000
0.725000
0.725000
0.733333
0.725000
0.741667
0.750000
0.750000
0.741667
0.758333
0.758333
0.745833
0.745833
0.762500
0.754167
0.733333
0.733333
0.741667
0.733333
0.716667
0.729167
0.725000
0.695833
0.704167
0.712500
0.691667
0.695833
0.708333
0.691667
0.687500
0.704167
0.704167
0.687500
0.691667
0.700000
0.700000
0.687500
0.700000
0.704167
0.708333
0.695833
0.708333
0.716667
0.716667
0.712500
0.712500
0.725000
0.729167
0.729167
0.716667
0.741667
0.733333
0.733333
0.720833
0.737500
0.741667
0.737500
0.725000
0.741667
0.737500
0.737500
0.716667
0.729167
0.733333
0.720833
0.700000
0.716667
0.708333
0.683333
0.700000
0.695833
0.683333
0.679167
0.691667
0.691667
0.679167
0.675000
0.695833
0.691667
0.679167
0.691667
0.695833
0.704167
0.691667
0.695833
0.716667
0.712500
0.708333
0.716667
0.725000
0.725000
0.716667
0.725000
0.729167
0.725000
0.720833
1.458333
0.725000
0.712500
0.720833
0.720833
0.720833
0.704167
0.712500
0.716667
0.725000
0.704167
0.708333
0.725000
0.720833
0.700000
0.704167
0.708333
0.695833
0.470833
0.950000
0.700000
0.675000
0.679167
0.650000
0.704167
0.666667
0.683333
0.679167
0.666667
0.479167
0.895833
0.683333
0.670833
0.687500
0.687500
0.687500
0.675000
0.700000
0.700000
0.708333
0.695833
0.720833
0.720833
0.720833
0.720833
0.737500
0.733333
0.729167
0.720833
0.612500
0.883333
0.733333
0.725000
0.737500
0.741667
0.729167
0.712500
0.729167
0.720833
0.700000
0.691667
0.708333
0.704167
0.683333
0.683333
0.695833
0.687500
0.525000
0.850000
0.687500
0.675000
0.675000
0.691667
0.691667
0.683333
0.687500
0.695833
0.700000
0.691667
0.716667
0.629167
0.800000
0.708333
0.716667
0.720833
0.712500
0.712500
0.725000
0.725000
0.725000
0.712500
0.712500
0.725000
0.720833
0.708333
0.712500
0.725000
0.712500
0.700000
0.716667
0.712500
0.695833
0.695833
0.708333
0.700000
0.687500
0.700000
0.704167
0.691667
0.683333
0.704167
0.695833
0.695833
0.687500
0.704167
0.708333
0.700000
0.695833
0.716667
0.720833
0.720833
0.716667
0.729167
0.729167
0.729167
0.720833
0.733333
0.737500
0.725000
0.720833
0.733333
0.729167
0.716667
0.712500
0.725000
0.716667
0.716667
0.695833
0.700000
0.708333
0.704167
0.683333
0.691667
0.691667
0.675000
0.670833
0.687500
0.683333
0.670833
0.675000
0.691667
0.687500
0.687500
0.675000
0.700000
0.691667
0.695833
0.683333
0.712500
0.704167
0.704167
0.704167
0.720833
0.725000
0.716667
0.716667
0.729167
0.720833
0.716667
0.733333
0.725000
0.720833
0.716667
0.733333
0.729167
0.716667
0.725000
0.725000
0.725000
0.708333
0.716667
0.729167
0.716667
0.700000
0.712500
0.708333
0.483333
0.612500
1.041667
0.675000
0.679167
0.670833
0.650000
0.683333
0.645833
0.650000
0.512500
0.808333
0.629167
0.675000
0.629167
0.670833
0.662500
0.675000
0.670833
0.670833
0.687500
0.700000
0.704167
0.704167
0.712500
0.720833
0.720833
0.725000
0.725000
0.725000
0.720833
0.729167
0.725000
0.720833
0.733333
0.737500
0.729167
0.716667
0.737500
0.733333
0.725000
0.725000
0.729167
0.733333
0.704167
0.704167
0.716667
0.704167
0.545833
0.879167
0.700000
0.679167
0.670833
0.687500
0.683333
0.662500
0.675000
0.687500
0.683333
0.679167
0.695833
0.704167
0.704167
0.695833
0.712500
0.716667
0.720833
0.708333
0.729167
0.733333
0.725000
0.720833
0.733333
0.737500
0.737500
0.725000
0.733333
0.737500
0.733333
0.720833
0.720833
0.737500
0.716667
0.708333
0.725000
0.712500
0.695833
0.704167
0.704167
0.700000
0.687500
0.700000
0.700000
0.700000
0.687500
0.708333
0.704167
0.700000
0.691667
0.712500
0.708333
0.708333
0.700000
0.712500
0.716667
0.716667
0.704167
0.720833
0.720833
0.716667
0.712500
0.725000
0.725000
0.716667
0.712500
0.725000
0.725000
0.708333
0.704167
0.725000
0.716667
0.704167
0.695833
0.712500
0.704167
0.679167
0.687500
0.695833
0.675000
0.670833
0.683333
0.679167
0.666667
0.679167
0.683333
0.666667
0.670833
0.683333
0.687500
0.670833
0.679167
0.691667
0.691667
0.683333
0.691667
0.700000
0.704167
0.695833
0.708333
0.712500
0.712500
0.700000
0.720833
0.720833
0.720833
0.712500
0.725000
0.729167
0.725000
0.716667
0.720833
0.725000
0.720833
0.708333
0.475000
0.850000
0.720833
0.695833
0.691667
0.700000
0.695833
0.683333
0.691667
0.691667
0.687500
0.675000
0.700000
0.691667
0.683333
0.679167
0.700000
0.695833
0.691667
0.683333
0.708333
0.704167
0.708333
0.700000
0.704167
0.712500
0.716667
0.704167
0.716667
0.720833
0.725000
0.712500
0.729167
0.733333
0.729167
0.720833
0.733333
0.733333
0.729167
0.720833
0.729167
0.737500
0.733333
0.708333
0.708333
0.720833
0.708333
0.691667
0.691667
0.695833
0.695833
0.675000
0.687500
0.687500
0.495833
0.879167
0.679167
0.675000
0.662500
0.683333
0.675000
0.658333
0.670833
0.675000
0.670833
0.662500
0.658333
0.687500
0.654167
0.691667
0.654167
0.700000
0.704167
0.708333
0.704167
0.712500
0.716667
0.720833
0.725000
0.725000
0.716667
0.725000
0.725000
0.716667
0.708333
0.720833
0.716667
0.695833
0.700000
0.700000
0.683333
0.545833
0.825000
0.679167
0.670833
0.666667
0.666667
0.675000
0.662500
0.670833
0.679167
0.666667
0.687500
0.683333
0.679167
0.683333
0.695833
0.700000
0.687500
0.633333
0.787500
0.716667
0.704167
0.729167
0.729167
0.725000
0.720833
0.737500
0.737500
0.737500
0.729167
0.737500
0.741667
0.729167
0.737500
0.741667
0.737500
0.729167
0.737500
0.741667
0.729167
0.716667
0.729167
0.712500
0.700000
0.712500
0.704167
0.687500
0.700000
0.683333
0.683333
0.658333
