0.970833
0.958333
0.941667
0.937500
0.925000
0.925000
0.954167
0.970833
0.345833
0.541667
0.425000
0.258333
0.345833
0.500000
0.079167
0.629167
0.770833
0.545833
0.366667
0.479167
0.345833
0.587500
0.500000
0.533333
0.387500
0.291667
0.650000
0.616667
0.345833
0.225000
0.295833
0.308333
0.212500
0.529167
0.325000
0.945833
0.354167
0.454167
0.154167
0.479167
0.854167
0.545833
0.658333
0.466667
0.395833
0.341667
0.637500
0.304167
0.437500
0.483333
0.370833
0.541667
0.358333
0.575000
0.608333
0.350000
0.433333
0.654167
0.262500
0.750000
0.195833
0.458333
0.275000
0.762500
0.558333
0.358333
0.645833
0.337500
0.854167
0.108333
0.387500
0.516667
0.204167
0.241667
0.600000
0.491667
0.333333
0.658333
0.304167
0.341667
0.500000
0.525000
0.525000
0.404167
0.520833
0.537500
0.212500
0.329167
0.362500
0.300000
0.458333
0.279167
0.325000
0.770833
0.266667
0.920833
0.329167
0.191667
0.479167
0.445833
0.320833
0.070833
0.475000
0.545833
0.566667
0.291667
0.250000
0.641667
0.275000
0.645833
0.412500
0.525000
0.991667
0.858333
0.887500
0.912500
0.887500
0.870833
0.887500
0.925000
0.920833
0.937500
0.916667
0.933333
0.937500
0.941667
0.925000
0.895833
0.937500
0.954167
0.995833
0.979167
0.937500
0.929167
0.941667
0.979167
0.987500
0.958333
0.929167
0.945833
0.975000
0.983333
1.000000
0.941667
0.945833
0.962500
1.016667
0.970833
0.941667
0.962500
0.979167
0.975000
0.975000
0.970833
0.941667
0.962500
0.979167
0.970833
0.966667
0.937500
0.962500
0.962500
0.950000
0.941667
0.945833
0.950000
0.920833
0.933333
0.962500
0.983333
0.962500
0.937500
0.950000
0.970833
0.979167
0.975000
0.937500
0.929167
0.958333
0.695833
0.237500
0.483333
0.345833
0.654167
0.158333
0.262500
0.512500
0.454167
0.375000
0.550000
0.370833
0.550000
0.245833
0.866667
0.766667
0.920833
0.895833
0.929167
0.916667
0.908333
0.950000
0.975000
1.004167
1.000000
0.945833
0.975000
0.979167
0.979167
0.979167
0.950000
0.970833
0.991667
0.987500
0.987500
0.954167
0.975000
0.995833
0.500000
0.258333
0.395833
0.804167
0.866667
0.079167
0.508333
0.470833
0.983333
0.979167
0.945833
0.958333
0.979167
0.233333
0.737500
0.666667
0.475000
0.366667
0.416667
0.233333
0.275000
0.245833
0.212500
0.266667
0.512500
0.195833
0.433333
0.279167
0.537500
0.512500
0.675000
0.225000
0.458333
0.454167
0.287500
0.962500
0.945833
0.966667
0.975000
0.966667
0.933333
0.929167
0.920833
0.975000
0.991667
0.937500
0.941667
0.941667
0.929167
0.945833
0.916667
0.941667
0.966667
0.966667
0.970833
0.950000
0.954167
0.987500
0.983333
0.991667
0.991667
0.962500
0.975000
0.995833
0.987500
0.995833
0.991667
0.962500
0.979167
0.991667
1.000000
0.995833
0.987500
0.958333
0.987500
0.991667
0.991667
0.987500
0.987500
0.975000
0.958333
0.983333
0.991667
0.987500
0.937500
0.987500
1.004167
0.966667
0.945833
0.950000
0.958333
0.958333
0.962500
0.929167
0.966667
0.983333
0.979167
0.991667
0.987500
0.966667
0.975000
0.995833
1.012500
1.000000
1.004167
0.966667
0.991667
1.004167
1.000000
0.991667
0.995833
0.958333
0.991667
0.991667
0.995833
0.958333
0.983333
0.995833
0.995833
0.958333
0.970833
0.991667
0.991667
0.987500
0.945833
0.962500
0.987500
0.991667
0.987500
0.954167
0.975000
0.991667
0.987500
0.954167
0.962500
0.995833
0.979167
0.945833
0.966667
0.983333
0.983333
0.983333
0.950000
0.966667
0.991667
0.987500
0.983333
0.954167
0.979167
0.983333
0.983333
0.950000
0.962500
0.987500
0.983333
0.970833
0.962500
0.991667
0.979167
0.945833
0.966667
0.987500
0.975000
0.966667
0.954167
0.925000
0.966667
0.966667
0.937500
0.950000
0.979167
0.970833
0.937500
0.966667
0.983333
0.975000
0.941667
0.962500
0.983333
0.983333
0.975000
0.950000
0.975000
0.991667
0.983333
0.950000
0.975000
0.983333
0.958333
0.958333
0.987500
0.975000
0.945833
0.983333
0.970833
0.954167
0.962500
0.958333
0.929167
0.958333
0.975000
0.966667
0.962500
0.933333
0.958333
0.970833
0.966667
0.966667
0.933333
0.958333
0.970833
0.966667
0.970833
0.937500
0.970833
0.970833
0.975000
0.966667
0.941667
0.975000
0.975000
0.970833
0.937500
0.950000
0.975000
0.966667
0.970833
0.933333
0.966667
0.979167
0.970833
0.933333
0.954167
0.975000
0.966667
0.962500
0.958333
0.958333
0.937500
0.962500
0.975000
0.970833
0.941667
0.962500
0.975000
0.975000
0.945833
0.958333
0.975000
0.975000
0.966667
0.937500
0.966667
0.970833
0.962500
0.945833
0.945833
0.637500
0.295833
0.929167
0.908333
0.983333
0.812500
0.883333
0.895833
0.920833
0.708333
0.187500
0.245833
0.454167
1.175000
0.945833
0.920833
0.929167
0.970833
1.000000
1.020833
0.937500
0.962500
0.995833
0.554167
0.412500
0.954167
1.437500
0.504167
0.970833
0.966667
0.929167
1.050000
0.891667
0.975000
0.933333
1.925000
1.000000
0.950000
0.937500
0.945833
0.970833
0.987500
0.937500
0.950000
0.979167
1.012500
0.954167
0.945833
0.979167
0.991667
0.970833
0.950000
0.975000
0.983333
0.979167
0.945833
0.962500
0.987500
0.979167
0.975000
0.950000
0.979167
0.983333
0.970833
0.895833
0.979167
0.958333
0.916667
0.895833
0.945833
0.966667
0.925000
0.925000
0.975000
1.050000
1.025000
0.954167
0.983333
0.995833
0.987500
0.595833
0.191667
0.170833
0.412500
0.241667
0.304167
0.625000
0.358333
0.345833
0.633333
0.520833
0.454167
0.950000
0.945833
0.975000
0.979167
0.970833
0.954167
0.954167
0.987500
0.991667
0.991667
0.950000
0.983333
0.991667
0.995833
0.975000
0.962500
0.995833
1.000000
0.991667
0.962500
0.966667
1.000000
0.995833
0.983333
0.962500
0.987500
1.000000
0.995833
0.954167
0.970833
1.000000
0.987500
0.983333
0.958333
0.991667
0.995833
0.991667
0.950000
0.975000
0.991667
0.987500
0.970833
0.958333
0.991667
0.983333
0.950000
0.966667
0.987500
0.975000
0.950000
0.970833
0.987500
0.987500
0.954167
0.979167
0.987500
0.987500
0.954167
0.983333
0.995833
0.983333
0.954167
0.991667
0.987500
0.975000
0.958333
0.995833
0.987500
0.966667
0.958333
0.987500
0.991667
0.958333
0.962500
0.991667
0.991667
0.945833
0.970833
0.987500
0.979167
0.962500
0.950000
0.975000
0.975000
0.970833
0.945833
0.975000
0.979167
0.975000
0.950000
0.975000
0.987500
0.975000
0.950000
0.975000
0.987500
0.979167
0.945833
0.970833
0.991667
0.983333
0.941667
0.970833
0.983333
0.975000
0.937500
0.962500
0.979167
0.983333
0.941667
0.979167
0.987500
0.979167
0.945833
0.987500
0.991667
0.962500
0.958333
0.983333
0.945833
0.970833
0.983333
0.954167
0.937500
0.954167
0.958333
0.929167
0.962500
0.970833
0.962500
0.941667
0.975000
0.987500
0.975000
0.979167
0.945833
0.975000
0.987500
0.991667
0.983333
0.954167
0.987500
1.000000
0.991667
0.966667
0.966667
0.987500
0.983333
0.987500
0.950000
0.970833
0.608333
0.383333
0.529167
0.266667
0.200000
0.066667
0.375000
0.391667
0.962500
0.454167
0.433333
0.229167
0.287500
0.758333
0.300000
0.579167
0.808333
0.558333
0.641667
0.608333
0.179167
0.483333
0.470833
0.529167
0.250000
0.333333
0.408333
0.208333
0.362500
0.950000
0.970833
0.979167
0.975000
0.945833
0.966667
