0.637500
0.637500
0.641667
0.637500
0.629167
0.320833
0.312500
0.637500
0.379167
0.250000
0.629167
0.633333
0.333333
0.304167
0.641667
0.633333
0.637500
0.420833
0.212500
0.629167
0.641667
0.637500
0.262500
0.375000
0.633333
0.633333
0.637500
0.641667
0.637500
0.629167
0.633333
0.637500
0.633333
0.629167
0.633333
0.633333
0.637500
0.637500
0.637500
0.637500
0.645833
0.645833
0.645833
0.645833
0.650000
0.720833
0.579167
0.650000
0.654167
0.654167
0.529167
0.783333
0.658333
0.662500
0.658333
0.654167
0.654167
0.658333
0.662500
0.662500
0.662500
0.658333
0.654167
0.658333
0.662500
0.658333
0.654167
0.654167
0.658333
0.662500
0.662500
0.654167
0.529167
0.775000
0.654167
0.433333
0.220833
0.220833
0.429167
0.658333
0.650000
0.645833
0.645833
0.645833
0.650000
0.637500
0.637500
0.641667
0.641667
0.420833
0.212500
0.645833
0.637500
0.637500
0.645833
0.645833
0.645833
0.641667
0.645833
0.650000
0.654167
0.654167
0.654167
0.350000
0.300000
0.229167
0.437500
0.662500
0.766667
0.541667
0.650000
0.658333
0.658333
0.662500
0.650000
0.645833
0.233333
0.416667
0.420833
0.233333
0.645833
0.645833
0.641667
0.645833
0.645833
0.641667
0.808333
0.475000
0.641667
0.641667
0.641667
0.637500
0.641667
0.641667
0.650000
0.645833
0.645833
0.650000
0.641667
0.641667
0.354167
0.345833
0.604167
0.641667
0.650000
0.650000
0.650000
0.654167
0.300000
0.350000
0.641667
0.641667
0.300000
0.345833
0.641667
0.641667
0.641667
0.633333
0.645833
0.633333
0.637500
0.637500
0.637500
0.641667
0.637500
0.637500
0.641667
0.258333
0.379167
0.641667
0.650000
0.641667
1.283333
0.645833
0.654167
0.645833
0.416667
0.233333
0.633333
0.841667
0.270833
0.833333
0.650000
0.675000
0.612500
0.458333
0.245833
0.337500
0.250000
0.462500
0.841667
0.645833
0.641667
0.645833
0.258333
0.391667
0.645833
0.654167
0.708333
0.454167
0.812500
0.600000
0.770833
0.520833
0.316667
0.325000
0.641667
0.645833
0.654167
0.408333
0.491667
0.391667
0.300000
0.345833
0.254167
0.283333
0.754167
0.650000
0.650000
0.654167
0.650000
0.654167
0.654167
0.662500
0.654167
0.650000
0.650000
0.654167
0.654167
0.650000
0.650000
0.654167
0.654167
0.650000
0.650000
0.433333
0.216667
0.200000
0.462500
0.650000
0.645833
0.654167
0.475000
0.291667
0.350000
0.195833
0.658333
0.654167
0.654167
0.654167
0.245833
0.412500
0.295833
0.358333
0.654167
0.858333
0.450000
0.645833
0.650000
0.650000
0.366667
0.279167
0.645833
0.650000
0.395833
0.250000
0.650000
0.645833
0.370833
0.270833
0.462500
0.825000
0.641667
0.375000
0.908333
0.633333
0.291667
0.337500
1.275000
0.633333
0.637500
0.637500
0.354167
0.287500
0.620833
0.641667
0.208333
0.429167
0.637500
0.633333
0.637500
0.633333
0.633333
0.641667
0.633333
0.637500
0.641667
0.637500
0.416667
0.220833
0.650000
0.641667
0.650000
0.275000
1.012500
0.654167
0.308333
0.683333
0.308333
0.370833
0.283333
0.654167
0.654167
0.658333
0.654167
1.316667
0.654167
0.341667
0.970833
1.325000
0.658333
0.650000
0.662500
0.666667
0.658333
0.654167
0.208333
0.445833
0.654167
0.658333
0.658333
0.362500
0.941667
0.279167
0.370833
0.650000
0.779167
0.366667
0.437500
0.358333
0.212500
0.425000
0.629167
0.658333
0.633333
0.633333
0.637500
0.645833
0.633333
0.629167
0.641667
0.633333
0.633333
0.625000
0.316667
0.320833
0.250000
0.383333
0.208333
0.425000
0.412500
0.229167
0.629167
0.512500
0.125000
0.695833
0.579167
0.641667
0.633333
0.637500
0.629167
0.641667
0.400000
0.233333
0.637500
1.170833
0.729167
0.629167
0.691667
0.254167
0.312500
0.525000
0.608333
0.145833
0.408333
0.225000
0.629167
0.633333
0.391667
0.245833
0.300000
0.450000
0.662500
0.475000
0.629167
0.637500
0.629167
0.637500
0.637500
0.633333
0.633333
0.633333
0.637500
0.633333
0.641667
0.637500
0.641667
0.641667
0.641667
0.208333
0.429167
0.837500
0.125000
0.500000
0.454167
0.850000
0.429167
0.295833
0.733333
0.250000
0.620833
0.408333
0.370833
0.604167
1.170833
0.633333
0.237500
0.300000
0.741667
0.641667
0.633333
0.637500
0.637500
0.575000
0.704167
0.645833
0.629167
1.270833
0.641667
0.629167
0.641667
0.633333
0.620833
0.641667
0.633333
0.629167
0.637500
0.629167
0.750000
0.258333
0.887500
0.625000
0.625000
0.350000
0.287500
0.620833
1.245833
1.250000
0.620833
1.250000
1.250000
1.266667
1.320833
0.558333
0.233333
0.233333
0.237500
1.325000
1.345833
0.312500
0.750000
0.316667
0.295833
0.450000
0.504167
0.420833
0.287500
0.295833
1.233333
0.629167
0.641667
0.583333
0.375000
0.595833
0.220833
0.216667
0.308333
0.316667
0.270833
0.366667
1.316667
0.437500
0.600000
0.708333
1.270833
1.275000
1.275000
0.641667
1.912500
0.637500
0.633333
1.904167
0.637500
0.637500
1.337500
0.454167
0.766667
1.266667
0.808333
1.620833
1.262500
0.745833
1.275000
1.912500
1.908333
1.916667
0.804167
0.191667
0.229167
0.229167
0.470833
0.791667
1.125000
0.920833
1.004167
0.883333
0.433333
0.291667
0.825000
0.116667
0.637500
1.158333
1.341667
0.066667
0.383333
0.895833
1.275000
0.637500
0.641667
0.645833
0.641667
0.641667
0.641667
1.300000
0.200000
0.450000
1.300000
0.650000
0.645833
0.650000
0.645833
0.641667
0.645833
0.641667
0.645833
0.650000
0.650000
0.645833
0.650000
0.650000
0.650000
0.645833
0.645833
0.650000
0.645833
0.262500
0.383333
0.641667
0.645833
0.645833
0.495833
0.804167
0.650000
0.645833
0.633333
0.316667
0.333333
0.641667
0.645833
0.650000
0.650000
0.912500
0.212500
0.791667
0.641667
0.645833
0.637500
0.362500
0.270833
0.637500
0.633333
0.645833
0.641667
0.504167
0.262500
0.520833
0.541667
0.191667
0.629167
0.579167
0.595833
0.904167
1.058333
0.700000
0.583333
1.270833
0.641667
1.279167
1.295833
0.650000
0.645833
0.645833
0.650000
0.645833
0.654167
0.658333
0.775000
0.200000
0.941667
0.645833
0.341667
0.179167
0.441667
0.962500
0.245833
0.395833
0.241667
0.404167
0.650000
0.650000
0.308333
0.354167
0.645833
0.645833
0.645833
0.650000
0.650000
0.650000
0.641667
0.645833
0.645833
0.645833
0.654167
0.654167
0.662500
0.658333
0.658333
0.658333
0.658333
0.658333
0.658333
0.662500
0.658333
0.654167
0.658333
0.212500
0.450000
0.287500
0.375000
0.662500
0.662500
0.666667
0.666667
0.670833
0.675000
0.312500
0.266667
0.750000
0.666667
0.670833
0.658333
0.350000
0.308333
0.658333
0.416667
0.245833
0.287500
0.370833
0.354167
0.304167
0.654167
0.658333
0.279167
0.383333
0.650000
0.787500
0.412500
0.120833
0.662500
0.654167
0.650000
0.650000
0.370833
0.291667
0.641667
0.658333
0.675000
0.591667
0.295833
0.370833
0.650000
0.395833
0.625000
0.916667
0.279167
0.362500
0.579167
0.208333
0.275000
0.216667
0.633333
0.641667
0.641667
0.633333
0.629167
0.637500
0.337500
0.295833
0.287500
0.345833
0.633333
0.629167
0.412500
0.566667
0.279167
0.291667
0.337500
0.633333
0.629167
0.633333
0.629167
0.400000
0.233333
0.625000
0.350000
0.287500
0.483333
0.783333
0.633333
1.037500
0.237500
0.633333
0.637500
0.641667
0.641667
0.637500
0.637500
0.641667
0.637500
0.633333
0.637500
0.637500
0.637500
0.629167
0.420833
0.212500
0.641667
0.637500
0.641667
0.625000
0.641667
0.637500
0.641667
0.641667
0.641667
0.629167
0.637500
0.637500
0.637500
0.641667
0.641667
0.633333
0.291667
0.979167
0.241667
0.395833
0.629167
0.633333
0.400000
0.229167
0.270833
0.362500
0.620833
0.629167
1.258333
0.891667
0.358333
0.945833
0.929167
1.250000
0.416667
0.462500
0.366667
0.583333
0.554167
1.345833
0.620833
1.241667
0.629167
0.916667
0.329167
0.625000
0.629167
0.629167
0.629167
0.629167
0.633333
0.637500
0.637500
0.629167
0.629167
0.962500
0.308333
0.637500
0.637500
0.637500
0.733333
0.541667
0.641667
0.641667
0.308333
0.379167
0.608333
0.254167
0.387500
0.645833
0.275000
0.366667
0.379167
0.266667
0.429167
0.475000
0.391667
0.358333
0.283333
0.200000
0.404167
0.670833
0.362500
0.283333
0.641667
0.183333
0.462500
0.641667
0.637500
0.645833
0.645833
0.645833
0.654167
0.658333
0.454167
0.208333
0.654167
0.204167
0.454167
0.650000
0.225000
0.433333
0.658333
0.654167
0.658333
0.658333
0.645833
0.645833
0.650000
0.645833
0.654167
0.654167
0.658333
0.658333
0.650000
0.658333
0.654167
0.658333
0.658333
0.666667
0.654167
0.441667
0.216667
0.516667
0.687500
0.183333
0.587500
0.662500
0.654167
0.654167
0.654167
0.654167
0.391667
0.258333
0.654167
0.650000
0.658333
0.654167
0.645833
0.645833
0.650000
0.650000
0.650000
0.641667
0.645833
0.641667
0.545833
0.741667
0.650000
0.641667
0.637500
0.637500
0.637500
0.641667
0.641667
0.641667
0.645833
0.645833
0.645833
0.641667
0.645833
0.650000
0.650000
0.400000
0.250000
0.654167
0.654167
0.658333
0.654167
0.654167
0.658333
0.654167
0.662500
0.658333
0.654167
0.658333
0.658333
0.658333
0.658333
0.654167
0.645833
0.337500
0.308333
0.645833
0.650000
0.650000
0.650000
0.641667
0.654167
0.650000
0.650000
0.645833
0.645833
0.645833
0.645833
0.637500
0.641667
0.229167
0.412500
0.641667
0.641667
0.633333
0.354167
0.929167
0.641667
0.633333
0.629167
0.254167
0.383333
0.362500
0.275000
0.637500
0.633333
0.625000
0.495833
0.433333
0.970833
0.629167
0.625000
0.625000
0.637500
0.620833
0.629167
0.629167
1.116667
0.129167
0.633333
0.420833
0.262500
0.379167
0.825000
0.633333
0.625000
0.620833
0.483333
0.270833
0.270833
0.558333
0.287500
0.629167
0.383333
0.862500
0.620833
0.316667
0.304167
1.245833
0.616667
0.629167
0.620833
0.462500
0.791667
0.625000
0.620833
0.491667
0.329167
0.441667
0.500000
0.387500
1.020833
0.629167
0.637500
0.529167
0.741667
0.637500
0.316667
0.487500
0.458333
0.633333
0.633333
0.633333
0.629167
0.445833
0.295833
0.366667
0.783333
0.625000
0.629167
0.633333
0.708333
0.554167
0.625000
0.341667
0.270833
0.195833
0.320833
0.766667
0.879167
0.375000
0.712500
0.545833
0.629167
0.625000
0.479167
1.425000
0.633333
0.633333
0.637500
0.379167
