1.100000
1.150000
1.175000
1.154167
1.137500
1.125000
1.162500
1.154167
1.100000
1.145833
1.150000
1.154167
1.162500
1.158333
1.120833
1.150000
1.195833
1.125000
1.029167
0.991667
1.016667
1.020833
1.000000
1.029167
0.995833
0.975000
1.012500
1.025000
0.995833
1.033333
1.075000
1.050000
1.037500
1.083333
1.095833
1.083333
1.058333
1.095833
1.129167
1.129167
1.120833
1.108333
1.141667
1.141667
1.133333
1.129167
1.100000
1.083333
1.062500
1.104167
1.120833
1.104167
1.087500
1.200000
1.208333
1.108333
1.041667
1.008333
1.012500
1.016667
0.954167
0.966667
0.987500
0.987500
0.954167
0.970833
1.012500
0.987500
0.950000
0.979167
1.016667
1.004167
0.970833
0.983333
1.016667
1.029167
1.000000
0.991667
1.025000
1.025000
1.041667
1.029167
1.000000
0.983333
0.991667
0.350000
0.620833
0.933333
0.454167
0.475000
0.200000
0.741667
0.625000
0.316667
0.533333
0.408333
0.325000
0.591667
0.912500
0.908333
1.075000
0.541667
0.245833
0.962500
0.337500
0.633333
0.941667
0.925000
0.395833
0.520833
0.895833
0.720833
0.495833
0.550000
1.254167
0.829167
1.020833
0.520833
0.941667
0.933333
0.450000
0.495833
0.958333
0.958333
0.720833
1.195833
1.250000
0.679167
0.933333
1.904167
0.979167
1.066667
0.850000
0.975000
0.987500
0.954167
0.950000
0.970833
0.983333
0.962500
0.975000
1.008333
1.008333
0.983333
0.983333
1.004167
0.975000
0.991667
1.016667
1.020833
0.987500
0.979167
0.995833
0.991667
0.962500
0.962500
0.995833
1.008333
0.983333
0.958333
0.995833
1.012500
0.991667
0.966667
0.995833
1.020833
1.020833
1.000000
1.033333
1.045833
1.020833
0.991667
1.012500
1.020833
1.004167
0.995833
1.004167
1.370833
0.566667
0.962500
0.975000
0.937500
0.958333
0.983333
0.991667
0.962500
0.987500
1.004167
0.970833
0.975000
1.012500
1.016667
0.979167
1.104167
0.862500
1.908333
0.962500
0.641667
1.316667
0.950000
0.950000
0.966667
0.225000
0.266667
0.445833
0.937500
0.979167
0.958333
0.229167
0.691667
0.725000
0.208333
0.958333
0.987500
0.991667
0.954167
0.933333
0.950000
0.979167
0.937500
0.966667
0.962500
0.983333
0.954167
0.479167
0.454167
0.950000
1.033333
0.258333
0.475000
0.412500
0.608333
0.279167
0.670833
0.958333
0.962500
0.375000
1.133333
0.266667
0.300000
0.762500
0.941667
0.912500
0.920833
0.916667
0.929167
0.908333
0.941667
0.958333
0.941667
0.929167
0.933333
0.925000
0.920833
0.887500
0.858333
0.183333
0.133333
0.825000
0.575000
0.850000
0.858333
0.858333
0.595833
0.279167
1.575000
1.037500
0.879167
1.725000
0.875000
0.870833
0.862500
1.716667
0.862500
0.870833
0.858333
0.879167
0.866667
0.866667
0.850000
0.725000
0.104167
0.245833
0.600000
0.845833
0.287500
0.537500
1.112500
0.591667
0.820833
0.904167
0.870833
0.883333
0.308333
1.433333
0.579167
0.291667
0.870833
0.875000
0.529167
0.350000
0.879167
0.870833
0.875000
0.891667
1.208333
0.266667
0.208333
0.954167
1.320833
0.450000
0.395833
0.458333
0.466667
0.108333
1.095833
0.837500
0.295833
0.533333
0.837500
0.841667
1.304167
0.416667
0.237500
0.645833
0.891667
0.908333
0.920833
0.908333
0.608333
0.337500
0.958333
0.941667
0.937500
0.912500
0.912500
0.904167
0.908333
0.920833
0.904167
0.908333
0.879167
0.858333
0.870833
0.866667
0.879167
0.879167
0.908333
0.925000
0.920833
0.916667
0.900000
0.900000
0.879167
0.875000
0.891667
0.891667
0.879167
0.866667
0.845833
0.845833
0.858333
0.866667
0.870833
0.870833
0.891667
0.887500
0.879167
0.900000
0.895833
0.895833
0.862500
0.858333
0.829167
0.825000
0.820833
0.504167
0.300000
0.716667
0.891667
0.829167
0.829167
0.387500
0.287500
0.995833
0.854167
0.870833
0.854167
0.279167
0.395833
0.191667
0.866667
1.425000
1.175000
1.662500
0.108333
0.900000
0.895833
0.908333
0.916667
0.920833
1.816667
0.912500
1.808333
0.904167
1.770833
0.891667
0.541667
0.366667
0.816667
0.266667
0.683333
0.895833
0.912500
0.908333
0.920833
0.916667
0.458333
0.445833
0.900000
1.229167
0.625000
0.925000
0.925000
0.941667
0.920833
0.904167
0.916667
0.933333
0.950000
0.916667
0.933333
0.937500
0.941667
0.929167
0.966667
0.970833
0.929167
0.912500
0.916667
0.920833
0.891667
0.458333
0.450000
0.920833
0.900000
0.895833
0.895833
0.912500
0.900000
0.479167
1.325000
1.266667
0.512500
0.287500
0.591667
0.470833
0.425000
0.616667
0.262500
0.858333
0.500000
0.350000
0.700000
0.270833
0.716667
0.308333
0.554167
0.633333
0.250000
0.895833
0.420833
0.491667
0.925000
0.925000
0.916667
0.937500
0.962500
0.250000
0.691667
0.641667
0.587500
0.600000
0.779167
0.154167
0.475000
0.445833
0.895833
0.912500
0.920833
0.916667
1.612500
0.745833
0.333333
0.108333
0.433333
0.358333
0.912500
0.900000
0.891667
0.916667
0.925000
0.912500
0.912500
0.916667
0.920833
0.937500
0.945833
0.954167
0.345833
0.616667
0.941667
0.429167
0.504167
0.920833
0.933333
0.929167
0.916667
0.941667
0.958333
0.975000
0.945833
0.950000
0.979167
0.941667
0.941667
0.966667
0.979167
0.558333
0.279167
0.279167
0.745833
0.408333
0.479167
0.058333
0.304167
0.270833
0.370833
0.304167
0.637500
0.350000
0.479167
0.229167
0.416667
0.354167
0.483333
0.458333
0.791667
1.116667
0.416667
0.525000
0.941667
0.016667
0.979167
0.962500
0.937500
0.958333
0.970833
0.941667
0.912500
0.908333
0.941667
0.954167
0.950000
0.925000
0.941667
0.962500
0.954167
0.937500
0.945833
0.975000
0.975000
0.950000
0.958333
0.979167
0.954167
0.941667
0.954167
0.783333
1.804167
0.195833
1.562500
0.325000
0.925000
0.929167
0.450000
0.500000
0.412500
0.262500
0.270833
0.358333
0.579167
0.962500
0.312500
0.658333
0.441667
0.491667
0.583333
0.337500
0.283333
0.287500
0.345833
0.387500
0.520833
0.737500
0.150000
0.883333
0.404167
0.475000
0.870833
0.520833
0.354167
0.229167
0.429167
0.487500
0.479167
0.079167
0.529167
0.325000
0.858333
0.850000
0.850000
0.850000
1.354167
0.350000
1.708333
0.858333
1.408333
0.291667
0.841667
0.858333
0.850000
0.858333
0.858333
1.720833
0.858333
0.866667
0.858333
0.850000
0.845833
0.841667
0.850000
0.850000
0.841667
0.841667
0.845833
0.845833
0.837500
0.825000
0.829167
0.479167
0.354167
0.850000
0.858333
0.462500
1.262500
0.862500
0.870833
0.600000
0.554167
0.254167
0.512500
0.400000
0.266667
0.866667
0.866667
0.279167
0.833333
0.629167
1.154167
0.275000
1.358333
0.483333
0.837500
0.850000
1.191667
0.616667
0.712500
0.845833
0.854167
1.158333
0.550000
0.300000
0.545833
0.508333
0.337500
0.704167
0.145833
0.837500
0.829167
0.833333
0.829167
1.841667
0.712500
0.462500
0.404167
0.854167
0.862500
0.854167
0.862500
0.850000
0.870833
0.862500
0.854167
0.854167
1.425000
0.475000
0.287500
0.370833
0.362500
0.495833
0.854167
0.850000
0.841667
0.850000
0.850000
0.429167
0.412500
1.679167
0.845833
0.841667
0.833333
0.845833
0.837500
0.829167
1.641667
0.829167
0.829167
0.841667
1.687500
1.491667
0.216667
0.850000
0.850000
0.841667
0.850000
0.854167
0.862500
0.850000
0.850000
0.850000
0.829167
0.825000
0.825000
0.833333
0.833333
0.837500
0.854167
0.862500
0.858333
0.841667
0.854167
0.854167
0.854167
0.841667
0.845833
0.850000
0.862500
0.854167
0.845833
0.845833
