0.779167
0.775000
0.775000
0.783333
0.591667
0.966667
0.779167
0.779167
0.775000
0.775000
0.770833
0.775000
0.779167
0.770833
0.775000
0.770833
0.775000
0.766667
0.770833
0.775000
0.775000
0.770833
0.770833
0.770833
0.770833
0.770833
0.775000
0.779167
0.779167
0.779167
0.779167
0.775000
0.779167
0.775000
0.783333
0.779167
0.770833
0.770833
0.770833
0.770833
0.766667
0.770833
0.770833
0.770833
0.766667
0.775000
0.766667
0.770833
0.766667
0.762500
0.766667
0.766667
0.762500
0.762500
0.762500
0.758333
0.758333
0.758333
0.758333
0.766667
0.762500
0.762500
0.766667
0.762500
0.766667
0.762500
0.775000
0.766667
0.766667
0.770833
0.766667
0.762500
0.766667
0.762500
0.770833
0.766667
0.766667
0.770833
0.770833
0.770833
0.766667
0.770833
0.775000
0.770833
0.766667
0.775000
0.770833
0.775000
0.770833
0.770833
0.783333
0.779167
0.775000
0.779167
0.779167
0.775000
0.770833
0.775000
0.775000
0.775000
0.775000
0.775000
0.770833
0.775000
0.775000
0.770833
0.779167
0.775000
0.775000
0.775000
0.770833
0.770833
0.775000
0.775000
0.775000
0.775000
0.779167
0.779167
0.779167
0.787500
0.791667
0.654167
0.933333
0.795833
0.795833
0.791667
0.795833
0.787500
0.791667
0.791667
0.787500
0.787500
0.787500
0.787500
0.787500
0.783333
0.787500
0.787500
0.783333
0.783333
0.783333
0.779167
0.779167
0.779167
0.775000
0.779167
0.779167
0.775000
0.775000
0.779167
0.775000
0.775000
0.775000
0.779167
0.741667
0.812500
0.770833
0.770833
0.770833
0.766667
0.762500
0.766667
0.770833
0.595833
0.937500
0.758333
0.758333
0.762500
0.758333
0.762500
0.766667
0.762500
0.758333
0.762500
0.758333
0.762500
0.758333
0.762500
0.766667
0.766667
0.758333
0.766667
0.766667
0.770833
0.770833
0.658333
0.887500
0.766667
0.770833
0.637500
0.908333
0.766667
0.770833
0.766667
0.766667
0.762500
0.770833
0.766667
0.766667
0.766667
0.766667
0.762500
0.770833
0.550000
0.991667
0.762500
0.766667
0.766667
0.762500
0.762500
0.762500
0.766667
0.766667
0.762500
0.762500
0.766667
0.758333
0.762500
0.758333
0.766667
0.762500
0.766667
0.662500
0.875000
0.762500
0.762500
0.762500
0.762500
0.766667
0.762500
0.766667
0.766667
0.766667
0.766667
0.770833
0.766667
0.766667
0.779167
0.775000
0.775000
0.775000
0.775000
0.775000
0.770833
0.775000
0.779167
0.775000
0.775000
0.775000
0.775000
0.775000
0.775000
0.775000
0.770833
0.779167
0.783333
0.779167
0.783333
0.779167
0.779167
0.779167
0.775000
0.783333
0.775000
0.775000
0.770833
0.770833
0.770833
0.766667
0.779167
0.775000
0.775000
0.775000
0.775000
0.779167
0.775000
0.775000
0.770833
0.775000
0.775000
0.770833
0.770833
0.766667
0.766667
0.762500
0.766667
0.775000
0.770833
0.770833
0.775000
0.770833
0.775000
0.770833
0.770833
0.775000
0.616667
0.941667
0.770833
0.770833
0.766667
0.770833
0.766667
0.775000
0.633333
0.920833
0.766667
0.770833
0.770833
0.770833
0.766667
0.766667
0.779167
0.770833
0.775000
0.775000
0.775000
0.775000
0.775000
0.775000
0.770833
0.779167
0.545833
1.020833
0.779167
0.779167
0.779167
0.775000
0.770833
0.779167
0.775000
0.775000
0.770833
0.770833
0.770833
0.770833
0.770833
0.766667
0.775000
0.775000
0.775000
0.770833
0.770833
0.770833
0.770833
0.766667
0.766667
0.770833
0.766667
0.766667
0.762500
0.766667
0.762500
0.758333
0.758333
0.766667
0.758333
0.758333
0.762500
0.758333
0.758333
0.758333
0.754167
0.758333
0.641667
0.891667
0.762500
0.762500
0.762500
0.758333
0.758333
0.758333
0.754167
0.762500
0.633333
0.891667
0.762500
0.762500
0.766667
0.758333
0.766667
0.775000
0.691667
0.850000
0.770833
0.770833
0.770833
0.762500
0.762500
0.766667
0.762500
0.766667
0.766667
0.762500
0.762500
0.762500
0.758333
0.758333
0.766667
0.762500
0.762500
0.758333
0.758333
0.762500
0.758333
0.754167
0.754167
0.754167
0.766667
0.758333
0.762500
0.758333
0.762500
0.762500
0.762500
0.762500
0.770833
0.766667
0.766667
0.766667
0.762500
0.766667
0.766667
0.766667
0.762500
0.762500
0.762500
0.762500
0.762500
0.758333
0.762500
0.758333
0.758333
0.754167
0.762500
0.758333
0.758333
0.762500
0.758333
0.758333
0.758333
0.754167
0.766667
0.762500
0.762500
0.758333
0.758333
0.762500
0.758333
0.754167
0.758333
0.762500
0.762500
0.762500
0.762500
0.762500
0.762500
0.758333
0.762500
0.758333
0.766667
0.762500
0.762500
0.762500
0.762500
0.758333
0.758333
0.754167
0.754167
0.766667
0.566667
0.958333
0.758333
0.762500
0.762500
0.637500
0.883333
0.775000
0.762500
0.762500
0.620833
0.912500
0.758333
0.762500
0.758333
0.758333
0.750000
0.708333
0.816667
0.754167
0.758333
0.762500
0.633333
0.887500
0.758333
0.766667
0.762500
0.762500
0.600000
0.933333
0.762500
0.762500
0.758333
0.762500
0.758333
0.600000
0.933333
0.762500
0.762500
0.762500
0.758333
0.762500
0.758333
0.758333
0.766667
0.762500
0.762500
0.762500
0.762500
0.758333
0.662500
0.858333
0.770833
0.762500
0.758333
0.758333
0.762500
0.658333
0.866667
0.762500
0.754167
0.758333
0.758333
0.758333
0.704167
0.816667
0.758333
0.758333
0.758333
0.754167
0.754167
0.770833
0.758333
0.762500
0.675000
0.850000
0.758333
0.762500
0.754167
0.758333
0.762500
0.595833
0.933333
0.758333
0.762500
0.762500
0.762500
0.754167
0.758333
0.762500
0.758333
0.687500
0.833333
0.758333
0.758333
0.758333
0.754167
0.754167
0.762500
0.758333
0.758333
0.754167
0.754167
0.754167
0.754167
0.750000
0.750000
0.758333
0.750000
0.750000
0.750000
0.750000
0.745833
0.745833
0.745833
0.691667
0.816667
0.750000
0.745833
0.750000
0.750000
0.616667
0.883333
0.745833
0.745833
0.758333
0.754167
0.587500
0.925000
0.754167
0.754167
0.754167
0.654167
0.850000
0.758333
0.754167
0.750000
0.750000
0.616667
0.891667
0.750000
0.750000
0.750000
0.758333
0.754167
0.754167
0.758333
0.754167
0.645833
0.870833
0.675000
0.425000
1.187500
0.758333
0.754167
0.750000
0.754167
0.750000
0.745833
0.750000
0.750000
0.754167
0.750000
0.754167
0.754167
0.750000
0.754167
0.750000
0.750000
0.750000
0.750000
0.754167
0.629167
0.879167
0.750000
0.750000
0.745833
0.750000
0.750000
0.750000
0.750000
0.750000
0.762500
0.700000
0.816667
0.758333
0.758333
0.758333
0.754167
0.754167
0.750000
0.750000
0.758333
0.754167
0.754167
0.750000
0.754167
0.750000
0.754167
0.745833
0.750000
0.758333
0.754167
0.758333
0.754167
0.754167
0.758333
0.754167
0.758333
0.750000
0.750000
0.762500
0.758333
0.758333
0.754167
0.754167
0.758333
0.750000
0.754167
0.750000
0.750000
0.754167
0.754167
0.750000
0.745833
0.750000
0.750000
0.745833
0.745833
0.758333
0.754167
0.750000
0.750000
0.754167
0.750000
0.750000
0.750000
0.745833
0.754167
0.750000
0.750000
0.754167
0.750000
0.754167
0.754167
0.754167
0.750000
0.758333
0.758333
0.754167
0.758333
0.754167
0.758333
0.754167
0.750000
0.750000
0.754167
0.750000
0.754167
0.750000
0.754167
0.750000
0.750000
0.750000
0.754167
0.750000
0.750000
0.750000
0.754167
0.754167
0.754167
0.758333
0.754167
0.754167
0.750000
0.750000
0.750000
0.754167
0.754167
0.750000
0.754167
0.754167
0.750000
0.750000
0.745833
0.754167
0.758333
0.754167
0.758333
0.750000
0.754167
0.754167
0.754167
0.750000
0.750000
0.758333
0.754167
0.754167
0.754167
0.754167
0.754167
0.750000
0.754167
0.754167
0.754167
0.758333
0.762500
0.754167
0.758333
0.758333
0.666667
0.845833
0.754167
0.754167
0.745833
0.750000
0.754167
0.754167
0.754167
0.754167
0.758333
0.754167
0.633333
0.887500
0.754167
0.754167
0.758333
0.754167
0.758333
0.754167
0.754167
0.658333
0.854167
0.750000
0.750000
0.754167
0.608333
0.900000
0.750000
0.754167
0.712500
0.791667
0.750000
0.750000
0.750000
0.433333
1.095833
