0.741667
0.758333
0.741667
0.766667
0.737500
0.750000
0.695833
0.958333
1.000000
0.862500
0.712500
0.850000
0.637500
0.812500
0.733333
0.775000
0.745833
0.695833
1.037500
0.508333
0.741667
0.683333
0.704167
0.670833
0.900000
0.691667
0.791667
0.620833
0.670833
0.741667
1.500000
1.562500
0.745833
0.758333
0.750000
0.866667
0.654167
1.495833
0.704167
0.683333
0.670833
0.891667
1.262500
0.770833
1.508333
1.716667
0.537500
1.508333
0.795833
0.845833
0.691667
0.441667
0.641667
0.754167
0.758333
1.500000
0.729167
0.866667
0.745833
1.487500
1.329167
0.966667
1.712500
0.745833
1.487500
1.700000
0.862500
1.708333
0.704167
1.470833
1.625000
1.004167
0.708333
1.004167
0.591667
0.750000
0.983333
0.470833
0.995833
1.133333
0.870833
0.520833
0.754167
0.962500
0.733333
0.695833
1.500000
1.000000
0.708333
0.650000
0.758333
0.737500
0.762500
0.745833
1.004167
0.508333
0.716667
0.916667
0.679167
0.679167
0.679167
0.762500
0.583333
0.783333
0.645833
0.862500
0.758333
0.758333
0.641667
0.762500
0.766667
0.758333
0.837500
0.679167
0.850000
1.004167
0.712500
1.008333
0.516667
0.733333
0.962500
0.750000
0.754167
0.733333
0.800000
0.808333
0.712500
0.720833
0.854167
0.850000
0.737500
0.812500
0.891667
0.470833
0.991667
0.700000
0.466667
0.770833
0.745833
0.841667
0.870833
0.587500
0.579167
0.954167
0.862500
1.866667
0.512500
0.745833
0.729167
0.704167
0.712500
0.850000
0.700000
0.783333
0.562500
0.920833
0.737500
0.745833
0.787500
0.933333
0.500000
1.462500
1.629167
0.858333
1.425000
0.758333
1.691667
0.741667
0.608333
0.862500
0.733333
0.725000
0.750000
0.641667
0.841667
0.779167
0.833333
0.212500
0.925000
1.475000
1.704167
0.745833
0.858333
0.850000
0.745833
0.750000
0.754167
0.745833
0.850000
0.745833
0.745833
0.745833
0.745833
0.883333
0.491667
0.687500
0.941667
0.625000
0.937500
0.716667
0.508333
0.937500
0.829167
0.779167
0.750000
0.850000
0.645833
0.850000
0.754167
0.754167
0.637500
0.675000
0.991667
0.612500
0.854167
0.500000
0.729167
0.662500
0.991667
0.858333
1.437500
0.850000
0.725000
0.641667
0.725000
0.762500
0.750000
0.829167
0.758333
0.641667
0.716667
0.675000
0.808333
0.750000
0.704167
0.683333
0.670833
0.912500
0.741667
0.733333
0.433333
0.741667
0.779167
0.750000
0.987500
0.437500
1.025000
0.487500
0.950000
0.516667
0.737500
0.750000
1.645833
0.700000
1.000000
0.866667
0.587500
1.125000
0.562500
0.762500
0.741667
0.762500
0.733333
0.766667
0.741667
0.762500
0.737500
0.870833
0.625000
0.729167
0.675000
1.050000
0.587500
1.125000
0.854167
0.712500
0.854167
0.666667
0.725000
0.783333
0.804167
0.754167
0.862500
1.416667
0.754167
0.758333
0.770833
0.758333
0.850000
0.725000
0.800000
0.612500
0.837500
1.712500
0.854167
1.516667
0.750000
0.658333
0.850000
0.854167
0.645833
0.858333
0.541667
0.862500
0.841667
0.662500
0.845833
0.558333
0.983333
0.858333
0.995833
0.604167
1.120833
0.558333
0.725000
0.762500
0.737500
0.862500
0.616667
0.770833
0.733333
0.758333
0.841667
0.716667
0.900000
0.491667
0.758333
0.995833
0.716667
0.608333
0.725000
0.579167
0.912500
0.712500
1.012500
0.704167
0.995833
0.579167
0.862500
0.754167
0.725000
0.758333
0.733333
1.012500
0.500000
0.816667
0.912500
0.491667
0.750000
0.700000
1.079167
0.845833
0.587500
0.800000
0.737500
0.850000
1.316667
0.737500
0.783333
1.004167
0.583333
0.741667
0.845833
0.666667
0.654167
0.650000
0.683333
0.437500
0.791667
0.775000
0.695833
0.870833
1.475000
0.641667
1.016667
0.479167
0.866667
0.645833
0.820833
0.904167
0.587500
0.750000
0.754167
0.608333
0.762500
0.729167
0.754167
0.983333
0.533333
0.929167
0.491667
0.987500
0.558333
0.795833
0.716667
0.862500
0.854167
0.854167
0.854167
0.675000
0.720833
0.754167
0.845833
0.587500
1.037500
0.500000
0.783333
0.829167
0.712500
0.862500
0.716667
0.854167
1.145833
0.575000
0.745833
0.929167
0.795833
0.495833
0.866667
0.729167
0.762500
0.879167
0.762500
0.470833
0.875000
0.637500
0.862500
0.908333
0.587500
0.691667
0.804167
0.666667
0.650000
0.675000
0.750000
0.633333
0.662500
0.745833
0.750000
0.750000
0.750000
1.012500
0.745833
0.579167
0.804167
0.554167
1.162500
0.712500
0.720833
1.145833
0.570833
0.766667
0.750000
0.854167
0.683333
1.395833
0.754167
0.733333
0.866667
0.870833
0.500000
0.845833
1.429167
0.579167
0.658333
0.620833
0.950000
0.708333
0.766667
1.254167
0.741667
0.979167
1.254167
0.854167
0.620833
0.770833
0.991667
0.758333
1.258333
1.575000
0.654167
1.487500
0.995833
0.762500
0.725000
1.254167
0.950000
0.783333
0.495833
1.529167
1.466667
0.858333
1.708333
0.858333
0.720833
0.825000
0.750000
0.745833
0.858333
1.400000
0.862500
1.504167
0.725000
0.675000
1.008333
0.854167
0.845833
0.712500
0.854167
0.712500
0.720833
1.004167
0.733333
0.745833
0.579167
0.908333
0.741667
0.695833
0.512500
0.733333
0.762500
0.741667
0.975000
0.766667
0.587500
0.687500
0.937500
0.504167
0.825000
0.654167
0.737500
0.858333
0.883333
0.533333
0.854167
1.012500
0.704167
0.854167
0.720833
0.879167
0.758333
0.729167
0.858333
0.729167
0.762500
0.729167
0.754167
0.620833
0.754167
0.987500
1.120833
0.891667
0.720833
0.800000
0.854167
0.725000
1.141667
0.854167
0.704167
1.004167
0.533333
0.741667
0.758333
0.745833
0.862500
0.737500
0.750000
0.850000
0.654167
0.550000
0.883333
1.141667
0.708333
0.854167
0.687500
0.795833
1.512500
0.737500
0.762500
0.750000
0.762500
0.741667
0.862500
0.725000
0.591667
0.625000
0.725000
0.941667
1.491667
0.858333
0.854167
0.733333
1.483333
1.733333
0.545833
0.741667
0.870833
1.454167
1.512500
0.825000
1.745833
0.858333
1.708333
0.858333
1.445833
0.866667
1.425000
1.529167
0.766667
1.525000
0.766667
0.870833
0.658333
1.441667
1.595833
0.858333
1.712500
0.854167
1.970833
0.854167
0.858333
0.854167
0.745833
0.762500
0.762500
1.575000
0.708333
0.962500
0.858333
0.858333
0.737500
0.679167
0.795833
0.733333
0.858333
0.725000
0.904167
0.716667
0.745833
0.741667
0.425000
0.770833
1.733333
0.712500
0.741667
0.754167
0.562500
0.891667
0.483333
0.745833
0.691667
1.033333
0.487500
0.858333
0.891667
0.729167
0.745833
0.483333
0.758333
0.975000
0.625000
1.387500
0.995833
0.512500
0.854167
0.862500
0.854167
0.854167
0.858333
0.708333
0.791667
0.737500
0.866667
0.645833
0.787500
0.679167
0.750000
0.862500
0.745833
0.658333
0.833333
0.666667
0.745833
0.862500
0.725000
0.704167
0.787500
0.708333
1.004167
0.575000
1.141667
0.862500
0.700000
0.695833
0.766667
1.000000
0.608333
0.762500
0.754167
0.645833
0.762500
1.020833
1.216667
0.675000
0.970833
1.945833
1.037500
0.850000
1.566667
0.704167
0.741667
0.995833
0.754167
0.600000
0.900000
0.758333
0.754167
0.758333
0.495833
0.758333
1.012500
0.679167
0.783333
0.479167
1.020833
0.479167
1.025000
0.479167
0.766667
0.745833
0.870833
0.633333
0.995833
0.508333
0.850000
0.858333
0.854167
0.858333
0.854167
0.820833
1.037500
0.866667
0.483333
0.762500
0.754167
0.991667
0.512500
0.754167
