0.241667
0.708333
0.700000
0.729167
0.741667
0.754167
0.683333
0.712500
0.704167
0.729167
0.679167
0.704167
0.704167
0.737500
0.679167
0.712500
0.700000
0.733333
0.708333
0.729167
0.720833
0.733333
0.700000
0.725000
0.750000
0.791667
0.741667
0.750000
0.741667
0.729167
0.695833
0.816667
0.587500
0.679167
0.666667
0.683333
0.691667
0.687500
1.325000
0.662500
0.687500
0.666667
0.675000
0.662500
0.683333
0.716667
0.675000
0.700000
0.691667
0.720833
0.675000
0.587500
0.837500
0.700000
0.666667
0.687500
0.700000
0.683333
0.654167
1.362500
0.687500
0.666667
0.700000
0.704167
0.712500
0.700000
0.700000
0.700000
0.700000
0.670833
0.687500
0.687500
0.700000
0.683333
0.712500
1.429167
1.395833
0.712500
0.708333
0.675000
0.700000
0.700000
0.716667
1.416667
0.729167
0.737500
0.716667
0.729167
0.733333
0.737500
0.687500
0.704167
0.708333
0.695833
0.662500
0.683333
0.683333
0.670833
0.654167
0.675000
0.700000
0.754167
0.687500
0.733333
0.729167
0.720833
0.704167
0.737500
0.775000
0.791667
0.750000
0.741667
0.800000
0.762500
0.737500
0.725000
0.737500
0.716667
0.695833
0.675000
0.683333
0.670833
0.650000
0.641667
0.633333
0.633333
0.645833
0.666667
0.662500
0.704167
0.687500
0.700000
0.704167
0.670833
0.687500
0.695833
0.716667
0.729167
0.741667
0.779167
0.779167
0.787500
0.783333
0.795833
0.850000
0.858333
1.637500
0.841667
0.854167
0.816667
0.808333
0.825000
0.783333
0.725000
0.745833
0.729167
0.779167
0.737500
0.729167
0.762500
0.770833
0.737500
0.737500
0.745833
0.783333
0.800000
0.791667
0.804167
0.800000
0.737500
0.766667
1.316667
0.304167
0.741667
1.487500
0.745833
0.704167
0.725000
0.729167
0.750000
0.770833
0.766667
0.787500
0.779167
0.770833
0.741667
0.762500
0.750000
0.750000
0.720833
0.716667
0.737500
0.791667
0.720833
0.729167
0.775000
0.791667
0.745833
0.770833
0.816667
0.829167
0.758333
0.754167
0.758333
0.745833
0.716667
0.750000
0.770833
0.804167
0.770833
0.808333
0.820833
0.825000
0.812500
0.837500
0.833333
0.795833
0.816667
0.816667
0.804167
0.766667
0.741667
0.779167
0.733333
0.708333
0.708333
0.708333
0.708333
0.670833
0.704167
0.683333
0.700000
0.675000
1.412500
0.737500
0.695833
0.729167
0.737500
0.766667
0.758333
0.779167
0.775000
0.741667
0.725000
0.729167
0.729167
0.733333
0.708333
0.712500
0.733333
0.712500
0.691667
0.695833
0.737500
0.733333
0.704167
0.729167
0.725000
0.737500
0.720833
0.754167
0.745833
0.741667
0.729167
0.741667
0.754167
0.725000
0.775000
0.241667
0.525000
0.716667
0.754167
0.729167
0.758333
0.700000
0.720833
0.716667
0.700000
0.683333
0.704167
0.716667
0.679167
0.654167
0.687500
0.679167
0.654167
0.641667
0.658333
0.650000
0.625000
0.620833
0.625000
0.620833
0.633333
0.616667
0.629167
0.637500
0.650000
0.616667
0.654167
0.645833
0.675000
0.658333
0.700000
0.712500
0.766667
0.725000
0.745833
0.433333
0.895833
0.691667
0.662500
0.683333
0.658333
0.670833
0.658333
0.662500
0.629167
0.683333
0.658333
0.641667
0.666667
0.650000
0.670833
0.637500
0.670833
0.637500
0.608333
0.637500
0.616667
0.625000
0.604167
0.587500
0.587500
0.570833
0.583333
0.583333
0.604167
0.604167
0.600000
0.620833
0.637500
0.625000
0.629167
0.600000
0.625000
0.608333
0.612500
0.583333
0.608333
0.600000
0.587500
0.579167
0.595833
0.595833
0.637500
0.620833
0.620833
0.612500
0.666667
0.675000
0.675000
0.666667
0.654167
0.666667
0.687500
0.670833
0.666667
0.641667
0.679167
0.620833
0.662500
0.670833
0.650000
0.670833
0.687500
0.704167
0.716667
0.733333
0.666667
0.650000
0.633333
0.654167
0.616667
0.633333
0.675000
0.695833
0.666667
0.704167
0.716667
0.733333
0.708333
0.670833
0.695833
0.708333
0.720833
0.750000
0.725000
0.687500
0.729167
0.737500
0.754167
0.700000
0.670833
0.658333
0.641667
0.666667
0.645833
0.679167
0.712500
0.675000
0.716667
0.758333
0.779167
0.750000
0.716667
0.725000
0.700000
0.729167
0.704167
0.695833
0.679167
0.720833
0.745833
0.745833
0.779167
0.708333
0.679167
0.666667
0.641667
0.679167
0.712500
0.733333
0.712500
0.716667
0.708333
0.737500
0.800000
0.779167
0.754167
0.741667
0.741667
0.770833
0.829167
0.800000
0.745833
0.708333
0.754167
0.754167
0.750000
0.720833
0.758333
0.729167
0.720833
0.720833
0.758333
0.750000
0.720833
0.425000
0.883333
0.675000
0.645833
0.633333
0.629167
0.670833
0.712500
0.700000
0.741667
0.741667
0.708333
0.750000
0.825000
0.791667
0.758333
0.704167
0.729167
0.745833
0.779167
0.729167
0.783333
0.733333
0.720833
0.704167
0.716667
0.725000
0.725000
0.729167
0.708333
0.725000
1.483333
0.725000
0.704167
0.695833
0.695833
0.737500
0.683333
0.712500
0.708333
0.687500
0.700000
0.708333
0.675000
0.704167
0.704167
0.683333
0.704167
0.708333
0.670833
0.683333
0.683333
0.662500
0.683333
0.695833
0.645833
0.683333
0.704167
0.670833
0.691667
0.704167
0.712500
0.525000
0.191667
0.758333
0.695833
0.666667
0.658333
0.637500
0.675000
0.662500
0.691667
0.691667
0.708333
0.708333
0.683333
0.708333
0.720833
0.741667
0.712500
0.716667
0.695833
0.729167
0.737500
0.758333
0.762500
0.700000
0.700000
0.675000
0.925000
0.487500
0.762500
0.737500
0.729167
0.733333
0.725000
0.700000
0.729167
0.516667
0.229167
0.679167
0.720833
0.716667
0.683333
0.704167
0.729167
0.783333
0.729167
0.766667
0.720833
0.716667
0.300000
0.395833
0.695833
0.679167
0.712500
0.708333
0.704167
0.679167
0.691667
0.241667
0.462500
0.716667
0.716667
0.750000
0.691667
0.670833
0.654167
0.637500
0.679167
0.720833
0.695833
0.725000
0.741667
0.695833
0.762500
0.762500
0.716667
0.720833
0.716667
0.687500
0.737500
0.758333
0.745833
0.750000
0.741667
0.725000
0.762500
0.795833
0.791667
0.741667
0.712500
0.720833
0.733333
0.775000
0.862500
0.633333
0.737500
0.745833
0.712500
0.741667
0.754167
0.791667
0.783333
0.804167
0.745833
0.725000
0.725000
0.750000
0.837500
0.800000
0.750000
0.783333
0.737500
0.733333
0.720833
0.745833
0.804167
0.766667
0.737500
0.700000
0.704167
0.666667
0.708333
0.750000
0.770833
0.783333
0.754167
0.750000
0.758333
0.920833
0.837500
0.729167
0.750000
0.758333
0.733333
0.750000
0.779167
0.833333
0.904167
0.400000
0.416667
0.733333
0.766667
0.754167
0.729167
0.758333
0.750000
0.783333
0.741667
0.708333
0.758333
0.745833
0.729167
0.725000
0.725000
0.770833
0.787500
0.750000
0.787500
0.750000
0.758333
0.716667
0.775000
0.850000
0.820833
1.070833
0.441667
0.737500
0.737500
0.720833
0.708333
0.741667
0.758333
0.770833
0.787500
0.795833
0.716667
0.695833
0.683333
0.662500
0.716667
0.925000
0.879167
0.837500
0.866667
0.841667
0.787500
0.816667
0.841667
0.816667
0.841667
0.795833
0.787500
0.754167
0.737500
0.795833
0.925000
0.837500
0.750000
0.787500
0.779167
0.745833
0.766667
0.816667
0.891667
0.870833
0.758333
0.779167
0.758333
0.729167
0.762500
0.779167
0.762500
0.762500
0.795833
0.758333
0.758333
0.737500
0.737500
0.825000
0.883333
0.825000
0.837500
0.808333
0.766667
0.783333
0.816667
0.875000
0.825000
0.833333
0.787500
0.766667
0.762500
0.783333
0.800000
0.816667
0.341667
0.408333
0.779167
0.712500
0.695833
0.670833
0.708333
0.775000
0.900000
0.412500
0.379167
0.850000
0.850000
0.825000
0.808333
0.908333
1.095833
0.941667
0.800000
0.812500
0.762500
0.758333
0.833333
0.854167
0.850000
0.770833
0.800000
0.783333
0.758333
0.791667
0.870833
0.854167
0.879167
0.870833
0.870833
0.812500
0.850000
0.825000
0.854167
0.825000
0.770833
0.791667
0.804167
0.754167
0.754167
0.929167
1.041667
0.937500
0.779167
0.804167
0.795833
0.762500
0.829167
0.862500
0.845833
0.791667
0.816667
0.795833
0.775000
0.816667
0.858333
1.137500
0.954167
0.845833
0.804167
0.766667
0.845833
0.820833
0.908333
0.866667
0.854167
0.812500
0.820833
0.800000
0.795833
0.875000
0.833333
0.812500
0.800000
0.766667
0.754167
0.754167
0.875000
0.841667
0.616667
0.204167
0.837500
0.808333
0.779167
0.775000
0.766667
1.220833
0.941667
0.866667
0.766667
0.733333
