0.854167
0.858333
0.862500
0.845833
0.837500
0.825000
0.833333
0.845833
0.841667
0.829167
0.837500
0.845833
0.841667
0.837500
0.829167
0.854167
0.316667
0.537500
0.845833
0.850000
0.662500
1.541667
0.320833
0.841667
0.850000
0.850000
0.837500
0.845833
0.854167
0.854167
0.854167
0.862500
0.858333
0.854167
0.250000
0.566667
0.820833
0.837500
0.829167
0.816667
0.825000
0.829167
0.833333
0.837500
0.837500
0.820833
0.816667
0.829167
0.825000
0.837500
0.829167
0.820833
0.841667
0.833333
0.833333
0.658333
0.541667
0.433333
0.437500
0.758333
0.350000
0.779167
0.141667
0.483333
0.341667
0.808333
0.816667
0.837500
0.845833
0.237500
0.620833
0.591667
0.345833
0.766667
0.841667
1.762500
0.137500
0.625000
0.833333
0.816667
0.825000
0.837500
0.845833
0.825000
0.545833
0.304167
0.470833
0.375000
0.620833
0.212500
0.837500
0.816667
0.812500
0.820833
0.812500
0.812500
0.825000
0.833333
0.833333
0.837500
0.850000
0.862500
0.400000
0.462500
0.816667
0.820833
0.820833
0.716667
0.920833
0.333333
0.500000
0.812500
0.941667
0.708333
0.812500
0.816667
0.279167
0.179167
0.362500
0.604167
0.220833
0.833333
0.833333
0.837500
0.845833
0.825000
0.825000
0.837500
0.854167
0.829167
0.837500
0.845833
0.850000
0.850000
0.845833
0.854167
0.837500
0.837500
0.862500
0.870833
0.879167
0.862500
0.829167
0.837500
0.841667
0.837500
0.833333
0.808333
0.820833
0.825000
0.850000
0.833333
0.816667
0.816667
0.825000
0.837500
0.833333
0.804167
0.812500
0.804167
0.804167
0.812500
0.816667
0.795833
0.458333
0.462500
0.708333
0.825000
0.833333
0.837500
0.850000
0.854167
0.820833
0.833333
0.829167
0.837500
0.408333
0.412500
0.812500
0.820833
0.833333
0.833333
0.829167
0.841667
1.154167
0.529167
0.833333
0.829167
0.829167
0.620833
0.195833
0.825000
0.800000
0.800000
0.791667
0.800000
0.804167
0.804167
0.820833
0.829167
0.829167
0.829167
0.816667
0.825000
0.487500
0.350000
0.829167
0.825000
0.816667
0.804167
0.825000
0.812500
0.812500
0.816667
0.841667
0.820833
0.829167
0.833333
0.829167
0.837500
0.837500
0.833333
0.841667
0.854167
0.837500
0.825000
0.829167
0.829167
0.654167
0.162500
0.066667
0.750000
0.825000
0.820833
0.833333
0.841667
1.008333
0.641667
0.050000
0.829167
0.270833
0.554167
0.625000
0.204167
0.837500
0.400000
0.158333
0.837500
0.270833
0.383333
0.462500
0.600000
0.225000
0.616667
0.200000
0.620833
0.408333
0.133333
0.495833
0.820833
0.783333
1.004167
0.387500
0.362500
0.233333
0.516667
0.762500
0.808333
0.291667
0.512500
0.808333
1.125000
0.479167
0.812500
0.504167
0.308333
0.808333
0.808333
0.816667
1.229167
0.395833
0.829167
0.587500
0.237500
0.591667
1.020833
0.808333
0.812500
0.800000
0.791667
0.491667
0.433333
0.666667
0.416667
0.375000
0.779167
0.525000
0.250000
0.791667
0.795833
0.800000
0.791667
0.787500
0.241667
0.433333
0.320833
0.279167
0.608333
0.208333
1.033333
0.212500
0.291667
0.758333
0.362500
0.716667
0.787500
0.791667
0.800000
0.812500
0.808333
0.808333
0.829167
0.837500
0.845833
0.862500
0.854167
0.825000
0.833333
0.845833
0.854167
0.862500
0.854167
0.825000
0.825000
0.833333
0.841667
0.841667
0.850000
0.825000
0.825000
0.841667
0.858333
0.870833
0.883333
0.887500
0.850000
0.841667
0.850000
0.866667
0.854167
0.850000
0.858333
0.829167
0.829167
0.837500
0.845833
0.845833
0.845833
0.829167
0.837500
0.841667
0.850000
0.854167
0.875000
0.829167
0.837500
0.858333
0.854167
0.866667
0.829167
0.825000
0.829167
0.812500
0.791667
0.800000
0.804167
0.804167
0.804167
0.783333
0.791667
0.800000
0.804167
0.812500
0.791667
0.787500
0.800000
0.812500
0.804167
0.787500
0.812500
0.812500
0.825000
0.816667
0.795833
0.808333
0.825000
0.829167
0.837500
0.816667
0.808333
0.829167
0.841667
0.841667
0.820833
0.812500
0.825000
0.837500
0.845833
0.816667
0.808333
0.820833
0.804167
0.787500
0.795833
0.779167
0.783333
0.791667
0.779167
0.766667
0.770833
0.775000
0.779167
0.787500
0.783333
0.783333
0.787500
0.795833
0.795833
0.804167
0.800000
0.787500
0.358333
0.433333
0.787500
0.454167
0.337500
0.958333
0.595833
0.762500
0.758333
0.437500
0.208333
0.416667
0.470833
0.420833
0.262500
0.879167
0.454167
0.329167
0.787500
0.766667
0.791667
0.804167
0.812500
0.808333
0.812500
0.787500
0.795833
0.804167
0.808333
0.816667
0.787500
0.791667
0.800000
0.808333
0.808333
0.791667
0.791667
0.808333
0.787500
0.929167
0.625000
0.775000
0.775000
0.779167
0.775000
0.783333
0.783333
0.770833
0.779167
0.795833
0.800000
0.812500
0.820833
0.795833
0.800000
0.800000
0.808333
0.804167
0.804167
0.808333
0.795833
0.800000
0.520833
1.058333
0.791667
0.795833
0.800000
0.804167
0.795833
0.795833
0.795833
0.791667
0.800000
0.795833
0.800000
0.787500
0.800000
0.800000
0.804167
0.795833
0.783333
0.795833
0.800000
0.800000
0.791667
0.795833
0.808333
0.808333
0.825000
0.825000
0.812500
0.250000
0.566667
0.825000
0.816667
0.812500
0.816667
0.816667
0.800000
0.804167
0.804167
0.804167
0.566667
0.583333
0.470833
0.454167
0.504167
0.625000
0.804167
0.775000
0.291667
0.320833
0.654167
0.437500
0.629167
0.779167
0.783333
0.791667
0.787500
0.912500
0.666667
0.779167
0.591667
0.970833
0.208333
0.591667
0.791667
0.791667
0.791667
0.791667
0.791667
0.795833
0.795833
0.800000
0.795833
0.795833
0.787500
0.783333
0.783333
0.795833
0.800000
0.791667
0.791667
0.791667
0.791667
0.800000
0.804167
0.800000
0.795833
0.800000
0.804167
0.808333
0.820833
0.820833
0.820833
0.820833
0.820833
0.825000
0.812500
0.804167
0.812500
0.808333
0.816667
0.816667
0.812500
0.800000
0.804167
0.812500
0.816667
0.829167
0.829167
0.825000
0.808333
0.812500
0.816667
0.825000
0.825000
0.808333
0.804167
0.808333
0.825000
0.845833
0.833333
0.833333
0.841667
0.820833
0.808333
0.812500
0.808333
0.791667
0.800000
0.795833
0.795833
0.804167
0.787500
0.787500
0.795833
0.791667
0.787500
0.783333
0.787500
0.787500
0.791667
0.791667
0.779167
0.783333
0.787500
0.787500
0.787500
0.795833
0.795833
0.808333
0.808333
0.825000
0.825000
0.816667
0.808333
0.816667
0.829167
0.833333
0.825000
0.829167
0.800000
0.804167
0.808333
0.795833
0.779167
0.779167
0.770833
0.775000
0.787500
0.791667
0.795833
0.791667
0.787500
0.795833
0.812500
0.820833
0.825000
0.829167
0.845833
0.837500
0.820833
0.829167
0.841667
0.841667
0.845833
0.820833
0.816667
0.816667
0.820833
0.820833
0.804167
0.791667
0.804167
0.816667
0.820833
0.816667
0.795833
0.804167
0.812500
0.825000
0.837500
0.829167
0.800000
0.804167
0.812500
0.812500
0.812500
0.787500
0.795833
0.800000
0.808333
0.816667
0.795833
0.795833
0.804167
0.816667
0.820833
0.795833
0.795833
0.804167
0.795833
0.795833
0.787500
0.779167
0.783333
0.779167
0.791667
0.787500
0.800000
0.791667
0.795833
0.791667
0.783333
0.791667
0.791667
0.779167
0.404167
0.383333
0.779167
0.783333
0.783333
0.791667
0.787500
0.791667
0.795833
0.791667
0.795833
0.791667
0.779167
0.783333
0.787500
0.783333
0.787500
0.787500
0.783333
0.800000
0.358333
0.433333
0.795833
0.787500
0.779167
0.779167
0.800000
0.804167
0.825000
0.816667
0.800000
0.812500
0.812500
0.816667
0.800000
0.804167
0.808333
0.812500
0.808333
0.812500
0.816667
0.808333
0.804167
0.816667
0.812500
0.820833
0.391667
0.425000
0.783333
0.462500
0.358333
0.362500
0.562500
0.670833
0.795833
0.412500
0.266667
1.041667
0.304167
0.350000
0.791667
0.795833
0.787500
0.804167
0.804167
0.812500
0.808333
0.791667
0.795833
0.804167
0.800000
0.804167
0.808333
0.808333
0.795833
0.800000
0.808333
0.800000
0.804167
0.787500
0.775000
0.783333
0.787500
0.791667
0.795833
0.787500
0.795833
0.812500
0.829167
0.833333
0.808333
0.808333
0.829167
0.829167
0.841667
0.833333
0.837500
0.833333
0.837500
0.837500
0.825000
0.825000
