0.545833
0.841667
0.608333
0.650000
0.650000
0.720833
0.758333
0.500000
0.854167
0.591667
0.629167
0.962500
0.766667
0.770833
0.675000
0.625000
0.920833
1.033333
0.737500
0.795833
0.758333
0.704167
0.716667
0.504167
0.741667
0.758333
0.716667
0.483333
0.404167
0.629167
0.675000
0.779167
0.716667
0.720833
0.654167
0.837500
0.762500
0.633333
0.787500
0.545833
0.883333
0.541667
0.679167
0.683333
0.741667
0.708333
0.654167
0.733333
0.687500
0.804167
0.808333
0.783333
0.691667
0.754167
0.662500
0.620833
0.645833
0.766667
0.637500
0.770833
0.683333
0.920833
0.800000
0.716667
0.725000
0.837500
0.762500
0.308333
1.120833
1.054167
0.608333
0.625000
0.637500
0.745833
0.716667
0.583333
0.733333
0.962500
0.562500
0.812500
0.337500
1.658333
0.291667
0.841667
0.187500
2.570833
0.395833
1.391667
1.308333
0.520833
1.216667
1.341667
1.987500
0.445833
0.675000
2.116667
0.808333
1.720833
0.841667
0.700000
2.887500
1.383333
1.625000
1.795833
0.800000
2.916667
2.908333
2.520833
3.441667
0.725000
0.316667
3.091667
3.800000
4.808333
1.037500
0.441667
2.079167
2.679167
1.166667
0.187500
2.741667
2.904167
3.137500
0.283333
3.716667
3.854167
1.345833
0.725000
0.829167
1.191667
1.208333
1.737500
1.800000
2.375000
2.825000
1.725000
3.112500
2.800000
0.470833
0.858333
0.637500
2.579167
1.891667
1.908333
0.679167
0.087500
2.075000
1.325000
0.829167
0.800000
0.716667
0.716667
0.975000
0.587500
1.025000
0.720833
0.687500
0.495833
0.750000
0.795833
1.287500
3.045833
1.033333
0.525000
0.916667
0.529167
0.920833
0.558333
2.004167
0.804167
0.866667
2.550000
1.995833
0.541667
0.620833
0.600000
0.816667
0.766667
0.758333
0.941667
0.670833
0.529167
0.595833
0.495833
0.591667
0.512500
0.700000
0.600000
0.883333
0.575000
0.645833
1.137500
0.737500
0.545833
0.729167
0.862500
0.916667
0.570833
0.745833
0.629167
0.500000
0.666667
0.458333
0.400000
0.750000
0.495833
0.754167
0.533333
1.087500
0.500000
0.800000
0.691667
0.616667
0.654167
0.870833
0.850000
0.516667
0.550000
1.004167
0.795833
0.645833
0.520833
0.683333
0.650000
0.866667
0.533333
0.829167
0.641667
0.600000
0.845833
1.108333
1.254167
0.683333
0.770833
0.712500
0.704167
0.770833
0.650000
0.750000
0.633333
0.716667
0.733333
0.591667
0.808333
0.600000
0.466667
0.658333
0.875000
0.633333
0.787500
0.683333
0.695833
0.700000
0.683333
0.716667
0.675000
0.645833
0.804167
0.525000
0.650000
0.654167
0.516667
0.725000
0.837500
0.875000
0.945833
0.720833
0.808333
0.841667
1.329167
0.600000
0.516667
0.658333
0.950000
0.704167
0.450000
0.433333
0.479167
0.800000
0.570833
1.008333
0.504167
0.750000
0.620833
0.483333
0.704167
0.820833
0.812500
0.870833
0.575000
0.479167
0.620833
0.483333
0.720833
0.862500
0.762500
0.770833
0.729167
0.458333
0.579167
0.808333
0.770833
0.729167
0.675000
0.875000
0.741667
0.720833
0.541667
0.754167
0.770833
0.616667
0.687500
0.595833
0.654167
0.587500
0.729167
0.679167
0.754167
0.804167
0.754167
0.483333
0.837500
0.566667
0.562500
0.845833
0.545833
0.679167
0.637500
0.725000
0.925000
0.937500
0.937500
0.787500
0.508333
0.741667
0.708333
0.654167
0.783333
0.833333
0.904167
0.629167
0.695833
0.691667
0.712500
0.654167
0.608333
0.775000
0.683333
0.470833
0.604167
0.858333
0.754167
1.179167
0.729167
0.608333
0.554167
0.866667
1.887500
0.887500
0.508333
0.858333
0.591667
1.066667
0.812500
1.712500
2.112500
0.641667
0.341667
0.625000
1.783333
0.687500
0.658333
1.404167
0.745833
0.720833
0.629167
0.720833
0.591667
0.033333
1.520833
0.516667
0.891667
0.600000
0.854167
1.262500
0.858333
0.479167
0.804167
0.562500
0.800000
0.650000
0.662500
0.920833
0.733333
0.483333
0.600000
0.775000
0.787500
0.287500
0.429167
0.483333
0.625000
0.675000
0.704167
0.758333
0.512500
0.575000
0.641667
0.950000
0.804167
0.708333
0.833333
0.645833
0.512500
0.825000
0.712500
0.637500
0.600000
0.666667
0.691667
0.475000
0.587500
0.666667
0.875000
0.566667
0.700000
0.845833
0.837500
0.704167
0.775000
0.658333
0.658333
0.725000
0.866667
0.795833
0.720833
0.720833
0.612500
0.829167
0.862500
0.537500
0.595833
0.583333
0.704167
0.704167
0.691667
0.741667
0.600000
1.029167
0.833333
0.883333
0.679167
1.008333
0.666667
0.662500
0.766667
0.500000
0.683333
0.550000
0.816667
0.566667
0.516667
0.479167
0.820833
0.487500
0.745833
0.620833
0.637500
0.804167
0.695833
0.729167
0.716667
0.895833
0.758333
0.812500
0.737500
0.820833
0.854167
0.770833
0.729167
0.687500
0.545833
0.729167
0.541667
0.604167
0.850000
0.562500
0.695833
0.700000
0.858333
0.629167
0.483333
0.904167
0.637500
0.483333
0.625000
0.695833
0.795833
0.791667
0.741667
0.887500
0.895833
0.804167
0.891667
0.620833
0.616667
0.500000
0.579167
0.737500
0.620833
0.516667
0.475000
0.683333
0.683333
0.712500
0.587500
0.695833
0.683333
0.687500
0.995833
0.812500
0.604167
0.866667
0.770833
0.220833
0.545833
0.995833
0.787500
0.254167
0.345833
0.720833
0.537500
0.725000
0.750000
0.525000
0.570833
0.808333
0.687500
0.566667
0.595833
0.483333
0.791667
0.666667
0.637500
0.841667
0.566667
0.475000
0.675000
0.812500
0.625000
0.716667
0.891667
0.745833
0.762500
0.837500
0.741667
0.833333
0.791667
0.575000
0.833333
0.662500
1.483333
2.504167
0.600000
0.812500
0.541667
0.737500
0.666667
0.637500
0.645833
0.837500
0.316667
0.891667
0.516667
1.204167
0.420833
1.462500
1.195833
1.516667
2.487500
0.437500
0.829167
0.712500
0.704167
0.754167
0.612500
0.683333
0.891667
0.700000
0.612500
0.387500
0.645833
0.825000
0.620833
0.633333
1.062500
0.295833
0.470833
0.450000
1.091667
0.695833
0.637500
0.691667
0.704167
0.491667
0.629167
0.645833
0.579167
0.683333
0.479167
0.820833
0.541667
1.066667
0.491667
0.862500
0.758333
0.633333
0.566667
0.895833
0.787500
0.645833
0.737500
0.770833
0.675000
0.687500
0.554167
0.762500
0.670833
0.462500
0.558333
0.662500
0.487500
0.741667
0.683333
0.845833
0.716667
0.683333
0.620833
0.675000
0.679167
0.675000
0.470833
0.783333
0.737500
0.666667
0.904167
0.558333
0.854167
0.600000
0.695833
0.579167
0.616667
0.508333
0.641667
0.537500
0.391667
0.475000
0.220833
0.708333
0.470833
0.812500
0.570833
0.583333
0.779167
0.595833
0.200000
0.804167
0.745833
0.733333
0.625000
0.637500
0.600000
0.679167
0.662500
0.725000
0.750000
0.845833
0.575000
0.437500
0.466667
0.279167
0.812500
0.812500
0.462500
0.287500
0.545833
0.554167
0.670833
0.758333
0.920833
0.829167
0.791667
0.741667
0.645833
0.737500
0.808333
0.766667
0.641667
0.750000
0.983333
0.633333
0.700000
0.712500
0.583333
0.762500
1.004167
0.579167
0.575000
0.633333
0.720833
0.691667
0.654167
0.700000
0.520833
0.700000
0.820833
0.741667
0.708333
0.895833
0.579167
0.708333
0.662500
0.595833
0.791667
0.816667
0.791667
0.650000
0.816667
0.691667
0.654167
0.650000
0.754167
1.000000
0.758333
0.833333
0.550000
0.770833
0.595833
0.754167
0.762500
0.487500
0.650000
0.537500
0.720833
0.600000
0.550000
0.500000
0.737500
0.475000
0.675000
0.787500
0.795833
0.791667
0.645833
1.166667
0.766667
0.483333
0.687500
0.445833
0.837500
0.508333
0.395833
0.345833
0.408333
0.479167
0.741667
0.487500
0.245833
0.291667
0.458333
0.754167
0.520833
1.033333
0.591667
0.716667
0.766667
0.504167
0.712500
0.516667
