0.875000
0.750000
0.741667
0.741667
0.433333
0.950000
0.783333
0.758333
0.754167
0.754167
0.437500
0.941667
0.779167
0.762500
0.754167
0.429167
0.958333
0.795833
0.766667
0.762500
0.754167
1.383333
0.779167
0.758333
1.604167
0.541667
0.254167
1.129167
0.783333
0.745833
0.441667
0.929167
0.775000
1.195833
0.920833
0.766667
0.745833
0.729167
0.725000
0.725000
0.720833
1.433333
0.233333
1.116667
0.766667
1.183333
0.908333
0.758333
0.737500
0.283333
0.437500
0.629167
0.762500
0.733333
0.437500
0.908333
1.000000
0.504167
0.733333
0.433333
0.912500
0.762500
0.737500
0.729167
1.333333
0.750000
0.716667
0.437500
0.904167
0.754167
0.720833
0.441667
0.787500
0.875000
0.733333
0.233333
0.420833
0.691667
0.754167
0.991667
1.075000
0.754167
0.729167
0.725000
0.716667
0.437500
0.904167
0.762500
0.733333
0.729167
0.237500
1.116667
1.512500
2.079167
0.754167
0.733333
0.437500
0.904167
0.712500
1.370833
0.762500
1.183333
0.908333
0.766667
0.745833
1.333333
0.804167
0.754167
0.741667
0.437500
0.912500
0.812500
0.754167
0.750000
0.437500
0.933333
0.770833
0.754167
0.745833
0.433333
0.937500
0.775000
0.758333
0.750000
0.433333
0.945833
0.787500
0.754167
0.750000
0.733333
0.237500
1.125000
0.779167
0.754167
1.362500
0.766667
0.745833
1.362500
0.779167
0.754167
0.745833
0.433333
1.170833
0.533333
1.383333
0.783333
1.470833
0.779167
0.737500
0.737500
1.375000
0.787500
0.754167
0.745833
1.362500
0.775000
0.741667
1.358333
1.008333
1.108333
0.770833
1.187500
0.912500
0.762500
0.745833
1.354167
1.520833
0.741667
1.358333
1.758333
0.504167
0.695833
0.670833
1.016667
1.120833
0.787500
0.758333
1.370833
0.783333
0.762500
1.350000
0.820833
0.762500
0.758333
1.179167
0.200000
0.770833
0.758333
0.745833
1.366667
0.766667
0.750000
1.175000
0.920833
1.500000
0.737500
0.729167
1.358333
0.762500
0.750000
0.745833
0.991667
1.104167
0.770833
0.750000
1.366667
0.779167
0.758333
0.754167
1.370833
0.766667
0.758333
0.745833
1.370833
0.758333
0.750000
0.745833
0.433333
0.933333
0.762500
0.750000
0.745833
0.741667
1.362500
1.020833
0.208333
1.662500
0.766667
0.737500
1.362500
0.733333
0.254167
1.133333
0.770833
2.108333
0.766667
0.750000
1.362500
0.779167
0.754167
0.750000
1.333333
0.804167
0.754167
0.745833
1.341667
0.795833
0.754167
0.750000
1.358333
0.775000
0.750000
1.366667
0.758333
1.375000
0.779167
2.129167
0.779167
1.495833
0.745833
0.741667
1.466667
0.254167
1.112500
0.779167
1.716667
0.525000
0.741667
0.737500
1.370833
0.783333
0.754167
1.479167
0.745833
0.737500
0.733333
1.354167
0.766667
0.741667
1.354167
0.762500
1.183333
0.908333
0.758333
0.741667
1.179167
0.916667
0.770833
0.750000
1.337500
0.808333
0.754167
0.754167
0.750000
1.370833
0.775000
0.758333
0.754167
1.187500
0.937500
1.558333
0.829167
0.691667
1.379167
0.795833
1.454167
0.695833
0.791667
0.770833
0.766667
0.725000
1.412500
0.800000
0.779167
1.445833
0.720833
0.795833
1.525000
0.762500
0.754167
0.745833
0.745833
0.733333
0.733333
0.733333
0.729167
0.729167
0.729167
0.725000
0.254167
1.100000
0.762500
0.745833
1.362500
0.783333
0.750000
1.370833
0.766667
0.754167
0.745833
0.745833
1.462500
0.437500
0.933333
0.779167
0.750000
0.745833
0.741667
1.370833
0.783333
1.375000
0.779167
0.762500
1.341667
0.820833
0.758333
0.758333
1.375000
0.787500
0.762500
0.754167
1.379167
0.745833
0.775000
0.750000
0.750000
1.375000
1.541667
0.754167
0.750000
1.375000
0.758333
0.829167
0.770833
0.754167
1.383333
0.779167
0.770833
0.762500
1.391667
0.791667
0.766667
0.762500
0.762500
0.762500
1.375000
0.820833
0.775000
0.766667
1.400000
0.804167
0.775000
0.770833
2.162500
0.791667
0.775000
1.400000
0.791667
0.787500
0.775000
0.770833
1.416667
0.795833
0.791667
0.779167
0.779167
0.783333
0.770833
1.408333
0.816667
0.795833
2.208333
0.816667
0.795833
0.791667
1.554167
0.766667
0.770833
0.770833
0.766667
1.395833
0.804167
0.770833
1.387500
0.787500
0.720833
1.395833
0.775000
0.750000
1.358333
0.770833
0.754167
1.350000
0.766667
1.741667
0.362500
0.766667
0.745833
1.350000
0.758333
0.741667
1.354167
0.770833
0.750000
1.354167
0.758333
1.358333
0.775000
0.737500
1.350000
0.766667
0.741667
1.350000
0.754167
0.737500
1.341667
1.416667
0.687500
0.758333
1.183333
0.900000
0.762500
0.741667
1.345833
0.762500
0.741667
1.354167
0.779167
0.745833
1.354167
0.775000
0.750000
1.412500
0.683333
0.766667
0.745833
1.358333
0.762500
0.741667
1.183333
0.912500
0.766667
0.741667
1.183333
0.916667
0.770833
0.745833
1.187500
0.929167
0.779167
0.754167
0.754167
1.383333
0.791667
0.762500
0.762500
1.195833
0.937500
0.787500
0.766667
1.200000
0.945833
0.783333
0.766667
1.008333
1.129167
0.783333
0.758333
1.383333
0.779167
0.766667
0.754167
0.754167
1.387500
0.795833
0.766667
0.762500
0.770833
0.750000
0.762500
0.754167
1.395833
0.762500
0.800000
0.766667
0.762500
0.762500
1.204167
0.954167
0.800000
0.779167
1.337500
0.929167
0.804167
0.779167
1.508333
1.662500
0.575000
1.516667
1.420833
0.804167
0.783333
1.387500
0.795833
0.775000
0.762500
1.395833
0.787500
0.979167
0.587500
1.466667
0.254167
1.125000
1.525000
1.370833
0.779167
0.741667
1.358333
0.775000
1.187500
0.916667
0.766667
0.741667
1.358333
0.775000
0.750000
0.741667
0.437500
0.920833
0.766667
0.750000
1.000000
1.104167
0.770833
0.750000
1.362500
0.779167
0.754167
0.750000
0.437500
0.929167
0.775000
0.758333
1.187500
0.925000
0.775000
0.754167
1.375000
0.787500
0.758333
0.754167
1.350000
0.808333
0.754167
0.754167
1.345833
0.025000
0.787500
0.754167
0.754167
1.375000
0.791667
0.758333
0.758333
1.383333
0.779167
0.762500
0.758333
0.758333
1.379167
0.787500
0.762500
0.762500
1.362500
0.816667
0.766667
0.766667
1.441667
0.708333
0.791667
0.770833
0.762500
0.754167
0.754167
0.754167
0.754167
0.754167
1.387500
0.791667
0.770833
1.208333
0.954167
0.791667
0.770833
0.770833
0.991667
0.520833
0.766667
0.762500
0.762500
0.766667
1.504167
0.791667
0.762500
0.766667
0.775000
1.504167
0.795833
0.766667
0.779167
0.779167
1.520833
0.808333
0.775000
0.779167
0.779167
1.408333
0.862500
0.745833
0.779167
0.775000
0.775000
1.404167
0.795833
0.775000
1.387500
0.787500
0.758333
1.366667
0.770833
0.758333
1.366667
0.791667
0.762500
1.362500
0.779167
0.754167
1.362500
0.783333
0.754167
1.362500
0.766667
0.750000
0.741667
0.437500
0.929167
0.766667
0.750000
0.750000
0.433333
0.929167
0.779167
0.754167
0.745833
1.366667
