0.679167
0.679167
0.679167
0.675000
0.683333
0.683333
0.679167
0.675000
0.683333
0.683333
0.679167
0.687500
0.687500
0.683333
0.687500
0.687500
0.683333
0.683333
0.683333
0.687500
0.687500
0.687500
0.683333
0.691667
0.683333
0.691667
0.683333
0.683333
0.687500
0.683333
0.679167
0.683333
0.683333
0.683333
0.683333
0.683333
0.691667
0.691667
0.695833
0.695833
0.700000
0.700000
0.700000
0.708333
0.700000
0.704167
0.704167
0.704167
0.700000
0.700000
0.700000
0.700000
0.566667
0.829167
0.704167
0.700000
0.700000
0.695833
0.691667
0.700000
0.695833
0.700000
0.691667
0.695833
0.700000
0.700000
0.691667
0.691667
0.691667
0.691667
0.683333
0.683333
0.679167
0.679167
0.670833
0.679167
0.679167
0.683333
0.695833
0.687500
0.691667
0.695833
0.691667
0.687500
0.683333
0.687500
0.687500
0.687500
0.683333
0.687500
0.683333
0.691667
0.691667
0.687500
0.695833
0.695833
0.687500
0.691667
0.691667
0.691667
0.687500
0.683333
0.683333
0.687500
0.687500
0.691667
0.687500
0.687500
0.687500
0.691667
0.683333
0.683333
0.683333
0.675000
0.679167
0.679167
0.675000
0.670833
0.679167
0.679167
0.679167
0.683333
0.683333
0.683333
0.683333
0.679167
0.679167
0.679167
0.675000
0.675000
0.675000
0.675000
0.675000
0.675000
0.675000
0.670833
0.675000
0.670833
0.675000
0.675000
0.675000
0.679167
0.683333
0.687500
0.683333
0.683333
0.687500
0.683333
0.683333
0.683333
0.679167
0.670833
0.683333
0.675000
0.675000
0.670833
0.675000
0.666667
0.483333
0.804167
0.695833
0.683333
0.679167
0.683333
0.687500
0.683333
0.691667
0.687500
0.679167
0.683333
0.683333
0.683333
0.691667
0.687500
0.691667
0.691667
0.687500
0.687500
0.687500
0.683333
0.683333
0.691667
0.683333
0.687500
0.683333
0.687500
0.683333
0.679167
0.679167
0.683333
0.683333
0.679167
0.687500
0.683333
0.687500
0.691667
0.683333
0.679167
0.683333
0.679167
0.679167
0.675000
0.675000
0.670833
0.675000
0.604167
0.737500
0.675000
0.666667
0.666667
0.675000
0.662500
0.666667
0.666667
0.658333
0.662500
0.666667
0.658333
0.662500
0.658333
0.662500
0.670833
0.670833
0.670833
0.670833
0.670833
0.675000
0.675000
0.679167
0.683333
0.679167
0.683333
0.679167
0.679167
0.683333
0.675000
0.675000
0.670833
0.666667
0.670833
0.666667
0.670833
0.675000
0.675000
0.670833
0.675000
0.679167
0.683333
0.679167
0.679167
0.683333
0.683333
0.687500
0.683333
0.683333
0.675000
0.683333
0.675000
0.679167
0.675000
0.679167
0.675000
0.679167
0.687500
0.683333
0.691667
0.687500
0.691667
0.695833
0.691667
0.695833
0.691667
0.691667
0.691667
0.695833
0.691667
0.687500
0.691667
0.695833
0.695833
0.691667
0.687500
0.691667
0.500000
0.866667
0.683333
0.675000
0.675000
0.666667
0.670833
0.666667
0.662500
0.662500
0.662500
0.666667
0.670833
0.666667
0.675000
0.675000
0.675000
0.675000
0.670833
0.675000
0.679167
0.675000
0.670833
0.679167
0.675000
0.675000
0.679167
0.675000
0.679167
0.675000
0.675000
0.675000
0.670833
0.675000
0.670833
0.675000
0.675000
0.670833
0.670833
0.500000
0.837500
0.675000
0.670833
0.670833
0.662500
0.662500
0.666667
0.662500
0.666667
0.666667
0.666667
0.666667
0.666667
0.666667
0.670833
0.670833
0.675000
0.675000
0.495833
0.854167
0.683333
0.683333
0.683333
0.675000
0.679167
0.675000
0.683333
0.675000
0.679167
0.675000
0.675000
0.679167
0.679167
0.675000
0.675000
0.675000
0.679167
0.675000
0.670833
0.666667
0.666667
0.670833
0.675000
0.666667
0.666667
0.666667
0.666667
0.679167
0.670833
0.675000
0.670833
0.675000
0.675000
0.670833
0.679167
0.675000
0.675000
0.679167
0.675000
0.675000
0.675000
0.666667
0.675000
0.679167
0.675000
0.679167
0.679167
0.683333
0.687500
0.687500
0.687500
0.691667
0.695833
0.683333
0.687500
0.683333
0.683333
0.679167
0.675000
0.679167
0.670833
0.675000
0.675000
0.666667
0.670833
0.683333
0.683333
0.679167
0.683333
0.683333
0.683333
0.675000
0.675000
0.675000
0.675000
0.679167
0.683333
0.679167
0.675000
0.679167
0.675000
0.675000
0.675000
0.679167
0.675000
0.670833
0.679167
0.675000
0.679167
0.675000
0.679167
0.675000
0.679167
0.683333
0.679167
0.679167
0.675000
0.675000
0.670833
0.670833
0.670833
0.666667
0.662500
0.662500
0.675000
0.675000
0.675000
0.675000
0.679167
0.679167
0.679167
0.675000
0.675000
0.670833
0.675000
0.670833
0.670833
0.675000
0.570833
0.766667
0.679167
0.670833
0.675000
0.666667
0.666667
0.670833
0.670833
0.666667
0.666667
0.562500
0.754167
0.675000
0.675000
0.675000
0.675000
0.675000
0.679167
0.687500
0.691667
0.687500
0.683333
0.683333
0.675000
0.675000
0.670833
0.666667
0.666667
0.666667
0.658333
0.670833
0.670833
0.670833
0.670833
0.675000
0.675000
0.675000
0.675000
0.670833
0.675000
0.670833
0.666667
0.675000
0.670833
0.675000
0.670833
0.670833
0.666667
0.670833
0.666667
0.662500
0.666667
0.666667
0.666667
0.670833
0.670833
0.670833
0.670833
0.670833
0.670833
0.670833
0.670833
0.666667
0.670833
0.670833
0.675000
0.679167
0.679167
0.683333
0.679167
0.683333
0.683333
0.683333
0.679167
0.687500
0.683333
0.683333
0.687500
0.683333
0.683333
0.683333
0.675000
0.683333
0.675000
0.679167
0.679167
0.670833
0.675000
0.675000
0.670833
0.679167
0.670833
0.679167
0.675000
0.683333
0.679167
0.679167
0.679167
0.679167
0.675000
0.679167
0.675000
0.675000
0.675000
0.675000
0.679167
0.675000
0.670833
0.675000
0.670833
0.675000
0.666667
0.675000
0.675000
0.675000
0.670833
0.675000
0.683333
0.679167
0.679167
0.683333
0.679167
0.683333
0.683333
0.679167
0.687500
0.679167
0.687500
0.683333
0.683333
0.683333
0.679167
0.675000
0.683333
0.683333
0.679167
0.679167
0.675000
0.679167
0.679167
0.679167
0.679167
0.679167
0.679167
0.679167
0.679167
0.679167
0.679167
0.679167
0.687500
0.679167
0.683333
0.679167
0.675000
0.670833
0.670833
0.670833
0.666667
0.666667
0.662500
0.666667
0.670833
0.670833
0.670833
0.666667
0.666667
0.666667
0.666667
0.666667
0.662500
0.666667
0.662500
0.662500
0.491667
0.825000
0.662500
0.658333
0.658333
0.658333
0.654167
0.654167
0.654167
0.650000
0.654167
0.658333
0.654167
0.654167
0.654167
0.658333
0.662500
0.662500
0.662500
0.666667
0.662500
0.670833
0.675000
0.670833
0.675000
0.670833
0.679167
0.679167
0.679167
0.679167
0.675000
0.675000
0.675000
0.670833
0.670833
0.666667
0.662500
0.658333
0.666667
0.658333
0.666667
0.666667
0.662500
0.658333
0.666667
0.662500
0.666667
0.662500
0.662500
0.662500
0.670833
0.670833
0.666667
0.670833
0.666667
0.670833
0.670833
0.675000
0.670833
0.670833
0.666667
0.666667
0.670833
0.670833
0.670833
0.666667
0.670833
0.662500
0.670833
0.670833
0.670833
0.670833
0.675000
0.670833
0.679167
0.675000
0.679167
0.675000
0.675000
0.670833
0.679167
0.670833
0.666667
0.662500
0.662500
0.666667
0.662500
0.670833
0.670833
0.670833
0.675000
0.675000
0.675000
0.675000
0.675000
0.670833
0.679167
0.683333
0.683333
0.687500
0.687500
0.691667
0.683333
0.687500
0.679167
0.675000
0.679167
0.675000
0.670833
0.675000
0.670833
0.670833
0.679167
0.675000
0.675000
0.683333
0.675000
0.675000
0.679167
0.675000
0.675000
0.675000
0.670833
0.670833
0.670833
0.670833
0.675000
0.670833
0.670833
0.675000
0.679167
0.670833
0.670833
0.675000
0.508333
0.804167
0.533333
0.816667
0.666667
0.675000
0.666667
0.670833
0.604167
0.725000
0.662500
0.666667
0.666667
0.666667
0.670833
0.666667
0.675000
0.675000
0.675000
0.675000
0.666667
0.670833
0.670833
0.675000
0.670833
0.675000
0.675000
0.679167
0.675000
0.683333
0.679167
0.687500
0.675000
0.675000
0.670833
0.666667
0.670833
0.666667
0.666667
0.670833
1.333333
0.666667
0.662500
0.662500
0.662500
0.670833
0.666667
0.670833
0.670833
0.670833
0.675000
0.666667
0.666667
0.666667
0.670833
0.670833
0.670833
0.675000
0.679167
0.675000
0.687500
0.695833
0.695833
0.700000
0.695833
0.695833
0.695833
0.687500
0.683333
0.687500
0.679167
0.491667
0.854167
0.675000
0.670833
0.666667
0.670833
0.666667
0.670833
0.670833
0.675000
0.675000
0.675000
0.679167
0.683333
0.683333
0.691667
0.683333
0.691667
0.683333
0.687500
0.687500
0.679167
0.683333
0.683333
0.683333
0.679167
0.675000
0.679167
0.679167
0.675000
0.675000
0.675000
0.675000
0.679167
0.683333
0.679167
0.683333
0.683333
0.679167
0.679167
0.683333
0.683333
0.683333
0.679167
0.679167
0.683333
0.683333
0.679167
0.683333
0.679167
0.683333
0.683333
0.679167
0.675000
0.675000
0.679167
0.675000
0.675000
0.683333
0.675000
0.675000
0.675000
0.679167
0.679167
0.662500
0.666667
0.666667
0.658333
0.666667
0.658333
0.658333
0.650000
0.658333
0.654167
0.658333
0.650000
0.654167
0.654167
0.658333
0.654167
0.658333
