0.729167
0.737500
0.733333
0.741667
0.737500
0.733333
0.741667
0.495833
1.008333
0.750000
0.745833
0.741667
0.741667
0.754167
0.741667
0.745833
0.745833
0.750000
0.750000
0.600000
0.900000
0.758333
0.750000
0.750000
0.741667
0.600000
0.862500
0.741667
0.745833
0.737500
0.733333
0.737500
0.750000
0.754167
0.750000
0.758333
0.754167
0.758333
0.750000
0.750000
0.750000
0.745833
0.754167
0.737500
0.729167
0.737500
0.733333
0.725000
0.733333
0.733333
0.729167
0.733333
0.745833
0.729167
0.716667
0.737500
0.733333
0.725000
0.733333
0.729167
0.725000
0.737500
0.737500
0.729167
0.741667
0.737500
0.737500
0.737500
0.741667
0.741667
0.737500
0.750000
0.745833
0.737500
0.750000
0.745833
0.750000
0.754167
0.754167
0.745833
0.758333
0.750000
0.750000
0.741667
0.745833
0.745833
0.745833
0.754167
0.754167
0.758333
0.758333
0.762500
0.758333
0.754167
0.750000
0.591667
0.895833
0.758333
0.754167
0.750000
0.762500
0.741667
0.750000
0.754167
0.741667
0.762500
0.745833
0.741667
0.750000
0.754167
0.750000
0.750000
0.750000
0.745833
0.750000
0.766667
0.754167
0.754167
0.750000
0.758333
0.754167
0.758333
0.758333
0.766667
0.758333
0.770833
0.787500
0.779167
0.775000
0.783333
0.800000
0.783333
0.787500
0.637500
0.933333
0.800000
0.808333
0.787500
0.787500
0.787500
0.795833
0.783333
0.791667
0.795833
0.787500
0.783333
0.770833
0.766667
0.775000
0.779167
0.783333
0.779167
0.779167
0.783333
0.791667
0.775000
0.775000
0.775000
0.770833
0.762500
0.758333
0.754167
0.758333
0.754167
0.750000
0.754167
0.758333
0.754167
0.750000
0.754167
0.754167
0.745833
0.750000
0.745833
0.683333
0.812500
0.745833
0.750000
0.745833
0.741667
0.745833
0.741667
0.741667
0.737500
0.733333
0.741667
0.737500
0.745833
0.745833
0.750000
0.758333
0.745833
0.745833
0.741667
0.745833
0.733333
0.737500
0.729167
0.737500
0.737500
0.737500
0.733333
0.733333
0.737500
0.733333
0.733333
0.737500
0.733333
0.733333
0.737500
0.737500
0.737500
0.741667
0.750000
0.750000
0.750000
0.745833
0.750000
0.750000
0.745833
0.745833
0.745833
0.750000
0.745833
0.745833
0.741667
0.741667
0.737500
0.733333
0.733333
0.733333
0.733333
0.741667
0.737500
0.741667
0.741667
0.737500
0.754167
0.745833
0.745833
0.745833
0.754167
0.754167
0.754167
0.758333
0.754167
0.762500
0.754167
0.754167
0.758333
0.758333
0.754167
0.754167
0.750000
0.750000
0.754167
0.745833
0.750000
0.745833
0.750000
0.745833
0.750000
0.745833
0.750000
0.750000
0.741667
0.741667
0.745833
0.745833
1.487500
0.750000
0.745833
0.737500
0.733333
0.741667
0.741667
0.741667
0.741667
0.750000
0.737500
0.741667
0.741667
0.745833
0.741667
0.741667
0.737500
0.745833
0.741667
0.750000
0.741667
0.750000
0.754167
0.745833
0.750000
0.750000
0.754167
0.750000
0.762500
0.754167
0.754167
0.762500
0.758333
0.758333
0.754167
0.750000
0.750000
0.745833
0.741667
0.745833
0.733333
0.733333
0.733333
0.741667
0.737500
0.733333
0.737500
0.741667
0.745833
0.737500
0.737500
0.741667
0.737500
0.745833
0.737500
0.750000
0.750000
0.754167
0.745833
0.750000
0.750000
0.750000
0.754167
0.745833
0.745833
0.745833
0.750000
0.737500
0.737500
0.737500
0.745833
0.737500
0.737500
0.733333
0.741667
0.737500
0.495833
0.237500
0.754167
0.745833
0.741667
0.758333
0.750000
0.758333
0.762500
0.762500
0.766667
0.758333
0.750000
0.583333
0.937500
0.758333
0.750000
0.758333
0.741667
0.741667
0.745833
0.750000
0.750000
0.741667
0.745833
0.745833
0.745833
0.750000
0.745833
0.754167
0.750000
0.758333
0.750000
0.758333
0.766667
0.758333
0.762500
0.766667
0.770833
0.762500
0.758333
0.766667
0.762500
0.758333
0.758333
0.758333
0.762500
0.758333
0.762500
0.754167
0.754167
0.750000
0.745833
0.750000
0.750000
0.766667
0.754167
0.758333
0.758333
0.766667
0.754167
0.758333
0.750000
0.750000
0.766667
0.758333
0.754167
0.754167
0.758333
0.758333
0.754167
0.766667
0.758333
0.770833
0.762500
0.750000
0.750000
0.762500
0.750000
0.750000
0.750000
0.750000
0.745833
0.745833
0.745833
0.754167
0.745833
0.745833
0.745833
0.754167
0.745833
0.750000
0.745833
0.750000
0.745833
0.750000
0.762500
0.750000
0.745833
0.750000
0.745833
0.737500
0.758333
0.750000
0.750000
0.754167
0.512500
1.037500
0.766667
0.758333
0.758333
0.754167
0.750000
0.754167
0.754167
0.754167
0.750000
0.754167
0.758333
0.754167
0.754167
0.770833
0.758333
0.758333
0.754167
0.766667
0.754167
0.754167
0.762500
0.754167
0.754167
0.745833
0.762500
0.750000
0.745833
0.745833
0.745833
0.741667
0.741667
0.741667
0.745833
0.745833
0.745833
0.737500
0.750000
0.745833
0.545833
0.987500
0.770833
0.779167
0.779167
0.775000
0.787500
0.770833
0.766667
0.775000
0.779167
0.766667
0.754167
0.758333
0.770833
0.758333
0.754167
0.758333
0.754167
0.754167
0.758333
0.770833
0.758333
0.762500
0.766667
0.754167
0.745833
0.745833
0.737500
0.637500
0.837500
0.762500
0.745833
0.745833
0.758333
0.758333
0.758333
0.754167
0.775000
0.762500
0.754167
0.762500
0.545833
0.991667
0.766667
0.579167
0.920833
0.754167
0.745833
0.737500
0.745833
0.737500
0.733333
0.750000
0.750000
0.741667
0.754167
0.745833
0.754167
0.766667
0.762500
0.758333
0.766667
0.758333
0.762500
0.762500
0.775000
0.770833
0.766667
0.766667
0.762500
0.766667
0.779167
0.766667
0.762500
0.775000
0.766667
0.762500
0.762500
0.770833
0.758333
0.758333
0.758333
0.758333
0.758333
0.758333
0.754167
0.754167
0.766667
0.762500
0.758333
0.758333
0.758333
0.766667
0.758333
0.758333
0.758333
0.754167
0.754167
0.754167
0.750000
0.750000
0.754167
0.512500
1.012500
0.754167
0.754167
0.745833
0.741667
0.745833
0.745833
0.737500
0.745833
0.737500
0.754167
0.750000
0.741667
0.750000
0.758333
0.500000
1.025000
0.779167
0.766667
0.762500
0.775000
0.775000
0.766667
0.762500
0.766667
0.754167
0.754167
0.754167
0.754167
0.754167
0.754167
0.750000
0.766667
0.750000
0.762500
0.766667
0.775000
0.770833
0.770833
0.775000
0.775000
0.770833
0.775000
0.775000
0.762500
0.758333
0.766667
0.525000
1.004167
1.083333
0.420833
0.754167
0.758333
0.754167
0.741667
0.745833
0.745833
0.762500
0.754167
0.754167
0.762500
0.558333
0.941667
0.770833
0.762500
0.750000
0.762500
0.754167
0.741667
0.741667
0.741667
0.745833
0.737500
0.741667
0.741667
0.741667
0.750000
0.745833
0.745833
0.750000
0.745833
0.750000
0.745833
0.741667
0.737500
0.741667
0.737500
0.745833
0.737500
0.741667
0.741667
0.750000
0.754167
0.745833
0.754167
0.754167
0.754167
0.770833
0.762500
0.758333
0.762500
0.762500
0.762500
0.758333
0.750000
0.750000
0.745833
0.762500
0.750000
0.750000
0.754167
0.754167
0.770833
0.758333
0.758333
0.754167
0.754167
0.758333
0.745833
0.745833
0.745833
0.750000
0.754167
0.758333
0.741667
0.758333
0.754167
0.758333
0.745833
0.754167
0.741667
0.750000
0.737500
0.741667
0.491667
0.933333
0.775000
0.754167
0.750000
0.750000
0.750000
0.758333
0.750000
0.737500
0.737500
0.741667
0.733333
0.733333
0.729167
0.729167
0.733333
0.733333
0.741667
0.595833
0.879167
0.750000
0.745833
0.604167
0.887500
0.754167
0.745833
0.745833
0.750000
0.745833
0.745833
0.741667
0.741667
0.741667
0.745833
0.741667
0.737500
0.737500
0.737500
0.745833
0.737500
0.741667
0.750000
0.745833
0.745833
0.745833
0.741667
0.745833
0.745833
0.741667
0.750000
0.745833
0.754167
0.754167
0.754167
0.762500
0.762500
0.750000
0.762500
0.754167
0.754167
0.758333
0.750000
0.758333
0.758333
0.754167
0.750000
0.750000
0.758333
0.750000
0.750000
0.750000
0.750000
0.750000
0.754167
0.750000
0.750000
0.745833
0.750000
0.745833
0.745833
0.745833
0.754167
0.750000
0.741667
0.750000
0.750000
0.750000
0.766667
0.766667
0.787500
0.775000
0.775000
0.775000
0.766667
0.770833
0.754167
0.750000
0.750000
0.750000
