1.254167
1.287500
1.233333
1.408333
1.270833
1.341667
1.475000
1.429167
1.387500
1.337500
1.245833
1.270833
1.258333
1.175000
1.525000
1.400000
1.287500
1.237500
1.179167
1.475000
1.425000
1.320833
1.270833
1.275000
1.279167
1.225000
1.495833
1.429167
1.375000
1.279167
1.229167
1.275000
1.500000
1.404167
1.283333
1.241667
1.216667
1.529167
1.408333
1.291667
1.262500
1.187500
1.541667
1.429167
1.304167
1.250000
1.183333
1.525000
1.412500
1.308333
1.266667
1.291667
1.245833
1.433333
1.466667
1.404167
1.354167
1.275000
1.287500
1.300000
1.250000
1.425000
1.479167
1.408333
1.337500
1.275000
1.287500
1.262500
1.187500
1.558333
1.416667
1.287500
1.245833
1.429167
1.445833
1.400000
1.266667
1.250000
1.408333
1.458333
1.354167
1.287500
1.225000
1.179167
1.504167
1.387500
1.241667
1.204167
1.225000
1.220833
1.362500
1.420833
1.425000
1.387500
1.270833
1.241667
1.162500
1.516667
1.391667
1.291667
1.254167
1.216667
1.525000
1.445833
1.391667
1.316667
1.262500
1.270833
1.270833
1.304167
1.245833
1.504167
1.458333
1.395833
1.320833
1.258333
1.279167
1.225000
1.433333
1.433333
1.412500
1.279167
1.245833
1.391667
1.475000
1.366667
1.266667
1.233333
1.387500
1.454167
1.358333
1.241667
1.229167
1.158333
1.504167
1.400000
1.295833
1.241667
1.237500
1.508333
1.420833
1.308333
1.262500
1.279167
1.237500
1.416667
1.250000
1.337500
1.508333
1.445833
1.391667
1.325000
1.262500
1.300000
1.295833
1.254167
1.433333
1.466667
1.379167
1.316667
1.270833
1.295833
1.254167
1.191667
1.275000
1.495833
1.391667
1.295833
1.287500
1.300000
1.262500
1.429167
1.462500
1.408333
1.308333
1.258333
1.200000
1.550000
1.429167
1.316667
1.258333
1.204167
1.541667
1.408333
1.308333
1.245833
1.229167
1.454167
1.454167
1.358333
1.270833
1.245833
1.241667
1.454167
1.487500
1.387500
1.312500
1.250000
1.287500
1.237500
1.441667
1.462500
1.404167
1.304167
1.258333
1.233333
1.491667
1.462500
1.391667
1.329167
1.266667
1.287500
1.266667
1.429167
1.491667
1.404167
1.329167
1.275000
1.275000
1.295833
1.291667
1.229167
1.441667
1.466667
1.370833
1.283333
1.245833
1.220833
1.516667
1.416667
1.283333
1.237500
1.400000
1.341667
1.462500
1.391667
1.412500
1.283333
1.229167
1.129167
1.500000
1.408333
1.291667
1.254167
1.229167
1.512500
1.429167
1.333333
1.270833
1.275000
1.275000
1.283333
1.237500
1.516667
1.458333
1.379167
1.308333
1.254167
1.300000
1.237500
1.420833
1.470833
1.400000
1.312500
1.262500
1.270833
1.262500
1.179167
1.554167
1.416667
1.304167
1.254167
1.187500
1.537500
1.408333
1.308333
1.254167
1.429167
1.491667
1.375000
1.308333
1.250000
1.241667
1.487500
1.437500
1.325000
1.258333
1.258333
1.287500
1.220833
1.420833
1.441667
1.375000
1.291667
1.237500
1.191667
1.512500
1.408333
1.291667
1.229167
1.179167
1.516667
1.395833
1.295833
1.241667
1.233333
1.525000
1.408333
1.329167
1.254167
1.220833
1.533333
1.395833
1.308333
1.241667
1.225000
1.504167
1.441667
1.354167
1.254167
1.287500
1.270833
1.279167
1.229167
1.512500
1.429167
1.366667
1.291667
1.241667
1.216667
1.529167
1.379167
1.254167
1.220833
1.400000
1.300000
1.500000
1.300000
1.266667
1.508333
1.412500
1.345833
1.262500
1.241667
1.200000
1.183333
1.475000
1.391667
1.275000
1.275000
1.300000
1.245833
1.495833
1.470833
1.391667
1.325000
1.275000
1.275000
1.287500
1.250000
1.420833
1.470833
1.370833
1.279167
1.229167
1.225000
1.545833
1.416667
1.279167
1.250000
1.195833
1.533333
1.412500
1.287500
1.254167
1.175000
1.270833
1.458333
1.370833
1.279167
1.266667
1.312500
1.241667
1.425000
1.470833
1.416667
1.333333
1.270833
1.283333
1.275000
1.308333
1.225000
1.450000
1.437500
1.425000
1.316667
1.258333
1.233333
1.425000
1.475000
1.420833
1.304167
1.262500
1.266667
1.287500
1.245833
1.504167
0.833333
1.658333
1.358333
1.362500
1.445833
1.466667
1.379167
1.300000
1.254167
1.437500
1.483333
1.408333
1.341667
1.262500
1.254167
1.420833
1.504167
1.416667
1.337500
1.262500
1.275000
1.283333
1.291667
1.245833
1.441667
1.479167
1.420833
1.345833
1.279167
1.270833
1.295833
1.250000
1.495833
1.437500
1.345833
1.270833
1.233333
1.195833
1.562500
1.412500
1.300000
1.262500
1.183333
1.179167
1.487500
1.395833
1.300000
1.275000
1.266667
1.516667
1.470833
1.383333
1.291667
1.262500
1.200000
1.491667
1.445833
1.391667
