0.620833
0.608333
0.616667
0.600000
0.616667
0.612500
0.625000
0.608333
0.625000
0.608333
0.629167
0.620833
0.633333
0.616667
0.633333
0.616667
0.641667
0.425000
0.758333
0.641667
0.633333
0.620833
0.625000
0.616667
0.620833
0.620833
0.600000
0.620833
0.612500
0.612500
0.604167
0.604167
0.604167
0.608333
0.625000
0.620833
0.650000
0.645833
0.654167
0.654167
0.650000
0.650000
0.625000
0.641667
0.625000
0.641667
0.625000
0.637500
0.625000
0.620833
0.616667
0.620833
0.612500
0.591667
0.600000
0.595833
0.604167
0.600000
0.320833
0.691667
0.454167
0.745833
0.383333
0.762500
0.645833
0.608333
0.620833
0.616667
0.612500
0.362500
0.754167
0.654167
0.600000
0.604167
0.604167
0.612500
0.604167
0.608333
0.604167
0.591667
0.608333
0.595833
0.608333
0.600000
0.608333
0.600000
0.616667
0.608333
0.625000
0.608333
0.629167
0.608333
0.625000
0.604167
0.620833
0.604167
0.620833
0.608333
0.616667
0.604167
0.612500
0.604167
0.612500
0.595833
0.612500
0.600000
0.604167
0.604167
0.604167
0.604167
0.620833
0.616667
0.633333
0.625000
0.620833
0.620833
0.612500
0.620833
0.608333
0.612500
0.600000
0.625000
0.608333
0.620833
0.608333
0.616667
0.616667
0.608333
0.608333
0.595833
0.612500
0.604167
0.604167
0.604167
0.612500
0.608333
0.608333
0.600000
0.591667
0.608333
0.612500
0.625000
0.625000
0.629167
0.625000
0.629167
0.625000
0.625000
0.620833
0.612500
0.620833
0.608333
0.620833
0.616667
0.633333
0.608333
0.629167
0.625000
0.637500
0.637500
0.641667
0.641667
0.633333
0.629167
0.637500
0.616667
0.620833
0.604167
0.616667
0.600000
0.612500
0.600000
0.625000
0.612500
0.616667
0.616667
0.616667
0.620833
0.595833
0.604167
0.595833
0.612500
0.608333
0.625000
0.629167
0.620833
0.629167
0.612500
0.633333
0.616667
0.629167
0.616667
0.616667
0.608333
0.620833
0.616667
0.620833
0.612500
0.616667
0.620833
0.616667
0.616667
0.595833
0.612500
0.358333
0.770833
0.650000
0.641667
0.637500
0.637500
0.629167
0.620833
0.625000
0.629167
0.633333
0.637500
0.625000
0.625000
0.316667
0.762500
0.679167
0.637500
0.620833
0.612500
0.612500
0.587500
0.600000
0.595833
0.625000
0.625000
0.633333
0.637500
0.637500
0.637500
0.320833
0.775000
0.695833
0.645833
0.633333
0.337500
0.766667
0.450000
0.754167
0.637500
0.604167
0.616667
0.608333
0.608333
0.608333
0.616667
0.608333
0.591667
0.612500
0.591667
0.612500
0.600000
0.604167
0.591667
0.616667
0.608333
0.608333
0.604167
0.608333
0.604167
0.604167
0.616667
0.604167
0.620833
0.604167
0.620833
0.612500
0.629167
0.616667
0.625000
0.612500
0.629167
0.612500
0.616667
0.608333
0.612500
0.616667
0.620833
0.616667
0.612500
0.612500
0.604167
0.629167
0.620833
0.641667
0.633333
0.625000
0.625000
0.625000
0.620833
0.329167
0.704167
0.566667
0.720833
0.625000
0.620833
0.608333
0.612500
0.608333
0.595833
0.620833
0.608333
0.616667
0.604167
0.620833
0.608333
0.625000
0.608333
0.608333
0.604167
0.612500
0.612500
0.616667
0.620833
0.604167
0.620833
0.600000
0.625000
0.612500
0.629167
0.616667
0.620833
0.612500
0.633333
0.616667
0.625000
0.612500
0.616667
0.600000
0.600000
0.604167
0.620833
0.616667
0.629167
0.620833
0.625000
0.608333
0.591667
0.650000
0.612500
0.612500
0.600000
0.616667
0.604167
0.629167
0.616667
0.633333
0.620833
0.633333
0.425000
0.758333
0.633333
0.620833
0.608333
0.620833
0.612500
0.608333
0.604167
0.591667
0.612500
0.604167
0.616667
0.608333
0.608333
0.608333
0.604167
0.625000
0.616667
0.633333
0.612500
0.620833
0.612500
0.633333
0.625000
0.625000
0.612500
0.620833
0.620833
0.620833
0.620833
0.604167
0.612500
0.600000
0.625000
0.608333
0.620833
0.612500
0.620833
0.625000
0.337500
0.691667
0.562500
0.758333
0.370833
0.758333
0.400000
0.758333
0.675000
0.641667
0.616667
0.612500
0.612500
0.600000
0.608333
0.604167
0.612500
0.604167
0.612500
0.608333
0.604167
0.608333
0.600000
0.625000
0.616667
0.637500
0.616667
0.629167
0.612500
0.620833
0.604167
0.629167
0.616667
0.629167
0.412500
0.750000
0.637500
0.625000
0.608333
0.625000
0.604167
0.625000
0.608333
0.620833
0.608333
0.616667
0.616667
0.633333
0.633333
0.645833
0.641667
0.637500
0.633333
0.320833
0.700000
0.737500
0.645833
0.625000
0.312500
0.741667
0.679167
0.625000
0.616667
0.604167
0.612500
0.612500
0.600000
0.612500
0.608333
0.612500
0.629167
0.575000
0.662500
0.616667
0.629167
0.608333
0.633333
0.620833
0.633333
0.616667
0.620833
0.616667
0.625000
0.608333
0.629167
0.612500
0.620833
0.612500
0.629167
0.612500
0.625000
0.612500
0.616667
0.612500
0.625000
0.616667
0.625000
0.620833
0.320833
0.712500
0.700000
0.637500
0.625000
0.629167
0.620833
0.616667
0.625000
0.604167
0.620833
0.600000
0.612500
0.604167
0.620833
0.608333
0.625000
0.612500
0.620833
0.612500
0.625000
0.616667
0.620833
0.625000
0.608333
0.625000
0.604167
0.612500
0.595833
0.620833
0.612500
0.633333
0.616667
0.641667
0.620833
0.633333
0.616667
0.633333
0.608333
0.625000
0.604167
0.625000
0.604167
0.616667
0.558333
0.616667
0.608333
0.608333
0.595833
0.620833
0.612500
0.633333
0.616667
0.637500
0.620833
0.645833
0.629167
0.637500
0.620833
0.637500
0.629167
0.641667
0.625000
0.645833
0.625000
0.633333
0.616667
0.625000
0.616667
0.625000
0.608333
0.620833
0.595833
0.620833
0.595833
0.616667
0.325000
0.687500
0.625000
0.666667
0.395833
0.770833
0.337500
0.670833
0.566667
0.725000
0.366667
0.812500
0.645833
0.612500
0.616667
0.608333
0.591667
0.608333
0.591667
0.595833
0.595833
0.600000
0.600000
0.591667
0.604167
0.600000
0.600000
0.604167
0.587500
0.604167
0.341667
0.766667
0.637500
0.616667
0.612500
0.604167
0.625000
0.629167
0.637500
0.633333
0.608333
0.616667
0.604167
0.616667
0.616667
0.620833
0.608333
0.620833
0.620833
0.604167
0.612500
0.600000
0.612500
0.600000
0.620833
0.612500
0.625000
0.612500
0.625000
0.608333
0.629167
0.625000
0.641667
0.500000
0.729167
0.629167
0.637500
0.612500
0.633333
0.612500
0.620833
0.612500
0.633333
0.612500
0.625000
0.616667
0.616667
0.608333
0.629167
0.620833
0.625000
0.616667
0.625000
0.625000
0.633333
0.637500
0.616667
0.629167
0.616667
0.625000
0.612500
0.633333
0.620833
0.629167
0.629167
0.604167
0.629167
0.612500
0.620833
0.620833
0.633333
0.629167
0.625000
0.625000
0.316667
0.654167
0.725000
0.687500
0.654167
0.629167
0.645833
0.633333
0.633333
0.633333
0.408333
0.783333
0.633333
0.637500
0.612500
0.633333
0.620833
0.625000
0.620833
0.629167
0.625000
0.641667
0.625000
0.650000
0.625000
0.637500
0.629167
0.633333
0.625000
0.641667
0.625000
0.633333
0.629167
0.637500
0.637500
0.650000
0.650000
0.662500
0.641667
0.645833
0.633333
0.645833
0.629167
0.633333
0.625000
0.616667
0.625000
0.620833
0.633333
0.612500
0.641667
0.625000
0.645833
0.625000
0.637500
0.625000
0.637500
0.629167
0.650000
0.633333
0.637500
0.620833
0.629167
0.616667
0.629167
0.616667
0.629167
0.620833
0.633333
0.625000
0.625000
0.629167
0.608333
0.616667
0.620833
0.625000
0.625000
0.629167
0.625000
0.616667
0.629167
0.608333
0.625000
0.608333
0.625000
0.608333
0.629167
0.629167
0.637500
0.629167
0.641667
0.625000
0.633333
0.612500
0.633333
0.616667
0.629167
0.616667
0.633333
0.620833
0.625000
0.625000
0.633333
0.629167
0.612500
0.620833
0.608333
0.629167
0.620833
0.641667
0.625000
0.645833
0.620833
0.633333
0.616667
0.633333
0.616667
0.629167
0.616667
0.633333
0.608333
0.637500
0.612500
0.633333
0.604167
0.629167
0.612500
0.620833
0.337500
0.758333
0.416667
0.779167
0.670833
0.637500
0.620833
0.625000
0.612500
0.620833
0.616667
0.629167
0.612500
0.625000
0.608333
0.625000
0.616667
0.629167
0.612500
0.629167
0.616667
0.629167
0.612500
0.625000
0.608333
0.629167
0.625000
0.637500
0.641667
0.641667
0.641667
0.616667
0.625000
0.616667
0.633333
0.625000
0.637500
0.633333
0.616667
0.629167
0.612500
0.625000
0.612500
0.625000
0.620833
0.620833
0.620833
0.625000
0.625000
0.337500
0.720833
0.362500
0.829167
0.679167
0.629167
0.616667
0.583333
0.620833
0.341667
0.766667
0.370833
0.779167
0.404167
0.783333
0.695833
0.675000
0.650000
0.620833
0.637500
0.375000
0.779167
0.654167
0.629167
0.620833
0.608333
0.629167
0.391667
0.775000
0.633333
0.629167
0.620833
0.620833
0.616667
0.600000
0.612500
0.429167
0.729167
0.620833
0.620833
0.608333
0.620833
0.608333
0.625000
0.604167
0.616667
0.604167
0.620833
0.616667
0.633333
0.616667
0.641667
0.620833
0.637500
0.612500
0.629167
0.608333
0.629167
0.612500
0.620833
0.608333
0.620833
0.320833
0.750000
0.495833
0.758333
0.350000
0.795833
0.337500
0.770833
0.387500
0.783333
0.654167
0.625000
0.616667
0.425000
0.745833
0.637500
0.641667
0.641667
0.633333
0.645833
0.625000
0.645833
0.625000
0.645833
0.629167
0.641667
0.629167
0.637500
0.637500
0.637500
0.633333
0.633333
0.629167
0.612500
0.633333
0.333333
0.733333
0.520833
0.791667
0.662500
0.641667
0.387500
0.775000
0.662500
0.637500
0.616667
0.629167
0.608333
0.629167
0.604167
0.633333
0.608333
0.625000
0.604167
0.620833
0.604167
0.620833
0.608333
0.637500
0.625000
0.637500
0.629167
0.625000
0.612500
0.629167
0.608333
0.633333
0.441667
0.745833
0.637500
0.633333
0.620833
0.629167
0.620833
0.629167
0.616667
0.629167
0.612500
0.629167
0.608333
0.633333
0.637500
0.645833
0.641667
0.620833
0.620833
0.612500
0.625000
0.616667
0.625000
0.616667
0.625000
0.625000
0.637500
0.625000
0.612500
0.629167
0.608333
0.633333
0.616667
0.625000
0.620833
0.337500
