0.891667
0.908333
0.908333
0.920833
0.925000
0.929167
0.904167
0.875000
0.891667
0.891667
0.891667
0.908333
0.895833
0.887500
0.912500
0.900000
0.912500
0.925000
0.916667
0.895833
0.900000
0.904167
0.912500
0.933333
0.908333
0.925000
0.912500
0.933333
0.945833
0.941667
0.925000
0.891667
0.925000
0.904167
0.895833
0.883333
0.883333
0.866667
0.858333
0.875000
0.883333
0.900000
0.920833
0.908333
0.908333
0.908333
0.891667
0.895833
0.900000
0.870833
0.854167
0.858333
0.891667
0.895833
0.870833
0.879167
0.837500
0.879167
0.883333
0.879167
0.875000
0.895833
0.887500
0.891667
0.883333
0.916667
0.891667
0.895833
0.925000
0.904167
0.900000
0.908333
0.895833
0.387500
0.487500
0.295833
0.620833
0.883333
0.862500
0.895833
0.908333
0.883333
0.883333
0.904167
0.904167
0.916667
0.891667
0.883333
0.900000
0.929167
0.908333
0.916667
0.904167
0.916667
0.920833
0.908333
0.925000
0.937500
0.929167
0.912500
0.875000
0.875000
0.891667
0.895833
0.891667
0.900000
0.916667
0.900000
0.504167
1.087500
1.008333
0.954167
0.925000
0.937500
0.937500
0.954167
0.941667
0.933333
0.941667
0.945833
0.945833
0.958333
0.958333
0.962500
0.958333
0.954167
0.966667
0.987500
0.966667
0.983333
0.987500
0.566667
0.425000
0.966667
0.383333
0.583333
0.979167
0.975000
0.987500
0.987500
0.962500
0.970833
0.954167
0.962500
0.966667
0.937500
0.941667
0.954167
0.954167
0.945833
0.941667
0.962500
0.950000
0.891667
0.895833
0.891667
0.887500
0.887500
0.904167
0.900000
0.895833
0.895833
0.916667
0.925000
0.933333
0.941667
0.954167
0.908333
0.916667
0.916667
0.895833
0.912500
0.904167
0.904167
0.908333
0.920833
0.937500
0.712500
0.229167
0.916667
0.395833
0.500000
0.912500
0.925000
0.916667
0.962500
0.916667
0.583333
0.345833
0.933333
0.929167
0.916667
0.920833
0.920833
0.908333
0.879167
0.891667
0.883333
0.908333
0.933333
0.279167
0.387500
0.237500
0.925000
0.916667
0.916667
0.912500
0.637500
0.283333
0.654167
0.266667
0.929167
0.954167
0.954167
0.929167
0.933333
0.929167
0.925000
0.904167
0.895833
0.887500
0.870833
0.920833
0.966667
0.975000
0.945833
0.883333
0.825000
0.070833
0.604167
1.258333
1.000000
0.987500
1.016667
0.991667
0.991667
1.004167
0.983333
0.991667
1.004167
0.383333
0.595833
0.987500
0.979167
0.833333
1.029167
0.970833
0.937500
0.937500
0.933333
0.958333
0.950000
0.958333
0.962500
1.000000
0.991667
0.991667
0.987500
0.975000
0.983333
0.979167
0.975000
0.966667
0.975000
0.966667
0.995833
1.000000
0.979167
0.983333
0.970833
0.979167
0.979167
0.970833
0.970833
0.962500
0.958333
0.950000
0.925000
0.895833
0.920833
0.937500
0.904167
0.900000
0.650000
0.262500
0.937500
0.912500
0.908333
0.916667
0.891667
0.887500
0.904167
0.866667
0.887500
0.891667
0.866667
0.895833
0.912500
0.904167
0.875000
0.641667
0.245833
0.879167
0.883333
0.875000
0.870833
0.875000
0.879167
0.895833
0.866667
0.875000
0.866667
0.883333
0.887500
0.862500
0.875000
1.729167
0.841667
0.891667
0.895833
0.879167
0.608333
0.275000
0.908333
0.925000
0.912500
0.916667
0.916667
0.920833
0.950000
0.941667
0.925000
0.933333
0.929167
0.925000
0.941667
0.937500
0.912500
0.945833
0.933333
0.920833
0.933333
0.908333
0.929167
0.941667
0.937500
0.941667
0.908333
0.912500
0.920833
0.941667
0.945833
0.916667
0.916667
0.912500
0.912500
0.925000
0.925000
0.908333
0.920833
0.933333
0.908333
0.908333
0.925000
0.916667
0.904167
0.933333
0.920833
0.912500
0.925000
0.929167
0.920833
0.920833
0.916667
0.933333
0.962500
0.950000
0.937500
0.929167
0.933333
0.916667
0.929167
0.929167
0.933333
0.233333
0.675000
0.912500
0.933333
0.925000
0.920833
0.916667
0.895833
0.875000
0.858333
0.858333
0.891667
0.908333
0.916667
0.900000
0.900000
0.912500
0.900000
0.929167
0.941667
0.925000
0.912500
0.929167
0.937500
0.925000
0.945833
0.941667
0.954167
0.929167
0.950000
0.962500
0.945833
0.929167
0.950000
0.958333
0.933333
0.950000
0.420833
0.204167
0.329167
0.491667
0.437500
0.587500
0.337500
0.958333
0.933333
0.916667
0.375000
0.533333
0.920833
0.908333
0.900000
0.879167
0.879167
0.891667
0.908333
0.704167
0.237500
0.929167
0.933333
0.937500
0.920833
0.933333
0.945833
0.933333
0.937500
0.941667
0.925000
0.941667
0.945833
0.933333
0.941667
0.950000
0.908333
0.945833
0.937500
0.920833
0.929167
0.929167
0.929167
0.920833
0.912500
0.929167
0.920833
0.887500
1.404167
0.350000
0.870833
0.887500
0.900000
0.908333
0.920833
0.883333
0.887500
0.866667
0.883333
0.895833
0.883333
0.887500
0.908333
0.908333
0.883333
0.879167
0.916667
0.920833
0.887500
0.895833
0.904167
0.916667
0.929167
0.900000
0.520833
0.387500
0.387500
0.495833
0.870833
0.420833
0.458333
0.887500
0.883333
0.904167
0.912500
0.887500
0.904167
1.412500
0.425000
0.900000
1.354167
0.441667
0.904167
0.883333
0.454167
0.445833
0.891667
0.487500
1.091667
0.212500
0.904167
0.908333
0.662500
0.245833
0.558333
0.350000
0.920833
0.912500
0.912500
0.908333
0.920833
1.841667
0.462500
2.108333
0.983333
0.962500
0.962500
0.925000
0.900000
0.883333
0.883333
0.879167
0.866667
0.891667
0.900000
0.908333
0.912500
0.895833
0.883333
0.875000
0.879167
0.879167
0.895833
0.895833
0.891667
0.920833
0.891667
0.533333
0.354167
0.912500
0.912500
0.891667
0.466667
0.437500
0.916667
0.600000
0.325000
0.720833
0.837500
1.145833
0.325000
0.591667
0.900000
0.904167
0.895833
0.887500
0.908333
0.925000
0.916667
0.925000
0.095833
0.212500
0.458333
0.500000
0.508333
0.900000
0.895833
0.895833
0.908333
0.920833
0.616667
0.266667
0.891667
1.800000
0.900000
0.900000
0.491667
0.420833
0.900000
0.891667
0.870833
0.875000
0.875000
0.908333
0.883333
0.887500
0.883333
0.387500
0.504167
0.916667
0.929167
0.929167
0.279167
0.670833
0.966667
0.600000
1.245833
0.920833
0.929167
0.941667
0.937500
0.900000
1.533333
0.291667
0.933333
0.941667
0.937500
0.916667
0.925000
0.925000
0.908333
0.916667
0.908333
0.920833
0.912500
0.920833
0.916667
0.912500
0.908333
0.887500
0.900000
0.891667
0.908333
0.500000
0.412500
0.516667
0.400000
0.925000
0.891667
0.341667
0.566667
0.908333
0.895833
0.920833
0.904167
0.925000
0.912500
1.233333
0.583333
1.804167
0.916667
0.916667
0.908333
0.683333
0.187500
0.887500
0.908333
0.925000
0.912500
0.920833
0.920833
0.937500
0.933333
0.908333
0.912500
0.900000
0.900000
0.920833
0.612500
0.300000
1.841667
0.912500
1.629167
0.191667
1.512500
0.337500
0.912500
0.929167
0.933333
0.895833
0.875000
0.870833
0.887500
1.425000
1.241667
0.433333
0.462500
0.925000
0.900000
0.920833
0.350000
0.575000
0.562500
0.350000
0.912500
0.916667
0.912500
0.933333
0.945833
0.900000
0.908333
0.920833
0.929167
0.937500
0.933333
0.266667
0.695833
0.625000
0.270833
0.891667
0.908333
0.933333
0.954167
