0.650000
0.654167
0.650000
0.654167
0.654167
0.662500
0.662500
0.662500
0.662500
0.658333
0.654167
0.658333
0.658333
0.658333
0.650000
0.658333
0.658333
0.658333
0.654167
0.654167
0.650000
0.654167
0.650000
0.658333
0.662500
0.666667
0.662500
0.658333
0.658333
0.654167
0.658333
0.658333
0.662500
0.658333
0.650000
0.654167
0.654167
0.654167
0.658333
0.654167
0.645833
0.650000
0.654167
0.654167
0.666667
0.666667
0.670833
0.666667
0.666667
0.670833
0.666667
0.658333
0.650000
0.654167
0.658333
0.654167
0.650000
0.654167
0.654167
0.654167
0.650000
0.645833
0.633333
0.637500
0.637500
0.641667
0.650000
0.662500
0.666667
0.670833
0.679167
0.679167
0.683333
0.679167
0.683333
0.683333
0.679167
0.679167
0.675000
0.666667
0.662500
0.662500
0.662500
0.658333
0.654167
0.654167
0.658333
0.654167
0.658333
0.650000
0.645833
0.637500
0.633333
0.625000
0.633333
0.679167
0.654167
0.650000
0.650000
0.645833
0.654167
0.645833
0.654167
0.650000
0.641667
0.645833
0.650000
0.654167
0.658333
0.654167
0.654167
0.650000
0.650000
0.654167
0.650000
0.650000
0.654167
0.645833
0.641667
0.650000
0.641667
0.645833
0.641667
0.637500
0.641667
0.641667
0.654167
0.654167
0.654167
0.650000
0.650000
0.645833
0.650000
0.645833
0.645833
0.641667
0.645833
0.645833
0.641667
0.645833
0.645833
0.645833
0.645833
0.641667
0.650000
0.641667
0.645833
0.641667
0.637500
0.641667
0.645833
0.650000
0.654167
0.658333
0.662500
0.654167
0.654167
0.654167
0.654167
0.650000
0.654167
0.654167
0.650000
0.645833
0.650000
0.645833
0.645833
0.645833
0.641667
0.645833
0.650000
0.650000
0.662500
0.658333
0.658333
0.650000
0.650000
0.650000
0.645833
0.645833
0.654167
0.645833
0.645833
0.650000
0.645833
0.645833
0.645833
0.637500
0.491667
0.741667
0.391667
0.800000
0.679167
0.666667
0.670833
0.658333
0.654167
0.650000
0.654167
0.645833
0.645833
0.637500
0.637500
0.629167
0.616667
0.620833
0.658333
0.645833
0.650000
0.654167
0.650000
0.654167
0.658333
0.654167
0.654167
0.658333
0.654167
0.650000
0.654167
0.650000
0.654167
0.645833
0.645833
0.654167
0.645833
0.650000
0.650000
0.645833
0.645833
0.645833
0.650000
0.645833
0.641667
0.641667
0.650000
0.645833
0.650000
0.658333
0.662500
0.662500
0.662500
0.658333
0.658333
0.658333
0.650000
0.658333
0.654167
0.645833
0.637500
0.633333
0.654167
0.650000
0.645833
0.645833
0.645833
0.641667
0.650000
0.658333
0.658333
0.662500
0.658333
0.654167
0.658333
0.654167
0.654167
0.654167
0.650000
0.645833
0.650000
0.650000
0.650000
0.645833
0.654167
0.650000
0.650000
0.658333
0.662500
0.658333
0.654167
0.662500
0.658333
0.658333
0.650000
0.654167
0.654167
0.650000
0.645833
0.362500
0.808333
0.675000
0.658333
0.645833
0.466667
0.745833
0.650000
0.637500
0.650000
0.658333
0.662500
0.670833
0.675000
0.683333
0.679167
0.679167
0.675000
0.679167
0.679167
0.675000
0.675000
0.670833
0.670833
0.670833
0.666667
0.645833
0.637500
0.625000
0.625000
0.666667
0.670833
0.666667
0.666667
0.662500
0.658333
0.662500
0.658333
0.658333
0.654167
0.650000
0.645833
0.645833
0.650000
0.645833
0.650000
0.645833
0.645833
0.650000
0.650000
0.654167
0.658333
0.658333
0.654167
0.645833
0.654167
0.654167
0.654167
0.650000
0.650000
0.645833
0.645833
0.650000
0.650000
0.650000
0.650000
0.645833
0.645833
0.650000
0.658333
0.662500
0.662500
0.658333
0.654167
0.650000
0.658333
0.658333
0.650000
0.650000
0.654167
0.654167
0.654167
0.654167
0.650000
0.650000
0.658333
0.658333
0.658333
0.666667
0.662500
0.658333
0.654167
0.658333
0.658333
0.658333
0.654167
0.658333
0.650000
0.645833
0.645833
0.645833
0.641667
0.633333
0.620833
0.666667
0.658333
0.662500
0.666667
0.670833
0.662500
0.658333
0.650000
0.650000
0.654167
0.654167
0.658333
0.654167
0.654167
0.658333
0.658333
0.654167
0.650000
0.645833
0.650000
0.654167
0.662500
0.658333
0.662500
0.658333
0.654167
0.650000
0.654167
0.650000
0.645833
0.633333
0.620833
0.654167
0.650000
0.645833
0.641667
0.650000
0.645833
0.641667
0.641667
0.645833
0.650000
0.654167
0.658333
0.654167
0.645833
0.654167
0.645833
0.650000
0.650000
0.645833
0.641667
0.641667
0.645833
0.641667
0.641667
0.641667
0.633333
0.637500
0.641667
0.645833
0.654167
0.662500
0.658333
0.654167
0.658333
0.658333
0.654167
0.645833
0.650000
0.650000
0.650000
0.641667
0.645833
0.641667
0.645833
0.650000
0.645833
0.637500
0.645833
0.654167
0.654167
0.658333
0.662500
0.658333
0.654167
0.637500
0.391667
0.791667
0.662500
0.637500
0.645833
0.645833
0.654167
0.658333
0.658333
0.658333
0.658333
0.658333
0.654167
0.662500
0.666667
0.675000
0.666667
0.666667
0.662500
0.662500
0.658333
0.654167
0.654167
0.650000
0.650000
0.650000
0.641667
0.641667
0.633333
0.637500
0.633333
0.629167
0.629167
0.625000
0.620833
0.620833
0.629167
0.629167
0.625000
0.625000
0.633333
0.629167
0.637500
0.650000
0.650000
0.645833
0.645833
0.650000
0.650000
0.654167
0.654167
0.645833
0.629167
0.658333
0.654167
0.650000
0.641667
0.641667
0.641667
0.645833
0.641667
0.641667
0.641667
0.637500
0.633333
0.637500
0.633333
0.637500
0.629167
0.629167
0.629167
0.633333
0.637500
0.641667
0.650000
0.654167
0.654167
0.645833
0.654167
0.645833
0.645833
0.641667
0.395833
0.800000
0.662500
0.641667
0.637500
0.641667
0.641667
0.641667
0.637500
0.633333
0.637500
0.637500
0.637500
0.637500
0.641667
0.641667
0.641667
0.641667
0.641667
0.654167
0.658333
0.658333
0.654167
0.654167
0.654167
0.654167
0.654167
0.645833
0.641667
0.637500
0.633333
0.620833
0.633333
0.354167
0.787500
0.683333
0.654167
0.650000
0.645833
0.645833
0.645833
0.641667
0.641667
0.641667
0.650000
0.650000
0.658333
0.662500
0.658333
0.650000
0.650000
0.654167
0.650000
0.654167
0.658333
0.654167
0.658333
0.654167
0.650000
0.654167
0.654167
0.654167
0.645833
0.645833
0.641667
0.650000
0.654167
0.666667
0.666667
0.662500
0.662500
0.658333
0.658333
0.658333
0.654167
0.658333
0.658333
0.654167
0.650000
0.645833
0.650000
0.654167
0.650000
0.370833
0.812500
0.670833
0.654167
0.658333
0.654167
0.654167
0.650000
0.645833
0.645833
0.654167
0.654167
0.662500
0.662500
0.662500
0.658333
0.654167
0.662500
0.658333
0.654167
0.654167
0.650000
0.654167
0.654167
0.654167
0.354167
0.800000
0.670833
0.654167
0.658333
0.375000
0.816667
0.691667
0.679167
0.662500
0.666667
0.658333
0.658333
0.658333
0.650000
0.650000
0.362500
0.791667
0.687500
0.658333
0.662500
0.333333
0.800000
0.437500
0.808333
0.683333
0.662500
0.658333
0.658333
0.666667
0.662500
0.666667
0.670833
0.670833
0.670833
0.670833
0.670833
0.670833
0.675000
0.679167
0.675000
0.675000
0.675000
0.670833
0.662500
0.666667
0.658333
0.662500
0.658333
0.654167
0.658333
0.650000
0.650000
0.645833
0.645833
0.645833
0.654167
0.658333
0.662500
0.662500
0.662500
0.662500
0.662500
0.658333
0.658333
0.658333
0.650000
0.654167
0.645833
0.645833
0.645833
0.641667
0.641667
0.637500
0.641667
0.650000
0.658333
0.658333
0.654167
0.654167
0.650000
0.650000
0.645833
0.645833
0.645833
0.637500
0.645833
0.645833
0.637500
0.637500
0.633333
0.633333
0.629167
0.637500
0.637500
0.641667
0.633333
0.637500
0.633333
0.645833
0.650000
0.654167
0.662500
0.654167
0.645833
0.658333
0.654167
0.650000
0.650000
0.641667
0.641667
0.645833
0.645833
0.650000
0.645833
0.650000
0.650000
0.645833
0.641667
0.641667
0.654167
0.662500
0.666667
0.666667
0.666667
0.654167
0.650000
0.654167
0.654167
0.654167
0.650000
0.645833
0.645833
0.645833
0.645833
0.641667
0.645833
0.645833
0.645833
0.645833
0.650000
0.645833
0.641667
0.645833
0.637500
0.641667
0.641667
0.641667
0.641667
0.645833
0.641667
0.650000
0.654167
0.658333
0.654167
0.650000
0.654167
0.662500
0.654167
0.645833
0.633333
0.633333
0.629167
0.633333
0.633333
0.645833
0.645833
0.645833
0.645833
0.633333
0.625000
0.654167
0.654167
0.650000
0.654167
0.658333
0.658333
0.662500
0.654167
0.658333
0.650000
0.654167
0.650000
0.641667
0.645833
0.645833
0.641667
0.633333
0.641667
0.637500
0.633333
0.633333
0.625000
0.637500
0.641667
0.645833
0.641667
0.641667
0.641667
0.645833
0.641667
0.641667
0.645833
0.641667
0.637500
0.641667
0.641667
0.637500
0.641667
0.633333
0.637500
0.637500
0.641667
0.650000
0.650000
0.654167
0.650000
0.650000
0.645833
0.645833
0.645833
0.645833
0.645833
0.645833
0.650000
0.641667
0.633333
0.641667
0.641667
0.641667
0.645833
0.645833
0.637500
0.645833
0.645833
0.645833
0.645833
0.641667
0.641667
0.645833
0.650000
0.654167
0.658333
0.654167
0.650000
0.654167
0.654167
0.645833
0.645833
0.645833
0.654167
0.654167
0.654167
0.645833
0.645833
0.645833
0.650000
0.637500
0.650000
0.645833
0.650000
0.658333
0.662500
0.662500
0.658333
0.650000
0.658333
0.650000
0.650000
0.425000
0.795833
0.662500
0.654167
0.645833
0.645833
0.641667
0.645833
0.641667
0.645833
0.641667
0.641667
0.645833
0.641667
0.645833
0.641667
0.641667
0.641667
0.645833
0.658333
0.658333
0.658333
0.654167
