0.554167
0.550000
0.541667
0.545833
0.554167
0.550000
0.566667
0.554167
0.558333
0.545833
0.558333
0.562500
0.550000
0.558333
0.587500
0.587500
0.575000
0.570833
0.566667
0.558333
0.558333
0.554167
0.562500
0.558333
0.558333
0.550000
0.554167
0.550000
0.545833
0.541667
0.541667
0.545833
0.550000
0.541667
0.554167
0.545833
0.545833
0.541667
0.545833
0.545833
0.566667
0.558333
0.550000
0.550000
0.554167
0.554167
0.545833
0.545833
0.550000
0.545833
0.545833
0.537500
0.541667
0.550000
0.541667
1.087500
0.287500
0.254167
0.383333
0.162500
0.558333
0.545833
0.554167
0.541667
0.545833
0.545833
0.537500
0.545833
0.545833
0.533333
0.529167
0.529167
0.533333
0.529167
0.529167
0.520833
0.525000
0.525000
0.529167
0.529167
0.537500
0.533333
0.537500
0.533333
0.537500
0.533333
0.537500
0.545833
0.541667
0.541667
0.545833
0.545833
0.545833
0.545833
0.545833
0.541667
0.541667
0.587500
0.591667
0.583333
0.566667
0.562500
0.558333
0.558333
0.554167
0.545833
0.541667
0.545833
0.541667
0.541667
0.537500
0.537500
0.537500
0.541667
0.537500
0.537500
0.537500
0.545833
0.550000
0.537500
0.537500
0.537500
0.533333
0.537500
0.533333
0.537500
0.529167
0.529167
0.533333
0.537500
0.533333
0.537500
0.537500
0.537500
0.537500
0.545833
0.541667
0.545833
0.537500
0.550000
0.537500
0.541667
0.541667
0.537500
0.550000
0.541667
0.545833
0.541667
0.545833
0.545833
0.550000
0.541667
0.550000
0.562500
0.583333
0.579167
0.575000
0.566667
0.562500
0.558333
0.550000
0.545833
0.554167
0.545833
0.537500
0.537500
0.537500
0.550000
0.545833
0.541667
0.550000
0.545833
0.541667
0.541667
0.541667
0.545833
0.537500
0.541667
0.545833
0.545833
0.545833
0.550000
0.545833
0.550000
0.545833
0.550000
0.545833
0.545833
0.541667
0.562500
0.579167
0.579167
0.583333
0.583333
0.575000
0.575000
0.579167
0.583333
0.570833
0.562500
0.558333
0.566667
0.562500
0.550000
0.558333
0.554167
0.550000
0.566667
0.558333
0.558333
0.558333
0.562500
0.554167
0.554167
0.562500
0.579167
0.583333
0.583333
0.579167
0.583333
0.566667
0.562500
0.566667
0.554167
0.554167
0.554167
0.550000
0.545833
0.545833
0.545833
0.554167
0.566667
0.554167
0.554167
0.550000
0.566667
0.558333
0.566667
0.583333
0.579167
0.575000
0.575000
0.579167
0.570833
0.558333
0.558333
0.558333
0.554167
0.550000
0.554167
0.550000
0.554167
0.583333
0.566667
0.566667
0.566667
0.562500
0.562500
0.566667
0.566667
0.566667
0.562500
0.566667
0.566667
0.566667
0.570833
0.570833
0.566667
0.562500
0.566667
0.583333
0.583333
0.583333
0.316667
0.250000
0.579167
0.570833
0.566667
0.562500
0.550000
0.562500
0.558333
0.558333
0.562500
0.554167
0.558333
0.562500
0.562500
0.570833
0.579167
0.566667
0.579167
0.579167
0.570833
0.570833
0.575000
0.570833
0.587500
0.570833
0.566667
0.566667
0.566667
0.583333
0.570833
0.566667
0.570833
0.566667
0.570833
0.566667
0.562500
0.566667
0.575000
0.583333
0.583333
0.591667
0.612500
0.604167
0.591667
0.587500
0.595833
0.579167
0.570833
0.562500
0.558333
0.566667
0.558333
0.550000
0.554167
0.558333
0.570833
0.570833
0.562500
0.595833
0.625000
0.600000
0.591667
0.600000
0.583333
0.570833
0.570833
0.570833
0.562500
0.562500
0.562500
0.562500
0.570833
0.558333
0.562500
0.554167
0.562500
0.558333
0.545833
0.558333
0.558333
0.558333
0.558333
0.562500
0.583333
0.612500
0.608333
0.600000
0.666667
0.516667
0.583333
0.583333
0.570833
0.575000
1.062500
0.095833
0.570833
0.583333
0.575000
0.570833
0.575000
0.587500
0.570833
0.575000
0.570833
0.558333
0.554167
0.562500
0.566667
0.562500
0.558333
0.566667
0.579167
0.575000
0.575000
0.575000
0.579167
0.587500
0.587500
0.570833
0.566667
0.579167
1.183333
0.366667
0.245833
0.600000
0.587500
0.591667
0.591667
0.587500
0.354167
0.225000
0.825000
0.308333
0.558333
0.558333
1.095833
0.537500
0.545833
0.545833
0.541667
0.541667
0.545833
0.550000
0.554167
0.554167
0.545833
0.558333
0.550000
0.554167
0.550000
1.012500
0.100000
0.579167
0.566667
0.566667
0.579167
0.570833
0.558333
0.570833
0.566667
0.562500
0.562500
0.558333
0.575000
0.575000
0.579167
0.579167
0.570833
0.575000
0.566667
0.575000
0.558333
0.562500
0.562500
0.558333
0.558333
0.550000
0.554167
0.566667
0.566667
0.562500
0.566667
0.562500
0.566667
0.566667
0.566667
0.570833
0.570833
0.575000
0.570833
0.566667
0.570833
0.566667
0.575000
0.579167
0.566667
0.583333
0.591667
0.604167
0.591667
0.600000
0.583333
0.579167
0.608333
0.600000
0.591667
0.583333
0.562500
0.562500
0.566667
0.566667
0.558333
0.579167
0.579167
0.579167
0.575000
0.587500
0.579167
0.575000
0.570833
0.625000
0.612500
0.595833
0.583333
0.583333
0.595833
0.583333
0.583333
0.570833
0.566667
0.600000
0.608333
0.587500
0.583333
0.587500
0.583333
0.579167
0.604167
0.583333
0.591667
0.600000
0.604167
0.595833
0.591667
0.587500
0.587500
0.587500
0.575000
0.566667
0.562500
0.575000
0.558333
0.566667
0.595833
0.612500
0.600000
0.595833
0.608333
0.637500
0.629167
0.595833
0.595833
0.695833
0.745833
0.620833
0.604167
0.604167
0.629167
0.633333
0.612500
0.616667
0.700000
0.770833
0.662500
0.608333
0.625000
0.608333
0.595833
0.587500
0.583333
0.620833
0.612500
0.604167
0.708333
0.766667
0.658333
0.650000
0.620833
0.583333
0.600000
0.579167
0.566667
0.575000
0.562500
0.587500
0.587500
0.591667
0.579167
0.575000
0.587500
0.591667
0.591667
0.587500
0.579167
0.612500
0.633333
0.604167
0.608333
0.633333
0.608333
0.604167
0.616667
0.604167
0.600000
0.608333
0.608333
0.591667
0.591667
0.629167
0.612500
0.591667
0.583333
0.575000
0.608333
0.595833
0.595833
0.591667
0.587500
0.608333
0.600000
0.583333
0.587500
0.591667
0.595833
0.616667
0.608333
0.595833
0.600000
0.645833
0.620833
0.637500
0.800000
0.741667
0.704167
0.695833
0.679167
0.654167
0.633333
0.587500
0.591667
0.575000
0.562500
0.575000
0.575000
0.587500
0.570833
0.620833
0.766667
0.708333
1.175000
0.212500
0.700000
0.666667
0.641667
0.604167
0.695833
0.712500
0.675000
0.641667
0.779167
0.758333
0.725000
0.720833
0.795833
0.762500
0.733333
0.741667
0.737500
0.733333
0.729167
0.720833
0.700000
0.245833
0.429167
0.625000
0.591667
0.583333
0.570833
0.570833
0.570833
0.579167
0.587500
0.587500
0.591667
0.595833
0.587500
0.604167
0.600000
0.595833
0.608333
0.608333
0.595833
0.604167
0.604167
0.612500
0.675000
0.720833
0.625000
0.620833
0.620833
0.604167
1.025000
0.750000
0.583333
0.583333
0.579167
0.595833
0.583333
0.604167
0.608333
0.620833
0.612500
0.604167
0.608333
0.591667
0.387500
0.816667
0.587500
0.595833
0.587500
0.600000
0.591667
0.591667
0.575000
0.575000
0.612500
0.608333
0.591667
0.591667
0.579167
0.600000
0.595833
0.583333
0.587500
0.591667
0.604167
0.604167
0.633333
0.641667
0.641667
0.633333
0.695833
0.729167
0.616667
0.612500
0.400000
0.829167
1.254167
0.633333
0.616667
0.600000
0.608333
0.641667
0.625000
0.620833
0.629167
0.612500
0.608333
0.616667
0.600000
0.600000
0.600000
0.579167
0.616667
0.600000
0.587500
0.583333
0.587500
0.612500
0.750000
0.316667
0.220833
0.708333
0.791667
0.716667
0.691667
0.629167
0.604167
0.579167
0.575000
0.579167
0.570833
0.575000
0.562500
0.558333
0.562500
0.558333
0.558333
0.566667
0.566667
0.566667
0.566667
0.570833
0.566667
0.579167
0.579167
0.587500
0.595833
0.595833
0.600000
0.633333
0.633333
0.691667
0.766667
0.825000
0.495833
0.629167
0.629167
0.612500
0.295833
0.587500
0.279167
0.008333
0.566667
0.587500
0.583333
0.566667
0.554167
0.558333
0.558333
0.554167
0.562500
0.566667
0.570833
1.116667
0.558333
0.562500
0.570833
0.554167
0.579167
0.579167
0.579167
0.570833
0.562500
0.566667
0.570833
0.566667
0.575000
0.575000
0.579167
0.579167
0.579167
0.583333
0.579167
0.575000
0.575000
0.583333
0.562500
0.558333
0.570833
0.579167
0.604167
0.587500
0.575000
0.595833
0.591667
0.587500
0.575000
0.570833
0.570833
0.566667
0.562500
0.562500
0.345833
0.200000
0.541667
0.545833
0.537500
0.604167
0.462500
0.558333
1.095833
0.545833
0.537500
0.545833
0.537500
0.541667
0.541667
0.545833
0.537500
0.537500
0.545833
0.545833
0.550000
0.550000
0.570833
0.566667
0.570833
0.562500
0.575000
0.587500
0.620833
0.595833
0.570833
0.558333
0.554167
0.562500
0.562500
0.554167
0.550000
0.545833
0.558333
0.541667
0.537500
0.541667
0.550000
0.541667
0.545833
0.545833
0.550000
0.550000
0.554167
0.545833
0.554167
0.562500
0.550000
0.541667
0.541667
0.550000
0.550000
0.545833
0.550000
0.550000
0.537500
0.537500
0.533333
0.541667
0.537500
0.545833
0.533333
0.529167
0.533333
0.541667
0.533333
0.529167
0.541667
0.533333
0.533333
0.537500
0.525000
0.529167
0.537500
0.541667
0.541667
0.537500
0.537500
0.545833
0.533333
0.541667
0.541667
0.529167
0.537500
0.558333
0.562500
0.562500
0.570833
0.558333
0.541667
0.570833
0.616667
0.608333
0.579167
0.550000
0.550000
0.554167
0.554167
0.550000
0.545833
0.537500
0.529167
0.537500
0.554167
0.550000
0.550000
0.541667
0.545833
0.566667
0.550000
0.545833
0.537500
0.537500
0.533333
0.533333
0.533333
0.520833
0.525000
0.516667
0.525000
0.525000
0.525000
0.525000
0.537500
0.566667
0.587500
0.570833
0.570833
0.595833
0.600000
0.600000
0.579167
0.558333
0.558333
0.554167
0.545833
0.550000
0.545833
0.562500
0.545833
0.579167
0.770833
0.683333
0.662500
0.658333
0.650000
0.645833
0.633333
0.604167
0.562500
0.562500
0.550000
0.550000
0.545833
0.566667
0.558333
0.554167
0.608333
0.633333
0.591667
0.579167
0.570833
0.566667
0.566667
0.562500
0.558333
0.558333
0.545833
0.554167
0.554167
0.558333
0.562500
0.570833
0.570833
0.191667
0.379167
0.583333
0.595833
0.637500
0.595833
0.570833
0.570833
0.575000
0.570833
0.562500
0.554167
0.550000
0.541667
0.541667
0.541667
0.537500
0.541667
0.541667
0.541667
0.550000
0.537500
0.537500
0.550000
0.541667
0.554167
0.591667
0.625000
0.612500
0.579167
0.583333
0.579167
0.566667
0.562500
0.554167
0.554167
0.558333
0.550000
0.545833
0.558333
0.558333
0.575000
0.566667
0.558333
0.570833
0.558333
0.575000
0.587500
0.575000
0.579167
0.587500
0.591667
0.666667
0.733333
0.641667
0.608333
0.695833
0.333333
0.075000
0.712500
