0.745833
0.487500
0.383333
0.304167
0.554167
0.808333
0.783333
0.787500
0.775000
0.491667
0.370833
0.400000
0.112500
0.375000
0.387500
0.987500
0.241667
0.558333
0.516667
0.616667
0.850000
0.870833
0.158333
0.433333
0.637500
0.925000
0.787500
0.758333
0.458333
0.925000
0.758333
0.762500
0.487500
0.900000
0.745833
0.758333
0.745833
0.741667
0.491667
0.895833
0.770833
0.737500
0.754167
0.745833
0.716667
0.750000
0.733333
0.712500
0.745833
0.729167
0.733333
0.716667
0.595833
0.875000
0.733333
0.716667
0.733333
0.733333
0.495833
0.883333
0.766667
0.500000
0.370833
0.333333
1.404167
0.787500
0.729167
0.495833
0.895833
0.758333
0.758333
0.741667
0.745833
0.500000
0.370833
0.829167
0.750000
0.741667
0.491667
0.379167
0.841667
0.758333
0.750000
0.495833
0.375000
0.512500
0.891667
0.762500
0.495833
0.379167
0.329167
0.316667
0.466667
0.387500
0.325000
0.500000
0.887500
0.795833
0.770833
0.762500
0.758333
0.741667
0.754167
0.483333
0.900000
0.775000
0.487500
0.912500
0.770833
0.745833
0.758333
0.491667
0.912500
0.775000
0.491667
0.916667
0.770833
0.487500
0.900000
0.770833
0.754167
0.491667
0.908333
0.766667
0.487500
0.904167
0.770833
0.495833
0.900000
0.766667
0.750000
0.491667
0.904167
0.766667
0.491667
0.900000
0.770833
0.491667
0.895833
0.770833
0.750000
0.741667
0.741667
0.491667
0.900000
0.754167
0.487500
0.900000
0.750000
0.758333
0.750000
0.737500
0.737500
0.495833
0.900000
0.770833
0.491667
0.770833
0.900000
0.775000
0.491667
0.904167
0.779167
0.495833
0.904167
0.762500
0.758333
0.754167
0.495833
0.366667
0.495833
0.900000
0.779167
0.495833
0.375000
0.333333
0.312500
0.620833
0.466667
0.587500
0.466667
0.383333
0.516667
0.487500
0.595833
0.862500
0.816667
0.804167
0.491667
0.370833
0.541667
0.420833
0.950000
0.791667
0.804167
0.495833
0.366667
0.516667
0.362500
0.858333
0.829167
0.491667
0.375000
0.820833
0.612500
0.491667
0.420833
0.537500
0.591667
0.620833
0.883333
0.816667
0.804167
0.500000
0.929167
0.775000
0.504167
0.370833
0.887500
0.795833
0.770833
0.487500
0.375000
0.350000
0.408333
0.508333
0.654167
0.491667
0.379167
0.891667
0.804167
0.795833
0.783333
0.504167
0.937500
0.795833
0.787500
0.500000
0.937500
0.795833
0.775000
0.495833
0.375000
0.866667
0.770833
0.762500
0.754167
0.741667
0.491667
0.908333
0.775000
0.495833
0.916667
0.779167
0.766667
0.495833
0.366667
0.525000
0.475000
0.904167
0.766667
0.500000
0.375000
0.870833
0.787500
0.762500
0.500000
0.900000
0.770833
0.741667
0.750000
0.750000
0.729167
0.483333
0.904167
0.775000
0.495833
0.916667
0.770833
0.495833
0.916667
0.775000
0.491667
0.916667
0.754167
0.483333
0.904167
0.779167
0.741667
0.487500
0.904167
0.775000
0.750000
0.487500
0.375000
0.862500
0.775000
0.754167
0.483333
0.375000
0.895833
0.754167
0.500000
0.912500
0.791667
0.487500
0.370833
0.512500
0.950000
0.800000
0.500000
0.370833
0.875000
0.795833
0.766667
0.766667
0.766667
0.754167
0.487500
0.912500
0.787500
0.770833
0.487500
0.370833
0.879167
0.791667
0.758333
0.491667
0.912500
0.783333
0.762500
0.483333
0.916667
0.791667
1.337500
0.933333
1.262500
1.716667
1.679167
0.687500
1.795833
0.741667
0.762500
0.733333
0.745833
0.737500
0.479167
0.895833
0.762500
0.766667
0.750000
0.745833
0.729167
0.754167
0.741667
0.733333
0.750000
0.741667
0.741667
0.729167
0.458333
0.908333
0.779167
0.762500
0.750000
0.758333
0.754167
0.758333
0.741667
0.754167
0.491667
0.912500
0.762500
0.483333
0.904167
0.775000
0.741667
0.754167
0.750000
0.483333
0.375000
0.500000
0.370833
0.795833
0.775000
0.766667
0.758333
0.741667
0.758333
0.741667
0.741667
0.716667
0.483333
0.887500
0.754167
0.725000
0.483333
0.883333
0.737500
0.483333
0.879167
0.754167
0.733333
0.725000
0.737500
0.479167
0.875000
0.737500
0.733333
0.729167
0.704167
0.737500
0.716667
0.483333
0.866667
0.741667
0.725000
0.483333
0.870833
0.741667
0.725000
0.720833
0.712500
0.720833
0.716667
0.708333
0.708333
0.712500
0.712500
0.708333
0.712500
0.716667
0.716667
0.712500
0.716667
0.720833
0.487500
0.870833
0.758333
0.550000
0.912500
0.725000
0.729167
0.725000
0.720833
0.720833
0.483333
0.879167
0.750000
0.729167
0.491667
0.879167
0.750000
0.733333
0.737500
0.729167
0.483333
0.887500
0.762500
0.741667
0.720833
0.745833
0.733333
0.733333
0.729167
0.720833
0.729167
0.729167
0.720833
0.454167
0.895833
0.758333
0.745833
0.733333
0.725000
0.454167
0.895833
0.762500
0.733333
0.737500
0.733333
0.737500
0.725000
0.737500
0.733333
0.737500
0.716667
0.741667
0.737500
0.737500
0.733333
0.725000
0.745833
0.733333
0.741667
0.720833
0.745833
0.737500
0.737500
0.733333
0.741667
0.741667
0.745833
0.729167
0.745833
0.745833
0.745833
0.733333
0.754167
0.741667
0.454167
0.929167
0.795833
0.766667
0.762500
0.741667
0.754167
0.750000
0.754167
0.745833
0.741667
0.750000
0.745833
0.754167
0.733333
0.750000
0.750000
0.750000
0.733333
0.754167
0.745833
0.750000
0.737500
0.741667
0.745833
0.745833
0.745833
0.729167
0.754167
0.745833
0.741667
0.737500
0.741667
0.745833
0.741667
0.733333
0.741667
0.737500
0.741667
0.729167
0.745833
0.737500
0.741667
0.400000
0.329167
0.350000
0.383333
0.737500
0.729167
0.729167
0.720833
0.741667
0.729167
0.725000
0.720833
0.725000
0.737500
0.725000
0.716667
0.733333
0.729167
0.737500
0.716667
0.720833
0.441667
0.291667
0.720833
0.729167
0.954167
0.508333
0.712500
0.729167
0.720833
0.725000
0.725000
0.733333
0.725000
0.720833
0.479167
0.237500
0.741667
0.729167
0.725000
1.466667
0.741667
0.737500
0.737500
0.725000
0.750000
0.737500
0.741667
0.733333
0.741667
0.750000
0.750000
1.470833
0.733333
0.745833
1.462500
0.733333
0.737500
0.737500
1.470833
0.733333
0.745833
0.733333
0.725000
0.741667
0.737500
0.737500
0.745833
0.733333
0.737500
0.741667
0.745833
0.729167
0.741667
0.745833
0.741667
0.737500
0.741667
0.741667
0.745833
0.741667
0.729167
0.745833
0.737500
0.741667
0.720833
0.745833
0.741667
0.741667
0.725000
0.737500
0.741667
0.741667
0.737500
0.733333
0.741667
0.737500
0.737500
0.725000
0.745833
0.737500
0.737500
0.725000
0.741667
0.729167
0.745833
0.729167
0.733333
0.737500
0.737500
0.745833
0.720833
0.745833
0.741667
0.741667
0.737500
0.720833
0.750000
0.733333
0.737500
1.470833
1.333333
1.633333
1.375000
2.104167
0.791667
1.400000
2.400000
0.541667
0.712500
0.595833
0.416667
0.916667
1.562500
0.491667
0.925000
1.008333
0.545833
0.483333
0.916667
0.795833
0.487500
0.904167
0.787500
0.462500
0.933333
0.787500
0.487500
0.912500
0.795833
0.500000
0.370833
0.341667
0.520833
0.462500
0.379167
0.862500
0.816667
0.779167
0.779167
0.466667
0.941667
0.804167
0.779167
0.495833
0.916667
0.508333
0.375000
0.900000
0.795833
0.762500
0.458333
0.945833
0.783333
0.495833
0.916667
0.795833
0.495833
0.933333
0.804167
0.491667
0.312500
0.616667
0.508333
0.370833
0.920833
0.804167
0.500000
0.483333
0.937500
0.808333
0.508333
0.929167
0.512500
0.366667
0.933333
0.804167
0.791667
0.487500
0.941667
0.795833
0.487500
0.937500
0.812500
0.487500
0.941667
0.804167
0.487500
0.941667
0.504167
0.375000
0.900000
0.808333
0.491667
0.929167
0.512500
0.375000
0.916667
0.783333
0.795833
0.491667
0.929167
0.800000
0.487500
0.529167
0.387500
0.804167
0.491667
0.925000
0.779167
0.487500
0.929167
0.504167
0.379167
0.341667
0.450000
0.891667
0.804167
0.783333
0.491667
0.937500
0.816667
0.500000
0.937500
0.816667
0.491667
0.950000
0.800000
0.487500
0.945833
0.804167
0.491667
0.937500
0.816667
0.783333
0.783333
0.783333
0.779167
0.762500
0.787500
0.787500
0.783333
0.783333
0.766667
0.791667
0.783333
0.783333
0.770833
0.787500
0.787500
0.783333
0.791667
0.762500
0.783333
0.775000
0.770833
0.770833
0.762500
0.745833
0.758333
0.758333
0.750000
0.750000
0.754167
0.754167
0.741667
0.754167
0.750000
0.750000
0.745833
0.745833
0.725000
0.750000
0.733333
0.725000
0.737500
0.737500
0.737500
0.720833
0.741667
0.733333
0.737500
0.725000
0.741667
0.737500
0.737500
0.462500
0.362500
0.837500
0.770833
0.745833
0.491667
0.887500
0.516667
0.379167
0.341667
0.575000
0.841667
0.775000
0.766667
0.495833
0.912500
