0.912500
0.920833
0.920833
0.920833
0.933333
0.929167
0.916667
0.908333
0.933333
0.933333
0.925000
0.916667
0.929167
0.920833
0.937500
0.920833
0.912500
0.925000
0.912500
0.937500
0.920833
0.916667
0.925000
0.916667
0.933333
0.916667
0.920833
0.916667
0.920833
0.925000
0.912500
0.912500
0.912500
0.925000
0.920833
0.908333
0.920833
0.908333
0.937500
0.920833
0.916667
0.916667
0.912500
0.929167
0.925000
0.920833
0.916667
0.925000
0.929167
0.925000
0.925000
0.916667
1.854167
0.925000
0.920833
0.912500
0.920833
0.933333
0.916667
0.912500
0.916667
0.912500
0.929167
0.920833
0.912500
0.916667
0.700000
0.216667
0.929167
0.912500
0.920833
0.916667
0.912500
0.933333
0.920833
0.908333
0.920833
0.908333
0.933333
0.916667
0.929167
0.920833
0.916667
0.925000
0.933333
0.929167
0.925000
0.925000
0.925000
0.925000
0.945833
0.920833
0.929167
0.920833
0.916667
0.950000
0.929167
0.929167
0.920833
0.925000
0.941667
0.925000
0.920833
0.916667
0.937500
0.925000
0.916667
0.920833
0.920833
0.937500
0.920833
0.916667
0.916667
0.929167
0.925000
0.925000
0.912500
0.929167
0.929167
0.925000
0.908333
0.920833
0.925000
0.929167
0.916667
0.920833
0.895833
0.954167
0.916667
0.908333
0.920833
0.929167
0.920833
0.925000
0.908333
0.925000
0.920833
0.925000
0.929167
0.920833
0.925000
0.920833
0.908333
0.941667
0.929167
0.920833
0.916667
0.925000
0.925000
0.933333
0.916667
0.925000
1.479167
1.291667
0.908333
0.920833
1.812500
0.029167
0.929167
0.908333
0.920833
0.925000
0.916667
0.925000
0.908333
0.920833
0.916667
0.937500
0.920833
0.920833
0.916667
0.916667
0.929167
0.933333
0.904167
0.920833
0.920833
0.925000
0.920833
0.912500
1.837500
0.916667
0.908333
0.908333
0.925000
0.662500
0.266667
0.920833
0.916667
0.912500
0.887500
0.962500
0.937500
0.904167
0.908333
1.620833
0.241667
0.916667
0.925000
0.908333
0.633333
0.283333
0.933333
0.416667
0.508333
0.929167
0.912500
0.916667
0.912500
0.941667
0.916667
0.920833
0.908333
0.916667
0.945833
0.916667
0.925000
0.295833
0.616667
0.925000
0.929167
0.929167
0.916667
0.887500
0.958333
0.929167
0.916667
0.920833
0.920833
0.933333
0.912500
0.925000
1.583333
0.258333
0.925000
0.920833
0.670833
0.245833
0.875000
0.979167
0.391667
0.512500
0.929167
0.541667
0.375000
0.920833
0.929167
0.916667
0.916667
0.912500
0.912500
0.933333
0.916667
0.908333
0.916667
0.416667
0.512500
0.916667
0.916667
0.912500
0.916667
0.895833
0.941667
0.925000
0.916667
0.912500
0.933333
0.933333
0.908333
0.912500
0.925000
0.925000
0.920833
0.920833
0.916667
0.912500
0.937500
0.925000
0.908333
0.920833
0.916667
0.929167
0.916667
0.912500
0.912500
0.925000
0.920833
0.916667
0.912500
0.912500
0.925000
0.920833
0.920833
0.908333
0.916667
0.929167
0.916667
0.908333
0.920833
0.916667
0.933333
0.920833
0.916667
0.916667
0.916667
0.933333
0.920833
0.916667
0.916667
0.925000
0.925000
0.920833
0.912500
0.916667
0.929167
0.925000
0.916667
0.920833
0.920833
0.933333
0.920833
0.916667
0.920833
0.920833
0.933333
0.916667
0.916667
0.920833
0.916667
0.925000
0.925000
0.920833
0.916667
0.916667
0.929167
0.925000
0.916667
0.920833
0.920833
0.933333
0.925000
0.916667
0.925000
0.920833
0.933333
0.925000
0.920833
0.925000
0.925000
0.937500
0.929167
0.920833
0.920833
0.925000
0.937500
0.925000
0.920833
0.916667
0.925000
0.937500
0.925000
0.916667
0.920833
0.920833
0.933333
0.920833
0.925000
0.920833
0.920833
0.937500
0.925000
0.920833
0.920833
0.920833
0.933333
0.925000
0.920833
0.920833
0.929167
0.929167
0.916667
0.920833
0.916667
0.925000
0.929167
0.920833
0.912500
0.916667
0.925000
0.929167
0.916667
0.916667
0.912500
0.916667
0.933333
0.920833
0.908333
0.912500
0.916667
0.925000
0.920833
0.908333
0.916667
0.912500
0.933333
0.916667
0.916667
0.916667
0.916667
0.929167
0.920833
0.912500
0.916667
0.916667
0.929167
0.920833
0.916667
0.916667
0.920833
0.933333
0.920833
0.916667
0.925000
0.920833
0.933333
0.925000
0.916667
0.920833
0.920833
0.929167
0.925000
0.916667
0.920833
0.920833
0.933333
0.929167
0.916667
0.925000
0.920833
0.933333
0.925000
0.920833
0.925000
0.920833
0.937500
0.916667
0.920833
0.912500
0.925000
0.929167
0.920833
0.916667
0.916667
0.929167
0.925000
0.920833
0.920833
0.916667
0.933333
0.920833
0.916667
0.912500
0.920833
0.937500
0.920833
0.912500
0.920833
0.920833
0.933333
0.920833
0.912500
0.916667
0.920833
0.933333
0.920833
0.912500
0.916667
0.925000
0.929167
0.912500
0.920833
0.920833
0.920833
0.929167
0.920833
0.916667
0.916667
0.925000
0.929167
0.916667
0.920833
0.916667
0.933333
0.920833
0.920833
0.916667
0.920833
0.929167
0.920833
0.916667
0.916667
0.925000
0.929167
0.920833
0.912500
0.916667
0.925000
0.925000
0.912500
0.920833
0.912500
0.920833
0.925000
0.920833
0.916667
0.920833
0.916667
0.929167
0.925000
0.916667
0.916667
0.916667
0.929167
0.925000
0.916667
0.916667
0.920833
0.937500
0.920833
0.916667
0.920833
0.929167
0.929167
0.916667
0.920833
0.916667
0.929167
0.925000
0.920833
0.912500
0.920833
0.925000
0.925000
0.908333
0.916667
0.916667
0.933333
0.912500
0.912500
0.912500
0.920833
0.925000
0.920833
0.908333
0.916667
0.879167
0.958333
0.920833
0.912500
0.912500
0.916667
0.920833
0.925000
0.916667
0.908333
0.916667
0.925000
0.920833
0.912500
0.912500
0.920833
0.925000
0.916667
0.912500
0.908333
0.925000
0.916667
0.912500
0.908333
0.916667
0.925000
0.908333
0.908333
0.908333
0.925000
0.920833
0.912500
0.908333
0.908333
0.925000
0.916667
0.912500
0.912500
0.916667
0.925000
0.916667
0.912500
0.891667
0.933333
0.929167
0.916667
0.904167
0.916667
0.916667
0.929167
0.916667
0.912500
0.916667
0.912500
0.929167
0.916667
0.912500
0.912500
0.916667
0.925000
0.912500
0.916667
0.916667
0.912500
0.925000
0.920833
0.912500
0.912500
0.925000
0.925000
0.925000
0.916667
0.912500
0.920833
0.925000
0.925000
0.912500
0.916667
0.916667
0.929167
0.920833
0.916667
0.916667
0.912500
0.929167
0.912500
0.912500
0.908333
0.912500
0.929167
0.908333
0.912500
0.912500
0.929167
0.916667
0.900000
0.912500
0.420833
0.500000
0.316667
0.595833
0.908333
0.908333
0.920833
0.920833
0.904167
0.900000
0.916667
0.916667
0.908333
0.912500
0.900000
0.916667
0.916667
0.229167
0.679167
0.904167
0.900000
0.925000
0.912500
0.900000
0.908333
0.912500
0.916667
0.912500
0.904167
0.904167
0.916667
0.925000
0.912500
0.900000
0.912500
