0.808333
0.804167
0.800000
0.808333
0.816667
0.812500
0.808333
0.804167
0.804167
0.804167
0.812500
0.820833
0.816667
0.812500
0.812500
0.816667
0.812500
0.812500
0.820833
0.808333
0.812500
0.804167
0.812500
0.800000
0.808333
0.825000
0.816667
0.816667
0.816667
0.812500
0.808333
0.816667
0.820833
0.816667
0.816667
0.812500
0.812500
0.808333
0.816667
0.816667
0.820833
0.816667
0.808333
0.812500
0.808333
0.808333
0.816667
0.812500
0.808333
0.804167
0.804167
0.804167
0.808333
0.820833
0.816667
0.816667
0.662500
0.945833
0.816667
0.825000
0.829167
0.816667
0.825000
0.816667
0.816667
0.816667
0.829167
0.825000
0.820833
0.816667
0.825000
0.816667
0.825000
0.825000
0.833333
0.829167
0.829167
0.825000
0.829167
0.829167
0.837500
0.829167
0.825000
0.829167
0.820833
0.816667
0.820833
0.608333
0.970833
0.841667
0.816667
0.808333
0.812500
0.816667
0.820833
0.820833
0.816667
0.812500
0.812500
0.808333
0.812500
0.816667
0.812500
0.816667
0.808333
0.808333
0.808333
0.808333
0.816667
0.812500
0.812500
0.812500
0.808333
0.816667
0.825000
0.825000
0.825000
0.820833
0.820833
0.816667
0.820833
0.833333
0.820833
0.820833
0.820833
0.816667
0.812500
0.816667
0.825000
0.820833
0.816667
0.816667
0.808333
0.812500
0.820833
0.829167
0.816667
0.820833
0.816667
0.812500
0.812500
0.820833
0.820833
0.816667
0.820833
0.816667
0.812500
0.816667
0.820833
0.816667
0.804167
0.808333
0.800000
0.791667
0.795833
0.804167
0.791667
0.791667
0.791667
0.783333
0.787500
0.787500
0.779167
0.779167
0.775000
0.775000
0.783333
0.783333
0.783333
0.787500
0.783333
0.787500
0.783333
0.795833
0.787500
0.787500
0.783333
0.779167
0.783333
0.795833
0.787500
0.787500
0.783333
0.787500
0.779167
0.791667
0.800000
0.795833
0.795833
0.795833
0.791667
0.795833
0.800000
0.800000
0.791667
0.795833
0.787500
0.791667
0.804167
0.795833
0.791667
0.795833
0.783333
0.787500
0.791667
0.800000
0.791667
0.795833
0.791667
0.791667
0.791667
0.808333
0.804167
0.800000
0.795833
0.791667
0.787500
0.795833
0.804167
0.795833
0.791667
0.795833
0.787500
0.795833
0.804167
0.795833
0.804167
0.795833
0.791667
0.804167
0.795833
0.800000
0.800000
0.795833
0.795833
0.791667
0.787500
0.787500
0.783333
0.795833
0.787500
0.787500
0.787500
0.791667
0.791667
0.795833
0.800000
0.791667
0.795833
0.791667
0.800000
0.800000
0.800000
0.795833
0.791667
0.791667
0.795833
0.795833
0.791667
0.787500
0.787500
0.783333
0.783333
0.791667
0.787500
0.783333
0.783333
0.779167
0.787500
0.791667
0.787500
0.787500
0.787500
0.783333
0.804167
0.795833
0.791667
0.791667
0.791667
0.791667
0.804167
0.795833
0.795833
0.791667
0.783333
0.791667
0.795833
0.787500
0.783333
0.779167
0.787500
0.795833
0.791667
0.783333
0.787500
0.779167
0.787500
0.795833
0.787500
0.791667
0.783333
0.779167
0.783333
0.791667
0.791667
0.787500
0.787500
0.779167
0.779167
0.791667
0.791667
0.787500
0.787500
0.779167
0.787500
0.800000
0.795833
0.795833
0.791667
0.791667
0.670833
0.920833
0.808333
0.800000
0.800000
0.795833
0.800000
0.808333
0.808333
0.808333
0.804167
0.800000
0.816667
0.808333
0.800000
0.800000
0.804167
0.795833
0.804167
0.808333
0.808333
0.800000
0.800000
0.800000
0.804167
0.804167
0.804167
0.800000
0.800000
0.795833
0.795833
0.795833
0.804167
0.800000
0.795833
0.795833
0.791667
0.795833
0.804167
0.800000
0.800000
0.800000
0.795833
0.800000
0.808333
0.808333
0.804167
0.800000
0.800000
0.800000
0.812500
0.804167
0.804167
0.800000
0.791667
0.804167
0.808333
0.804167
0.804167
0.795833
0.800000
0.816667
0.808333
0.808333
0.800000
0.800000
0.804167
0.808333
0.808333
0.804167
0.808333
0.645833
0.941667
0.816667
0.800000
0.800000
0.795833
0.800000
0.812500
0.804167
0.804167
0.800000
0.804167
0.808333
0.816667
0.808333
0.804167
0.800000
0.800000
0.808333
0.808333
0.804167
0.800000
0.795833
0.800000
0.804167
0.804167
0.791667
0.795833
0.783333
0.791667
0.795833
0.795833
0.787500
0.783333
0.787500
0.787500
0.795833
0.795833
0.787500
0.787500
0.783333
0.795833
0.791667
0.795833
0.800000
0.795833
0.808333
0.816667
0.808333
0.808333
0.808333
0.808333
0.820833
0.812500
0.812500
0.808333
0.812500
0.808333
0.800000
0.791667
0.800000
0.804167
0.800000
0.800000
0.795833
0.800000
0.804167
0.800000
0.791667
0.795833
0.795833
0.808333
0.800000
0.800000
0.795833
0.800000
0.812500
0.804167
0.800000
0.795833
0.800000
0.800000
0.808333
0.808333
0.804167
0.804167
0.795833
0.800000
0.808333
0.800000
0.804167
0.795833
0.800000
0.795833
0.804167
0.600000
0.945833
0.812500
0.800000
0.787500
0.800000
0.795833
0.795833
0.791667
0.787500
0.787500
0.800000
0.795833
0.791667
0.791667
0.791667
0.791667
0.808333
0.804167
0.804167
0.800000
0.795833
0.808333
0.812500
0.808333
0.800000
0.804167
0.804167
0.808333
0.812500
0.812500
0.812500
0.808333
0.804167
0.816667
0.608333
0.941667
0.816667
0.808333
0.808333
0.816667
0.804167
0.800000
0.791667
0.795833
0.808333
0.804167
0.804167
0.800000
0.800000
0.800000
0.800000
0.795833
0.804167
0.812500
0.804167
0.804167
0.800000
0.800000
0.816667
0.808333
0.804167
0.800000
0.800000
0.804167
0.804167
0.804167
0.804167
0.800000
0.795833
0.812500
0.808333
0.804167
0.800000
0.804167
0.808333
0.604167
0.950000
0.820833
0.816667
0.812500
0.825000
0.816667
0.816667
0.812500
0.804167
0.812500
0.816667
0.812500
0.812500
0.804167
0.808333
0.820833
0.820833
0.816667
0.812500
0.812500
0.816667
0.820833
0.812500
0.812500
0.808333
0.816667
0.825000
0.820833
0.812500
0.808333
0.808333
0.816667
0.816667
0.812500
0.808333
0.804167
0.808333
0.812500
0.812500
0.808333
0.808333
0.804167
0.804167
0.816667
0.808333
0.808333
0.812500
0.808333
0.812500
0.820833
0.816667
0.812500
0.812500
0.808333
0.820833
0.816667
0.812500
0.812500
0.804167
0.816667
0.816667
0.808333
0.808333
0.800000
0.804167
0.808333
0.804167
0.804167
0.800000
0.804167
0.800000
0.808333
0.816667
0.812500
0.808333
0.808333
0.808333
0.808333
0.804167
0.812500
0.808333
0.825000
0.829167
0.825000
0.825000
0.816667
0.825000
0.837500
0.825000
0.825000
0.825000
0.825000
0.829167
0.829167
0.825000
0.816667
0.825000
0.820833
0.833333
0.820833
0.820833
0.820833
0.816667
0.825000
0.820833
0.820833
0.816667
0.816667
0.829167
0.829167
0.816667
0.812500
0.808333
0.812500
0.812500
0.829167
0.816667
0.812500
0.812500
0.808333
0.812500
0.816667
0.816667
0.808333
0.808333
0.804167
0.812500
0.816667
0.820833
0.812500
0.812500
0.812500
0.808333
0.820833
0.816667
0.812500
0.816667
0.808333
0.820833
0.820833
0.816667
0.816667
0.816667
0.816667
0.825000
0.816667
0.816667
0.820833
0.812500
0.812500
0.816667
0.812500
0.812500
0.820833
0.808333
0.825000
0.820833
0.816667
0.816667
0.816667
0.812500
0.820833
0.820833
0.812500
0.808333
0.804167
0.812500
0.820833
0.812500
0.812500
0.804167
0.804167
0.808333
0.816667
0.808333
0.812500
0.804167
0.804167
0.820833
0.816667
0.816667
0.808333
0.808333
0.812500
0.825000
0.816667
0.816667
0.812500
0.812500
0.825000
0.820833
0.820833
0.816667
0.816667
0.816667
0.816667
0.829167
0.829167
0.825000
0.825000
0.816667
0.829167
0.829167
0.820833
0.812500
0.812500
0.808333
0.820833
0.816667
0.820833
0.816667
