0.629167
0.604167
0.608333
0.575000
0.433333
0.358333
0.383333
0.591667
0.608333
0.595833
0.600000
0.604167
0.762500
0.450000
0.612500
0.420833
0.754167
0.600000
0.595833
0.483333
0.500000
0.875000
0.500000
0.566667
0.604167
0.620833
0.729167
0.470833
0.354167
1.137500
0.204167
0.329167
0.425000
0.625000
0.308333
0.300000
0.258333
0.370833
0.625000
0.620833
0.629167
0.612500
0.587500
0.591667
0.570833
0.612500
0.620833
0.629167
0.629167
0.841667
0.300000
0.204167
0.366667
0.433333
0.237500
0.462500
0.616667
0.408333
0.370833
0.479167
0.387500
0.745833
0.883333
0.954167
0.937500
0.225000
0.245833
0.720833
0.937500
0.204167
0.475000
0.633333
0.162500
0.283333
0.416667
0.591667
0.329167
0.462500
0.366667
0.562500
0.891667
0.225000
0.741667
1.075000
0.787500
0.658333
1.437500
1.037500
0.595833
1.737500
0.620833
0.620833
0.558333
0.687500
0.591667
0.583333
0.529167
0.604167
0.625000
0.625000
0.625000
0.583333
0.650000
0.587500
0.583333
0.583333
0.562500
0.600000
0.254167
0.200000
0.391667
0.295833
0.245833
0.412500
0.625000
0.650000
0.258333
0.512500
0.429167
0.558333
0.316667
0.612500
0.129167
0.729167
0.945833
0.300000
0.283333
0.770833
0.754167
0.562500
0.608333
0.620833
0.620833
0.620833
0.625000
0.595833
0.583333
0.529167
0.583333
0.312500
0.229167
0.716667
0.620833
0.616667
0.604167
0.587500
0.550000
0.604167
0.620833
0.625000
0.625000
0.612500
0.575000
0.579167
0.533333
0.616667
0.625000
0.345833
0.275000
0.304167
0.483333
0.450000
0.587500
0.579167
0.533333
0.600000
0.625000
0.620833
0.625000
0.620833
0.566667
0.629167
0.445833
0.133333
0.354167
0.291667
0.329167
0.212500
0.229167
0.270833
0.754167
0.462500
0.629167
0.462500
0.329167
0.445833
0.304167
0.316667
0.583333
0.595833
0.579167
0.466667
0.575000
0.633333
0.620833
0.620833
0.612500
0.612500
0.579167
0.587500
0.533333
0.608333
0.625000
0.625000
0.625000
0.629167
0.587500
0.583333
0.591667
0.512500
0.595833
0.620833
0.620833
0.620833
0.625000
0.216667
0.395833
0.591667
0.583333
0.570833
0.612500
0.587500
0.650000
0.412500
0.900000
0.200000
0.529167
0.425000
0.383333
0.337500
0.587500
0.233333
0.204167
0.208333
0.379167
0.691667
0.625000
0.220833
0.329167
0.650000
0.583333
0.550000
0.616667
0.625000
0.625000
0.629167
0.629167
0.591667
0.583333
0.766667
0.279167
0.654167
0.708333
0.208333
0.375000
0.250000
0.454167
0.395833
0.720833
0.583333
0.541667
0.604167
0.629167
0.620833
0.387500
0.237500
0.645833
0.333333
0.541667
0.420833
0.195833
0.254167
0.520833
0.137500
0.475000
0.550000
0.450000
0.454167
