0.641667
0.970833
0.812500
0.795833
0.808333
0.820833
0.804167
0.820833
0.837500
0.829167
0.820833
0.512500
1.120833
0.825000
0.812500
0.725000
0.437500
0.583333
0.704167
0.791667
0.804167
0.600000
0.962500
0.800000
0.800000
0.779167
0.800000
0.808333
0.787500
0.820833
0.825000
0.825000
0.820833
0.841667
0.845833
0.812500
0.637500
1.025000
0.825000
0.825000
0.833333
0.829167
0.829167
0.825000
0.825000
0.800000
0.637500
0.470833
0.616667
0.695833
0.791667
0.804167
0.612500
0.975000
0.804167
0.804167
0.808333
0.787500
0.800000
0.804167
0.791667
0.600000
1.000000
0.808333
0.791667
0.804167
0.812500
0.791667
0.812500
0.829167
0.829167
0.825000
0.833333
0.829167
0.808333
0.820833
0.825000
0.795833
0.816667
0.833333
0.829167
0.800000
0.825000
0.845833
0.829167
0.550000
1.091667
0.833333
0.808333
0.808333
0.820833
0.825000
0.795833
0.545833
1.054167
0.812500
0.787500
0.787500
0.787500
0.766667
0.783333
0.791667
0.558333
1.008333
0.800000
0.791667
0.791667
0.583333
1.016667
0.812500
0.800000
0.800000
0.791667
0.783333
0.795833
0.800000
0.779167
0.804167
0.820833
0.820833
0.812500
0.820833
0.816667
0.800000
0.816667
0.820833
0.800000
0.816667
0.837500
0.808333
0.845833
0.845833
0.841667
0.820833
0.845833
0.845833
0.808333
0.445833
0.612500
0.716667
0.600000
0.345833
0.729167
0.787500
0.704167
0.412500
0.600000
0.579167
0.920833
0.787500
0.787500
0.791667
0.791667
0.787500
0.583333
1.004167
0.791667
0.795833
0.800000
0.795833
0.804167
0.812500
0.791667
0.804167
0.470833
1.129167
0.825000
0.820833
0.795833
0.812500
0.816667
0.800000
0.812500
0.820833
0.800000
0.816667
0.833333
0.816667
0.820833
0.833333
0.679167
0.954167
0.820833
0.575000
1.041667
0.770833
0.837500
0.783333
0.787500
0.783333
0.770833
0.783333
0.637500
0.941667
0.795833
0.800000
0.800000
0.791667
0.816667
0.820833
0.816667
0.808333
0.816667
0.820833
0.804167
0.583333
0.416667
0.700000
0.750000
0.812500
0.787500
0.550000
1.087500
0.816667
0.804167
0.833333
0.816667
0.804167
0.604167
1.033333
0.837500
0.812500
0.820833
0.820833
0.629167
0.995833
0.816667
0.816667
0.812500
0.829167
0.825000
0.795833
0.825000
0.837500
0.816667
0.870833
0.850000
0.883333
0.837500
0.833333
0.837500
0.816667
0.829167
0.837500
0.829167
0.562500
1.116667
0.850000
0.825000
0.829167
0.837500
0.837500
0.812500
0.612500
1.045833
0.833333
0.816667
0.816667
0.820833
0.804167
0.816667
0.825000
0.600000
1.029167
0.820833
0.825000
0.804167
0.820833
0.595833
0.483333
0.666667
0.733333
0.808333
0.816667
0.587500
1.050000
0.829167
0.791667
0.812500
0.820833
0.795833
0.800000
0.804167
0.787500
0.800000
0.516667
1.108333
0.804167
0.812500
0.812500
0.804167
0.808333
0.825000
0.812500
0.800000
0.825000
0.833333
0.804167
0.833333
0.841667
0.808333
0.833333
0.841667
0.841667
0.841667
0.841667
0.837500
0.816667
0.604167
1.050000
0.816667
0.845833
0.837500
0.808333
0.829167
0.833333
0.812500
0.829167
0.833333
0.804167
0.829167
0.825000
0.612500
1.000000
0.820833
0.804167
0.812500
0.812500
0.820833
0.545833
1.087500
0.816667
0.825000
0.858333
0.841667
0.804167
0.812500
0.541667
1.062500
0.820833
0.804167
0.808333
0.783333
0.795833
0.800000
0.804167
0.816667
0.812500
0.787500
0.812500
0.829167
0.833333
0.812500
0.820833
0.829167
0.833333
0.804167
0.820833
0.825000
0.804167
0.820833
0.829167
0.825000
0.808333
0.820833
0.825000
0.808333
0.820833
0.820833
0.825000
0.812500
0.816667
0.804167
0.583333
1.029167
0.804167
0.800000
0.800000
0.800000
0.566667
1.008333
0.804167
0.779167
0.779167
0.795833
0.787500
0.558333
1.033333
0.804167
0.791667
0.579167
0.425000
0.666667
0.533333
0.991667
0.795833
0.791667
0.770833
0.779167
0.779167
0.770833
0.783333
0.941667
0.641667
0.758333
0.783333
0.770833
0.783333
0.795833
0.800000
0.791667
0.808333
0.820833
0.691667
0.958333
0.854167
0.841667
0.829167
0.845833
0.587500
1.075000
0.833333
0.820833
0.816667
0.791667
0.408333
0.545833
0.700000
0.787500
0.595833
1.000000
0.808333
0.787500
0.795833
0.812500
0.808333
0.804167
0.825000
0.533333
0.508333
0.679167
0.733333
0.800000
0.800000
0.816667
0.816667
0.800000
0.820833
0.829167
0.812500
0.829167
0.808333
0.820833
0.862500
0.825000
0.820833
0.845833
0.837500
0.833333
0.816667
0.516667
1.108333
0.825000
0.816667
0.833333
0.579167
1.029167
0.825000
0.820833
0.791667
0.808333
0.812500
0.808333
0.812500
0.825000
0.825000
0.808333
0.825000
0.837500
0.804167
0.854167
0.841667
0.833333
0.833333
0.837500
0.829167
0.812500
0.641667
1.037500
0.820833
0.820833
0.812500
0.787500
0.795833
0.812500
0.795833
0.833333
0.841667
0.558333
1.075000
0.854167
0.837500
0.825000
0.825000
0.837500
0.841667
0.616667
1.012500
0.850000
0.837500
0.808333
0.833333
0.837500
0.816667
0.841667
0.862500
0.841667
0.812500
0.854167
0.866667
0.837500
0.891667
0.837500
0.887500
0.858333
0.833333
0.895833
0.862500
0.837500
0.883333
0.862500
0.858333
0.841667
0.979167
0.825000
0.866667
0.845833
0.858333
0.829167
0.958333
0.833333
0.833333
0.829167
0.829167
0.841667
0.850000
0.891667
0.862500
0.850000
0.908333
0.870833
0.879167
0.887500
0.841667
0.987500
0.850000
0.912500
0.862500
0.912500
0.879167
0.545833
1.187500
0.879167
0.887500
0.866667
0.970833
0.858333
0.870833
0.904167
0.887500
0.854167
0.883333
0.887500
0.858333
0.904167
0.854167
0.875000
0.866667
0.866667
0.883333
0.875000
0.875000
0.879167
0.850000
0.966667
0.841667
0.841667
0.858333
0.862500
0.845833
0.858333
0.833333
0.841667
0.850000
0.837500
0.825000
0.820833
0.804167
0.804167
0.662500
0.908333
0.791667
0.775000
0.787500
0.562500
0.420833
0.683333
0.708333
0.787500
0.800000
0.795833
0.787500
0.800000
0.804167
0.791667
0.591667
0.991667
0.800000
0.775000
0.783333
0.787500
0.779167
0.775000
0.783333
0.787500
0.775000
0.779167
0.783333
0.783333
0.779167
0.770833
0.775000
0.779167
0.770833
0.779167
0.787500
0.762500
0.591667
0.979167
0.791667
0.800000
0.816667
0.812500
0.791667
0.816667
0.812500
0.820833
0.820833
0.825000
0.800000
0.558333
1.045833
0.800000
0.787500
0.787500
0.770833
0.775000
0.762500
0.775000
0.770833
0.770833
0.770833
0.766667
0.770833
0.762500
0.766667
0.770833
0.770833
0.766667
0.770833
0.770833
0.770833
0.750000
0.754167
0.762500
0.770833
0.762500
0.766667
0.775000
0.775000
0.645833
0.908333
0.787500
0.766667
0.779167
0.787500
0.779167
0.787500
0.787500
0.800000
0.787500
0.795833
0.804167
0.791667
0.800000
0.812500
0.804167
0.808333
0.816667
0.808333
0.812500
0.800000
0.808333
0.804167
0.800000
0.566667
0.420833
0.683333
0.750000
0.812500
0.800000
0.820833
0.812500
0.829167
0.829167
0.820833
0.829167
0.837500
0.629167
1.029167
0.825000
0.825000
0.816667
0.816667
0.833333
0.812500
0.833333
0.850000
0.820833
0.829167
0.695833
0.929167
0.804167
0.804167
0.787500
0.787500
0.787500
0.770833
0.775000
0.775000
0.766667
0.770833
0.775000
0.766667
0.775000
0.787500
0.800000
0.783333
0.591667
1.000000
0.800000
0.779167
0.783333
0.783333
0.775000
0.779167
0.791667
0.783333
0.795833
0.808333
0.783333
0.795833
0.808333
0.800000
0.800000
0.808333
0.804167
0.795833
0.800000
0.800000
0.779167
0.787500
0.791667
0.800000
0.783333
0.800000
0.816667
