1.087500
1.087500
1.087500
1.091667
1.083333
1.091667
1.087500
1.087500
0.595833
1.187500
1.087500
1.087500
1.083333
1.091667
0.541667
1.187500
1.087500
1.087500
1.087500
1.091667
1.087500
1.087500
1.087500
0.858333
1.195833
1.087500
1.087500
1.008333
1.170833
1.083333
1.091667
1.045833
1.112500
1.087500
1.091667
0.991667
1.183333
1.087500
1.087500
1.087500
1.087500
1.087500
1.087500
1.087500
1.087500
1.087500
1.091667
1.087500
1.033333
1.116667
1.091667
1.083333
0.991667
1.183333
1.091667
1.087500
0.983333
1.191667
1.087500
0.941667
1.208333
1.091667
1.087500
1.100000
1.075000
1.087500
0.995833
1.179167
1.087500
1.091667
1.087500
1.087500
1.083333
1.091667
1.087500
1.087500
1.087500
1.087500
1.087500
1.087500
1.091667
1.087500
1.083333
1.091667
1.087500
1.087500
1.087500
1.087500
1.087500
1.087500
1.091667
1.087500
1.087500
1.087500
1.087500
1.087500
1.087500
1.000000
1.175000
1.091667
1.083333
1.091667
1.087500
1.083333
1.091667
1.087500
1.100000
1.075000
1.083333
1.091667
1.087500
1.075000
0.616667
1.116667
1.087500
1.087500
1.091667
1.087500
1.104167
1.070833
1.087500
1.087500
1.087500
1.087500
1.091667
1.083333
1.095833
1.083333
1.087500
1.087500
1.083333
1.091667
1.087500
1.087500
1.087500
1.091667
1.087500
1.087500
1.087500
1.087500
1.087500
0.991667
1.183333
1.091667
0.970833
0.508333
1.200000
1.087500
1.087500
1.087500
1.087500
1.087500
1.083333
1.091667
1.087500
1.087500
1.091667
1.087500
1.087500
1.087500
1.087500
1.087500
1.091667
1.083333
1.091667
1.083333
0.512500
1.183333
1.020833
1.116667
1.083333
1.091667
1.087500
1.091667
1.083333
1.087500
1.087500
1.091667
1.087500
1.087500
1.091667
1.083333
1.087500
1.087500
1.087500
0.962500
1.208333
1.087500
1.087500
1.087500
0.816667
1.212500
1.091667
1.087500
0.995833
1.179167
1.087500
0.891667
1.204167
1.087500
1.087500
0.995833
1.183333
1.087500
1.087500
1.087500
1.087500
1.091667
1.091667
1.079167
1.091667
1.087500
1.087500
1.087500
1.087500
1.087500
1.087500
1.087500
1.087500
1.091667
1.087500
1.087500
1.000000
1.175000
1.087500
1.087500
1.087500
1.087500
1.070833
1.104167
1.087500
0.954167
1.208333
1.087500
1.087500
1.054167
1.112500
1.087500
1.091667
1.083333
0.816667
1.112500
1.087500
1.087500
1.104167
1.075000
1.087500
0.600000
0.487500
1.087500
1.087500
1.087500
1.091667
1.083333
1.091667
1.087500
1.087500
1.087500
1.087500
1.087500
1.004167
1.170833
1.087500
1.091667
1.008333
1.166667
1.087500
1.087500
1.008333
1.166667
1.087500
1.091667
1.000000
1.170833
1.091667
1.087500
0.987500
1.187500
2.175000
0.629167
1.187500
1.087500
0.529167
1.191667
1.012500
0.775000
1.204167
0.516667
1.183333
1.087500
1.000000
1.133333
0.587500
1.191667
1.083333
0.641667
1.183333
1.087500
1.087500
1.087500
1.087500
1.004167
1.170833
1.087500
1.087500
1.091667
1.087500
1.050000
1.116667
1.087500
1.087500
1.083333
0.962500
1.195833
1.087500
1.083333
1.091667
1.087500
1.091667
1.083333
1.091667
1.083333
1.091667
1.087500
1.087500
1.083333
1.050000
1.112500
1.091667
1.087500
1.087500
1.083333
0.975000
1.195833
1.087500
1.087500
1.083333
1.091667
1.033333
1.112500
1.087500
1.091667
1.083333
1.087500
1.020833
1.116667
1.087500
1.087500
0.950000
0.970833
1.208333
1.087500
1.083333
0.958333
1.212500
1.087500
1.087500
1.091667
1.083333
1.045833
1.125000
1.087500
1.087500
1.087500
1.087500
0.991667
1.183333
1.091667
1.083333
1.037500
1.116667
0.600000
0.950000
1.212500
1.083333
1.091667
0.937500
1.212500
1.087500
1.087500
1.087500
1.091667
0.975000
1.200000
1.108333
1.066667
0.508333
1.187500
1.087500
1.087500
1.087500
1.091667
1.083333
1.087500
1.091667
0.983333
1.116667
1.087500
1.087500
0.954167
1.200000
1.087500
1.087500
1.087500
1.091667
1.104167
1.070833
1.087500
1.087500
1.087500
1.091667
1.087500
1.083333
1.087500
1.087500
0.966667
1.191667
1.087500
1.091667
1.087500
1.087500
1.012500
1.116667
1.087500
1.087500
1.087500
1.091667
0.925000
1.200000
1.087500
1.087500
1.087500
1.087500
0.991667
1.187500
1.104167
1.070833
1.087500
1.087500
0.958333
1.200000
1.100000
1.079167
1.087500
1.087500
1.025000
1.112500
1.083333
1.091667
1.087500
1.091667
1.012500
1.112500
1.091667
0.854167
1.200000
0.687500
1.187500
1.091667
1.087500
1.016667
1.116667
1.087500
1.087500
1.087500
1.091667
1.087500
1.087500
1.087500
1.087500
0.950000
1.208333
1.091667
1.083333
1.091667
1.087500
1.087500
1.087500
1.004167
1.112500
1.091667
1.087500
0.925000
1.200000
1.091667
1.087500
1.087500
1.087500
1.012500
0.712500
1.116667
1.083333
1.091667
1.087500
1.083333
0.933333
1.204167
1.091667
1.083333
1.020833
1.116667
0.579167
1.191667
1.083333
1.091667
0.991667
1.183333
0.550000
1.195833
0.850000
1.195833
0.533333
0.962500
1.208333
1.087500
1.087500
0.966667
1.195833
1.087500
1.083333
1.091667
1.087500
0.966667
1.191667
1.087500
1.091667
1.083333
1.091667
1.020833
1.112500
1.087500
1.091667
1.083333
1.087500
0.512500
1.029167
1.116667
1.087500
1.091667
0.941667
1.208333
1.087500
1.083333
1.091667
1.087500
0.991667
1.120833
1.087500
1.087500
1.033333
1.120833
1.087500
1.083333
1.091667
1.087500
0.925000
0.525000
1.195833
1.091667
1.087500
1.050000
1.116667
1.087500
1.091667
1.083333
1.087500
0.991667
1.187500
1.008333
1.170833
1.079167
1.091667
1.087500
1.087500
1.041667
1.108333
1.091667
0.887500
1.204167
1.091667
1.087500
1.020833
1.116667
