0.816667
0.808333
0.791667
0.795833
0.808333
0.808333
0.800000
0.808333
0.820833
0.833333
0.808333
0.820833
0.825000
0.833333
0.825000
0.808333
0.816667
0.825000
0.829167
0.825000
0.837500
0.816667
0.816667
0.833333
0.837500
0.858333
0.820833
0.825000
0.829167
0.825000
0.825000
0.804167
0.816667
0.829167
0.854167
0.858333
0.858333
0.845833
0.858333
0.850000
0.829167
0.820833
0.808333
0.800000
0.808333
0.825000
0.825000
0.808333
0.816667
0.841667
0.854167
0.587500
0.237500
0.820833
0.837500
0.858333
0.833333
0.837500
0.841667
0.845833
0.829167
0.825000
0.841667
0.850000
0.850000
0.833333
0.825000
0.845833
0.883333
0.908333
0.850000
0.845833
0.729167
0.120833
0.433333
0.400000
0.837500
0.808333
0.804167
0.816667
0.820833
0.829167
0.850000
0.833333
0.825000
0.841667
0.841667
0.829167
0.825000
0.816667
0.816667
0.812500
0.808333
0.833333
0.854167
0.858333
0.845833
0.862500
0.879167
0.579167
0.283333
0.829167
0.829167
0.837500
0.854167
0.854167
0.837500
0.837500
0.854167
0.875000
0.895833
0.841667
0.858333
0.866667
0.870833
0.879167
0.845833
0.845833
0.862500
0.862500
0.837500
0.833333
0.841667
0.862500
0.875000
0.854167
0.866667
0.895833
0.887500
0.887500
0.854167
0.854167
0.887500
0.891667
0.879167
0.850000
0.837500
0.841667
0.866667
0.870833
0.854167
0.833333
0.854167
0.845833
0.858333
0.837500
0.833333
0.858333
0.879167
0.858333
0.825000
0.833333
0.829167
0.816667
0.812500
0.800000
0.816667
0.808333
0.795833
0.791667
0.795833
0.787500
0.800000
0.787500
0.800000
0.816667
0.829167
0.854167
0.837500
0.825000
0.845833
0.845833
0.858333
0.850000
0.833333
0.845833
0.845833
0.862500
0.866667
0.850000
0.845833
0.875000
0.883333
0.891667
0.862500
0.845833
0.862500
0.875000
0.883333
0.891667
0.858333
0.870833
0.866667
0.850000
0.854167
0.875000
0.908333
0.891667
0.879167
0.870833
0.879167
0.891667
0.883333
0.866667
0.854167
0.866667
0.883333
0.895833
0.862500
0.837500
0.854167
0.854167
0.845833
0.854167
0.858333
0.862500
0.854167
0.841667
0.845833
0.850000
0.850000
0.862500
0.837500
0.829167
0.845833
0.850000
0.833333
0.820833
0.829167
0.841667
0.858333
0.850000
0.837500
0.841667
0.858333
0.833333
0.825000
0.829167
0.825000
0.800000
0.804167
0.804167
0.783333
0.495833
1.083333
0.691667
0.083333
0.366667
0.466667
0.733333
0.791667
0.795833
1.016667
0.570833
0.804167
0.804167
0.808333
0.825000
0.829167
0.837500
0.820833
0.833333
0.837500
0.850000
0.845833
0.833333
0.850000
0.841667
0.850000
0.837500
0.850000
1.058333
0.616667
0.812500
0.820833
0.329167
0.495833
0.820833
0.458333
0.354167
0.145833
0.458333
0.212500
0.066667
0.629167
0.279167
0.462500
0.245833
0.216667
0.395833
0.691667
0.716667
0.158333
0.200000
0.420833
0.450000
0.545833
0.287500
0.512500
0.420833
0.829167
0.745833
1.008333
0.887500
0.991667
1.237500
0.116667
0.408333
0.441667
0.845833
0.625000
0.666667
0.350000
0.391667
0.270833
0.245833
0.429167
0.466667
0.795833
0.987500
0.366667
0.866667
0.520833
0.545833
0.291667
0.604167
0.891667
0.637500
0.391667
0.300000
0.375000
0.733333
0.795833
0.804167
0.795833
0.795833
0.470833
0.320833
0.645833
0.970833
0.250000
0.729167
0.654167
0.833333
0.837500
0.816667
0.829167
0.845833
0.837500
0.845833
0.845833
0.833333
0.979167
0.079167
0.433333
0.512500
0.508333
0.375000
0.554167
0.308333
0.483333
0.287500
0.479167
0.208333
0.466667
0.291667
0.525000
0.570833
0.075000
0.529167
0.458333
0.479167
0.354167
0.462500
1.020833
0.187500
0.529167
0.841667
0.858333
0.858333
0.391667
0.429167
0.375000
0.279167
0.791667
0.908333
0.050000
0.412500
0.491667
1.004167
0.641667
0.520833
0.320833
1.141667
0.504167
0.400000
0.208333
0.204167
0.800000
0.816667
0.920833
0.470833
0.983333
0.787500
0.783333
0.737500
0.845833
0.804167
0.291667
0.208333
0.283333
0.791667
0.879167
0.454167
0.237500
0.454167
0.245833
0.645833
0.279167
0.808333
0.791667
0.812500
0.820833
1.679167
0.866667
0.841667
0.837500
0.850000
0.862500
0.437500
0.404167
0.829167
0.845833
0.866667
0.879167
0.875000
0.858333
0.870833
0.891667
0.654167
0.225000
0.854167
0.854167
0.866667
0.879167
0.883333
0.900000
0.883333
0.862500
0.895833
0.908333
0.854167
0.862500
0.612500
0.658333
0.133333
0.587500
0.316667
0.504167
0.395833
0.404167
0.216667
0.254167
0.870833
0.341667
0.500000
0.312500
0.112500
0.437500
0.375000
0.370833
0.416667
0.554167
0.325000
0.250000
0.491667
0.379167
0.212500
0.437500
0.491667
0.187500
0.741667
0.341667
0.583333
0.166667
0.500000
0.537500
0.070833
0.241667
0.204167
0.529167
0.112500
0.666667
0.558333
0.612500
0.491667
0.441667
0.470833
0.862500
0.145833
0.300000
0.312500
0.679167
0.741667
0.445833
0.154167
0.545833
0.837500
0.833333
0.833333
0.829167
0.812500
0.816667
0.816667
0.333333
0.475000
0.241667
0.566667
0.812500
0.816667
0.837500
0.829167
0.454167
0.362500
0.358333
0.466667
0.820833
0.304167
0.283333
0.254167
0.433333
0.175000
1.158333
0.662500
0.591667
0.225000
0.591667
0.229167
0.387500
0.541667
0.370833
0.350000
0.879167
0.754167
0.837500
0.829167
0.825000
0.820833
0.804167
0.850000
0.825000
0.829167
0.833333
0.837500
0.837500
0.845833
0.858333
0.479167
0.370833
0.829167
0.812500
0.825000
0.820833
0.825000
0.825000
0.825000
0.833333
0.295833
0.533333
0.279167
0.566667
0.829167
0.470833
0.366667
0.554167
0.287500
0.837500
0.862500
0.512500
0.366667
0.858333
0.854167
0.866667
0.875000
0.879167
0.862500
0.875000
0.879167
0.875000
0.870833
0.854167
0.475000
0.391667
0.858333
0.870833
0.850000
0.850000
0.854167
0.837500
0.716667
1.066667
0.187500
0.416667
0.283333
0.362500
0.570833
0.229167
0.262500
0.812500
0.800000
0.812500
0.816667
0.829167
0.816667
0.316667
1.358333
0.845833
0.825000
0.420833
0.395833
0.375000
0.441667
0.337500
0.487500
0.829167
0.841667
0.829167
0.829167
0.841667
0.845833
0.829167
0.845833
0.841667
0.845833
0.866667
0.879167
0.858333
0.870833
0.854167
0.229167
0.416667
0.204167
0.858333
0.483333
0.391667
0.875000
0.866667
0.854167
0.862500
0.837500
0.845833
0.329167
0.529167
0.862500
0.675000
0.937500
0.979167
0.616667
1.137500
0.229167
0.320833
0.316667
0.616667
0.512500
0.345833
0.241667
0.337500
0.529167
0.470833
0.408333
0.158333
0.700000
0.695833
1.075000
0.400000
0.137500
0.475000
0.533333
0.212500
0.583333
0.308333
0.583333
1.129167
0.704167
0.166667
0.862500
0.854167
0.845833
0.820833
0.691667
0.983333
0.862500
0.370833
0.462500
0.245833
0.312500
0.220833
0.387500
0.220833
0.345833
0.666667
0.200000
0.495833
0.350000
0.658333
0.279167
0.270833
0.608333
0.458333
0.420833
0.837500
0.425000
0.487500
0.295833
0.429167
0.133333
0.650000
0.220833
1.020833
0.208333
0.566667
0.266667
0.433333
0.425000
0.112500
0.891667
0.737500
0.133333
0.950000
1.091667
0.741667
0.050000
0.820833
0.829167
0.895833
0.704167
0.208333
0.283333
0.316667
0.812500
0.804167
0.875000
0.787500
0.500000
0.275000
0.862500
0.429167
0.408333
0.725000
0.404167
0.562500
0.891667
0.308333
0.966667
0.325000
0.887500
0.904167
0.250000
0.454167
0.279167
0.541667
0.329167
0.504167
0.320833
0.362500
0.575000
0.404167
0.829167
0.379167
0.429167
0.825000
0.808333
0.825000
0.812500
1.341667
0.291667
0.275000
0.541667
0.825000
0.558333
0.258333
0.829167
0.716667
0.929167
0.816667
0.804167
0.800000
0.800000
0.791667
0.779167
0.783333
0.508333
0.275000
0.508333
0.287500
0.479167
0.304167
0.675000
0.375000
0.529167
0.775000
0.787500
0.337500
0.437500
0.770833
1.020833
0.641667
0.495833
0.312500
0.808333
0.837500
0.808333
0.808333
0.816667
0.812500
0.195833
0.616667
0.516667
0.316667
0.500000
0.316667
0.212500
0.362500
0.233333
0.445833
0.383333
0.558333
1.000000
0.795833
0.354167
0.183333
0.754167
0.316667
0.808333
0.300000
0.629167
0.708333
0.837500
0.825000
0.825000
0.362500
0.454167
1.066667
1.375000
0.816667
1.650000
0.812500
0.841667
0.841667
0.829167
0.850000
0.837500
0.854167
0.837500
0.225000
0.620833
0.837500
0.825000
0.820833
0.825000
0.820833
0.808333
0.816667
0.329167
0.283333
0.216667
0.825000
0.612500
0.220833
0.829167
0.825000
0.833333
0.841667
0.850000
0.850000
0.862500
0.845833
0.841667
0.866667
0.845833
0.833333
0.845833
0.850000
0.625000
0.220833
0.487500
0.345833
0.825000
0.587500
0.225000
0.500000
0.308333
0.812500
0.812500
0.816667
0.812500
0.820833
0.787500
0.854167
0.816667
0.816667
0.816667
0.804167
0.804167
0.800000
0.812500
0.808333
0.808333
0.233333
0.579167
0.820833
0.829167
0.820833
0.337500
0.483333
0.100000
0.275000
0.429167
0.487500
0.441667
0.212500
0.287500
0.508333
0.650000
0.320833
0.420833
0.395833
0.404167
0.825000
0.591667
0.229167
0.833333
0.212500
0.620833
0.845833
