0.500000
0.770833
0.650000
0.220833
0.933333
0.583333
0.854167
0.650000
0.645833
0.645833
0.266667
0.687500
1.000000
0.658333
0.654167
0.650000
0.420833
0.725000
0.600000
0.866667
0.650000
0.662500
0.641667
0.658333
0.654167
0.662500
0.675000
0.454167
0.887500
0.645833
0.695833
0.545833
0.429167
0.825000
0.787500
0.700000
1.404167
0.541667
0.812500
0.600000
0.895833
0.650000
0.650000
0.241667
1.058333
0.641667
0.675000
0.491667
0.787500
0.650000
0.612500
0.641667
0.216667
0.400000
0.454167
0.420833
0.958333
0.629167
0.475000
0.629167
0.770833
0.587500
0.675000
0.633333
0.491667
0.745833
0.712500
0.033333
0.495833
0.733333
0.045833
0.658333
0.641667
0.645833
0.620833
0.562500
0.079167
0.520833
0.145833
0.525000
0.841667
0.508333
0.683333
0.354167
0.908333
0.495833
0.791667
0.650000
0.650000
0.283333
1.000000
0.654167
0.650000
0.670833
0.245833
0.691667
0.645833
0.995833
0.650000
0.670833
0.408333
0.520833
0.854167
0.679167
0.766667
0.816667
0.562500
0.679167
0.612500
0.683333
0.675000
0.879167
0.429167
0.895833
0.437500
0.450000
0.712500
0.795833
0.850000
1.320833
0.650000
0.570833
0.583333
0.858333
0.650000
0.637500
0.604167
0.612500
0.679167
0.487500
0.770833
0.650000
0.258333
0.850000
0.795833
0.233333
1.041667
0.616667
0.633333
0.550000
0.370833
0.979167
0.512500
0.779167
0.420833
1.462500
0.500000
0.716667
0.662500
0.654167
0.645833
0.466667
0.825000
0.645833
0.658333
0.212500
0.912500
0.816667
0.625000
0.633333
0.654167
0.641667
0.650000
0.633333
0.650000
0.645833
0.654167
0.687500
0.666667
0.470833
0.670833
0.891667
0.662500
0.425000
0.554167
0.808333
0.433333
0.941667
0.595833
2.154167
0.658333
0.670833
0.683333
0.645833
0.662500
0.650000
0.700000
0.550000
0.875000
1.291667
0.900000
0.650000
0.654167
0.479167
0.800000
0.629167
0.654167
0.500000
0.762500
0.279167
0.595833
0.637500
0.833333
0.770833
0.391667
0.870833
0.679167
0.629167
0.487500
0.808333
0.662500
0.520833
0.700000
0.841667
0.487500
0.662500
0.720833
0.158333
0.683333
0.595833
0.600000
0.166667
0.604167
1.529167
0.291667
1.025000
0.658333
0.641667
0.662500
0.666667
0.641667
0.666667
0.625000
0.637500
0.208333
0.933333
0.600000
0.912500
0.458333
0.704167
0.679167
0.687500
0.779167
0.695833
0.600000
0.687500
0.675000
0.904167
0.425000
0.650000
0.716667
0.808333
0.675000
0.654167
0.662500
0.633333
0.666667
0.662500
0.670833
0.654167
0.658333
0.633333
0.637500
0.654167
0.637500
0.291667
1.004167
0.654167
0.650000
0.662500
0.679167
0.683333
0.470833
0.700000
0.691667
0.700000
0.783333
0.829167
0.541667
0.720833
0.379167
0.808333
0.875000
0.666667
0.654167
0.679167
0.650000
0.637500
0.670833
0.637500
0.654167
0.658333
0.670833
0.658333
0.662500
0.666667
0.666667
0.683333
0.695833
0.479167
0.708333
0.708333
0.770833
1.304167
0.687500
0.725000
0.687500
0.687500
0.904167
0.675000
0.687500
0.583333
0.416667
0.825000
0.708333
0.900000
0.666667
0.587500
0.629167
0.616667
0.650000
0.533333
0.820833
0.904167
0.412500
0.770833
0.816667
0.650000
0.200000
1.058333
0.666667
1.225000
0.629167
0.683333
0.595833
0.641667
0.495833
0.787500
0.583333
0.704167
0.479167
0.800000
0.475000
0.804167
0.520833
0.845833
0.470833
0.262500
0.491667
0.400000
0.787500
1.370833
0.204167
0.558333
0.770833
0.704167
0.620833
0.533333
0.458333
0.187500
0.533333
0.266667
0.245833
0.862500
0.804167
0.675000
0.483333
0.783333
1.266667
1.070833
0.683333
0.612500
0.729167
0.612500
0.441667
1.004167
0.625000
0.595833
0.683333
0.654167
0.645833
0.637500
0.637500
0.287500
1.008333
0.641667
0.637500
0.662500
0.633333
0.654167
0.637500
0.650000
0.637500
0.508333
0.800000
0.658333
0.658333
0.666667
0.633333
0.654167
0.512500
0.825000
0.441667
0.866667
0.645833
0.641667
0.654167
0.683333
0.645833
0.666667
0.654167
0.420833
0.875000
0.658333
0.654167
0.633333
0.658333
0.641667
0.650000
0.650000
0.641667
0.604167
0.708333
1.116667
0.162500
0.641667
0.645833
0.645833
0.637500
0.479167
0.395833
1.037500
0.654167
0.629167
0.633333
0.562500
0.716667
0.262500
1.037500
0.637500
0.645833
0.670833
0.629167
0.254167
0.420833
0.412500
1.516667
0.604167
0.312500
1.725000
0.416667
0.904167
0.641667
0.679167
0.433333
0.850000
0.495833
0.887500
0.691667
0.654167
0.670833
0.658333
0.670833
0.666667
0.450000
0.887500
0.683333
0.683333
0.545833
0.625000
0.691667
0.779167
0.820833
0.683333
0.537500
0.600000
1.316667
0.891667
0.670833
0.662500
0.683333
0.354167
0.833333
0.683333
0.666667
0.887500
0.687500
0.450000
0.904167
0.666667
0.425000
0.883333
0.658333
0.662500
0.666667
0.666667
0.675000
0.662500
0.641667
0.658333
0.662500
0.679167
0.670833
0.454167
0.883333
0.679167
0.670833
0.670833
0.458333
0.670833
0.912500
0.433333
0.916667
0.529167
0.804167
0.679167
0.658333
0.679167
0.662500
0.654167
0.666667
0.658333
0.683333
0.437500
0.879167
0.666667
0.666667
0.687500
0.433333
0.916667
0.450000
0.883333
0.650000
0.658333
0.350000
0.258333
0.595833
0.100000
0.270833
0.366667
0.304167
0.679167
0.908333
0.487500
0.750000
0.679167
0.583333
0.400000
0.925000
1.245833
0.500000
0.412500
1.045833
0.633333
0.545833
0.845833
0.441667
0.891667
0.566667
0.666667
0.662500
0.825000
0.616667
1.258333
1.225000
0.770833
0.579167
0.862500
1.304167
0.666667
0.512500
0.675000
0.804167
0.629167
0.670833
0.641667
0.658333
0.675000
0.662500
0.658333
0.654167
0.654167
0.641667
0.658333
0.662500
0.679167
0.437500
0.887500
0.675000
0.433333
0.912500
0.545833
0.812500
0.675000
0.662500
0.683333
0.670833
0.437500
0.945833
0.454167
0.675000
0.658333
0.658333
0.908333
0.654167
0.316667
1.037500
0.666667
0.454167
0.650000
0.904167
0.679167
0.662500
0.712500
0.420833
0.933333
0.458333
0.891667
1.350000
0.637500
0.629167
0.654167
0.662500
0.633333
0.641667
0.616667
0.516667
0.795833
0.237500
0.908333
0.754167
0.658333
0.633333
0.533333
0.150000
0.479167
0.816667
0.658333
0.508333
0.137500
0.666667
0.637500
0.695833
0.650000
0.670833
0.625000
0.679167
0.454167
0.891667
0.679167
0.641667
0.441667
0.887500
0.645833
0.662500
0.658333
0.670833
0.641667
0.662500
0.662500
0.675000
0.687500
0.662500
0.737500
0.483333
0.687500
0.700000
0.916667
0.575000
0.462500
0.850000
0.700000
0.691667
0.787500
0.683333
0.583333
0.679167
0.675000
0.900000
0.679167
0.675000
0.670833
0.458333
0.666667
0.900000
0.504167
0.666667
0.808333
0.616667
0.666667
0.495833
0.800000
0.633333
0.354167
0.133333
0.812500
0.345833
0.962500
1.275000
0.491667
0.837500
0.291667
0.845833
0.658333
1.320833
0.412500
0.750000
0.800000
0.645833
1.454167
1.354167
0.666667
0.650000
0.654167
0.666667
0.670833
0.662500
0.641667
0.679167
0.675000
0.662500
0.679167
0.679167
0.420833
0.841667
0.633333
0.704167
0.712500
0.695833
0.916667
0.450000
0.904167
0.683333
0.437500
0.891667
0.537500
0.816667
0.683333
0.675000
0.662500
0.458333
0.879167
0.662500
0.675000
0.662500
0.683333
0.450000
1.350000
0.887500
0.695833
0.454167
0.683333
0.687500
0.695833
0.679167
0.912500
0.662500
0.679167
0.662500
0.454167
0.891667
0.662500
0.662500
0.675000
0.437500
0.912500
0.437500
0.895833
0.658333
0.666667
0.666667
0.641667
0.645833
0.679167
0.666667
0.650000
0.654167
0.645833
0.679167
0.670833
0.658333
0.679167
0.679167
0.691667
0.516667
0.166667
0.529167
0.591667
0.208333
0.445833
0.762500
0.804167
0.508333
0.141667
0.662500
0.354167
0.312500
0.625000
0.650000
0.491667
1.300000
0.791667
0.637500
0.516667
0.770833
0.687500
0.658333
0.008333
0.325000
0.670833
0.937500
0.637500
0.120833
0.583333
1.158333
0.600000
0.862500
0.712500
0.666667
0.662500
0.716667
0.479167
0.691667
0.695833
0.691667
0.916667
0.704167
0.712500
0.529167
0.775000
0.725000
0.704167
0.920833
0.675000
0.558333
0.600000
0.700000
0.687500
0.695833
0.537500
1.050000
0.450000
0.916667
0.375000
0.758333
0.675000
0.687500
0.904167
0.587500
0.400000
0.816667
0.750000
0.808333
0.670833
0.645833
0.533333
0.454167
1.050000
0.670833
0.675000
0.533333
0.800000
0.679167
0.670833
0.679167
0.675000
0.445833
0.887500
0.670833
0.662500
0.679167
0.654167
0.341667
0.337500
0.662500
0.400000
0.800000
0.762500
0.495833
0.566667
0.225000
0.366667
0.283333
0.641667
0.654167
0.258333
1.079167
0.433333
0.166667
0.654167
0.458333
0.716667
0.854167
0.529167
0.612500
0.804167
0.295833
1.016667
0.670833
0.708333
0.500000
0.708333
0.691667
0.704167
0.729167
0.637500
1.033333
0.475000
0.754167
0.779167
0.750000
0.720833
0.708333
0.779167
0.620833
0.758333
0.700000
0.700000
0.691667
0.833333
0.729167
0.458333
0.825000
0.741667
0.454167
0.666667
0.895833
0.675000
0.312500
0.820833
0.670833
0.645833
1.520833
0.625000
0.537500
0.658333
1.066667
1.029167
0.941667
