0.570833
0.570833
0.570833
0.566667
0.570833
0.575000
0.766667
0.375000
0.570833
0.570833
0.570833
0.566667
0.575000
0.570833
0.566667
0.575000
0.379167
0.325000
0.225000
0.883333
0.475000
0.125000
0.508333
0.508333
0.570833
0.570833
0.575000
0.570833
0.575000
0.570833
0.575000
0.570833
0.575000
1.145833
0.570833
0.570833
0.570833
0.500000
0.637500
0.562500
0.558333
0.562500
0.600000
0.575000
0.570833
0.570833
0.575000
0.570833
0.241667
0.329167
0.570833
0.570833
0.570833
0.570833
0.570833
0.233333
0.379167
0.200000
0.383333
0.512500
0.566667
0.570833
0.566667
0.566667
0.570833
0.570833
0.566667
0.570833
0.570833
0.570833
0.570833
0.570833
0.570833
0.575000
0.562500
0.558333
0.587500
0.245833
0.895833
0.566667
0.570833
0.570833
0.570833
0.570833
0.570833
0.570833
0.579167
0.575000
0.575000
0.570833
0.570833
0.579167
0.570833
0.558333
0.562500
0.600000
0.575000
0.579167
0.575000
0.575000
0.579167
0.579167
0.629167
0.250000
0.241667
0.620833
0.254167
0.900000
0.575000
0.558333
0.566667
0.479167
0.245833
0.366667
0.470833
0.458333
0.416667
0.333333
0.370833
0.354167
0.529167
0.333333
0.258333
0.579167
0.575000
0.579167
0.575000
0.512500
0.333333
0.870833
0.562500
0.558333
0.600000
0.579167
0.570833
0.575000
0.570833
0.579167
0.570833
0.575000
0.579167
0.575000
0.354167
0.220833
0.545833
0.400000
0.104167
0.425000
0.458333
0.362500
0.254167
0.312500
0.604167
0.400000
0.183333
0.495833
0.650000
0.770833
0.300000
0.462500
0.504167
0.479167
0.212500
0.229167
1.179167
1.033333
1.145833
1.145833
1.712500
1.712500
1.712500
0.575000
0.575000
1.141667
1.145833
1.412500
0.208333
0.425000
0.516667
0.283333
0.620833
1.108333
1.150000
0.575000
1.025000
1.262500
1.700000
0.554167
1.162500
0.570833
0.566667
0.566667
0.566667
0.570833
0.562500
0.566667
0.495833
0.625000
0.566667
0.566667
0.562500
0.554167
0.558333
0.554167
0.583333
0.562500
0.558333
0.562500
0.562500
0.558333
0.562500
0.554167
0.566667
0.558333
0.562500
0.562500
0.237500
0.325000
0.562500
0.566667
0.566667
0.054167
0.520833
0.545833
0.558333
0.550000
0.583333
0.687500
0.445833
0.562500
0.270833
0.216667
0.641667
0.283333
0.279167
0.529167
0.604167
0.300000
0.379167
0.204167
0.200000
0.600000
0.320833
0.245833
0.566667
0.562500
0.562500
0.454167
0.387500
0.858333
0.775000
0.404167
0.454167
0.370833
0.362500
0.345833
1.120833
0.720833
0.233333
0.416667
0.229167
0.362500
0.512500
0.254167
0.466667
0.495833
0.470833
0.533333
0.287500
0.375000
0.695833
0.420833
0.783333
0.358333
0.612500
0.662500
0.287500
0.229167
0.562500
0.829167
0.841667
45.641667
4.391667
13.062500
2.850000
3.408333
5.108333
6.258333
7.166667
1.154167
2.308333
0.637500
0.887500
1.229167
0.591667
2.250000
0.920833
0.583333
1.129167
1.700000
1.708333
1.708333
2.004167
2.562500
2.850000
0.375000
0.416667
0.454167
0.262500
0.800000
0.554167
0.241667
0.304167
0.429167
0.375000
0.529167
0.562500
0.683333
0.216667
0.445833
0.466667
0.666667
1.200000
0.291667
0.645833
0.400000
0.645833
0.241667
0.891667
0.604167
0.695833
0.341667
0.775000
1.191667
0.325000
0.320833
0.116667
0.379167
0.512500
0.216667
0.254167
0.370833
0.512500
0.320833
0.833333
1.058333
0.900000
0.541667
0.762500
0.662500
0.208333
0.995833
0.233333
5.333333
0.208333
6.450000
3.504167
1.291667
3.708333
1.420833
4.175000
5.629167
5.650000
2.270833
5.675000
0.558333
1.737500
0.570833
1.137500
0.570833
0.570833
0.566667
0.570833
0.570833
0.566667
0.570833
0.566667
0.570833
0.570833
0.575000
0.570833
0.570833
0.575000
0.575000
0.570833
1.129167
0.566667
0.570833
0.566667
0.604167
0.575000
0.575000
0.287500
0.420833
0.445833
0.579167
0.416667
0.737500
0.741667
0.416667
0.254167
0.900000
0.579167
0.275000
0.366667
0.500000
0.575000
0.575000
0.566667
0.600000
0.591667
0.575000
0.379167
0.200000
0.583333
0.579167
0.579167
0.575000
0.587500
0.570833
0.579167
0.470833
0.679167
0.229167
0.337500
0.558333
0.325000
0.312500
0.416667
0.537500
0.220833
0.358333
0.633333
0.254167
0.550000
0.275000
0.795833
0.570833
0.808333
0.916667
1.166667
1.266667
0.266667
1.033333
0.866667
0.958333
1.962500
1.691667
1.783333
1.737500
2.320833
1.145833
0.562500
0.600000
0.583333
0.537500
0.625000
0.579167
0.583333
0.579167
0.725000
0.316667
0.662500
0.600000
0.566667
0.562500
0.604167
0.579167
1.091667
0.637500
0.579167
0.591667
0.237500
0.900000
0.579167
0.575000
0.575000
0.579167
0.558333
0.562500
0.604167
0.579167
0.575000
0.575000
0.575000
0.575000
0.575000
0.575000
0.575000
0.575000
0.462500
0.466667
0.804167
0.404167
0.254167
0.687500
0.508333
0.312500
0.358333
0.404167
0.379167
0.229167
0.495833
0.579167
0.575000
0.208333
0.445833
0.491667
0.579167
0.579167
0.570833
0.575000
0.570833
0.579167
0.566667
0.562500
0.562500
0.604167
0.608333
0.212500
0.316667
0.483333
0.887500
0.362500
0.575000
0.358333
0.245833
0.454167
0.566667
0.716667
0.387500
0.387500
0.262500
0.408333
0.504167
0.329167
0.454167
0.654167
0.437500
0.258333
0.433333
0.420833
0.300000
0.625000
0.295833
0.808333
0.870833
1.220833
0.237500
0.445833
0.283333
0.379167
0.279167
0.512500
0.308333
0.262500
0.320833
0.320833
0.245833
0.358333
0.525000
0.691667
0.516667
0.262500
0.704167
0.566667
0.929167
1.112500
1.162500
1.162500
1.716667
0.575000
0.545833
0.600000
0.470833
0.254167
0.416667
0.570833
0.554167
1.150000
0.579167
0.570833
0.570833
0.575000
1.141667
0.570833
0.975000
1.312500
0.570833
1.137500
1.229167
0.395833
1.812500
0.804167
0.341667
1.712500
0.391667
1.625000
1.166667
1.962500
0.575000
0.962500
0.754167
0.558333
0.870833
0.270833
0.229167
0.366667
0.216667
0.225000
0.520833
0.520833
0.404167
0.400000
0.575000
0.845833
0.720833
1.325000
1.125000
1.166667
0.595833
0.700000
0.454167
0.579167
0.566667
0.579167
0.575000
0.575000
0.295833
0.250000
0.604167
0.633333
0.487500
0.562500
0.604167
0.570833
0.566667
0.575000
0.575000
0.566667
0.541667
0.604167
0.575000
0.570833
0.570833
0.570833
0.575000
0.570833
0.575000
0.575000
0.570833
0.575000
0.575000
0.562500
0.562500
0.575000
0.558333
0.591667
0.595833
0.575000
0.575000
0.575000
0.570833
0.579167
0.575000
0.579167
0.570833
0.575000
0.575000
0.570833
0.566667
0.562500
0.562500
0.558333
0.595833
0.579167
0.570833
0.579167
0.370833
0.766667
0.575000
0.708333
0.433333
0.204167
0.770833
0.208333
0.241667
0.679167
0.187500
1.137500
0.341667
0.795833
0.791667
0.245833
0.254167
0.470833
0.316667
0.320833
5.083333
0.508333
1.100000
0.695833
1.075000
0.995833
0.479167
0.483333
0.304167
0.608333
2.145833
0.220833
0.208333
0.595833
0.462500
0.975000
0.416667
0.929167
1.204167
1.016667
1.316667
1.695833
1.687500
1.108333
0.591667
0.566667
0.566667
0.566667
0.566667
0.566667
0.562500
0.570833
0.562500
0.562500
0.570833
0.566667
0.570833
0.566667
0.570833
0.529167
0.604167
0.570833
0.558333
0.554167
0.562500
0.595833
0.570833
0.570833
0.570833
0.575000
0.566667
0.575000
0.733333
0.300000
0.366667
0.291667
0.570833
0.316667
0.616667
0.258333
0.258333
0.487500
0.316667
0.279167
0.470833
0.270833
0.362500
0.383333
0.487500
0.200000
0.933333
0.475000
0.441667
0.508333
0.254167
0.583333
0.300000
0.262500
0.737500
0.183333
0.208333
0.645833
0.479167
0.562500
0.562500
0.566667
0.562500
0.566667
0.325000
0.241667
0.570833
0.566667
1.133333
0.779167
0.533333
0.383333
0.570833
0.404167
0.741667
1.129167
0.566667
0.550000
0.579167
0.562500
0.550000
0.558333
0.579167
0.566667
0.558333
0.566667
0.558333
0.562500
0.562500
0.558333
0.337500
0.229167
0.554167
0.566667
0.545833
0.575000
0.550000
0.566667
0.562500
0.316667
0.250000
0.262500
0.487500
0.325000
0.391667
0.212500
0.562500
0.562500
0.562500
0.508333
0.608333
0.341667
0.216667
0.658333
