0.262500
0.316667
0.583333
0.583333
0.583333
0.579167
0.583333
0.583333
0.583333
0.579167
0.583333
0.587500
0.587500
0.583333
0.579167
0.587500
0.591667
0.583333
0.583333
0.200000
0.387500
0.591667
0.595833
0.591667
0.645833
0.533333
0.587500
0.595833
0.587500
0.595833
0.587500
0.591667
0.591667
0.591667
0.583333
0.595833
0.583333
0.583333
0.587500
0.591667
0.587500
0.587500
0.587500
0.587500
0.591667
0.587500
0.583333
0.591667
0.595833
0.591667
0.591667
0.591667
0.591667
0.579167
0.591667
0.583333
0.587500
0.587500
0.591667
0.591667
0.491667
0.687500
0.595833
0.595833
0.595833
0.591667
0.595833
0.591667
0.587500
0.587500
0.591667
0.587500
0.587500
0.583333
0.587500
0.583333
0.587500
0.587500
0.587500
0.583333
0.591667
0.591667
0.587500
0.587500
0.570833
0.587500
0.600000
0.600000
0.600000
0.587500
0.591667
0.600000
0.591667
0.595833
0.595833
0.575000
0.583333
0.600000
0.600000
0.604167
0.595833
0.591667
0.587500
0.591667
0.595833
0.591667
0.591667
0.591667
0.587500
0.587500
0.570833
0.583333
0.870833
0.658333
0.637500
0.200000
0.620833
0.420833
0.483333
0.258333
0.337500
0.262500
0.095833
0.395833
0.637500
0.529167
0.550000
0.350000
0.216667
0.320833
0.208333
0.829167
0.145833
0.445833
0.637500
0.170833
0.358333
0.579167
0.829167
0.350000
0.495833
0.325000
0.320833
0.595833
0.237500
0.354167
0.395833
0.183333
0.583333
0.304167
0.279167
0.429167
0.508333
0.229167
0.566667
0.595833
0.587500
0.225000
0.362500
0.583333
0.320833
0.262500
0.354167
0.216667
0.583333
0.600000
0.595833
0.587500
0.575000
0.591667
0.587500
0.587500
0.591667
0.579167
0.591667
0.575000
0.587500
0.554167
0.591667
0.591667
0.587500
0.366667
0.212500
0.750000
0.358333
0.258333
0.354167
0.150000
0.437500
0.283333
0.604167
0.258333
0.216667
0.300000
0.425000
0.295833
0.266667
0.262500
0.287500
0.154167
0.387500
0.220833
0.508333
0.545833
0.225000
0.270833
0.304167
0.570833
0.216667
0.208333
0.858333
0.325000
0.704167
0.583333
0.579167
0.766667
0.575000
0.887500
0.433333
0.687500
0.841667
0.604167
1.108333
0.512500
0.241667
0.395833
0.300000
0.170833
0.504167
0.716667
0.429167
0.445833
0.237500
0.758333
0.591667
0.325000
0.400000
0.258333
0.208333
0.475000
0.287500
0.225000
0.383333
0.358333
0.241667
0.229167
0.512500
0.562500
0.625000
0.516667
0.583333
0.250000
1.187500
0.283333
0.954167
1.020833
1.012500
1.195833
1.737500
1.158333
1.745833
1.633333
1.291667
1.970833
2.708333
2.325000
1.650000
1.233333
0.645833
0.583333
0.591667
0.583333
1.170833
1.162500
0.591667
0.591667
0.604167
0.604167
0.591667
0.587500
0.583333
0.587500
0.587500
0.587500
0.591667
0.587500
0.583333
0.579167
0.579167
0.583333
0.583333
0.591667
0.587500
0.587500
0.591667
0.587500
0.595833
0.587500
0.587500
0.583333
0.462500
0.712500
0.583333
0.583333
0.591667
0.591667
0.604167
0.600000
0.595833
0.595833
0.604167
0.595833
0.570833
0.591667
0.591667
0.604167
0.600000
0.604167
0.595833
0.608333
0.604167
0.579167
0.575000
0.579167
0.595833
0.608333
0.595833
0.587500
0.587500
0.591667
0.587500
0.587500
0.591667
0.591667
0.591667
0.591667
0.595833
0.591667
0.591667
0.587500
0.579167
0.583333
0.587500
0.595833
0.587500
0.595833
0.600000
0.595833
0.608333
0.600000
0.591667
0.595833
0.595833
0.595833
0.579167
0.579167
0.587500
0.587500
0.591667
0.595833
0.600000
0.604167
0.604167
0.604167
0.600000
0.587500
0.579167
0.291667
0.295833
0.587500
0.600000
0.595833
0.604167
0.608333
0.575000
0.587500
0.595833
0.587500
0.591667
0.583333
0.591667
0.587500
0.570833
0.591667
0.600000
0.604167
0.595833
0.587500
0.595833
0.591667
0.595833
0.591667
0.595833
0.591667
0.595833
0.575000
0.579167
0.591667
0.591667
0.595833
0.600000
0.850000
0.345833
0.320833
0.275000
0.587500
0.595833
1.179167
0.579167
0.575000
0.591667
0.600000
0.604167
0.600000
0.600000
0.587500
0.591667
1.183333
0.587500
0.566667
0.595833
0.600000
0.608333
0.608333
0.604167
0.595833
0.604167
0.662500
0.533333
0.591667
0.579167
0.583333
0.595833
0.600000
0.616667
0.591667
0.608333
0.604167
0.600000
0.600000
0.587500
0.300000
0.279167
0.591667
0.604167
0.250000
0.354167
0.600000
0.612500
0.604167
0.604167
0.595833
0.591667
0.395833
0.275000
0.520833
0.591667
0.554167
0.591667
0.608333
0.512500
0.266667
0.429167
0.904167
0.295833
0.608333
0.275000
0.325000
0.458333
0.716667
0.637500
0.462500
0.700000
0.295833
0.520833
0.412500
0.600000
0.604167
0.762500
0.454167
0.141667
0.225000
0.512500
0.633333
0.250000
0.608333
0.241667
0.695833
0.858333
0.591667
0.595833
0.583333
0.545833
0.583333
0.600000
0.591667
0.600000
0.604167
0.604167
0.595833
0.600000
0.608333
0.587500
0.579167
0.591667
0.591667
0.612500
0.600000
0.595833
0.604167
0.600000
0.608333
0.604167
0.587500
0.587500
0.587500
0.345833
0.262500
0.300000
0.308333
0.604167
0.604167
0.595833
0.604167
0.616667
0.591667
0.204167
0.900000
0.470833
0.400000
0.233333
0.441667
0.241667
0.641667
0.166667
0.570833
1.108333
0.304167
0.308333
0.595833
0.604167
0.558333
0.612500
0.383333
0.220833
0.595833
0.658333
0.333333
0.216667
0.258333
0.508333
0.241667
0.508333
0.416667
0.995833
0.333333
0.866667
0.787500
1.008333
1.204167
1.816667
1.770833
0.587500
0.550000
0.583333
0.591667
0.595833
0.595833
0.595833
0.591667
0.591667
0.595833
0.595833
0.583333
0.575000
0.583333
0.591667
0.595833
0.600000
0.595833
0.595833
0.600000
0.600000
0.591667
0.575000
0.529167
0.575000
0.591667
0.600000
0.591667
0.591667
0.591667
0.591667
0.595833
0.591667
0.591667
0.591667
0.587500
0.595833
0.641667
0.470833
0.637500
0.591667
0.587500
0.591667
0.575000
0.587500
0.591667
0.595833
0.595833
0.600000
0.595833
0.600000
0.595833
0.600000
0.600000
0.595833
0.595833
0.587500
0.587500
0.595833
0.587500
0.591667
0.591667
0.591667
0.600000
0.587500
0.587500
0.591667
0.591667
0.591667
0.595833
0.591667
0.591667
0.591667
0.600000
0.595833
0.595833
0.591667
0.591667
0.325000
0.712500
0.470833
0.275000
0.579167
0.595833
0.604167
0.604167
0.612500
0.604167
0.600000
0.604167
0.604167
0.604167
0.583333
0.583333
0.587500
0.600000
0.604167
0.600000
0.600000
0.600000
0.595833
0.604167
0.604167
0.591667
0.595833
0.595833
0.595833
0.604167
0.591667
0.591667
0.595833
0.579167
0.604167
0.604167
0.608333
0.608333
0.612500
0.612500
0.604167
0.600000
0.591667
0.591667
0.604167
0.591667
0.591667
0.558333
0.591667
0.608333
0.608333
0.604167
0.608333
0.608333
0.608333
0.612500
0.591667
0.583333
0.537500
0.587500
0.604167
0.608333
0.604167
0.600000
0.608333
0.604167
0.608333
0.591667
0.591667
0.595833
0.600000
0.545833
0.587500
0.604167
0.758333
0.545833
0.400000
0.566667
0.962500
0.404167
0.583333
0.312500
0.816667
0.587500
0.616667
0.604167
0.608333
0.612500
0.600000
0.579167
0.579167
0.600000
0.600000
0.587500
0.587500
0.591667
0.583333
0.591667
0.575000
0.604167
0.558333
0.625000
0.554167
0.600000
0.583333
0.541667
0.537500
0.645833
0.600000
0.604167
0.604167
0.600000
0.604167
0.600000
0.587500
0.570833
0.595833
0.600000
0.600000
0.595833
0.600000
0.600000
0.608333
0.600000
0.595833
0.583333
0.595833
0.604167
0.604167
0.604167
0.600000
0.600000
0.600000
0.608333
0.604167
0.591667
0.583333
0.595833
0.604167
0.608333
0.612500
0.604167
0.220833
0.387500
0.258333
0.375000
0.287500
0.570833
0.241667
0.429167
0.837500
1.004167
0.741667
0.604167
0.608333
0.595833
0.612500
0.570833
0.637500
0.608333
0.608333
0.591667
0.591667
0.545833
0.587500
0.608333
0.600000
0.600000
0.600000
0.604167
0.604167
0.604167
0.604167
0.587500
0.587500
0.545833
0.587500
0.245833
0.541667
0.520833
0.795833
0.258333
0.233333
0.266667
0.741667
0.600000
0.579167
0.537500
0.583333
0.600000
0.595833
0.704167
0.391667
0.708333
0.295833
0.300000
0.583333
0.529167
0.583333
0.600000
0.595833
0.595833
0.600000
0.600000
0.604167
0.600000
0.587500
0.554167
0.587500
0.600000
0.600000
0.600000
0.595833
0.600000
0.608333
0.604167
0.600000
0.583333
0.558333
0.591667
0.608333
0.600000
0.604167
0.608333
0.608333
0.612500
0.608333
0.583333
0.545833
0.587500
0.604167
1.020833
0.366667
0.275000
0.241667
0.358333
0.237500
0.250000
0.795833
0.291667
0.395833
0.279167
0.387500
0.466667
0.583333
0.604167
0.604167
0.283333
0.308333
0.662500
0.541667
0.704167
0.308333
0.391667
0.241667
0.195833
0.450000
0.287500
0.358333
0.345833
0.295833
0.333333
0.375000
0.412500
0.458333
0.225000
0.758333
0.345833
0.283333
0.362500
0.604167
0.604167
0.604167
0.608333
0.608333
0.600000
0.604167
0.495833
0.691667
0.545833
0.595833
0.604167
0.600000
0.604167
0.612500
0.487500
0.725000
0.225000
0.279167
0.683333
0.554167
0.595833
0.604167
0.604167
0.604167
0.604167
0.608333
0.587500
0.508333
0.304167
0.445833
0.254167
0.829167
0.204167
0.350000
0.295833
0.354167
0.254167
0.470833
0.666667
1.033333
0.245833
0.220833
0.212500
0.229167
0.229167
1.200000
0.454167
0.237500
0.595833
0.587500
0.591667
0.591667
0.304167
0.300000
0.262500
0.512500
0.400000
0.545833
0.637500
0.254167
0.529167
0.600000
0.400000
0.587500
0.583333
0.591667
0.579167
0.883333
0.333333
0.366667
0.233333
0.483333
0.433333
0.258333
0.287500
0.470833
0.533333
0.262500
0.462500
0.941667
0.279167
0.375000
0.279167
0.233333
0.458333
0.775000
1.204167
1.216667
0.583333
0.558333
0.587500
0.604167
0.600000
0.600000
0.600000
0.600000
0.600000
0.608333
0.366667
0.212500
0.600000
0.570833
0.591667
0.533333
0.591667
0.604167
0.600000
0.600000
0.612500
0.608333
0.600000
0.600000
0.587500
0.583333
0.541667
0.587500
0.604167
0.600000
0.600000
0.608333
0.604167
0.595833
0.604167
0.595833
0.587500
0.545833
0.587500
0.604167
0.595833
0.604167
0.604167
0.608333
0.575000
0.754167
0.475000
0.316667
0.879167
0.587500
0.383333
0.250000
0.545833
0.566667
0.595833
0.604167
0.600000
0.600000
0.604167
0.608333
0.570833
0.641667
0.600000
0.600000
0.587500
0.595833
0.487500
0.570833
0.608333
0.604167
0.608333
0.608333
0.604167
0.604167
0.595833
0.587500
0.591667
0.487500
0.550000
0.608333
0.604167
0.608333
0.604167
0.604167
0.608333
0.612500
0.595833
0.587500
0.562500
0.595833
0.608333
0.608333
0.612500
0.608333
0.608333
0.608333
0.612500
0.595833
0.587500
0.554167
0.583333
0.545833
0.670833
0.600000
0.604167
0.604167
0.608333
