0.575000
0.570833
0.562500
0.562500
0.570833
0.566667
0.558333
0.575000
0.566667
0.562500
0.583333
0.591667
0.579167
0.575000
0.566667
0.566667
0.570833
0.566667
0.566667
0.550000
0.541667
0.541667
0.537500
0.537500
0.545833
0.541667
0.545833
0.537500
0.550000
0.537500
0.541667
0.537500
0.541667
0.541667
0.541667
0.545833
0.545833
0.545833
0.545833
0.550000
0.541667
0.554167
0.554167
0.558333
0.554167
0.562500
0.554167
0.558333
0.562500
0.420833
0.695833
0.558333
0.575000
0.558333
0.195833
0.350000
0.558333
0.550000
0.533333
0.533333
0.537500
0.533333
0.533333
0.537500
0.533333
0.541667
0.533333
0.537500
0.537500
0.545833
0.541667
0.545833
0.537500
0.541667
0.545833
0.545833
0.550000
0.554167
0.545833
0.545833
0.554167
0.558333
0.558333
0.558333
0.570833
0.575000
0.575000
0.570833
0.570833
0.570833
0.570833
0.575000
0.570833
0.579167
0.566667
0.570833
0.570833
0.575000
0.566667
0.562500
0.562500
0.570833
0.575000
0.570833
0.566667
0.566667
0.570833
0.575000
0.575000
0.575000
0.570833
0.566667
0.566667
0.575000
0.579167
0.575000
0.570833
0.575000
0.583333
0.583333
0.591667
0.579167
0.579167
0.579167
0.587500
0.579167
0.575000
0.575000
0.583333
0.587500
0.579167
0.570833
0.579167
0.583333
0.587500
0.570833
0.579167
0.570833
0.595833
0.391667
0.416667
0.475000
0.470833
0.566667
0.558333
0.558333
0.558333
0.554167
0.545833
0.545833
0.541667
0.541667
0.545833
0.541667
0.541667
0.541667
0.229167
0.329167
0.541667
0.537500
0.533333
0.537500
0.525000
0.537500
0.533333
0.541667
0.533333
0.537500
0.537500
0.537500
0.545833
0.537500
0.541667
0.545833
0.545833
0.545833
0.545833
0.554167
0.550000
0.750000
0.366667
0.545833
0.541667
0.545833
0.545833
0.545833
0.541667
0.545833
0.550000
0.550000
0.545833
0.550000
0.545833
0.545833
0.550000
0.554167
0.554167
0.562500
0.550000
0.562500
0.558333
0.562500
0.558333
0.554167
0.558333
0.558333
0.566667
0.566667
0.558333
0.562500
0.558333
0.570833
0.558333
0.562500
0.558333
0.558333
0.554167
0.554167
0.558333
0.554167
0.558333
0.562500
0.562500
0.558333
0.562500
0.562500
0.566667
0.562500
0.566667
0.575000
0.575000
0.579167
0.579167
0.591667
0.579167
0.579167
0.591667
0.600000
0.600000
0.595833
0.591667
0.583333
0.583333
0.587500
0.570833
0.583333
0.579167
0.575000
0.575000
0.570833
0.575000
0.566667
0.562500
0.570833
0.575000
0.575000
0.575000
0.587500
0.591667
0.587500
0.595833
0.591667
0.579167
0.579167
0.583333
0.575000
0.575000
0.570833
0.566667
0.575000
0.570833
0.587500
0.570833
0.566667
0.575000
0.575000
0.579167
0.575000
0.579167
0.583333
0.583333
0.591667
0.587500
0.595833
0.600000
0.600000
0.595833
0.600000
0.591667
0.591667
0.591667
0.595833
0.600000
0.595833
0.591667
0.583333
0.595833
0.612500
0.604167
0.591667
0.616667
0.600000
0.600000
0.604167
0.595833
0.595833
0.600000
0.600000
0.595833
0.595833
0.600000
0.600000
0.595833
0.595833
0.595833
0.591667
0.595833
0.604167
0.595833
0.604167
0.595833
0.604167
0.604167
0.600000
0.595833
0.600000
0.600000
0.591667
0.591667
0.591667
0.579167
0.591667
0.583333
0.583333
0.591667
0.591667
0.591667
0.591667
0.587500
0.579167
0.587500
0.587500
0.587500
0.587500
0.591667
0.433333
0.750000
0.608333
0.600000
0.595833
0.620833
0.616667
0.608333
0.612500
0.600000
0.600000
0.595833
0.583333
0.587500
0.595833
0.583333
0.583333
0.587500
0.591667
0.604167
0.600000
0.604167
0.608333
0.604167
0.612500
0.600000
0.608333
0.608333
0.608333
0.600000
0.600000
0.600000
0.600000
0.608333
0.612500
0.608333
0.612500
0.608333
0.608333
0.612500
0.600000
0.604167
0.608333
0.600000
0.620833
0.600000
0.608333
0.608333
0.604167
0.620833
0.608333
0.616667
0.612500
0.616667
0.612500
0.616667
0.625000
0.620833
0.625000
0.620833
0.625000
0.620833
0.616667
0.629167
0.620833
0.616667
0.616667
0.604167
0.620833
0.616667
0.616667
0.604167
0.612500
0.629167
0.625000
0.608333
0.487500
0.312500
0.775000
0.683333
0.666667
0.658333
0.641667
0.612500
0.612500
0.608333
0.608333
0.612500
0.625000
0.612500
0.608333
0.612500
0.612500
0.616667
0.616667
0.600000
0.604167
0.620833
0.612500
0.612500
0.608333
0.616667
0.616667
0.612500
0.616667
0.608333
0.608333
0.625000
0.620833
0.629167
0.616667
0.612500
0.625000
0.629167
0.625000
0.625000
0.616667
0.625000
0.629167
0.620833
0.637500
0.629167
0.637500
0.633333
0.629167
0.633333
0.645833
0.666667
0.654167
0.637500
0.662500
0.654167
0.633333
0.629167
0.625000
0.633333
0.629167
0.637500
0.629167
0.637500
0.637500
0.625000
0.629167
0.625000
0.641667
0.637500
0.633333
0.629167
0.633333
0.641667
0.637500
0.629167
0.625000
0.629167
0.633333
0.629167
0.620833
0.616667
0.625000
0.637500
0.629167
0.633333
0.625000
0.641667
0.654167
0.637500
0.637500
0.641667
0.670833
0.675000
0.637500
0.629167
0.925000
0.450000
0.512500
0.458333
0.754167
0.595833
0.587500
0.595833
0.595833
0.816667
0.370833
0.587500
0.579167
0.583333
0.575000
0.575000
0.570833
0.570833
0.575000
0.566667
0.562500
0.570833
0.566667
0.570833
0.562500
0.570833
0.575000
0.579167
0.575000
0.579167
0.575000
0.583333
0.587500
0.579167
0.587500
0.595833
0.595833
0.587500
0.595833
0.595833
0.591667
0.608333
0.591667
0.587500
0.600000
0.591667
0.591667
0.591667
0.591667
0.600000
0.595833
0.600000
0.575000
0.583333
0.579167
0.579167
0.341667
0.429167
0.241667
0.725000
0.579167
0.566667
0.558333
0.554167
0.550000
0.550000
0.541667
0.545833
0.558333
0.545833
0.545833
0.545833
0.550000
0.537500
0.545833
0.545833
0.541667
0.541667
0.537500
0.541667
0.537500
0.537500
0.537500
0.537500
0.533333
0.541667
0.537500
0.541667
0.550000
0.541667
0.541667
0.550000
0.537500
0.545833
0.541667
0.541667
0.533333
0.541667
0.541667
0.541667
0.541667
0.545833
0.545833
0.541667
0.541667
0.545833
0.545833
0.545833
0.541667
0.541667
0.541667
0.545833
0.541667
0.541667
0.550000
0.537500
0.537500
0.533333
0.537500
0.537500
0.533333
0.541667
0.537500
0.537500
0.537500
0.537500
0.541667
0.541667
0.541667
0.550000
0.550000
0.545833
0.550000
0.550000
0.550000
0.554167
0.545833
0.570833
0.570833
0.562500
0.562500
0.562500
0.558333
0.558333
0.562500
0.562500
0.562500
0.562500
0.566667
0.562500
0.562500
0.575000
0.570833
0.570833
0.579167
0.570833
0.579167
0.583333
0.575000
0.579167
0.583333
0.575000
0.575000
0.575000
0.579167
0.579167
0.583333
0.587500
0.579167
0.587500
0.587500
0.575000
0.583333
0.583333
0.575000
0.583333
0.587500
0.608333
0.587500
0.608333
0.600000
0.612500
0.608333
0.595833
0.612500
0.583333
0.545833
0.420833
0.237500
0.258333
0.316667
0.570833
0.575000
0.570833
0.566667
0.575000
0.558333
0.558333
0.550000
0.545833
0.550000
0.545833
0.545833
0.550000
0.541667
0.391667
0.720833
0.266667
0.150000
0.662500
0.550000
0.545833
0.537500
0.550000
0.541667
0.545833
0.541667
0.550000
0.550000
0.562500
0.550000
0.558333
0.554167
0.554167
0.562500
0.554167
0.554167
0.562500
0.558333
0.558333
0.566667
0.554167
0.562500
0.570833
0.562500
0.566667
0.575000
0.583333
0.583333
0.583333
0.595833
0.591667
0.587500
0.583333
0.587500
0.591667
0.583333
0.591667
0.587500
0.583333
0.587500
0.579167
0.600000
0.691667
0.500000
0.391667
0.445833
0.308333
0.566667
0.566667
0.558333
0.262500
0.304167
0.554167
0.562500
0.558333
0.562500
0.566667
0.562500
0.558333
0.558333
0.429167
0.666667
0.550000
0.541667
0.541667
0.550000
0.545833
0.550000
0.550000
0.550000
0.554167
0.550000
0.550000
0.558333
0.554167
0.554167
0.545833
0.558333
0.545833
0.550000
0.550000
0.554167
0.558333
0.558333
0.554167
0.558333
0.562500
0.558333
0.554167
0.558333
0.554167
0.566667
0.558333
0.558333
0.566667
0.558333
0.562500
0.562500
0.558333
0.566667
0.558333
0.570833
0.566667
0.570833
0.566667
0.566667
0.562500
0.570833
0.570833
0.570833
0.575000
0.566667
0.566667
0.570833
0.575000
0.575000
0.575000
0.583333
0.570833
0.570833
0.570833
0.562500
0.562500
0.558333
0.554167
0.550000
0.541667
0.541667
0.537500
0.545833
0.300000
0.400000
1.054167
0.429167
0.537500
0.545833
0.537500
0.541667
0.550000
0.550000
0.541667
0.550000
0.541667
0.550000
0.545833
0.550000
0.541667
0.545833
0.545833
0.550000
0.550000
0.550000
0.558333
0.550000
0.554167
0.566667
0.575000
0.575000
0.562500
0.566667
0.566667
0.458333
0.308333
0.345833
0.558333
0.550000
0.545833
0.550000
0.554167
0.550000
0.554167
0.562500
0.562500
0.562500
0.554167
0.566667
0.558333
0.566667
0.562500
0.562500
0.562500
0.558333
0.554167
0.554167
0.550000
0.550000
0.550000
0.550000
0.554167
0.550000
0.558333
0.562500
0.558333
0.562500
0.562500
0.562500
0.562500
0.558333
0.554167
0.558333
0.550000
0.545833
0.541667
0.550000
0.541667
0.554167
0.545833
0.541667
0.537500
0.541667
0.533333
0.537500
0.537500
0.545833
0.550000
0.550000
0.554167
0.554167
0.550000
0.554167
0.558333
0.554167
0.566667
0.562500
0.570833
0.570833
0.566667
0.566667
0.566667
0.570833
0.575000
0.570833
0.583333
0.579167
0.579167
0.608333
0.591667
0.595833
0.591667
0.600000
0.591667
0.591667
0.587500
0.587500
0.587500
0.583333
0.579167
0.579167
0.587500
0.583333
0.587500
0.587500
0.600000
0.600000
0.587500
0.608333
0.595833
0.595833
0.591667
0.591667
0.591667
0.604167
0.600000
0.595833
0.612500
0.604167
0.612500
0.612500
0.612500
0.608333
0.595833
0.604167
0.595833
0.616667
0.533333
0.591667
0.654167
0.583333
0.583333
0.179167
0.400000
0.575000
0.591667
0.583333
0.583333
0.566667
0.450000
0.112500
0.562500
0.554167
0.554167
0.554167
0.554167
0.558333
0.558333
0.562500
0.570833
0.566667
0.558333
0.570833
0.570833
0.570833
0.566667
0.562500
0.562500
0.558333
0.562500
0.558333
0.562500
0.558333
0.558333
0.566667
0.566667
0.570833
0.570833
0.566667
0.575000
0.587500
0.583333
0.579167
0.579167
0.591667
0.587500
0.587500
0.587500
0.591667
0.612500
0.591667
0.604167
0.604167
0.600000
0.595833
0.591667
0.591667
0.595833
0.595833
0.595833
0.587500
0.587500
0.591667
0.570833
0.570833
0.375000
0.183333
0.562500
0.566667
0.566667
0.562500
0.566667
0.558333
0.570833
0.475000
0.087500
0.870833
0.775000
0.545833
0.550000
0.545833
0.537500
0.550000
0.541667
0.545833
0.550000
0.545833
0.545833
0.545833
0.545833
0.545833
0.554167
0.562500
