0.608333
0.612500
0.433333
0.733333
0.616667
0.612500
0.612500
0.616667
0.429167
0.741667
0.620833
0.616667
0.620833
0.616667
0.429167
0.741667
0.620833
0.620833
0.620833
0.620833
0.433333
0.745833
0.625000
0.625000
0.620833
0.616667
0.433333
0.737500
0.620833
0.616667
0.612500
0.616667
0.429167
0.737500
0.625000
0.616667
0.616667
0.616667
0.433333
0.745833
0.625000
0.620833
0.616667
0.612500
0.437500
0.733333
0.616667
0.616667
0.612500
0.612500
0.616667
0.616667
0.616667
0.616667
0.612500
0.616667
0.616667
0.445833
0.737500
0.629167
0.625000
0.620833
0.620833
0.433333
0.754167
0.620833
0.620833
0.620833
0.616667
0.429167
0.750000
0.620833
0.620833
0.616667
0.616667
0.429167
0.745833
0.625000
0.616667
0.620833
0.620833
0.433333
0.758333
0.633333
0.625000
0.629167
0.625000
0.429167
0.745833
0.629167
0.620833
0.620833
0.616667
0.437500
0.737500
0.620833
0.616667
0.616667
0.616667
0.429167
0.745833
0.625000
0.620833
0.620833
0.629167
0.429167
0.758333
0.629167
0.629167
0.625000
0.625000
0.429167
0.754167
0.625000
0.616667
0.616667
0.620833
0.429167
0.741667
0.616667
0.620833
0.616667
0.616667
0.437500
0.754167
0.629167
0.625000
0.625000
0.625000
0.625000
0.620833
0.620833
0.620833
0.616667
0.620833
0.616667
0.620833
0.433333
0.745833
0.625000
0.625000
0.620833
0.625000
0.433333
0.758333
0.633333
0.629167
0.625000
0.625000
0.429167
0.750000
0.625000
0.612500
0.608333
0.608333
0.429167
0.741667
0.629167
0.620833
0.620833
0.625000
0.429167
0.758333
0.633333
0.620833
0.625000
0.629167
0.433333
0.329167
0.383333
0.758333
0.662500
0.629167
0.625000
0.620833
0.433333
0.750000
0.629167
0.620833
0.625000
0.625000
0.433333
0.750000
0.629167
0.620833
0.620833
0.629167
0.433333
0.758333
0.633333
0.629167
0.625000
0.625000
0.433333
0.758333
0.629167
0.625000
0.625000
0.620833
0.620833
0.616667
0.620833
0.625000
0.625000
0.633333
0.625000
0.629167
0.433333
0.737500
0.645833
0.625000
0.625000
0.620833
0.429167
0.754167
0.629167
0.620833
0.620833
0.620833
0.433333
0.754167
0.629167
0.620833
0.625000
0.620833
0.429167
0.754167
0.637500
0.625000
0.625000
0.629167
0.437500
0.754167
0.633333
0.625000
0.629167
0.625000
0.625000
0.620833
0.620833
0.616667
0.454167
0.750000
0.633333
0.620833
0.629167
0.625000
0.429167
0.766667
0.637500
0.629167
0.625000
0.633333
0.437500
0.758333
0.637500
0.620833
0.629167
0.625000
0.433333
0.754167
0.633333
0.620833
0.620833
0.625000
0.429167
0.754167
0.633333
0.625000
0.625000
0.629167
0.633333
0.629167
0.625000
0.629167
0.625000
0.625000
0.625000
0.625000
0.441667
0.754167
0.629167
0.625000
0.620833
0.620833
0.433333
0.754167
0.633333
0.620833
0.625000
0.629167
0.629167
0.629167
0.629167
0.625000
0.629167
0.629167
0.629167
0.625000
0.625000
0.620833
0.620833
0.620833
0.620833
0.616667
0.620833
0.616667
0.437500
0.754167
0.633333
0.629167
0.629167
0.625000
0.625000
0.625000
0.625000
0.616667
0.620833
0.433333
0.750000
0.633333
0.620833
0.616667
0.620833
0.437500
0.750000
0.625000
0.620833
0.620833
0.625000
0.629167
0.625000
0.625000
0.629167
0.625000
0.625000
0.429167
0.754167
0.633333
0.625000
0.616667
0.620833
0.433333
0.750000
0.625000
0.625000
0.616667
0.620833
0.429167
0.708333
0.658333
0.620833
0.625000
0.612500
0.475000
0.716667
0.616667
0.616667
0.612500
0.616667
0.437500
0.758333
0.633333
0.620833
0.620833
0.625000
0.433333
0.754167
0.637500
0.620833
0.616667
0.620833
0.437500
0.745833
0.495833
0.708333
0.491667
0.712500
0.504167
0.700000
0.620833
0.620833
0.625000
0.620833
0.616667
0.620833
0.437500
0.745833
0.625000
0.616667
0.616667
0.625000
0.433333
0.745833
0.620833
0.616667
0.616667
0.616667
0.608333
0.604167
0.608333
0.612500
0.429167
0.750000
0.633333
0.625000
0.629167
0.629167
0.629167
0.629167
0.629167
0.629167
0.437500
0.758333
0.633333
0.625000
0.620833
0.616667
0.437500
0.745833
0.629167
0.616667
0.620833
0.620833
0.441667
0.762500
0.641667
0.633333
0.629167
0.633333
0.429167
0.766667
0.637500
0.629167
0.625000
0.625000
0.433333
0.754167
0.633333
0.625000
0.620833
0.625000
0.429167
0.754167
0.629167
0.625000
0.629167
0.629167
0.629167
0.629167
0.629167
0.629167
0.491667
0.725000
0.504167
0.716667
0.633333
0.629167
0.620833
0.620833
0.433333
0.750000
0.629167
0.616667
0.620833
0.616667
0.433333
0.758333
0.629167
0.620833
0.620833
0.616667
0.433333
0.695833
0.662500
0.620833
0.616667
0.612500
0.616667
0.429167
0.745833
0.629167
0.616667
0.612500
0.608333
0.616667
0.612500
0.616667
0.625000
0.625000
0.629167
0.625000
0.620833
0.629167
0.620833
0.620833
0.620833
0.620833
0.441667
0.745833
0.625000
0.620833
0.620833
0.625000
0.616667
0.616667
0.625000
0.616667
0.620833
0.625000
0.629167
0.629167
0.458333
0.745833
0.629167
0.620833
0.625000
0.625000
0.429167
0.754167
0.629167
0.625000
0.620833
0.620833
0.433333
0.750000
0.625000
0.616667
0.616667
0.616667
0.437500
0.741667
0.633333
0.625000
0.625000
0.625000
0.625000
0.629167
0.625000
0.620833
0.441667
0.754167
0.629167
0.620833
0.625000
0.620833
0.433333
0.754167
0.625000
0.620833
0.620833
0.620833
0.437500
0.766667
0.637500
0.629167
0.629167
0.629167
0.433333
0.758333
0.633333
0.625000
0.616667
0.616667
0.616667
0.620833
0.612500
0.616667
0.620833
0.441667
0.741667
0.629167
0.616667
0.620833
0.616667
0.433333
0.754167
0.633333
0.629167
0.625000
0.629167
0.625000
0.620833
0.629167
0.625000
0.625000
0.629167
0.625000
0.625000
0.625000
0.437500
0.754167
0.629167
0.620833
0.620833
0.620833
0.433333
0.754167
0.637500
0.629167
0.629167
0.629167
0.437500
0.758333
0.633333
0.625000
0.625000
0.625000
0.429167
0.754167
0.633333
0.625000
0.620833
0.625000
0.433333
0.754167
0.633333
0.625000
0.629167
0.629167
0.433333
0.766667
0.633333
0.633333
0.629167
0.625000
0.625000
0.625000
0.620833
0.620833
0.620833
0.620833
0.620833
0.445833
0.737500
0.625000
0.620833
0.620833
0.620833
0.616667
0.625000
0.620833
0.620833
0.616667
0.329167
0.733333
0.658333
0.612500
0.608333
0.625000
0.433333
0.737500
0.666667
0.641667
0.637500
0.641667
0.429167
0.754167
0.666667
0.637500
0.633333
0.633333
0.433333
0.737500
0.654167
0.629167
0.625000
0.625000
0.433333
0.754167
0.633333
0.625000
0.629167
0.629167
0.625000
0.625000
0.616667
0.620833
0.487500
0.716667
0.508333
0.700000
0.616667
0.429167
0.683333
0.670833
0.616667
0.616667
0.612500
0.612500
0.433333
0.733333
0.620833
0.612500
0.620833
0.612500
0.433333
0.745833
0.633333
0.620833
0.616667
0.616667
0.620833
0.620833
0.616667
0.616667
0.612500
0.441667
0.741667
0.620833
0.612500
0.620833
0.612500
0.616667
0.620833
0.625000
0.429167
0.750000
0.633333
0.620833
0.620833
0.616667
0.429167
0.745833
0.620833
0.616667
0.616667
0.616667
0.429167
0.737500
0.616667
0.616667
0.616667
0.616667
0.433333
0.754167
0.633333
0.625000
0.625000
0.629167
0.433333
0.754167
0.629167
0.620833
0.620833
0.625000
0.429167
0.750000
0.620833
0.625000
0.616667
0.616667
0.433333
0.758333
0.629167
0.620833
0.625000
0.620833
0.441667
0.741667
0.629167
0.625000
0.616667
0.616667
0.433333
0.750000
0.625000
0.620833
0.616667
0.612500
0.620833
0.620833
0.620833
0.625000
0.620833
0.620833
0.625000
0.620833
0.429167
0.754167
0.625000
0.620833
0.620833
0.616667
0.429167
0.745833
0.625000
0.612500
0.616667
0.616667
0.433333
0.741667
0.629167
0.625000
0.620833
0.625000
0.429167
0.754167
0.629167
0.620833
0.620833
0.620833
0.433333
0.745833
0.620833
0.616667
0.616667
0.612500
0.441667
0.725000
0.625000
0.620833
0.620833
0.625000
0.433333
0.762500
0.637500
0.629167
0.629167
0.629167
0.433333
0.754167
0.629167
0.625000
0.620833
0.620833
0.437500
0.758333
0.633333
0.620833
0.620833
0.620833
0.429167
0.750000
0.620833
0.616667
0.620833
0.612500
0.441667
0.741667
0.620833
0.616667
0.616667
0.616667
0.429167
0.754167
0.633333
0.629167
0.625000
0.629167
0.433333
0.758333
0.629167
0.625000
0.625000
0.620833
0.429167
0.758333
0.633333
0.620833
0.625000
0.620833
0.433333
0.750000
0.629167
0.625000
0.620833
0.625000
0.437500
0.750000
0.633333
0.620833
0.616667
0.625000
0.433333
0.750000
0.625000
0.616667
0.620833
0.616667
0.433333
0.741667
0.625000
0.616667
0.620833
0.620833
0.429167
0.754167
0.625000
0.620833
0.616667
0.616667
0.433333
0.741667
0.620833
0.616667
0.616667
0.612500
0.437500
0.737500
0.620833
0.612500
0.612500
0.616667
0.450000
0.675000
0.670833
0.625000
0.625000
0.620833
0.441667
0.750000
0.633333
0.620833
0.620833
0.620833
0.429167
0.750000
0.629167
0.620833
0.620833
0.620833
0.437500
0.695833
0.666667
0.620833
0.616667
0.625000
0.429167
0.762500
0.633333
0.629167
0.625000
0.629167
0.429167
0.758333
0.625000
0.620833
0.620833
0.620833
0.616667
0.620833
0.616667
0.625000
0.620833
0.616667
0.320833
0.741667
0.662500
0.633333
0.633333
0.633333
0.625000
0.629167
0.633333
0.629167
0.625000
0.437500
0.754167
0.637500
0.629167
0.625000
0.629167
0.437500
0.754167
0.633333
0.629167
0.620833
0.629167
0.433333
0.770833
0.637500
0.629167
0.629167
0.629167
0.433333
0.758333
0.633333
0.629167
0.625000
0.620833
0.620833
0.620833
0.620833
0.620833
0.620833
0.616667
0.620833
0.625000
0.625000
0.437500
0.754167
0.633333
0.629167
0.620833
0.620833
0.433333
0.750000
0.629167
0.620833
0.620833
0.616667
0.433333
0.750000
0.629167
0.620833
0.620833
0.625000
0.429167
0.754167
0.637500
0.637500
0.629167
0.625000
0.441667
0.758333
