1.025000
0.966667
0.941667
0.962500
1.425000
0.983333
0.962500
0.912500
0.891667
1.516667
0.483333
0.358333
0.379167
0.358333
0.329167
0.304167
0.304167
0.354167
0.358333
0.362500
0.358333
0.354167
0.379167
0.354167
0.345833
0.358333
0.375000
0.379167
0.358333
0.329167
0.370833
0.366667
0.350000
0.375000
0.370833
0.641667
1.383333
1.000000
0.950000
0.912500
0.916667
1.437500
0.462500
0.366667
0.366667
0.383333
0.550000
0.416667
1.333333
0.454167
0.350000
0.312500
0.391667
0.408333
0.370833
0.495833
0.608333
0.525000
0.533333
0.550000
0.529167
0.512500
0.529167
0.525000
0.525000
0.525000
0.520833
0.525000
0.529167
0.525000
0.529167
0.525000
0.516667
0.520833
0.525000
0.529167
0.520833
0.525000
0.516667
0.525000
0.533333
0.512500
0.520833
0.520833
0.516667
0.533333
0.516667
0.516667
0.512500
0.516667
0.525000
0.520833
0.512500
0.520833
0.508333
0.516667
0.520833
0.512500
0.525000
0.516667
0.504167
0.520833
0.512500
0.520833
0.516667
0.508333
0.516667
0.516667
0.512500
0.516667
0.512500
0.516667
0.512500
0.520833
0.516667
0.508333
0.483333
0.491667
0.516667
0.516667
0.508333
0.516667
0.508333
0.512500
0.516667
0.508333
0.520833
0.504167
0.516667
0.516667
0.495833
0.529167
0.512500
0.512500
0.520833
0.491667
0.516667
0.516667
0.508333
0.516667
0.500000
0.516667
0.512500
0.508333
0.520833
0.495833
0.520833
0.508333
0.508333
0.529167
0.495833
0.525000
0.504167
0.495833
0.520833
0.500000
0.520833
0.512500
0.491667
0.516667
0.495833
0.525000
0.525000
0.487500
0.520833
0.495833
0.512500
0.520833
0.487500
0.516667
0.512500
0.491667
0.516667
0.495833
0.525000
0.520833
0.487500
0.520833
0.491667
0.504167
0.520833
0.491667
0.516667
0.500000
0.512500
0.512500
0.500000
0.520833
0.495833
0.512500
0.512500
0.487500
0.512500
0.495833
0.516667
0.504167
0.495833
0.512500
0.500000
0.520833
0.504167
0.495833
0.512500
0.495833
0.508333
0.504167
0.504167
0.504167
0.500000
0.500000
0.504167
0.504167
0.500000
0.508333
0.500000
0.504167
0.504167
0.500000
0.504167
0.504167
0.504167
0.504167
0.500000
0.508333
0.500000
0.504167
0.504167
0.504167
0.500000
0.504167
0.504167
0.500000
0.504167
0.504167
0.500000
0.504167
0.500000
0.508333
0.500000
0.504167
0.500000
0.504167
0.504167
0.504167
0.504167
0.504167
0.500000
0.500000
0.504167
0.504167
0.504167
0.504167
0.495833
0.504167
0.500000
0.508333
0.500000
0.504167
0.495833
0.504167
0.500000
0.504167
0.504167
0.500000
0.500000
0.504167
0.500000
0.504167
0.500000
0.504167
0.495833
0.504167
0.504167
0.504167
0.500000
0.500000
0.500000
0.500000
0.504167
0.500000
0.500000
0.504167
0.500000
0.500000
0.500000
0.500000
0.504167
0.500000
0.500000
0.500000
0.500000
0.500000
0.504167
0.500000
0.495833
0.500000
0.504167
0.500000
0.500000
0.500000
0.500000
0.500000
0.500000
0.500000
0.504167
0.500000
0.500000
0.500000
0.500000
0.500000
0.504167
0.500000
0.495833
0.504167
0.500000
0.504167
0.500000
0.504167
0.495833
0.504167
0.504167
0.504167
0.500000
0.500000
0.500000
0.500000
0.504167
0.500000
0.500000
0.504167
0.495833
0.500000
0.500000
0.500000
0.504167
0.500000
0.500000
0.495833
0.504167
0.504167
0.504167
0.504167
0.495833
0.500000
0.508333
0.495833
0.504167
0.500000
0.500000
0.500000
0.500000
0.504167
0.500000
0.504167
0.495833
0.508333
0.495833
0.504167
0.500000
0.504167
0.495833
0.504167
0.500000
0.504167
0.500000
0.500000
0.500000
0.500000
0.504167
0.500000
0.500000
0.500000
0.504167
0.495833
0.504167
0.504167
0.500000
0.500000
0.500000
0.500000
0.504167
0.504167
0.500000
0.500000
0.500000
0.500000
0.500000
0.504167
0.500000
0.500000
0.495833
0.504167
0.500000
0.500000
0.504167
0.500000
0.500000
0.500000
0.500000
0.504167
0.500000
0.500000
0.500000
0.500000
0.500000
0.504167
0.500000
0.500000
0.504167
0.500000
0.500000
0.504167
0.500000
0.500000
0.504167
0.495833
0.504167
0.504167
0.500000
0.500000
0.500000
0.500000
0.504167
0.504167
0.500000
0.495833
0.504167
0.500000
0.500000
0.504167
0.504167
0.495833
0.504167
0.495833
0.504167
0.504167
0.500000
0.500000
0.504167
0.495833
0.504167
0.504167
0.500000
0.500000
0.500000
0.500000
0.504167
0.504167
0.500000
0.495833
0.504167
0.500000
0.500000
0.508333
0.495833
0.495833
0.504167
0.500000
0.500000
0.504167
0.500000
0.500000
0.500000
0.500000
0.500000
0.508333
0.495833
0.500000
0.504167
0.495833
0.504167
0.500000
0.500000
0.500000
0.500000
0.500000
0.500000
0.504167
0.500000
0.495833
0.504167
0.500000
0.500000
0.504167
0.495833
0.500000
0.504167
0.495833
0.504167
0.504167
0.495833
0.500000
0.504167
0.495833
0.504167
0.500000
0.500000
0.500000
0.500000
0.504167
0.500000
0.504167
0.495833
0.500000
0.504167
0.495833
0.504167
0.504167
0.500000
0.500000
0.500000
0.500000
0.504167
0.504167
0.500000
0.495833
0.504167
0.500000
0.500000
0.504167
0.500000
0.495833
0.500000
0.500000
0.504167
0.500000
0.504167
0.495833
0.495833
0.504167
0.495833
0.504167
0.500000
0.504167
0.495833
0.500000
0.500000
0.500000
0.504167
0.500000
0.495833
0.500000
0.500000
0.504167
0.500000
0.504167
0.491667
0.500000
0.504167
0.495833
0.500000
0.504167
0.495833
0.500000
0.500000
0.500000
0.504167
0.500000
0.495833
0.500000
0.500000
0.500000
0.504167
0.495833
0.504167
0.495833
0.500000
0.500000
0.504167
0.500000
0.500000
0.495833
0.500000
0.500000
0.504167
0.500000
0.500000
0.495833
0.500000
0.500000
0.500000
0.504167
0.500000
0.500000
0.500000
0.495833
0.500000
0.504167
0.500000
0.504167
0.495833
0.500000
0.495833
0.500000
0.504167
0.500000
0.500000
0.495833
0.495833
0.504167
0.500000
0.500000
0.500000
0.495833
0.495833
0.504167
0.495833
0.504167
0.500000
0.495833
0.500000
0.500000
0.495833
0.504167
0.495833
0.495833
0.504167
0.495833
0.504167
0.500000
0.495833
0.500000
0.495833
0.500000
0.500000
0.495833
0.504167
0.495833
0.495833
0.504167
0.495833
0.500000
0.500000
0.495833
0.500000
0.500000
0.500000
0.500000
0.495833
0.495833
0.500000
0.500000
0.500000
0.500000
0.500000
0.495833
0.495833
0.500000
0.495833
0.504167
0.500000
0.500000
0.495833
0.495833
0.500000
0.500000
0.500000
0.500000
0.495833
0.495833
0.500000
0.500000
0.504167
0.500000
0.495833
0.495833
0.500000
0.500000
0.500000
0.500000
0.495833
0.495833
0.500000
0.495833
0.504167
0.500000
0.491667
0.500000
0.500000
0.495833
0.504167
0.495833
0.500000
0.491667
0.500000
0.500000
0.500000
0.500000
0.495833
0.495833
0.500000
0.495833
0.504167
0.500000
0.495833
0.495833
0.495833
0.500000
0.504167
0.495833
0.500000
0.491667
0.495833
0.500000
0.500000
0.504167
0.495833
0.495833
0.495833
0.495833
0.500000
0.500000
0.495833
0.500000
0.495833
0.500000
0.495833
0.504167
0.491667
0.500000
0.491667
0.500000
0.495833
0.504167
0.495833
0.500000
0.491667
0.495833
0.500000
0.500000
0.500000
0.495833
0.491667
0.500000
0.495833
0.504167
0.495833
0.500000
0.491667
0.495833
0.500000
0.495833
0.500000
0.500000
0.491667
0.500000
0.495833
0.495833
0.500000
0.500000
0.491667
0.495833
0.500000
0.495833
0.495833
0.500000
0.491667
0.500000
0.495833
0.500000
0.500000
0.495833
0.495833
0.495833
0.495833
0.495833
0.504167
0.495833
0.495833
0.495833
0.495833
0.495833
0.500000
0.500000
0.495833
0.491667
0.500000
0.491667
0.504167
0.500000
0.491667
0.495833
0.491667
0.500000
0.500000
0.500000
0.495833
0.491667
0.495833
0.495833
0.500000
0.495833
0.500000
0.491667
0.495833
0.495833
0.495833
0.500000
0.495833
0.495833
0.495833
0.495833
0.495833
0.500000
0.495833
0.495833
0.495833
0.491667
0.500000
0.495833
0.495833
0.500000
0.491667
0.495833
0.500000
0.491667
0.500000
0.495833
0.491667
0.500000
0.495833
0.500000
0.495833
0.495833
0.495833
0.491667
0.495833
0.504167
0.491667
0.500000
0.491667
0.500000
0.500000
0.500000
0.504167
0.495833
0.491667
0.504167
0.500000
0.504167
0.495833
0.500000
0.491667
0.500000
0.500000
0.500000
0.500000
0.487500
0.500000
0.495833
0.500000
0.504167
0.491667
0.491667
0.500000
0.495833
0.508333
0.508333
0.491667
0.500000
0.487500
0.491667
0.504167
0.491667
0.500000
0.500000
0.487500
0.495833
0.491667
0.495833
0.500000
0.491667
0.495833
0.491667
0.487500
0.500000
0.491667
0.495833
0.495833
0.487500
0.495833
0.491667
0.491667
0.495833
0.491667
0.495833
0.491667
0.491667
0.495833
0.491667
0.495833
0.495833
0.487500
0.495833
0.495833
0.487500
0.500000
0.495833
0.487500
0.495833
0.491667
0.495833
0.495833
0.495833
0.491667
0.491667
0.495833
0.491667
0.495833
0.495833
0.491667
0.491667
0.491667
0.495833
0.495833
0.500000
0.491667
0.487500
0.495833
0.491667
0.495833
0.500000
0.491667
0.491667
0.491667
0.491667
0.495833
0.500000
0.491667
0.491667
0.491667
0.491667
0.491667
0.495833
0.495833
0.495833
0.487500
0.495833
0.491667
0.495833
0.495833
0.491667
0.491667
0.487500
0.495833
0.495833
0.495833
0.495833
0.487500
0.491667
0.495833
0.491667
0.491667
0.500000
0.487500
0.491667
0.491667
0.491667
0.495833
0.495833
0.491667
0.491667
0.491667
0.495833
0.491667
0.491667
0.500000
0.491667
0.491667
0.491667
0.491667
0.495833
0.495833
0.491667
0.491667
0.491667
0.491667
0.495833
0.491667
0.495833
0.491667
0.487500
0.495833
0.495833
0.495833
0.491667
0.487500
0.495833
0.491667
0.491667
0.500000
0.491667
0.487500
0.491667
0.491667
0.495833
0.491667
0.495833
0.487500
0.491667
0.491667
0.491667
0.495833
0.495833
0.487500
0.491667
0.491667
0.491667
0.491667
0.495833
0.491667
0.491667
0.487500
0.491667
0.491667
0.495833
0.495833
0.487500
0.491667
0.491667
0.491667
0.495833
0.491667
0.491667
0.487500
0.495833
0.491667
0.491667
0.495833
0.487500
0.491667
0.491667
0.491667
0.495833
0.491667
0.487500
0.491667
0.491667
0.491667
0.495833
0.495833
0.487500
0.487500
0.491667
0.491667
0.495833
0.491667
0.487500
0.487500
0.495833
0.491667
0.491667
0.495833
0.491667
0.487500
0.491667
0.491667
0.487500
0.495833
0.495833
0.483333
0.491667
0.491667
0.491667
0.491667
0.495833
0.487500
0.487500
0.495833
0.487500
0.491667
0.495833
0.491667
0.487500
0.491667
0.491667
0.491667
0.491667
0.487500
0.491667
0.491667
0.487500
0.495833
0.495833
0.479167
0.495833
0.491667
0.487500
0.495833
0.491667
0.483333
0.491667
0.491667
0.487500
0.491667
0.495833
0.487500
0.487500
0.487500
0.491667
0.487500
0.495833
0.491667
0.491667
0.483333
0.495833
0.487500
0.491667
0.491667
0.491667
0.483333
0.495833
0.487500
0.491667
0.491667
0.495833
0.483333
0.491667
0.491667
0.491667
0.495833
0.487500
0.487500
0.491667
0.487500
0.495833
0.491667
0.487500
0.487500
0.491667
0.491667
0.491667
0.495833
0.483333
0.491667
0.491667
0.487500
0.500000
0.487500
0.487500
0.491667
0.487500
0.491667
0.495833
0.483333
0.487500
0.491667
0.491667
0.487500
0.500000
0.491667
0.483333
0.491667
0.487500
0.487500
0.495833
0.491667
0.487500
0.487500
0.491667
0.487500
0.491667
0.495833
0.483333
0.491667
0.487500
0.491667
0.495833
0.491667
0.483333
0.487500
0.491667
0.487500
0.495833
0.491667
0.483333
0.491667
0.491667
0.487500
0.495833
0.487500
0.487500
0.491667
0.487500
0.491667
0.495833
0.491667
0.483333
0.487500
0.491667
0.487500
0.491667
0.491667
0.487500
0.487500
0.487500
0.491667
0.495833
0.491667
0.483333
0.487500
0.491667
0.487500
0.495833
0.487500
0.487500
0.491667
0.487500
0.491667
0.491667
0.487500
0.487500
0.491667
0.487500
0.487500
0.495833
0.487500
0.487500
0.491667
0.487500
0.491667
0.491667
0.491667
0.487500
0.483333
0.491667
0.487500
0.491667
0.491667
0.487500
0.487500
0.487500
0.491667
0.491667
0.491667
0.487500
0.483333
0.491667
0.487500
