0.579167
1.033333
0.933333
0.550000
1.016667
0.941667
0.575000
1.037500
0.937500
0.566667
1.029167
0.941667
0.570833
1.033333
0.937500
0.541667
1.012500
0.929167
0.575000
1.037500
0.920833
0.525000
0.991667
0.916667
1.462500
0.879167
0.862500
0.566667
0.987500
0.895833
0.866667
0.845833
0.850000
0.533333
0.975000
0.891667
0.854167
0.537500
0.991667
0.916667
0.537500
0.995833
0.895833
0.875000
0.587500
1.004167
0.525000
0.975000
0.900000
0.883333
0.554167
1.008333
0.912500
0.541667
0.995833
0.920833
0.550000
1.000000
1.525000
0.933333
0.579167
1.054167
0.937500
0.575000
1.037500
0.950000
1.525000
0.929167
0.583333
1.033333
0.933333
1.483333
0.925000
0.525000
1.008333
0.925000
0.562500
1.029167
0.941667
0.550000
1.033333
0.929167
0.562500
1.020833
0.933333
0.537500
1.025000
0.920833
1.475000
0.933333
0.529167
1.012500
0.937500
0.550000
1.029167
0.950000
0.554167
1.045833
0.933333
1.495833
0.925000
1.470833
0.520833
1.020833
0.929167
0.529167
1.012500
0.912500
0.891667
0.516667
1.000000
0.912500
0.879167
0.533333
1.008333
0.929167
0.595833
1.045833
0.937500
0.566667
1.025000
0.937500
0.545833
1.012500
0.929167
0.541667
1.033333
0.941667
0.591667
1.054167
0.950000
0.595833
1.058333
0.929167
0.525000
0.995833
0.912500
1.479167
0.525000
1.008333
0.929167
0.541667
1.025000
0.937500
0.541667
1.016667
0.929167
0.541667
1.025000
0.937500
0.554167
1.025000
0.933333
0.591667
1.050000
0.929167
0.537500
1.004167
0.925000
0.541667
1.025000
0.925000
0.554167
1.029167
0.945833
0.550000
1.020833
0.933333
0.466667
1.079167
1.083333
0.691667
0.520833
0.975000
0.904167
0.875000
0.570833
0.995833
1.504167
0.900000
0.879167
0.541667
0.975000
0.900000
0.887500
0.562500
1.000000
0.929167
0.541667
1.008333
0.937500
0.562500
1.045833
0.945833
0.579167
1.058333
0.954167
0.933333
0.583333
1.058333
0.533333
1.045833
0.541667
1.050000
0.970833
0.620833
1.091667
0.950000
0.558333
1.041667
0.916667
0.545833
1.008333
0.916667
0.866667
0.858333
0.533333
0.987500
0.362500
1.158333
0.529167
1.095833
0.591667
1.041667
0.937500
0.525000
1.029167
0.954167
0.654167
1.079167
0.945833
0.566667
1.062500
0.958333
0.616667
1.075000
0.945833
0.533333
1.050000
0.950000
0.654167
1.087500
1.545833
0.954167
0.587500
1.062500
0.966667
0.929167
0.916667
0.558333
1.025000
0.933333
0.525000
1.033333
0.950000
0.583333
1.050000
0.933333
0.525000
1.037500
0.937500
0.558333
1.029167
0.945833
0.570833
1.054167
0.950000
0.587500
1.083333
0.945833
1.508333
0.937500
0.575000
1.054167
0.958333
1.520833
0.958333
0.920833
0.925000
0.529167
1.045833
0.950000
1.516667
0.941667
0.566667
1.079167
0.950000
0.550000
1.045833
0.941667
0.537500
1.045833
0.958333
0.608333
1.083333
0.962500
0.583333
1.075000
0.970833
1.500000
0.941667
0.533333
1.033333
0.775000
0.133333
1.479167
0.520833
1.016667
0.937500
0.533333
1.037500
0.945833
0.562500
1.062500
0.937500
0.550000
1.041667
0.945833
0.579167
1.079167
0.941667
0.550000
1.045833
0.962500
0.595833
1.079167
0.958333
1.512500
0.954167
0.629167
1.104167
0.962500
0.945833
0.516667
1.041667
0.533333
1.054167
0.970833
0.637500
1.091667
0.950000
0.562500
1.058333
0.962500
0.591667
1.079167
0.937500
0.541667
1.045833
0.941667
0.587500
1.066667
0.962500
0.575000
1.045833
0.954167
0.570833
1.058333
0.941667
0.562500
1.037500
0.933333
0.533333
1.033333
0.929167
0.545833
1.041667
0.945833
0.554167
1.041667
0.941667
0.583333
1.066667
0.962500
0.562500
1.045833
0.945833
0.595833
1.400000
1.566667
0.925000
0.575000
1.020833
0.937500
0.545833
1.016667
0.929167
0.554167
1.025000
0.920833
0.537500
1.454167
0.270833
0.645833
0.791667
0.745833
0.525000
0.345833
0.616667
0.866667
0.308333
0.625000
0.529167
0.729167
0.258333
0.308333
0.245833
0.291667
0.604167
0.504167
0.833333
0.154167
0.337500
1.116667
0.900000
0.862500
0.537500
0.958333
0.529167
0.950000
0.341667
0.558333
1.054167
0.362500
0.979167
0.745833
0.733333
0.320833
0.429167
0.683333
0.650000
0.341667
0.616667
0.175000
0.637500
0.966667
0.708333
1.058333
1.408333
0.516667
0.983333
1.470833
0.866667
0.637500
0.741667
0.991667
0.829167
0.554167
0.995833
0.516667
0.991667
0.925000
0.625000
0.620833
0.425000
1.525000
0.916667
0.575000
1.037500
1.525000
0.945833
0.954167
0.829167
0.558333
1.012500
0.916667
0.529167
0.995833
0.908333
0.541667
1.025000
0.929167
0.583333
1.054167
0.933333
0.616667
1.079167
1.558333
0.954167
0.925000
0.554167
1.070833
0.958333
0.658333
1.083333
0.625000
1.079167
0.858333
0.708333
0.916667
0.570833
1.062500
0.941667
1.512500
0.929167
1.491667
0.358333
1.187500
0.916667
0.533333
1.000000
0.925000
0.583333
1.012500
1.516667
0.933333
0.570833
1.033333
0.912500
0.516667
0.995833
0.929167
0.591667
1.045833
0.941667
0.912500
0.900000
0.908333
0.516667
1.020833
0.933333
0.554167
1.050000
0.954167
0.912500
0.704167
1.070833
0.529167
1.054167
0.945833
0.616667
1.100000
0.954167
0.575000
1.058333
0.975000
0.916667
0.895833
0.895833
0.620833
1.045833
0.929167
0.520833
1.037500
0.920833
0.520833
1.050000
0.950000
0.904167
0.887500
0.541667
1.054167
0.941667
0.583333
1.054167
0.950000
0.916667
0.875000
0.866667
0.516667
0.341667
0.387500
1.137500
1.495833
0.900000
0.870833
0.612500
0.920833
0.525000
0.970833
0.887500
0.854167
0.525000
0.975000
0.520833
0.970833
0.908333
0.537500
0.987500
0.366667
1.145833
0.941667
0.625000
1.062500
0.925000
0.575000
1.054167
1.562500
0.958333
0.941667
0.550000
1.062500
0.954167
0.920833
0.912500
0.558333
1.066667
0.975000
0.583333
1.079167
0.962500
0.575000
1.079167
0.954167
0.620833
1.083333
0.950000
0.625000
1.083333
0.958333
0.945833
1.512500
0.937500
0.562500
1.050000
0.941667
0.570833
1.062500
0.937500
0.566667
1.054167
0.941667
0.550000
1.041667
0.937500
0.566667
1.062500
0.929167
0.566667
1.041667
0.950000
0.920833
0.904167
0.625000
1.058333
0.929167
0.533333
1.037500
0.950000
0.604167
1.058333
0.929167
0.545833
1.050000
0.945833
0.625000
1.066667
0.937500
1.491667
0.358333
1.195833
0.933333
0.608333
1.070833
0.937500
0.570833
1.054167
0.933333
0.587500
1.070833
0.937500
1.479167
0.920833
0.525000
1.020833
0.941667
0.608333
1.045833
0.937500
1.491667
0.516667
1.037500
0.937500
0.904167
0.895833
0.562500
1.033333
0.929167
0.525000
1.025000
0.950000
0.608333
1.066667
0.945833
0.579167
1.058333
0.950000
0.579167
1.062500
0.962500
0.925000
0.908333
0.525000
1.037500
0.937500
0.575000
1.075000
0.954167
0.695833
1.087500
1.579167
0.962500
0.925000
0.629167
1.091667
0.950000
0.541667
1.070833
0.970833
0.637500
1.079167
0.950000
0.554167
1.062500
0.950000
0.554167
1.045833
0.933333
0.550000
1.058333
0.937500
0.583333
1.041667
0.933333
0.541667
