0.616667
0.629167
0.616667
0.445833
0.687500
0.662500
0.654167
0.608333
0.600000
0.495833
0.733333
0.604167
0.595833
0.604167
0.545833
0.670833
0.608333
0.604167
0.612500
0.591667
0.600000
0.600000
0.608333
0.441667
0.666667
0.658333
0.637500
0.595833
0.595833
0.504167
0.716667
0.591667
0.600000
0.450000
0.695833
0.662500
0.608333
0.604167
0.491667
0.700000
0.608333
0.608333
0.604167
0.550000
0.641667
0.612500
0.595833
0.595833
0.566667
0.633333
0.595833
0.591667
0.450000
0.679167
0.666667
0.612500
0.612500
0.450000
0.700000
0.645833
0.612500
0.616667
0.479167
0.716667
0.629167
0.620833
0.612500
0.550000
0.650000
0.616667
0.608333
0.454167
0.687500
0.670833
0.616667
0.616667
0.437500
0.666667
0.679167
0.625000
0.616667
0.445833
0.666667
0.683333
0.620833
0.608333
0.441667
0.679167
0.666667
0.620833
0.604167
0.433333
0.650000
0.691667
0.625000
0.604167
0.608333
0.508333
0.725000
0.600000
0.600000
0.600000
0.483333
0.720833
0.629167
0.604167
0.608333
0.454167
0.704167
0.675000
0.620833
0.604167
0.616667
0.600000
0.616667
0.600000
0.608333
0.458333
0.695833
0.670833
0.612500
0.612500
0.475000
0.712500
0.641667
0.612500
0.612500
0.508333
0.712500
0.595833
0.612500
0.616667
0.575000
0.625000
0.612500
0.616667
0.616667
0.529167
0.725000
0.575000
0.616667
0.616667
0.570833
0.633333
0.608333
0.616667
0.445833
0.683333
0.670833
0.625000
0.612500
0.441667
0.666667
0.679167
0.620833
0.616667
0.445833
0.675000
0.670833
0.625000
0.616667
0.470833
0.704167
0.637500
0.616667
0.616667
0.608333
0.562500
0.645833
0.620833
0.608333
0.441667
0.658333
0.675000
0.641667
0.608333
0.612500
0.445833
0.695833
0.683333
0.625000
0.608333
0.612500
0.529167
0.729167
0.583333
0.604167
0.475000
0.712500
0.650000
0.612500
0.616667
0.466667
0.708333
0.662500
0.620833
0.612500
0.445833
0.683333
0.687500
0.641667
0.629167
0.637500
0.620833
0.529167
0.737500
0.616667
0.616667
0.612500
0.491667
0.733333
0.629167
0.612500
0.612500
0.487500
0.733333
0.629167
0.608333
0.608333
0.458333
0.720833
0.650000
0.608333
0.612500
0.479167
0.729167
0.633333
0.612500
0.608333
0.529167
0.737500
0.587500
0.600000
0.500000
0.737500
0.608333
0.608333
0.454167
0.700000
0.683333
0.625000
0.604167
0.441667
0.670833
0.704167
0.666667
0.629167
0.633333
0.470833
0.704167
0.670833
0.662500
0.637500
0.629167
0.466667
0.695833
0.704167
0.654167
0.633333
0.629167
0.637500
0.508333
0.716667
0.666667
0.641667
0.633333
0.629167
0.491667
0.720833
0.666667
0.645833
0.637500
0.633333
0.479167
0.737500
0.687500
0.633333
0.629167
0.641667
0.475000
0.712500
0.695833
0.645833
0.637500
0.629167
0.512500
0.716667
0.641667
0.616667
0.616667
0.483333
0.729167
0.658333
0.625000
0.620833
0.450000
0.683333
0.675000
0.679167
0.650000
0.637500
0.629167
0.583333
0.658333
0.637500
0.625000
0.437500
0.666667
0.666667
0.687500
0.645833
0.637500
0.637500
0.458333
0.691667
0.695833
0.658333
0.645833
0.625000
0.445833
0.683333
0.666667
0.662500
0.658333
0.633333
0.629167
0.479167
0.720833
0.666667
0.620833
0.612500
0.625000
0.475000
0.691667
0.679167
0.641667
0.620833
0.612500
0.475000
0.704167
0.654167
0.604167
0.616667
0.620833
0.508333
0.695833
0.612500
0.600000
0.600000
0.437500
0.675000
0.687500
0.645833
0.637500
0.629167
0.616667
0.491667
0.687500
0.675000
0.641667
0.625000
0.616667
0.437500
0.654167
0.675000
0.666667
0.650000
0.625000
0.441667
0.662500
0.675000
0.679167
0.625000
0.612500
0.529167
0.712500
0.616667
0.608333
0.620833
0.537500
0.691667
0.591667
0.616667
0.458333
0.666667
0.662500
0.637500
0.604167
0.604167
0.483333
0.670833
0.629167
0.604167
0.441667
0.658333
0.654167
0.641667
0.600000
0.600000
0.575000
0.645833
0.608333
0.604167
0.616667
0.558333
0.641667
0.608333
0.616667
0.441667
0.633333
0.645833
0.654167
0.645833
0.620833
0.475000
0.683333
0.662500
0.625000
0.604167
0.612500
0.570833
0.641667
0.595833
0.604167
0.612500
0.525000
0.675000
0.595833
0.616667
0.595833
0.441667
0.675000
0.666667
0.616667
0.604167
0.608333
0.616667
0.504167
0.695833
0.629167
0.616667
0.612500
0.425000
0.650000
0.670833
0.654167
0.645833
0.620833
0.629167
0.475000
0.683333
0.666667
0.633333
0.616667
0.608333
0.508333
0.704167
0.620833
0.604167
0.608333
0.445833
0.687500
0.666667
1.241667
0.604167
0.558333
0.658333
0.237500
0.441667
0.720833
0.604167
1.025000
1.383333
0.970833
0.679167
1.183333
0.600000
0.475000
0.650000
0.900000
1.200000
1.470833
1.270833
1.516667
0.208333
1.970833
0.633333
0.433333
1.975000
0.645833
1.254167
0.629167
0.512500
0.770833
1.191667
0.616667
0.462500
0.545833
0.829167
0.625000
0.612500
0.675000
0.520833
0.662500
0.612500
0.458333
0.775000
0.337500
0.887500
0.633333
0.620833
0.483333
0.925000
0.329167
0.704167
0.450000
1.154167
0.745833
0.645833
0.641667
0.612500
0.437500
0.641667
0.658333
0.650000
0.637500
0.625000
0.620833
0.612500
0.525000
0.695833
0.604167
0.612500
0.604167
0.441667
0.679167
0.658333
0.650000
0.620833
0.625000
0.466667
0.679167
0.650000
0.645833
0.612500
0.616667
0.450000
0.670833
0.666667
0.645833
0.625000
0.608333
0.475000
0.683333
0.662500
0.625000
0.608333
0.479167
0.691667
0.650000
0.600000
0.600000
0.454167
0.683333
0.645833
0.641667
0.625000
0.600000
0.520833
0.712500
0.591667
0.595833
0.604167
0.454167
1.175000
0.787500
0.595833
0.587500
0.433333
0.641667
0.650000
1.279167
0.616667
0.495833
0.687500
0.637500
0.608333
0.600000
0.566667
0.650000
0.604167
0.600000
0.437500
0.637500
0.645833
0.637500
0.641667
0.529167
0.704167
0.483333
0.695833
0.633333
0.591667
0.595833
0.604167
0.529167
0.675000
0.604167
0.600000
0.616667
0.462500
0.662500
0.654167
0.629167
0.612500
0.450000
0.675000
0.675000
0.641667
0.620833
0.612500
0.450000
0.700000
0.662500
0.650000
0.616667
0.620833
0.483333
0.695833
0.650000
0.625000
0.608333
0.600000
0.562500
0.629167
0.600000
0.616667
1.104167
0.670833
0.633333
0.604167
0.429167
0.500000
0.708333
1.379167
1.116667
1.308333
1.050000
0.654167
0.650000
1.279167
0.608333
0.504167
1.283333
0.600000
0.587500
1.037500
0.758333
0.587500
1.158333
0.645833
1.220833
0.462500
1.329167
0.854167
0.166667
1.304167
0.462500
0.837500
0.295833
0.937500
0.437500
0.637500
0.645833
1.270833
0.616667
0.466667
0.679167
0.641667
1.225000
0.433333
0.641667
0.641667
0.625000
0.637500
0.633333
0.441667
0.637500
0.658333
0.629167
0.616667
0.400000
0.200000
0.433333
0.641667
0.645833
0.629167
0.629167
0.612500
0.608333
0.445833
0.675000
1.308333
0.425000
0.787500
1.833333
1.208333
0.454167
0.662500
0.658333
0.662500
0.633333
0.608333
0.616667
0.558333
0.700000
0.575000
0.608333
0.466667
0.679167
0.658333
0.629167
0.608333
0.533333
0.704167
0.587500
0.595833
0.454167
0.691667
0.645833
0.604167
0.600000
0.429167
0.650000
0.650000
0.637500
0.633333
0.604167
0.508333
0.700000
0.600000
0.600000
0.462500
0.691667
0.650000
0.604167
0.608333
0.529167
0.683333
0.583333
0.600000
0.445833
0.654167
0.658333
0.629167
0.608333
0.604167
0.558333
0.625000
0.595833
0.604167
0.450000
0.654167
0.645833
0.612500
0.591667
0.458333
0.675000
0.645833
0.612500
0.595833
0.604167
0.579167
0.604167
0.595833
0.600000
0.595833
0.525000
0.691667
0.575000
0.591667
0.462500
0.670833
0.645833
0.616667
0.604167
0.566667
0.629167
0.608333
0.595833
0.437500
0.658333
0.662500
0.637500
0.600000
0.608333
0.487500
0.666667
0.625000
0.604167
0.604167
0.520833
0.666667
0.591667
0.604167
0.587500
0.520833
0.675000
0.587500
0.587500
0.587500
0.466667
0.670833
0.637500
0.600000
1.679167
1.279167
0.600000
0.583333
1.095833
0.679167
0.600000
0.595833
0.608333
0.500000
0.662500
0.625000
0.604167
0.587500
0.525000
0.691667
0.579167
0.591667
0.475000
0.687500
0.641667
0.604167
0.595833
0.458333
0.687500
0.637500
0.633333
0.612500
0.608333
0.479167
0.679167
0.645833
0.604167
0.608333
0.604167
0.475000
0.700000
0.654167
0.620833
0.616667
0.433333
0.650000
0.650000
0.641667
0.633333
0.629167
0.475000
0.691667
0.650000
0.637500
0.612500
0.620833
0.545833
0.695833
0.591667
0.608333
0.612500
0.475000
0.695833
0.645833
0.625000
0.616667
0.441667
0.662500
0.645833
0.637500
0.645833
0.633333
0.612500
0.475000
0.691667
0.645833
0.625000
0.612500
0.616667
0.525000
0.683333
0.591667
0.604167
0.608333
0.583333
0.641667
0.608333
0.612500
0.433333
0.645833
0.645833
0.637500
0.620833
0.625000
0.491667
0.679167
0.637500
0.612500
0.608333
0.516667
0.675000
0.616667
0.612500
0.433333
0.633333
0.637500
0.637500
0.625000
0.625000
0.433333
0.641667
0.633333
0.625000
0.629167
0.620833
0.483333
0.662500
0.629167
0.625000
0.612500
0.600000
0.516667
0.666667
0.591667
0.587500
0.591667
0.512500
0.654167
0.600000
0.595833
0.591667
0.462500
0.641667
0.625000
0.616667
0.583333
0.487500
0.654167
0.620833
0.591667
0.583333
0.491667
0.662500
0.625000
0.591667
0.591667
0.604167
0.508333
0.658333
0.587500
0.587500
0.587500
0.437500
0.875000
0.404167
0.616667
1.233333
0.445833
0.645833
0.633333
0.629167
0.600000
0.595833
0.437500
0.637500
0.633333
0.608333
0.616667
0.608333
0.612500
0.479167
0.654167
0.637500
0.595833
0.587500
0.591667
