0.733333
0.750000
0.754167
0.762500
0.745833
0.750000
0.758333
0.758333
0.737500
0.750000
0.754167
0.758333
0.729167
0.733333
0.579167
0.500000
0.487500
0.645833
0.716667
0.708333
0.712500
0.716667
0.529167
0.879167
0.725000
0.716667
0.704167
0.708333
0.712500
0.700000
0.704167
0.708333
0.712500
0.704167
0.708333
0.720833
0.633333
0.783333
0.725000
0.729167
0.712500
0.729167
0.741667
0.745833
0.733333
0.600000
0.620833
0.370833
0.645833
0.704167
0.716667
0.725000
0.729167
0.712500
0.720833
0.741667
0.733333
0.558333
0.895833
0.737500
0.733333
0.712500
0.729167
0.750000
0.741667
0.729167
0.737500
0.733333
0.725000
0.725000
0.712500
0.712500
0.712500
0.708333
0.708333
0.745833
0.725000
0.716667
0.591667
0.458333
0.512500
0.583333
0.675000
0.695833
0.566667
0.370833
0.550000
0.608333
0.683333
0.687500
0.691667
0.695833
0.700000
0.691667
0.691667
0.637500
0.783333
0.708333
0.712500
0.716667
0.704167
0.708333
0.558333
0.566667
0.395833
0.633333
0.708333
0.712500
0.716667
0.708333
0.704167
0.712500
0.700000
0.583333
0.829167
0.708333
0.704167
0.708333
0.704167
0.704167
0.708333
0.712500
0.704167
0.704167
0.533333
0.433333
0.562500
0.616667
0.550000
0.841667
0.704167
0.700000
0.712500
0.708333
0.708333
0.712500
0.729167
0.716667
0.725000
0.745833
0.750000
0.733333
0.745833
0.762500
0.762500
0.758333
0.766667
0.766667
0.741667
0.750000
0.762500
0.745833
0.745833
0.758333
0.745833
0.741667
0.750000
0.762500
0.733333
0.741667
0.745833
0.729167
0.733333
0.750000
0.725000
0.733333
0.566667
0.400000
0.570833
0.641667
0.700000
0.716667
0.575000
0.433333
0.562500
0.604167
0.695833
0.716667
0.708333
0.712500
0.716667
0.716667
0.708333
0.745833
0.737500
0.720833
0.708333
0.595833
0.425000
0.537500
0.608333
0.687500
0.583333
0.829167
0.700000
0.704167
0.712500
0.708333
0.562500
0.858333
0.725000
0.725000
0.600000
0.845833
0.733333
0.725000
0.725000
0.737500
0.741667
0.725000
0.725000
0.737500
0.716667
0.729167
0.737500
0.733333
0.729167
0.733333
0.729167
0.725000
0.725000
0.725000
0.712500
0.570833
0.629167
0.337500
0.612500
0.691667
0.700000
0.704167
0.695833
0.491667
0.404167
0.591667
0.625000
0.683333
0.695833
0.695833
0.691667
0.691667
0.708333
0.708333
0.700000
0.708333
0.725000
0.712500
0.612500
0.841667
0.733333
0.725000
0.733333
0.741667
0.754167
0.745833
0.745833
0.745833
0.741667
0.729167
0.595833
0.870833
0.720833
0.716667
0.720833
0.708333
0.712500
0.716667
0.708333
0.570833
0.854167
0.708333
0.712500
0.525000
0.895833
0.716667
0.666667
0.362500
0.541667
0.595833
0.691667
0.712500
0.712500
0.708333
0.720833
0.725000
0.729167
0.725000
0.504167
0.950000
0.733333
0.500000
0.537500
0.545833
0.600000
0.683333
0.704167
0.700000
0.583333
0.433333
0.520833
0.587500
0.670833
0.695833
0.695833
0.595833
0.787500
0.700000
0.520833
0.862500
0.704167
0.708333
0.695833
0.712500
0.720833
0.716667
0.566667
0.554167
0.433333
0.629167
0.700000
0.583333
0.866667
0.733333
0.720833
0.729167
0.737500
0.733333
0.712500
0.725000
0.741667
0.745833
0.733333
0.754167
0.745833
0.558333
0.900000
0.733333
0.729167
0.712500
0.716667
0.725000
0.704167
0.716667
0.725000
0.712500
0.712500
0.720833
0.708333
0.712500
0.712500
0.454167
0.962500
0.716667
0.700000
0.700000
0.691667
0.566667
0.820833
0.704167
0.687500
0.691667
0.695833
0.695833
0.700000
0.716667
0.716667
0.708333
0.725000
0.737500
0.737500
0.729167
0.737500
0.737500
0.745833
0.716667
0.729167
0.741667
0.745833
0.729167
0.741667
0.750000
0.745833
0.733333
0.570833
0.400000
0.620833
0.654167
0.629167
0.383333
0.537500
0.620833
0.691667
0.612500
0.395833
0.529167
0.595833
0.675000
0.545833
0.820833
0.691667
0.683333
0.679167
0.679167
0.679167
0.687500
0.687500
0.545833
0.429167
0.529167
0.587500
0.512500
0.366667
0.587500
0.604167
0.683333
0.691667
0.695833
0.691667
0.691667
0.708333
0.691667
0.700000
0.704167
0.704167
0.708333
0.716667
0.720833
0.712500
0.725000
0.733333
0.729167
0.712500
0.566667
0.875000
0.737500
0.733333
0.729167
0.737500
0.758333
0.745833
0.741667
0.754167
0.754167
0.745833
0.737500
0.754167
0.762500
0.745833
0.754167
0.770833
0.762500
0.758333
0.758333
0.762500
0.629167
0.883333
0.758333
0.750000
0.487500
1.012500
0.766667
0.729167
0.554167
0.933333
0.733333
0.733333
0.725000
0.720833
0.729167
0.716667
0.725000
0.733333
0.716667
0.729167
0.716667
0.716667
0.733333
0.716667
0.725000
0.562500
0.383333
0.616667
0.645833
0.720833
0.737500
0.720833
0.729167
0.741667
0.754167
0.737500
0.733333
0.754167
0.758333
0.650000
0.850000
0.562500
0.920833
0.745833
0.733333
0.745833
0.754167
0.604167
0.875000
0.741667
0.745833
0.737500
0.533333
0.995833
0.758333
0.729167
0.737500
0.725000
0.716667
0.725000
0.708333
0.708333
0.716667
0.700000
0.570833
0.850000
0.708333
0.704167
0.716667
0.716667
0.708333
0.716667
0.725000
0.712500
0.720833
0.729167
0.737500
0.720833
0.729167
0.750000
0.550000
0.412500
0.591667
0.654167
0.720833
0.566667
0.858333
0.729167
0.720833
0.712500
0.720833
0.566667
0.404167
0.575000
0.633333
0.516667
0.904167
0.716667
0.712500
0.725000
0.733333
0.541667
0.450000
0.550000
0.633333
0.704167
0.708333
0.704167
0.712500
0.733333
0.716667
0.591667
0.858333
0.737500
0.720833
0.720833
0.737500
0.741667
0.733333
0.741667
0.758333
0.579167
0.891667
0.741667
0.720833
0.712500
0.720833
0.700000
0.704167
0.708333
0.700000
0.704167
0.704167
0.700000
0.704167
0.704167
0.700000
0.704167
0.712500
0.695833
0.700000
0.712500
0.716667
0.595833
0.837500
0.729167
0.712500
0.720833
0.737500
0.745833
0.733333
0.716667
0.733333
0.750000
0.754167
0.745833
0.741667
0.754167
0.600000
0.887500
0.654167
0.816667
0.737500
0.737500
0.720833
0.733333
0.741667
0.750000
0.604167
0.858333
0.745833
0.745833
0.725000
0.741667
0.754167
0.754167
0.733333
0.745833
0.758333
0.770833
0.741667
0.750000
0.762500
0.741667
0.750000
0.762500
0.745833
0.612500
0.908333
0.604167
0.891667
0.737500
0.525000
0.929167
0.720833
0.716667
0.716667
0.733333
0.708333
0.716667
0.725000
0.512500
0.920833
0.570833
0.875000
0.712500
0.716667
0.725000
0.733333
0.720833
0.729167
0.741667
0.750000
0.725000
0.733333
0.745833
0.762500
0.737500
0.741667
0.758333
0.758333
0.741667
0.754167
0.758333
0.766667
0.733333
0.737500
0.737500
0.737500
0.725000
0.729167
0.733333
0.725000
0.579167
0.841667
0.720833
0.708333
0.700000
0.704167
0.716667
0.704167
0.712500
0.720833
0.737500
0.729167
0.712500
0.720833
0.733333
0.591667
0.450000
0.529167
0.600000
0.687500
0.695833
0.704167
0.725000
0.720833
0.695833
0.704167
0.733333
0.616667
0.591667
0.950000
0.725000
0.725000
0.566667
0.395833
0.550000
0.625000
0.700000
0.695833
0.695833
0.712500
0.725000
0.704167
0.591667
0.833333
0.725000
0.704167
0.708333
0.729167
0.729167
0.604167
0.416667
0.512500
0.570833
0.320833
0.500000
0.583333
0.675000
0.670833
0.587500
0.375000
0.537500
0.583333
0.658333
0.679167
0.687500
0.691667
0.695833
0.558333
0.816667
0.641667
0.762500
0.700000
0.687500
0.695833
0.695833
0.641667
0.433333
1.020833
0.712500
0.708333
0.554167
0.825000
0.695833
0.629167
0.766667
0.691667
0.695833
0.704167
0.700000
0.691667
0.695833
0.704167
0.704167
0.691667
0.691667
0.704167
0.695833
0.683333
0.483333
0.879167
0.687500
0.679167
0.687500
0.670833
0.675000
0.687500
0.600000
0.575000
0.308333
0.583333
0.666667
0.683333
0.687500
0.704167
0.691667
0.695833
0.712500
0.720833
0.720833
0.708333
0.720833
0.725000
0.595833
0.833333
0.725000
0.725000
0.716667
0.712500
0.725000
0.737500
0.733333
0.716667
0.720833
0.733333
0.745833
0.725000
0.733333
0.741667
0.750000
0.745833
0.737500
0.750000
0.762500
0.741667
0.737500
0.750000
0.758333
0.750000
0.733333
0.745833
0.750000
0.745833
0.562500
0.916667
0.754167
0.745833
0.729167
0.741667
0.762500
0.737500
0.712500
0.716667
0.725000
0.550000
0.870833
0.712500
0.716667
0.700000
0.708333
0.708333
0.704167
0.708333
0.716667
0.704167
0.525000
0.908333
0.733333
0.720833
0.729167
0.741667
0.716667
0.733333
0.741667
0.745833
0.729167
0.566667
0.929167
0.758333
0.741667
0.733333
0.733333
0.737500
0.750000
0.737500
0.733333
0.737500
0.741667
0.716667
0.725000
0.750000
0.758333
0.729167
0.533333
0.933333
0.745833
0.716667
0.720833
0.733333
