0.600000
0.595833
0.600000
0.600000
0.595833
0.595833
0.600000
0.600000
0.595833
0.600000
0.600000
0.595833
0.600000
0.595833
0.600000
0.604167
0.595833
0.600000
0.600000
0.600000
0.604167
0.595833
0.604167
0.600000
0.600000
0.600000
0.600000
0.600000
0.600000
0.600000
0.600000
0.600000
0.600000
0.600000
0.600000
0.604167
0.600000
0.600000
0.600000
0.604167
0.600000
0.600000
0.600000
0.604167
0.600000
0.600000
0.600000
0.600000
0.604167
0.600000
0.600000
0.600000
0.604167
0.595833
0.604167
0.600000
0.600000
0.595833
0.600000
0.600000
0.595833
0.600000
0.600000
0.600000
0.595833
0.600000
0.600000
0.600000
0.600000
0.595833
0.600000
0.525000
0.662500
0.604167
0.600000
0.600000
0.600000
0.595833
0.600000
0.600000
0.600000
0.595833
0.600000
0.600000
0.595833
0.595833
0.600000
0.600000
0.600000
0.595833
0.595833
0.600000
0.600000
0.595833
0.600000
0.600000
0.600000
0.595833
0.600000
0.600000
0.600000
0.595833
0.600000
0.600000
0.600000
0.595833
0.600000
0.600000
0.600000
0.595833
0.600000
0.600000
0.600000
0.595833
0.600000
0.600000
0.600000
0.595833
0.600000
0.600000
0.600000
0.600000
0.600000
0.600000
0.600000
0.595833
0.600000
0.600000
0.600000
0.600000
0.600000
0.600000
0.600000
0.600000
0.600000
0.604167
0.595833
0.600000
0.604167
0.600000
0.600000
0.600000
0.600000
0.600000
0.600000
0.600000
0.604167
0.595833
0.600000
0.600000
0.600000
0.600000
0.600000
0.600000
0.595833
0.600000
0.600000
0.595833
0.600000
0.600000
0.600000
0.595833
0.600000
0.600000
0.600000
0.595833
0.600000
0.600000
0.600000
0.595833
0.600000
0.600000
0.595833
0.595833
0.600000
0.595833
0.595833
0.595833
0.595833
0.595833
0.595833
0.595833
0.595833
0.595833
0.595833
0.595833
0.595833
0.595833
0.595833
0.591667
0.595833
0.595833
0.595833
0.595833
0.595833
0.595833
0.595833
0.595833
0.591667
0.595833
0.600000
0.595833
0.595833
0.595833
0.595833
0.600000
0.595833
0.595833
0.595833
0.595833
0.595833
0.595833
0.595833
0.595833
0.591667
0.600000
0.595833
0.595833
0.591667
0.600000
0.595833
0.595833
0.595833
0.595833
0.595833
0.591667
0.595833
0.595833
0.595833
0.591667
0.595833
0.591667
0.595833
0.591667
0.591667
0.591667
0.591667
0.591667
0.591667
0.591667
0.591667
0.591667
0.587500
0.591667
0.591667
0.495833
0.670833
0.595833
0.591667
0.591667
0.591667
0.595833
0.591667
0.587500
0.591667
0.595833
0.591667
0.587500
0.591667
0.591667
0.591667
0.595833
0.591667
0.587500
0.591667
0.591667
0.587500
0.591667
0.587500
0.587500
0.587500
0.591667
0.587500
0.587500
0.587500
0.587500
0.587500
0.475000
0.700000
0.587500
0.591667
0.587500
0.587500
0.587500
0.587500
0.591667
0.587500
0.591667
0.591667
0.587500
0.587500
0.591667
0.587500
0.591667
0.587500
0.591667
0.587500
0.591667
0.587500
0.591667
0.587500
0.591667
0.587500
0.587500
0.591667
0.587500
0.587500
0.587500
0.587500
0.591667
0.587500
0.587500
0.587500
0.587500
0.591667
0.587500
0.591667
0.587500
0.591667
0.587500
0.591667
0.591667
0.462500
0.704167
0.595833
0.591667
0.525000
0.654167
0.595833
0.591667
0.587500
0.591667
0.591667
0.587500
0.587500
0.587500
0.591667
0.587500
0.587500
0.587500
0.587500
0.587500
0.587500
0.587500
0.587500
0.587500
0.587500
0.587500
0.587500
0.587500
0.583333
0.591667
0.587500
0.587500
0.587500
0.587500
0.587500
0.591667
0.587500
0.583333
0.591667
0.587500
0.587500
0.587500
0.587500
0.587500
0.587500
0.587500
0.587500
0.583333
0.587500
0.587500
0.587500
0.587500
0.587500
0.587500
0.587500
0.591667
0.587500
0.587500
0.591667
0.587500
0.591667
0.587500
0.591667
0.591667
0.587500
0.591667
0.591667
0.591667
0.591667
0.591667
0.595833
0.587500
0.591667
0.591667
0.591667
0.591667
0.587500
0.591667
0.591667
0.591667
0.587500
0.591667
0.591667
0.591667
0.587500
0.591667
0.591667
0.587500
0.591667
0.591667
0.587500
0.591667
0.587500
0.591667
0.587500
0.591667
0.587500
0.591667
0.587500
0.587500
0.466667
0.695833
0.600000
0.595833
0.591667
0.591667
0.591667
0.595833
0.591667
0.591667
0.591667
0.595833
0.591667
0.591667
0.591667
0.595833
0.591667
0.595833
0.591667
0.595833
0.591667
0.595833
0.595833
0.595833
0.595833
0.595833
0.595833
0.595833
0.595833
0.595833
0.600000
0.595833
0.595833
0.600000
0.595833
0.600000
0.595833
0.600000
0.595833
0.595833
0.595833
0.600000
0.595833
0.600000
0.591667
0.595833
0.600000
0.595833
0.587500
0.600000
0.595833
0.591667
0.595833
0.595833
0.591667
0.591667
0.591667
0.595833
0.591667
0.591667
0.591667
0.591667
0.587500
0.591667
0.591667
0.587500
0.591667
0.587500
0.591667
0.587500
0.587500
0.587500
0.587500
0.591667
0.591667
0.587500
0.587500
0.591667
0.587500
0.591667
0.587500
0.591667
0.591667
0.587500
0.587500
0.591667
0.591667
0.591667
0.587500
0.595833
0.591667
0.591667
0.587500
0.595833
0.591667
0.587500
0.591667
0.591667
0.595833
0.587500
0.591667
0.591667
0.591667
0.591667
0.587500
0.591667
0.591667
0.587500
0.591667
0.591667
0.591667
0.591667
0.591667
0.591667
0.591667
0.591667
0.591667
0.591667
0.591667
0.591667
0.587500
0.595833
0.591667
0.591667
0.587500
0.591667
0.591667
0.591667
0.591667
0.591667
0.595833
0.591667
0.591667
0.591667
0.595833
0.591667
0.591667
0.595833
0.595833
0.595833
0.591667
0.595833
0.595833
0.595833
0.591667
0.600000
0.595833
0.595833
0.591667
0.600000
0.595833
0.595833
0.595833
0.595833
0.595833
0.600000
0.591667
0.600000
0.595833
0.595833
0.595833
0.595833
0.600000
0.595833
0.595833
0.595833
0.600000
0.595833
0.595833
0.600000
0.595833
0.600000
0.595833
0.600000
0.600000
0.600000
0.595833
0.600000
0.600000
0.600000
0.595833
0.600000
0.600000
0.595833
0.595833
0.600000
0.600000
0.600000
0.595833
0.600000
0.600000
0.600000
0.595833
0.600000
0.600000
0.595833
0.595833
0.600000
0.600000
0.595833
0.600000
0.595833
0.595833
0.600000
0.595833
0.595833
0.595833
0.595833
0.595833
0.595833
0.600000
0.595833
0.595833
0.595833
0.595833
0.600000
0.591667
0.600000
0.595833
0.595833
0.595833
0.595833
0.600000
0.595833
0.595833
0.595833
0.600000
0.595833
0.595833
0.600000
0.595833
0.600000
0.595833
0.595833
0.600000
0.595833
0.595833
0.600000
0.600000
0.595833
0.595833
0.600000
0.595833
0.600000
0.587500
0.604167
0.600000
0.600000
0.595833
0.600000
0.595833
0.600000
0.595833
0.595833
0.600000
0.600000
0.595833
0.595833
0.600000
0.600000
0.595833
0.595833
0.600000
0.600000
0.600000
0.595833
0.600000
0.600000
0.600000
0.600000
0.600000
0.600000
0.529167
0.662500
0.604167
0.600000
0.604167
0.600000
0.604167
0.600000
0.600000
0.604167
0.600000
0.604167
0.600000
0.600000
0.604167
0.600000
0.604167
0.604167
0.604167
0.600000
0.604167
0.600000
0.604167
0.600000
0.604167
0.600000
0.604167
0.600000
0.600000
0.600000
0.600000
0.600000
0.604167
0.600000
0.600000
0.600000
0.600000
0.600000
0.595833
0.600000
0.600000
0.595833
0.595833
0.600000
0.591667
0.591667
0.591667
0.583333
0.587500
0.579167
0.583333
0.579167
0.579167
0.575000
0.579167
0.575000
0.583333
0.575000
0.579167
0.579167
0.583333
0.579167
0.575000
0.579167
0.579167
0.579167
0.579167
0.583333
0.579167
0.579167
0.583333
0.579167
0.583333
0.579167
0.583333
0.579167
0.583333
0.583333
0.583333
0.537500
0.625000
0.587500
0.583333
0.583333
0.587500
0.583333
0.583333
0.587500
0.583333
0.583333
0.541667
0.625000
0.587500
0.587500
0.583333
0.587500
0.587500
0.583333
0.587500
0.583333
0.587500
0.583333
0.587500
0.587500
0.583333
0.587500
0.587500
0.587500
0.583333
0.587500
0.587500
0.587500
0.587500
0.587500
0.587500
0.583333
0.587500
0.587500
0.583333
0.587500
0.587500
0.587500
0.583333
0.587500
0.583333
0.587500
0.583333
0.583333
0.583333
0.583333
0.583333
0.583333
0.583333
0.583333
0.583333
0.583333
0.579167
0.583333
0.583333
0.583333
0.583333
0.583333
0.579167
0.583333
0.583333
0.579167
0.583333
0.579167
0.579167
0.579167
0.579167
0.579167
0.583333
0.579167
0.579167
0.579167
0.583333
0.579167
0.579167
0.579167
0.579167
0.583333
0.579167
0.579167
0.579167
0.583333
0.575000
0.583333
0.579167
0.579167
0.579167
0.579167
0.579167
0.579167
0.579167
0.579167
0.579167
0.579167
0.579167
0.579167
0.579167
0.579167
0.579167
0.579167
0.579167
0.579167
0.579167
0.579167
0.579167
0.579167
0.579167
0.583333
0.579167
0.583333
0.579167
0.583333
0.579167
0.583333
0.579167
0.587500
0.583333
0.575000
0.587500
0.583333
0.583333
0.583333
0.583333
0.583333
0.583333
0.583333
0.579167
0.583333
0.583333
0.583333
0.583333
0.579167
0.583333
0.583333
0.587500
0.583333
0.583333
0.583333
0.583333
0.583333
0.583333
0.583333
0.583333
0.583333
0.583333
0.583333
0.583333
0.583333
0.583333
0.583333
0.583333
0.583333
0.583333
0.583333
0.583333
0.583333
0.587500
0.583333
0.583333
0.587500
0.583333
0.583333
0.587500
0.583333
0.587500
0.583333
0.587500
0.587500
0.583333
0.587500
0.583333
0.587500
0.583333
0.587500
0.587500
0.583333
0.587500
0.583333
0.587500
0.583333
0.587500
0.583333
0.587500
0.583333
0.587500
0.583333
0.587500
0.587500
0.587500
0.583333
0.587500
0.520833
0.645833
0.575000
0.475000
0.479167
0.708333
0.533333
0.670833
0.604167
0.595833
0.595833
0.591667
0.591667
0.591667
0.587500
0.587500
0.591667
0.587500
0.587500
0.587500
0.587500
0.587500
0.587500
0.587500
0.587500
0.583333
0.587500
0.587500
0.587500
0.587500
0.587500
0.587500
0.587500
0.583333
0.587500
0.587500
0.583333
0.587500
0.583333
0.583333
0.583333
0.583333
0.587500
0.583333
0.583333
0.583333
0.583333
0.579167
0.583333
0.583333
0.583333
0.583333
0.583333
0.583333
0.583333
0.583333
0.579167
0.583333
0.583333
0.583333
0.579167
0.583333
0.579167
0.583333
0.583333
0.579167
0.579167
0.583333
0.579167
0.579167
0.579167
0.583333
0.579167
0.579167
0.579167
0.579167
0.583333
0.579167
0.579167
0.579167
0.579167
0.583333
0.579167
0.583333
0.579167
