0.737500
0.741667
0.716667
0.720833
0.429167
1.045833
0.770833
0.750000
0.733333
0.729167
0.741667
0.737500
0.708333
0.712500
0.720833
0.729167
0.720833
0.704167
0.708333
0.712500
0.729167
0.720833
0.695833
0.700000
0.708333
0.733333
0.729167
0.700000
0.708333
0.441667
0.995833
0.675000
0.791667
0.720833
0.729167
0.729167
0.754167
0.750000
0.725000
0.720833
0.612500
0.845833
0.741667
0.733333
0.729167
0.733333
0.754167
0.750000
0.729167
0.729167
0.733333
0.741667
0.758333
0.750000
0.733333
0.733333
0.758333
0.775000
0.766667
0.737500
0.737500
0.737500
0.754167
0.754167
0.737500
0.729167
0.733333
0.754167
0.779167
0.770833
0.745833
0.741667
0.741667
0.750000
0.766667
0.758333
0.737500
0.741667
0.745833
0.775000
0.775000
0.737500
0.737500
0.745833
0.758333
0.762500
0.741667
0.720833
0.725000
0.733333
0.762500
0.612500
0.875000
0.741667
0.745833
0.754167
0.762500
0.716667
0.545833
0.958333
0.766667
0.725000
0.741667
0.729167
0.770833
0.733333
0.762500
0.712500
0.758333
0.725000
0.750000
0.729167
0.750000
0.725000
0.758333
0.725000
0.725000
0.745833
0.741667
0.720833
0.716667
0.720833
0.750000
0.750000
0.729167
0.733333
0.733333
0.750000
0.750000
0.729167
0.725000
0.729167
0.750000
0.754167
0.729167
0.720833
0.720833
0.725000
0.741667
0.733333
0.708333
0.708333
0.712500
0.733333
0.729167
0.708333
0.704167
0.708333
0.470833
0.958333
0.733333
0.579167
0.841667
0.716667
0.716667
0.720833
0.712500
0.700000
0.700000
0.704167
0.733333
0.733333
0.716667
0.712500
0.716667
0.741667
0.745833
0.725000
0.712500
0.716667
0.720833
0.745833
0.754167
0.733333
0.729167
0.741667
0.762500
0.745833
0.720833
0.720833
0.725000
0.745833
0.737500
0.716667
0.712500
0.720833
0.729167
0.737500
0.716667
0.708333
0.712500
0.720833
0.595833
0.595833
0.991667
0.687500
0.762500
0.737500
0.729167
0.704167
0.704167
0.708333
0.716667
0.729167
0.720833
0.704167
0.704167
0.716667
0.720833
0.737500
0.733333
0.725000
0.729167
0.733333
0.770833
0.762500
0.733333
0.733333
0.487500
0.970833
0.766667
0.754167
0.729167
0.733333
0.750000
0.708333
0.750000
0.729167
0.720833
0.729167
0.737500
0.708333
0.741667
0.725000
0.737500
0.720833
0.720833
0.750000
0.725000
0.737500
0.750000
0.704167
0.745833
0.725000
0.733333
0.750000
0.716667
0.750000
0.733333
0.754167
0.754167
0.745833
0.725000
0.729167
0.762500
0.754167
0.725000
0.720833
0.720833
0.733333
0.737500
0.720833
0.712500
0.712500
0.745833
0.745833
0.720833
0.716667
0.720833
0.745833
0.737500
0.570833
0.429167
1.158333
0.637500
0.870833
0.720833
0.716667
0.712500
0.720833
0.733333
0.729167
0.704167
0.708333
0.716667
0.729167
0.745833
0.562500
1.633333
0.600000
0.958333
0.745833
0.766667
0.737500
0.737500
0.737500
0.479167
0.500000
0.562500
0.679167
0.733333
0.720833
0.745833
0.733333
0.712500
0.716667
0.720833
0.729167
0.662500
0.812500
0.745833
0.737500
0.729167
0.716667
0.758333
0.716667
0.712500
0.712500
0.737500
0.733333
0.716667
0.720833
0.725000
0.741667
0.737500
0.720833
0.729167
0.729167
0.754167
0.766667
0.745833
0.733333
0.745833
0.745833
0.779167
0.770833
0.754167
0.745833
0.745833
0.770833
0.545833
0.950000
0.750000
0.741667
0.750000
0.741667
0.725000
0.720833
0.729167
0.741667
0.737500
0.720833
0.733333
0.729167
0.758333
0.554167
0.920833
0.729167
0.729167
0.754167
0.741667
0.712500
0.716667
0.716667
0.541667
0.404167
0.579167
0.679167
0.725000
0.712500
0.712500
0.725000
0.720833
0.704167
0.704167
0.712500
0.737500
0.525000
0.891667
0.745833
0.762500
0.725000
0.737500
0.700000
0.766667
0.758333
0.779167
0.704167
0.750000
0.741667
0.783333
0.787500
0.795833
0.758333
0.758333
0.737500
0.787500
0.745833
0.754167
0.729167
0.775000
0.775000
0.775000
0.708333
0.750000
0.733333
0.491667
1.087500
0.691667
0.716667
0.754167
0.725000
0.758333
0.704167
0.737500
0.725000
0.758333
0.733333
0.745833
0.716667
0.737500
0.712500
0.750000
0.704167
0.566667
0.900000
0.754167
0.733333
0.737500
0.708333
0.775000
0.787500
0.587500
0.470833
0.562500
0.695833
0.687500
0.750000
0.725000
0.737500
0.716667
0.754167
0.733333
0.758333
0.716667
0.741667
0.729167
0.754167
0.745833
0.766667
0.700000
0.725000
0.683333
0.687500
0.687500
0.695833
0.691667
0.679167
0.679167
0.683333
0.695833
0.712500
0.716667
0.704167
0.700000
0.712500
0.720833
0.733333
0.750000
0.741667
0.712500
0.733333
0.741667
0.683333
0.816667
0.758333
0.733333
0.729167
0.725000
0.733333
0.733333
0.725000
0.700000
0.708333
0.708333
0.716667
0.720833
0.712500
0.695833
0.704167
0.708333
0.716667
0.729167
0.720833
0.700000
0.708333
0.712500
0.725000
0.733333
0.725000
0.712500
0.716667
0.725000
0.737500
0.737500
0.720833
0.725000
0.725000
0.737500
0.733333
0.712500
0.720833
0.733333
0.745833
0.745833
0.733333
0.716667
0.716667
0.725000
0.745833
0.741667
0.712500
0.716667
0.716667
0.741667
0.741667
0.437500
0.991667
0.612500
0.850000
0.733333
0.545833
0.866667
0.720833
0.716667
0.716667
0.708333
0.683333
0.691667
0.695833
0.708333
0.720833
0.716667
0.691667
0.708333
0.708333
0.737500
0.729167
0.708333
0.700000
0.700000
0.704167
0.725000
0.716667
0.695833
0.700000
0.700000
0.716667
0.716667
0.708333
0.691667
0.695833
0.704167
0.720833
0.716667
0.695833
0.700000
0.708333
0.729167
0.720833
0.700000
0.691667
0.691667
0.695833
0.716667
0.708333
0.687500
0.695833
0.700000
0.725000
0.708333
0.570833
0.841667
0.704167
0.725000
0.720833
0.700000
0.704167
0.704167
0.716667
0.712500
0.695833
0.704167
0.712500
0.720833
0.745833
0.737500
0.604167
0.845833
0.645833
0.829167
0.737500
0.725000
0.720833
0.600000
0.862500
0.741667
0.733333
0.720833
0.720833
0.725000
0.716667
0.708333
0.704167
0.716667
0.733333
0.725000
0.704167
0.708333
0.716667
0.737500
0.733333
0.720833
0.716667
0.716667
0.725000
0.741667
0.741667
0.716667
0.720833
0.720833
0.741667
0.737500
0.720833
0.716667
0.729167
0.733333
0.733333
0.741667
0.733333
0.716667
0.720833
0.725000
0.729167
0.745833
0.737500
0.725000
0.720833
0.729167
0.745833
0.741667
0.720833
0.541667
0.895833
0.733333
0.708333
0.691667
0.691667
0.691667
0.583333
0.475000
0.958333
0.675000
0.662500
0.662500
0.645833
0.650000
0.645833
0.645833
0.645833
0.641667
0.637500
0.633333
0.637500
0.641667
0.645833
0.641667
0.645833
0.641667
0.637500
0.641667
0.641667
0.641667
0.633333
0.637500
0.637500
0.629167
0.633333
0.633333
0.633333
0.633333
0.641667
0.645833
0.637500
0.641667
0.641667
0.645833
0.645833
0.650000
0.654167
0.658333
0.637500
0.641667
0.637500
0.641667
0.650000
0.650000
0.645833
0.641667
0.637500
0.633333
0.637500
0.645833
0.650000
0.654167
0.650000
0.662500
0.591667
0.712500
0.658333
0.666667
0.654167
0.362500
0.295833
0.645833
0.650000
0.650000
0.850000
0.454167
0.929167
0.408333
0.416667
0.241667
0.287500
0.383333
0.287500
0.595833
0.491667
0.358333
0.537500
0.470833
0.700000
0.679167
0.445833
0.233333
0.687500
0.487500
0.891667
0.691667
1.395833
1.387500
1.375000
0.708333
0.704167
0.845833
0.566667
0.708333
0.708333
0.700000
0.687500
0.700000
0.695833
0.695833
0.691667
0.700000
0.675000
0.441667
0.975000
0.695833
0.708333
0.687500
0.691667
0.683333
0.687500
0.675000
0.679167
0.691667
0.700000
0.712500
0.704167
0.704167
0.691667
0.720833
0.720833
0.729167
0.733333
0.729167
0.716667
0.729167
0.725000
0.729167
0.466667
1.020833
0.737500
0.716667
0.737500
0.745833
0.737500
0.758333
0.712500
0.787500
0.745833
0.791667
0.783333
0.766667
0.720833
0.791667
0.758333
0.804167
0.750000
0.808333
0.795833
0.825000
0.591667
0.945833
0.741667
0.816667
0.825000
0.829167
0.741667
0.787500
0.758333
0.820833
0.841667
0.829167
0.779167
0.800000
0.725000
0.804167
0.770833
0.791667
0.745833
0.604167
0.462500
0.595833
0.745833
0.745833
0.466667
1.058333
0.775000
0.733333
0.775000
0.720833
0.750000
0.737500
0.783333
0.462500
1.091667
0.595833
0.912500
0.741667
0.554167
0.958333
0.737500
0.720833
0.762500
0.729167
0.770833
0.720833
0.762500
0.762500
0.787500
0.741667
0.737500
0.566667
0.983333
0.779167
0.787500
