0.795833
0.791667
0.795833
0.800000
0.791667
0.791667
0.804167
0.804167
0.808333
0.800000
0.804167
0.804167
0.804167
0.795833
0.795833
0.804167
0.804167
0.808333
0.800000
0.808333
0.812500
0.812500
0.808333
0.808333
0.804167
0.808333
0.804167
0.800000
0.812500
0.816667
0.808333
0.800000
0.808333
0.816667
0.808333
0.800000
0.804167
0.816667
0.812500
0.800000
0.800000
0.804167
0.808333
0.795833
0.804167
0.812500
0.800000
0.800000
0.812500
0.808333
0.808333
0.800000
0.820833
0.845833
0.837500
0.829167
0.829167
0.816667
0.825000
0.833333
0.816667
0.816667
0.829167
0.825000
0.825000
0.825000
0.812500
0.825000
0.829167
0.833333
0.820833
0.812500
0.820833
0.829167
0.829167
0.812500
0.808333
0.816667
0.820833
0.812500
0.804167
0.812500
0.812500
0.804167
0.804167
0.812500
0.812500
0.804167
0.795833
0.795833
0.795833
0.791667
0.787500
0.795833
0.800000
0.791667
0.795833
0.800000
0.800000
0.808333
0.800000
0.800000
0.812500
0.816667
0.812500
0.816667
0.820833
0.829167
0.825000
0.812500
0.820833
0.829167
0.820833
0.804167
0.816667
0.825000
0.816667
0.808333
0.812500
0.812500
0.812500
0.800000
0.812500
0.820833
0.812500
0.804167
0.804167
0.800000
0.804167
0.787500
0.800000
0.795833
0.791667
0.787500
0.795833
0.783333
0.795833
0.787500
0.791667
0.795833
0.791667
0.791667
0.791667
0.804167
0.791667
0.791667
0.800000
0.808333
0.804167
0.804167
0.800000
0.804167
0.808333
0.804167
0.791667
0.800000
0.795833
0.800000
0.795833
0.804167
0.795833
0.770833
0.775000
0.770833
0.770833
0.758333
0.766667
0.758333
0.766667
0.758333
0.758333
0.762500
0.758333
0.762500
0.762500
0.766667
0.762500
0.770833
0.783333
0.779167
0.779167
0.775000
0.779167
0.779167
0.779167
0.783333
0.783333
0.775000
0.770833
0.770833
0.779167
0.779167
0.770833
0.783333
0.775000
0.783333
0.800000
0.800000
0.791667
0.779167
0.787500
0.787500
0.791667
0.783333
0.791667
0.795833
0.804167
0.791667
0.783333
0.791667
0.779167
0.770833
0.766667
0.766667
0.770833
0.770833
0.762500
0.537500
0.225000
0.520833
0.229167
0.766667
0.758333
0.758333
0.758333
0.758333
0.762500
0.766667
0.975000
0.575000
0.770833
0.762500
0.754167
0.758333
0.754167
0.570833
0.179167
0.275000
0.258333
0.441667
0.412500
0.404167
0.487500
0.779167
0.791667
0.779167
0.787500
0.787500
0.795833
0.800000
0.804167
0.804167
0.795833
0.795833
0.783333
0.783333
0.779167
0.779167
0.779167
0.779167
0.779167
0.791667
0.791667
0.804167
0.800000
0.795833
0.800000
0.800000
0.795833
0.791667
0.800000
0.804167
0.795833
0.791667
0.800000
0.800000
0.791667
0.783333
0.787500
0.783333
0.770833
0.766667
0.775000
0.783333
0.787500
0.783333
0.779167
0.783333
0.787500
0.787500
0.779167
0.779167
0.787500
0.787500
0.787500
0.791667
0.795833
0.791667
0.779167
0.791667
0.795833
0.791667
0.783333
0.783333
0.787500
0.791667
0.791667
0.787500
0.779167
0.779167
0.779167
0.779167
0.775000
0.783333
0.783333
0.783333
0.779167
0.787500
0.791667
0.800000
0.791667
0.783333
0.795833
0.795833
0.783333
0.795833
0.795833
0.800000
0.795833
0.795833
0.800000
0.804167
0.795833
0.779167
0.779167
0.775000
0.491667
0.275000
0.533333
0.233333
0.541667
0.225000
0.758333
0.766667
0.766667
0.391667
0.354167
0.750000
0.225000
0.370833
0.141667
0.758333
0.512500
0.241667
0.750000
0.308333
0.441667
0.750000
0.754167
0.758333
0.754167
0.762500
0.770833
0.770833
0.775000
0.779167
0.783333
0.787500
0.795833
0.800000
0.795833
0.791667
0.783333
0.787500
0.787500
0.504167
0.320833
0.687500
0.045833
0.345833
0.450000
0.291667
0.916667
0.341667
0.254167
0.537500
0.779167
0.766667
0.766667
0.770833
0.766667
0.766667
0.766667
0.775000
0.775000
0.775000
0.775000
0.779167
0.783333
0.791667
0.787500
0.783333
0.787500
0.787500
0.795833
0.800000
0.791667
0.800000
0.800000
0.795833
0.795833
0.787500
0.787500
0.791667
0.787500
0.783333
0.779167
0.775000
0.775000
0.770833
0.770833
0.770833
0.783333
0.783333
0.775000
0.766667
0.775000
0.779167
0.787500
0.783333
0.783333
0.791667
0.791667
0.795833
0.795833
0.800000
0.808333
0.812500
0.800000
0.800000
0.804167
0.800000
0.791667
0.787500
0.791667
0.795833
0.787500
0.787500
0.787500
0.787500
0.783333
0.783333
0.787500
0.791667
0.804167
0.804167
0.800000
0.800000
0.808333
0.808333
0.804167
0.795833
0.804167
0.808333
0.812500
0.808333
0.812500
0.820833
0.825000
0.816667
0.804167
0.812500
0.816667
0.816667
0.808333
0.808333
0.812500
0.816667
0.816667
0.804167
0.800000
0.804167
0.804167
0.795833
0.800000
0.804167
0.808333
0.800000
0.804167
0.808333
0.800000
0.795833
0.795833
0.795833
0.800000
0.795833
0.791667
0.800000
0.795833
0.787500
0.795833
0.791667
0.795833
0.783333
0.775000
0.770833
0.766667
0.762500
0.770833
0.770833
0.783333
0.775000
0.783333
0.791667
0.791667
0.791667
0.800000
0.808333
0.795833
0.791667
0.795833
0.800000
0.787500
0.787500
0.800000
0.795833
0.800000
0.795833
0.791667
0.804167
0.812500
0.816667
0.812500
0.825000
0.816667
0.820833
0.808333
0.804167
0.800000
0.800000
0.791667
0.787500
0.791667
0.795833
0.787500
0.387500
0.383333
0.233333
0.729167
0.112500
0.487500
0.787500
0.783333
0.779167
0.783333
0.779167
0.795833
0.795833
0.800000
0.787500
0.508333
0.291667
0.791667
0.316667
0.462500
0.779167
0.779167
0.779167
0.779167
0.775000
0.775000
0.775000
0.779167
0.791667
0.783333
0.783333
0.783333
0.787500
0.791667
0.787500
0.787500
0.791667
0.783333
0.783333
0.795833
0.795833
0.795833
0.791667
0.795833
0.787500
0.791667
0.783333
0.783333
0.783333
0.787500
0.775000
0.229167
0.750000
0.566667
0.608333
0.166667
0.954167
0.779167
0.258333
0.325000
0.325000
0.454167
0.762500
0.237500
0.104167
0.429167
0.387500
0.375000
0.445833
0.316667
0.416667
0.350000
0.770833
0.437500
0.333333
0.770833
0.204167
0.308333
0.258333
0.275000
0.500000
0.254167
0.258333
0.258333
0.766667
0.500000
0.262500
0.575000
0.975000
0.262500
0.512500
0.404167
0.370833
0.766667
0.770833
0.312500
0.470833
0.779167
0.775000
0.779167
0.783333
0.779167
0.779167
0.766667
0.775000
0.370833
0.404167
0.766667
0.770833
0.766667
0.775000
0.779167
0.779167
0.783333
0.787500
0.787500
0.779167
0.783333
0.791667
0.783333
0.791667
0.787500
0.791667
0.791667
0.787500
0.787500
0.787500
0.550000
0.995833
0.779167
0.562500
0.225000
0.783333
0.787500
0.787500
0.787500
0.795833
0.791667
0.791667
0.791667
0.787500
0.795833
0.804167
0.812500
0.808333
0.808333
0.804167
0.808333
0.816667
0.808333
0.812500
0.816667
0.816667
0.816667
0.808333
0.808333
0.816667
0.812500
0.804167
0.795833
0.800000
0.808333
0.804167
0.795833
0.804167
0.812500
0.804167
0.800000
0.800000
0.800000
0.791667
0.791667
0.800000
0.800000
0.795833
0.791667
0.800000
0.804167
0.800000
0.800000
0.804167
0.808333
0.800000
0.800000
0.804167
0.812500
0.812500
0.808333
0.812500
0.816667
0.804167
0.808333
0.812500
0.812500
0.483333
1.112500
0.795833
1.400000
0.320833
1.437500
0.783333
0.779167
0.787500
0.783333
1.562500
0.783333
0.775000
0.591667
0.183333
0.470833
0.208333
0.766667
0.908333
0.770833
1.058333
1.020833
0.254167
0.300000
1.004167
0.308333
0.745833
1.108333
0.916667
0.341667
0.779167
1.020833
1.333333
0.779167
0.133333
0.645833
1.579167
1.008333
0.433333
0.129167
0.575000
0.341667
0.654167
0.791667
0.954167
0.204167
0.400000
0.775000
0.700000
0.320833
0.533333
0.770833
0.200000
0.570833
0.770833
0.779167
0.770833
0.770833
0.241667
0.533333
0.362500
0.408333
0.379167
0.850000
0.316667
0.770833
0.766667
0.783333
0.729167
0.804167
0.762500
0.675000
0.725000
0.120833
0.591667
0.170833
0.766667
1.004167
0.237500
0.300000
0.879167
0.725000
0.695833
1.537500
0.429167
1.108333
1.529167
0.762500
0.458333
0.312500
0.908333
0.625000
0.770833
0.491667
0.283333
0.233333
0.537500
0.258333
0.508333
0.775000
0.766667
0.762500
0.754167
0.395833
0.375000
0.470833
0.145833
0.645833
0.520833
0.304167
0.566667
0.391667
0.329167
0.429167
