0.441667
0.925000
0.745833
0.541667
1.641667
0.566667
0.445833
0.337500
1.175000
0.720833
0.379167
0.325000
0.579167
0.700000
0.950000
0.866667
0.783333
1.866667
0.787500
0.670833
1.016667
1.354167
0.445833
0.908333
0.779167
0.650000
1.041667
0.683333
0.433333
0.341667
0.750000
1.137500
0.800000
1.241667
0.291667
0.970833
0.312500
0.779167
0.670833
0.208333
0.500000
1.029167
0.816667
0.779167
0.745833
1.154167
0.812500
0.770833
0.733333
1.145833
0.800000
0.766667
0.737500
1.150000
0.804167
0.762500
0.675000
0.837500
0.887500
0.995833
1.029167
0.675000
0.666667
0.716667
0.516667
0.837500
0.437500
1.420833
1.100000
0.954167
1.104167
0.837500
0.433333
0.408333
0.679167
1.170833
0.550000
0.200000
1.187500
0.458333
0.450000
0.762500
0.437500
0.429167
0.337500
0.437500
0.608333
1.016667
0.700000
0.833333
0.937500
0.354167
0.479167
0.879167
1.408333
0.645833
0.466667
0.845833
1.125000
0.762500
0.583333
0.220833
0.583333
0.383333
1.033333
0.783333
0.837500
0.383333
0.566667
0.491667
1.075000
0.891667
1.637500
0.666667
0.366667
0.470833
0.512500
0.329167
1.600000
1.433333
0.450000
0.954167
0.795833
0.370833
1.062500
0.812500
0.404167
0.266667
0.412500
0.420833
0.791667
0.862500
0.420833
0.408333
0.404167
0.270833
0.483333
0.454167
0.408333
0.908333
0.450000
0.600000
0.279167
0.466667
0.529167
0.629167
0.650000
0.912500
0.270833
0.441667
0.233333
0.950000
0.983333
0.729167
0.683333
1.079167
0.854167
0.383333
0.325000
0.570833
1.400000
0.737500
0.579167
0.858333
1.075000
0.354167
0.537500
0.412500
0.404167
1.420833
0.679167
0.416667
0.470833
0.425000
0.454167
1.058333
0.262500
0.466667
0.429167
0.383333
0.220833
0.558333
1.141667
0.279167
0.462500
0.450000
0.466667
0.433333
0.416667
0.966667
0.725000
0.475000
0.479167
0.466667
0.483333
1.112500
0.216667
0.508333
0.479167
0.445833
0.483333
0.437500
1.129167
0.466667
0.287500
0.466667
0.462500
0.500000
0.470833
0.245833
1.112500
0.487500
0.433333
0.495833
0.487500
0.487500
1.125000
0.295833
0.458333
0.441667
0.479167
0.445833
0.504167
1.125000
0.262500
0.454167
0.458333
0.466667
0.495833
0.475000
1.087500
0.787500
0.470833
0.508333
0.516667
0.479167
0.879167
0.491667
0.445833
0.454167
0.454167
0.454167
0.450000
1.079167
0.729167
0.470833
0.450000
0.450000
0.462500
1.125000
0.770833
0.475000
0.479167
0.462500
0.454167
0.854167
0.966667
0.354167
0.870833
0.320833
0.883333
0.200000
0.487500
0.491667
0.462500
0.408333
0.445833
0.450000
1.075000
0.454167
0.300000
0.450000
0.204167
0.766667
0.450000
0.433333
0.475000
0.450000
1.037500
0.300000
0.450000
0.458333
0.466667
0.454167
0.450000
1.083333
0.275000
0.320833
0.604167
0.458333
1.058333
0.741667
0.462500
0.466667
0.620833
0.916667
0.270833
0.445833
0.491667
0.470833
0.433333
0.445833
0.454167
0.620833
0.233333
0.675000
0.279167
0.445833
0.625000
0.941667
0.270833
0.425000
0.504167
0.491667
1.058333
0.762500
0.441667
0.450000
0.454167
1.079167
0.770833
0.429167
0.470833
0.479167
0.891667
0.441667
0.533333
0.479167
0.466667
0.462500
1.091667
0.754167
0.420833
0.220833
0.425000
0.829167
0.020833
1.579167
0.412500
0.879167
0.612500
0.341667
0.458333
0.808333
0.458333
0.458333
0.487500
0.445833
0.350000
1.187500
0.287500
0.466667
0.466667
0.462500
0.625000
0.941667
0.454167
0.287500
0.470833
0.483333
0.445833
0.550000
0.704167
0.391667
0.304167
0.475000
0.487500
0.475000
0.466667
0.637500
0.233333
1.141667
0.291667
0.466667
0.525000
1.154167
0.275000
0.466667
0.441667
0.454167
0.691667
0.891667
0.208333
0.504167
0.508333
0.470833
1.108333
0.291667
0.458333
0.470833
0.300000
0.416667
0.791667
0.416667
0.358333
0.445833
0.400000
0.445833
0.662500
0.433333
0.762500
0.612500
0.216667
0.666667
0.945833
0.504167
0.266667
0.445833
0.454167
0.666667
0.325000
1.104167
0.195833
0.558333
0.770833
1.341667
0.712500
0.437500
0.462500
0.462500
0.345833
1.187500
0.754167
0.479167
0.466667
0.454167
1.087500
0.295833
0.462500
0.400000
0.408333
0.450000
1.158333
0.266667
0.475000
0.483333
0.437500
0.379167
0.462500
0.487500
1.029167
0.520833
0.716667
0.429167
0.604167
0.075000
0.400000
0.483333
0.275000
0.633333
0.466667
0.479167
0.470833
0.379167
0.425000
0.529167
0.229167
0.654167
0.312500
0.475000
0.487500
0.433333
0.591667
0.920833
0.345833
0.462500
0.458333
0.441667
1.062500
0.779167
0.941667
0.475000
1.062500
0.316667
0.462500
0.900000
0.479167
1.037500
0.929167
0.458333
0.295833
0.479167
0.445833
0.858333
0.958333
0.454167
0.850000
0.600000
1.387500
0.441667
0.208333
0.212500
1.229167
0.562500
0.225000
0.575000
0.337500
0.479167
0.612500
0.325000
0.445833
1.141667
0.908333
0.337500
0.916667
0.212500
0.816667
0.504167
0.975000
0.320833
0.495833
0.537500
0.479167
0.962500
0.408333
0.895833
0.575000
0.445833
1.179167
0.329167
0.479167
0.650000
0.450000
0.466667
1.108333
0.508333
0.404167
0.504167
0.479167
0.462500
0.579167
0.433333
0.520833
0.433333
0.266667
0.470833
0.633333
0.454167
0.441667
0.391667
1.150000
0.279167
0.470833
0.487500
0.479167
0.470833
0.366667
0.620833
0.487500
0.470833
0.879167
0.358333
0.945833
0.362500
0.750000
0.916667
0.479167
0.470833
0.475000
0.362500
0.491667
1.095833
0.991667
0.395833
0.537500
0.466667
0.354167
0.675000
0.466667
0.441667
0.516667
0.495833
0.470833
0.470833
0.775000
0.233333
0.683333
0.450000
0.308333
0.450000
0.454167
0.387500
0.787500
0.750000
0.291667
0.504167
0.495833
0.483333
0.358333
1.004167
0.454167
0.691667
0.204167
0.683333
0.437500
0.350000
0.791667
0.566667
0.233333
0.445833
0.504167
0.516667
0.379167
1.000000
0.495833
0.358333
0.754167
0.558333
0.450000
0.325000
0.500000
0.491667
0.462500
1.095833
0.779167
0.408333
0.400000
0.500000
0.887500
0.562500
0.366667
1.212500
0.279167
0.487500
0.470833
0.870833
0.754167
0.245833
0.970833
0.345833
0.529167
0.437500
0.825000
0.712500
0.320833
0.462500
0.383333
0.458333
0.670833
0.729167
0.929167
0.475000
0.204167
1.025000
0.325000
1.183333
0.300000
0.466667
0.737500
0.316667
0.716667
0.929167
0.191667
0.779167
0.370833
0.483333
0.691667
0.879167
0.208333
1.004167
0.445833
1.075000
0.237500
0.579167
0.483333
0.541667
0.479167
0.454167
1.108333
0.241667
0.695833
0.462500
0.370833
1.095833
0.766667
0.529167
0.466667
0.437500
0.391667
0.995833
0.675000
0.195833
0.462500
0.679167
0.541667
1.054167
0.375000
0.408333
0.866667
0.495833
0.470833
0.683333
0.354167
0.729167
0.462500
0.662500
0.508333
0.170833
0.704167
0.525000
1.075000
0.712500
0.695833
0.466667
0.541667
0.370833
0.454167
1.079167
0.979167
0.279167
0.666667
0.395833
0.525000
0.450000
1.112500
0.895833
0.362500
0.754167
0.900000
0.470833
1.033333
0.466667
0.541667
0.483333
0.350000
0.741667
0.379167
0.995833
1.104167
0.458333
0.475000
1.116667
0.241667
0.691667
0.179167
0.825000
0.845833
0.887500
1.070833
0.566667
0.466667
0.362500
0.458333
1.187500
0.483333
0.470833
0.458333
0.450000
0.495833
1.125000
0.837500
0.525000
1.137500
0.925000
0.462500
0.483333
0.462500
0.458333
0.475000
0.454167
0.362500
0.841667
0.850000
0.487500
0.462500
0.358333
0.700000
0.525000
0.445833
1.116667
0.950000
0.945833
0.475000
0.445833
1.191667
0.483333
0.512500
0.316667
0.466667
0.366667
0.466667
0.700000
0.700000
0.941667
0.487500
0.916667
0.375000
0.716667
0.783333
0.433333
0.766667
0.295833
0.837500
0.641667
0.508333
0.850000
1.150000
0.333333
0.483333
1.083333
0.229167
0.633333
0.458333
0.375000
0.391667
0.429167
0.683333
0.254167
0.479167
0.454167
0.470833
0.458333
0.870833
0.204167
0.337500
0.308333
0.995833
1.062500
0.750000
0.466667
0.379167
0.912500
0.533333
1.087500
0.266667
0.425000
0.470833
0.475000
0.625000
1.070833
0.245833
0.470833
0.450000
0.516667
0.483333
1.037500
1.141667
0.758333
0.820833
0.508333
1.083333
0.287500
0.525000
0.475000
0.654167
0.820833
0.216667
0.733333
0.312500
0.366667
0.950000
0.916667
0.887500
0.662500
0.275000
0.216667
1.045833
0.320833
1.033333
0.437500
0.945833
1.004167
0.941667
1.595833
0.420833
1.158333
1.729167
1.312500
1.483333
1.475000
1.450000
1.458333
1.429167
1.425000
1.616667
1.216667
1.412500
1.383333
1.387500
1.379167
1.379167
1.370833
1.366667
0.579167
0.750000
0.825000
1.350000
1.754167
1.166667
1.025000
0.383333
0.141667
0.941667
0.945833
0.995833
0.420833
1.229167
0.658333
0.795833
1.641667
0.812500
0.866667
1.037500
1.862500
1.837500
1.395833
1.400000
0.595833
0.412500
0.400000
0.091667
1.158333
0.637500
0.504167
0.375000
0.408333
0.579167
0.541667
0.783333
0.933333
0.895833
0.550000
0.400000
0.520833
0.387500
0.608333
1.395833
0.466667
0.425000
0.404167
0.404167
0.845833
0.808333
1.037500
0.920833
0.708333
0.750000
0.516667
0.537500
0.270833
0.470833
0.350000
1.366667
0.412500
0.470833
0.316667
0.512500
0.550000
2.225000
0.666667
0.183333
0.970833
1.545833
0.412500
0.691667
0.362500
0.750000
0.850000
0.858333
0.883333
0.983333
0.950000
0.495833
1.504167
0.841667
0.729167
0.662500
0.566667
1.108333
0.916667
0.312500
0.325000
1.400000
0.354167
0.550000
1.008333
1.208333
0.329167
0.987500
