0.970833
0.933333
0.950000
1.020833
0.933333
0.912500
0.975000
0.958333
0.937500
1.033333
0.937500
0.904167
0.945833
0.945833
1.004167
0.941667
0.962500
1.000000
0.908333
0.920833
0.995833
0.941667
0.904167
1.029167
0.945833
0.908333
0.983333
0.966667
0.950000
0.929167
0.708333
1.058333
0.675000
1.004167
0.987500
0.975000
1.020833
1.000000
0.970833
0.920833
1.004167
0.870833
1.025000
0.920833
0.983333
1.033333
0.937500
0.920833
0.970833
0.933333
0.908333
0.979167
1.004167
0.916667
1.000000
0.975000
0.958333
0.916667
1.008333
0.979167
0.916667
0.925000
1.025000
0.945833
0.920833
1.050000
0.950000
0.912500
0.991667
0.975000
0.958333
0.912500
0.941667
1.054167
0.804167
0.975000
0.920833
0.966667
0.920833
1.008333
0.950000
0.970833
1.008333
0.950000
1.016667
0.754167
0.995833
0.945833
0.958333
0.987500
0.975000
0.941667
0.912500
0.966667
0.958333
0.954167
0.904167
1.000000
0.912500
0.933333
0.829167
1.008333
0.883333
0.958333
0.800000
1.045833
0.958333
0.925000
1.045833
0.995833
0.929167
0.995833
1.000000
0.975000
0.916667
1.016667
0.995833
0.908333
1.016667
1.012500
0.950000
0.883333
1.025000
0.862500
0.979167
0.666667
1.037500
0.962500
0.929167
1.025000
1.012500
0.925000
1.004167
0.983333
0.912500
1.012500
0.733333
1.016667
0.666667
0.987500
0.954167
0.958333
0.908333
1.012500
0.904167
0.916667
0.904167
0.970833
0.933333
0.900000
0.941667
1.000000
0.920833
0.912500
0.987500
1.033333
0.908333
0.962500
1.029167
0.950000
0.920833
1.025000
1.004167
0.916667
0.995833
0.991667
0.970833
0.895833
0.995833
0.733333
1.016667
0.958333
0.983333
1.066667
0.925000
0.937500
0.795833
1.025000
0.658333
1.008333
0.995833
0.941667
0.908333
1.016667
0.962500
0.962500
0.908333
0.995833
1.004167
0.908333
0.929167
0.979167
0.941667
0.912500
1.054167
1.012500
0.929167
0.937500
1.000000
0.995833
0.916667
1.037500
0.991667
0.916667
1.045833
0.845833
0.991667
0.679167
1.000000
0.904167
0.941667
1.008333
1.029167
0.966667
0.916667
1.016667
0.966667
0.912500
0.929167
0.929167
1.037500
0.916667
0.966667
1.050000
0.916667
0.904167
0.966667
0.987500
0.950000
0.925000
0.995833
1.008333
0.916667
0.954167
0.883333
1.033333
0.683333
1.054167
1.025000
0.925000
1.020833
1.029167
0.925000
0.862500
1.079167
1.037500
0.941667
1.050000
0.737500
1.029167
0.895833
0.933333
1.029167
0.829167
0.958333
0.666667
1.008333
0.658333
1.008333
0.983333
0.937500
0.966667
0.991667
0.979167
0.925000
0.966667
1.000000
0.966667
0.912500
1.012500
0.908333
0.979167
0.670833
1.004167
0.991667
0.925000
0.979167
1.004167
0.983333
0.908333
1.045833
0.720833
1.004167
0.937500
0.904167
1.037500
0.854167
0.920833
0.941667
0.933333
0.958333
0.970833
0.945833
0.712500
0.966667
0.862500
1.016667
0.825000
0.966667
0.779167
1.037500
0.700000
0.995833
0.995833
1.008333
0.945833
0.995833
0.979167
0.991667
0.925000
0.987500
1.029167
0.833333
0.991667
0.870833
0.987500
0.758333
1.025000
1.004167
0.975000
0.950000
1.050000
1.033333
0.933333
1.087500
0.845833
1.041667
0.954167
0.954167
1.058333
0.958333
0.945833
1.029167
0.920833
1.020833
1.075000
0.979167
0.933333
0.691667
1.041667
0.883333
0.954167
1.004167
1.000000
0.920833
1.037500
1.016667
0.916667
1.054167
1.000000
0.937500
0.908333
0.970833
0.904167
0.979167
0.775000
1.050000
0.687500
1.025000
1.004167
0.987500
1.050000
0.991667
0.991667
1.025000
0.954167
1.033333
1.029167
0.929167
0.983333
0.816667
1.095833
0.987500
0.950000
1.083333
0.829167
1.079167
1.025000
0.991667
0.925000
1.041667
1.029167
0.975000
0.916667
0.995833
0.983333
0.925000
1.025000
0.895833
0.995833
0.675000
1.054167
1.050000
0.937500
1.016667
0.933333
0.995833
0.937500
1.029167
0.683333
1.050000
0.983333
0.958333
1.062500
0.954167
0.945833
1.037500
0.945833
0.987500
1.058333
0.691667
1.033333
0.975000
0.912500
1.104167
0.670833
1.041667
1.000000
0.979167
1.079167
0.737500
1.079167
0.987500
0.758333
1.133333
1.012500
0.750000
1.095833
1.033333
0.995833
1.091667
0.887500
1.016667
0.962500
0.966667
1.066667
0.754167
1.087500
1.025000
0.933333
1.045833
0.983333
0.870833
1.025000
0.975000
0.950000
0.958333
0.983333
0.970833
0.975000
1.008333
0.966667
0.920833
1.012500
0.987500
0.929167
1.079167
0.741667
1.004167
0.991667
0.800000
1.087500
0.995833
1.012500
1.025000
1.004167
1.012500
0.908333
1.054167
1.037500
1.025000
1.008333
1.000000
1.000000
1.050000
0.966667
1.054167
1.025000
0.679167
1.087500
1.045833
0.841667
1.091667
1.075000
0.833333
1.108333
1.054167
0.695833
1.066667
0.987500
0.716667
1.070833
0.987500
0.933333
1.100000
0.691667
1.050000
0.983333
0.958333
1.066667
0.720833
1.041667
0.979167
0.737500
1.116667
1.004167
0.958333
1.112500
0.725000
1.058333
1.029167
1.045833
1.075000
0.687500
1.095833
0.995833
0.900000
1.120833
1.029167
0.750000
1.125000
1.033333
1.004167
1.070833
1.020833
0.954167
1.062500
1.016667
0.937500
1.050000
0.716667
1.008333
0.675000
1.054167
1.050000
0.887500
1.075000
1.012500
0.787500
1.066667
1.016667
0.916667
1.037500
1.016667
1.004167
0.975000
0.783333
1.062500
0.987500
0.933333
1.070833
0.700000
1.045833
1.029167
1.020833
1.075000
0.762500
1.087500
1.012500
0.929167
1.137500
0.979167
0.745833
1.112500
1.020833
0.700000
1.095833
1.066667
0.808333
1.116667
1.066667
0.783333
1.116667
1.058333
0.841667
1.108333
1.045833
0.695833
1.100000
1.095833
0.745833
1.091667
1.054167
0.875000
1.116667
1.066667
0.795833
1.108333
1.041667
0.691667
1.104167
1.016667
1.012500
1.029167
1.008333
1.012500
0.950000
0.741667
1.058333
1.012500
0.962500
1.079167
0.695833
1.054167
0.958333
1.050000
0.995833
0.995833
1.016667
1.041667
1.004167
1.016667
0.779167
1.100000
1.033333
0.800000
1.104167
1.033333
0.729167
1.100000
1.033333
0.770833
1.108333
1.050000
0.737500
1.100000
1.012500
0.720833
1.116667
0.995833
1.041667
1.062500
0.962500
0.854167
1.095833
1.000000
0.933333
1.079167
1.008333
0.787500
1.083333
1.000000
0.950000
1.075000
0.900000
0.987500
1.012500
1.012500
1.070833
