0.833333
0.658333
0.645833
0.666667
0.654167
0.658333
0.666667
0.679167
0.675000
0.691667
0.679167
0.683333
0.675000
0.700000
0.679167
0.687500
0.704167
0.704167
0.683333
0.541667
0.850000
0.712500
0.687500
0.720833
0.695833
0.479167
0.895833
0.708333
0.516667
0.908333
0.691667
0.716667
0.675000
0.233333
0.329167
0.670833
0.850000
0.695833
0.691667
0.712500
0.716667
0.708333
0.700000
0.712500
0.720833
0.700000
0.275000
0.304167
0.825000
0.712500
0.695833
0.691667
0.687500
0.687500
0.695833
0.704167
0.704167
0.700000
0.695833
0.708333
0.716667
0.704167
0.704167
0.700000
0.500000
0.920833
0.720833
0.708333
0.700000
0.720833
0.712500
0.691667
0.691667
0.695833
0.700000
0.704167
0.687500
0.695833
0.720833
0.716667
0.704167
0.708333
0.708333
0.729167
0.725000
0.712500
0.708333
0.729167
0.733333
0.716667
0.700000
0.725000
0.720833
0.712500
0.708333
0.708333
0.720833
0.716667
0.708333
0.704167
0.729167
0.720833
0.712500
0.708333
0.729167
0.675000
0.750000
0.595833
0.845833
0.712500
0.716667
0.545833
0.875000
0.725000
0.716667
0.695833
0.716667
0.708333
0.708333
0.695833
0.704167
0.712500
0.712500
0.704167
0.700000
0.725000
0.720833
0.708333
0.704167
0.720833
0.720833
0.708333
0.712500
0.712500
0.458333
0.987500
0.712500
0.708333
0.716667
0.716667
0.687500
0.700000
0.700000
0.725000
0.716667
0.712500
0.695833
0.708333
0.725000
0.720833
0.700000
0.716667
0.708333
0.695833
0.695833
0.691667
0.700000
0.708333
0.687500
0.691667
0.695833
0.708333
0.704167
0.683333
0.683333
0.687500
0.600000
0.766667
0.687500
0.675000
0.687500
1.112500
0.237500
0.679167
0.691667
0.658333
0.479167
0.200000
0.683333
0.508333
0.837500
0.675000
0.679167
1.145833
0.745833
0.387500
0.216667
0.220833
1.387500
0.612500
0.662500
0.666667
0.658333
0.729167
0.612500
0.675000
0.670833
0.666667
0.670833
0.679167
0.675000
0.666667
0.662500
0.675000
0.683333
0.683333
0.666667
0.675000
0.683333
0.695833
0.691667
0.683333
0.687500
0.700000
0.700000
0.683333
0.695833
0.695833
0.716667
0.712500
0.691667
0.695833
0.712500
0.700000
0.695833
0.700000
0.704167
0.716667
0.704167
0.695833
0.704167
0.716667
0.712500
0.720833
0.712500
0.720833
0.708333
0.712500
0.708333
0.725000
0.570833
0.854167
0.704167
0.575000
0.837500
0.725000
0.716667
0.708333
0.704167
0.695833
0.700000
0.720833
0.720833
0.708333
0.716667
0.716667
0.725000
0.712500
0.700000
0.708333
0.716667
0.729167
0.712500
0.708333
0.720833
0.704167
0.716667
0.716667
0.725000
0.720833
0.708333
0.712500
0.695833
0.700000
0.716667
0.716667
0.708333
0.695833
0.700000
0.720833
0.595833
0.816667
0.704167
0.720833
0.683333
0.708333
0.700000
0.700000
0.712500
0.700000
0.691667
0.695833
0.708333
0.708333
0.691667
0.683333
0.691667
0.700000
0.716667
0.691667
0.687500
0.683333
0.704167
0.708333
0.708333
0.700000
0.683333
0.683333
0.700000
0.695833
0.695833
0.691667
0.670833
0.687500
0.687500
0.691667
0.687500
0.675000
0.679167
0.683333
0.708333
0.700000
0.687500
0.683333
0.687500
0.704167
0.295833
0.408333
0.691667
0.362500
0.312500
0.670833
0.679167
0.541667
0.829167
0.708333
0.675000
0.712500
0.691667
0.679167
0.516667
0.875000
1.229167
0.829167
0.700000
0.679167
0.670833
0.670833
0.670833
0.675000
0.679167
0.683333
0.679167
0.670833
0.679167
0.691667
0.708333
0.691667
0.716667
0.687500
0.704167
0.691667
0.712500
0.691667
0.704167
0.704167
0.695833
0.687500
0.700000
0.700000
0.712500
0.712500
0.695833
0.704167
0.704167
0.704167
0.695833
0.695833
0.708333
0.716667
0.708333
0.691667
0.695833
0.712500
0.716667
0.695833
0.716667
0.704167
0.725000
0.704167
0.700000
0.712500
0.712500
0.716667
0.700000
0.712500
0.720833
0.733333
0.716667
0.729167
0.725000
0.729167
0.716667
0.725000
0.720833
0.733333
0.716667
0.716667
0.712500
0.725000
0.725000
0.700000
0.716667
0.712500
0.733333
0.725000
0.708333
0.695833
0.712500
0.716667
0.733333
0.720833
0.704167
0.704167
0.708333
0.725000
0.712500
0.708333
0.704167
0.716667
0.716667
0.687500
0.708333
0.708333
0.716667
0.691667
0.716667
0.708333
0.712500
0.708333
0.695833
0.695833
0.700000
0.704167
0.691667
0.687500
0.691667
0.687500
0.691667
0.687500
0.670833
0.712500
0.666667
0.695833
0.679167
0.695833
0.687500
0.704167
0.683333
0.716667
0.675000
0.704167
0.683333
0.700000
0.683333
0.700000
0.687500
0.583333
0.804167
0.683333
0.687500
0.554167
0.850000
0.695833
0.695833
0.704167
0.708333
0.704167
0.683333
0.695833
0.700000
0.708333
0.712500
0.712500
0.716667
0.729167
0.712500
0.700000
0.695833
0.712500
0.725000
0.712500
0.700000
0.704167
0.695833
0.704167
0.704167
0.700000
0.583333
0.812500
0.704167
0.700000
0.683333
0.683333
0.679167
0.575000
0.795833
0.675000
0.687500
0.683333
0.691667
0.695833
0.675000
0.695833
0.700000
0.583333
0.825000
0.691667
0.695833
0.537500
0.870833
0.725000
0.695833
0.700000
0.700000
0.708333
0.441667
0.945833
0.700000
0.691667
0.679167
0.691667
0.670833
0.683333
0.683333
0.691667
0.670833
0.691667
0.679167
0.683333
0.704167
0.712500
0.687500
0.704167
0.679167
0.700000
0.687500
0.708333
0.687500
0.704167
0.695833
0.687500
0.687500
0.679167
0.700000
0.700000
0.695833
0.670833
0.675000
0.695833
0.687500
0.691667
0.612500
0.754167
0.687500
0.700000
0.666667
0.700000
0.666667
0.695833
0.683333
0.687500
0.583333
0.808333
0.679167
0.683333
0.687500
0.683333
0.670833
0.679167
0.670833
0.683333
0.675000
0.670833
0.666667
0.670833
0.670833
0.666667
0.662500
0.270833
0.395833
0.658333
0.666667
0.666667
0.666667
0.654167
0.666667
0.670833
0.666667
0.670833
0.666667
0.658333
0.666667
0.670833
0.658333
0.675000
0.679167
0.537500
0.829167
0.687500
0.683333
0.658333
0.675000
0.637500
0.704167
0.679167
0.687500
0.691667
0.637500
0.745833
0.683333
0.691667
0.712500
0.687500
0.700000
0.691667
0.716667
0.720833
0.720833
0.691667
0.741667
0.704167
0.741667
0.683333
0.741667
0.741667
0.712500
0.725000
0.712500
0.691667
0.737500
0.670833
0.258333
0.470833
0.283333
0.445833
0.375000
0.375000
0.745833
0.745833
0.445833
0.275000
0.745833
0.737500
0.266667
0.441667
0.720833
0.725000
0.733333
0.729167
0.712500
0.737500
0.733333
0.712500
0.712500
0.712500
0.729167
0.241667
0.479167
1.133333
0.275000
0.708333
0.641667
0.775000
0.683333
0.679167
0.600000
0.804167
0.691667
0.687500
0.675000
0.675000
0.679167
0.687500
0.691667
0.679167
0.683333
0.687500
0.691667
0.704167
0.695833
0.691667
0.695833
0.704167
0.712500
0.716667
0.704167
0.700000
0.712500
0.733333
0.733333
1.437500
0.745833
0.754167
0.475000
0.595833
0.454167
0.745833
0.733333
0.729167
0.741667
0.754167
0.737500
0.733333
0.733333
0.745833
0.750000
0.745833
0.733333
0.741667
0.754167
0.737500
0.745833
0.733333
0.750000
0.758333
0.754167
0.750000
0.745833
0.758333
0.758333
0.754167
0.733333
0.470833
1.050000
0.745833
0.741667
0.716667
0.745833
0.662500
0.745833
0.691667
0.745833
0.683333
0.720833
0.675000
0.737500
0.691667
0.741667
0.687500
0.725000
0.695833
0.525000
0.933333
0.729167
0.700000
0.750000
0.712500
0.745833
0.704167
0.750000
0.720833
0.754167
0.725000
0.733333
0.712500
0.766667
0.704167
0.741667
0.712500
0.758333
0.725000
0.737500
0.725000
0.775000
0.745833
0.637500
0.825000
0.754167
0.725000
0.737500
0.708333
0.754167
0.729167
0.750000
0.708333
0.745833
0.712500
0.750000
0.704167
0.733333
0.712500
0.758333
0.729167
0.733333
0.716667
0.725000
0.704167
0.704167
0.691667
0.679167
0.679167
0.683333
0.695833
0.683333
0.670833
0.679167
0.683333
0.583333
0.795833
0.670833
0.433333
0.470833
0.458333
1.112500
0.258333
0.704167
0.662500
0.891667
0.470833
0.679167
0.687500
0.679167
0.670833
0.666667
0.675000
0.679167
0.687500
0.679167
0.670833
0.670833
0.675000
0.691667
0.666667
0.670833
0.675000
0.679167
0.691667
0.687500
0.675000
0.683333
0.691667
0.691667
0.679167
0.679167
0.691667
0.695833
0.679167
0.675000
0.691667
0.700000
0.695833
0.675000
0.687500
0.695833
0.700000
0.691667
0.683333
0.687500
0.691667
0.708333
0.700000
0.687500
0.700000
0.704167
0.720833
0.720833
0.700000
0.708333
0.716667
0.737500
0.733333
0.708333
0.716667
0.720833
0.583333
0.837500
0.729167
0.700000
0.733333
0.695833
0.720833
0.716667
0.725000
0.725000
0.479167
0.470833
0.562500
0.675000
0.712500
0.708333
0.570833
0.862500
0.704167
0.712500
0.708333
0.720833
0.720833
0.708333
0.708333
0.712500
