0.558333
0.550000
0.545833
0.550000
0.554167
0.550000
0.550000
0.554167
0.554167
0.550000
0.550000
0.558333
0.554167
0.550000
0.554167
0.558333
0.554167
0.550000
0.554167
0.562500
0.550000
0.550000
0.558333
0.558333
0.550000
0.550000
0.558333
0.558333
0.554167
0.550000
0.558333
0.558333
0.554167
0.550000
0.554167
0.562500
0.550000
0.550000
0.558333
0.558333
0.554167
0.554167
0.554167
0.562500
0.554167
0.554167
0.558333
0.562500
0.558333
0.550000
0.558333
0.562500
0.558333
0.554167
0.558333
0.562500
0.558333
0.558333
0.554167
0.566667
0.558333
0.558333
0.558333
0.562500
0.558333
0.558333
0.562500
0.558333
0.554167
0.558333
0.566667
0.558333
0.554167
0.562500
0.562500
0.558333
0.554167
0.562500
0.554167
0.554167
0.558333
0.566667
0.558333
0.550000
0.562500
0.562500
0.558333
0.554167
0.558333
0.562500
0.558333
0.554167
0.562500
0.566667
0.558333
0.554167
0.562500
0.566667
0.562500
0.554167
0.562500
0.570833
0.558333
0.558333
0.566667
0.566667
0.558333
0.558333
0.562500
0.558333
0.558333
0.558333
0.566667
0.558333
0.554167
0.558333
0.570833
0.558333
0.554167
0.562500
0.562500
0.558333
0.558333
0.562500
0.562500
0.558333
0.554167
0.566667
0.554167
0.558333
0.554167
0.562500
0.562500
0.558333
0.554167
0.562500
0.558333
0.558333
0.558333
0.562500
0.558333
0.558333
0.554167
0.566667
0.562500
0.554167
0.562500
0.566667
0.558333
0.558333
0.558333
0.566667
0.562500
0.558333
0.562500
0.562500
0.558333
0.558333
0.200000
0.366667
0.558333
0.558333
0.562500
0.558333
0.554167
0.562500
0.295833
0.262500
0.545833
0.575000
0.562500
0.558333
0.558333
0.570833
0.562500
0.558333
0.562500
0.566667
0.558333
0.558333
0.566667
0.562500
0.562500
0.554167
0.566667
0.562500
0.558333
0.566667
0.562500
0.554167
0.562500
0.566667
0.558333
0.554167
0.570833
0.554167
0.558333
0.558333
0.558333
0.558333
0.558333
0.558333
0.562500
0.558333
0.558333
0.566667
0.558333
0.558333
0.562500
0.558333
0.558333
0.558333
0.562500
0.558333
0.558333
0.558333
0.566667
0.554167
0.554167
0.558333
0.566667
0.554167
0.554167
0.558333
0.562500
0.554167
0.554167
0.558333
0.554167
0.554167
0.558333
0.562500
0.558333
0.554167
0.558333
0.562500
0.558333
0.554167
0.558333
0.562500
0.562500
0.558333
0.554167
0.562500
0.562500
0.558333
0.554167
0.558333
0.566667
0.558333
0.554167
0.562500
0.562500
0.558333
0.554167
0.562500
0.562500
0.558333
0.562500
0.558333
0.562500
0.562500
0.558333
0.554167
0.566667
0.562500
0.558333
0.558333
0.566667
0.570833
0.562500
0.562500
0.566667
0.570833
0.566667
0.562500
0.566667
0.570833
0.566667
0.562500
0.562500
0.570833
0.566667
0.558333
0.566667
0.570833
0.562500
0.558333
0.566667
0.562500
0.562500
0.562500
0.562500
0.566667
0.562500
0.562500
0.566667
0.570833
0.562500
0.562500
0.562500
0.570833
0.562500
0.558333
0.562500
0.566667
0.562500
0.558333
0.558333
0.570833
0.558333
0.562500
0.558333
0.566667
0.562500
0.558333
0.566667
0.562500
0.558333
0.562500
0.566667
0.562500
0.558333
0.562500
0.566667
0.554167
0.562500
0.558333
0.566667
0.558333
0.554167
0.562500
0.558333
0.554167
0.554167
0.558333
0.558333
0.554167
0.558333
0.558333
0.558333
0.558333
0.558333
0.558333
0.562500
0.554167
0.558333
0.558333
0.558333
0.558333
0.554167
0.562500
0.562500
0.558333
0.558333
0.562500
0.566667
0.558333
0.558333
0.562500
0.562500
0.562500
0.562500
0.566667
0.562500
0.566667
0.562500
0.570833
0.566667
0.558333
0.566667
0.570833
0.562500
0.566667
0.570833
0.566667
0.562500
0.566667
0.570833
0.566667
0.558333
0.566667
0.575000
0.562500
0.558333
0.566667
0.570833
0.558333
0.558333
0.562500
0.562500
0.558333
0.554167
0.566667
0.558333
0.554167
0.558333
0.566667
0.554167
0.554167
0.554167
0.562500
0.558333
0.550000
0.554167
0.558333
0.562500
0.554167
0.554167
0.554167
0.558333
0.554167
0.554167
0.550000
0.562500
0.550000
0.550000
0.554167
0.558333
0.550000
0.550000
0.550000
0.554167
0.558333
0.550000
0.554167
0.550000
0.554167
0.550000
0.558333
0.550000
0.554167
0.558333
0.550000
0.554167
0.554167
0.566667
0.554167
0.554167
0.433333
0.687500
0.558333
0.554167
0.558333
0.566667
0.562500
0.554167
0.558333
0.562500
0.562500
0.554167
0.558333
0.562500
0.566667
0.554167
0.558333
0.558333
0.566667
0.558333
0.554167
0.562500
0.566667
0.558333
0.558333
0.562500
0.566667
0.558333
0.558333
0.558333
0.562500
0.562500
0.558333
0.558333
0.566667
0.558333
0.558333
0.562500
0.566667
0.558333
0.558333
0.562500
0.558333
0.562500
0.554167
0.566667
0.558333
0.558333
0.562500
0.566667
0.558333
0.558333
0.562500
0.562500
0.558333
0.558333
0.566667
0.558333
0.558333
0.554167
0.566667
0.558333
0.554167
0.554167
0.570833
0.554167
0.554167
0.558333
0.558333
0.558333
0.554167
0.558333
0.558333
0.554167
0.554167
0.566667
0.554167
0.554167
0.558333
0.562500
0.558333
0.554167
0.554167
0.562500
0.558333
0.554167
0.558333
0.562500
0.558333
0.554167
0.554167
0.558333
0.554167
0.554167
0.558333
0.562500
0.554167
0.554167
0.550000
0.558333
0.562500
0.554167
0.554167
0.554167
0.566667
0.554167
0.554167
0.554167
0.562500
0.558333
0.554167
0.554167
0.554167
0.570833
0.554167
0.550000
0.554167
0.566667
0.554167
0.550000
0.554167
0.558333
0.558333
0.554167
0.554167
0.554167
0.558333
0.558333
0.550000
0.562500
0.554167
0.550000
0.554167
0.558333
0.558333
0.545833
0.570833
0.541667
0.554167
0.550000
0.566667
0.550000
0.554167
0.212500
0.345833
0.550000
0.554167
0.550000
0.558333
0.554167
0.554167
0.550000
0.550000
0.550000
0.858333
0.258333
0.554167
0.550000
0.554167
0.550000
0.558333
0.562500
0.550000
0.554167
0.550000
0.566667
0.558333
0.554167
0.558333
0.562500
0.558333
0.558333
0.562500
1.129167
0.562500
0.558333
0.575000
0.562500
0.558333
0.566667
0.562500
0.558333
0.558333
0.570833
0.562500
0.558333
0.558333
0.554167
0.570833
0.554167
0.550000
0.558333
0.562500
0.554167
0.550000
0.554167
0.558333
0.554167
0.545833
0.558333
0.550000
0.545833
0.550000
0.562500
0.550000
0.545833
0.558333
0.558333
0.545833
0.550000
0.554167
0.550000
0.550000
0.550000
0.554167
0.550000
0.550000
0.550000
0.554167
0.550000
0.545833
0.550000
0.558333
0.550000
0.545833
0.550000
0.554167
0.550000
0.550000
0.550000
0.558333
0.554167
0.545833
0.554167
0.554167
0.554167
0.554167
0.550000
0.562500
0.554167
0.550000
0.558333
0.558333
0.558333
0.550000
0.558333
0.566667
0.554167
0.554167
0.554167
0.562500
0.558333
0.550000
0.554167
0.562500
0.554167
0.554167
0.554167
0.554167
0.562500
0.550000
0.550000
0.554167
0.558333
0.554167
0.545833
0.554167
0.558333
0.550000
0.550000
0.550000
0.554167
0.554167
0.550000
0.550000
0.545833
0.558333
0.554167
0.550000
0.545833
0.554167
0.558333
0.554167
0.550000
0.550000
0.562500
0.550000
0.550000
0.550000
0.558333
0.554167
0.550000
0.554167
0.558333
0.554167
0.554167
0.554167
0.562500
0.554167
0.550000
0.558333
0.562500
0.562500
0.550000
0.566667
0.558333
0.550000
0.558333
0.562500
0.554167
0.554167
0.562500
0.558333
0.550000
0.554167
0.566667
0.550000
0.554167
0.550000
0.562500
0.554167
0.545833
0.554167
0.554167
0.545833
0.550000
0.558333
0.550000
0.550000
0.545833
0.558333
0.550000
0.545833
0.545833
0.554167
0.554167
0.545833
0.550000
0.558333
0.554167
0.550000
0.550000
0.558333
0.550000
0.554167
0.562500
0.554167
0.550000
0.558333
0.554167
0.554167
0.558333
0.554167
0.554167
0.554167
0.566667
0.550000
0.554167
0.554167
0.554167
0.554167
0.550000
0.558333
0.554167
0.550000
0.554167
0.562500
0.550000
0.554167
0.554167
0.554167
0.550000
0.550000
0.562500
0.554167
0.545833
0.554167
0.554167
0.554167
0.550000
0.554167
0.550000
0.550000
0.550000
0.558333
0.550000
0.550000
0.554167
0.550000
0.550000
0.554167
0.554167
0.554167
0.550000
0.550000
0.554167
0.554167
0.545833
0.550000
0.562500
0.550000
0.550000
0.550000
0.562500
0.554167
0.550000
0.550000
0.562500
0.554167
0.554167
0.550000
0.562500
0.554167
0.550000
0.554167
0.558333
0.554167
0.550000
0.550000
0.554167
0.554167
0.550000
0.545833
0.554167
0.558333
0.550000
0.550000
0.545833
0.554167
0.554167
0.545833
0.545833
0.554167
0.558333
0.545833
0.550000
0.545833
0.558333
0.545833
0.550000
0.541667
0.554167
0.554167
0.545833
0.545833
0.550000
0.554167
0.550000
0.550000
0.541667
0.554167
0.562500
0.550000
0.545833
0.550000
0.554167
0.554167
0.550000
0.545833
0.554167
0.554167
0.550000
0.550000
0.545833
0.554167
0.566667
0.550000
0.545833
0.554167
0.562500
0.550000
0.550000
0.550000
0.558333
0.562500
0.550000
0.554167
0.550000
0.562500
0.554167
0.550000
0.554167
0.562500
0.554167
0.550000
0.550000
0.558333
0.558333
0.550000
0.550000
0.558333
0.554167
0.550000
0.550000
0.550000
0.558333
0.550000
0.550000
0.550000
0.558333
0.554167
0.545833
0.554167
0.558333
0.550000
0.550000
0.554167
0.562500
0.550000
0.550000
0.554167
0.554167
0.550000
0.550000
0.554167
0.558333
0.550000
0.550000
0.550000
0.562500
0.550000
0.550000
0.550000
0.554167
0.558333
0.462500
0.616667
0.558333
0.558333
0.554167
0.550000
0.545833
0.554167
0.558333
0.554167
0.554167
0.550000
0.562500
0.562500
0.554167
0.550000
0.554167
0.566667
0.554167
0.554167
0.554167
0.562500
0.554167
0.550000
0.554167
0.554167
0.566667
0.550000
0.554167
0.550000
0.558333
0.558333
0.554167
0.550000
0.554167
0.558333
0.554167
0.554167
0.554167
0.558333
0.554167
0.554167
0.558333
0.558333
0.550000
0.558333
0.558333
0.554167
0.554167
0.566667
0.554167
0.554167
0.554167
0.566667
0.554167
0.554167
0.558333
0.562500
0.554167
0.554167
0.558333
0.554167
0.554167
0.554167
0.554167
0.562500
0.554167
0.554167
0.550000
0.558333
0.562500
0.558333
0.550000
0.554167
0.566667
0.554167
0.554167
0.554167
0.562500
0.554167
0.554167
0.554167
0.562500
0.554167
0.554167
0.554167
0.566667
0.554167
0.554167
0.558333
0.562500
0.554167
0.554167
0.558333
0.558333
0.554167
0.558333
0.562500
0.554167
0.554167
0.558333
0.558333
0.558333
0.554167
0.566667
0.554167
0.237500
0.875000
0.554167
0.554167
0.558333
0.562500
0.558333
0.554167
0.562500
0.554167
0.554167
0.558333
0.562500
0.554167
0.554167
0.554167
0.562500
0.550000
0.554167
0.554167
0.562500
0.550000
0.554167
0.562500
0.554167
0.550000
0.554167
0.558333
0.558333
0.550000
0.554167
0.566667
0.550000
0.554167
0.554167
0.562500
0.558333
0.550000
0.558333
0.558333
0.554167
0.554167
0.558333
0.554167
0.550000
0.554167
0.550000
0.550000
0.550000
0.562500
0.550000
0.550000
