0.870833
0.875000
0.879167
0.858333
0.866667
0.875000
0.866667
0.304167
0.554167
0.850000
0.850000
0.850000
0.845833
0.854167
0.858333
0.850000
0.416667
0.416667
0.833333
0.583333
1.058333
0.833333
0.841667
0.829167
0.841667
0.862500
0.866667
0.837500
0.854167
0.875000
0.891667
0.862500
0.858333
0.866667
0.850000
0.850000
0.825000
0.829167
0.591667
1.091667
0.837500
0.850000
0.829167
0.829167
0.833333
0.825000
0.829167
0.841667
0.825000
0.829167
0.833333
0.841667
0.850000
0.850000
0.837500
0.850000
0.850000
0.841667
0.841667
0.854167
0.845833
0.870833
0.875000
0.854167
0.862500
0.866667
0.854167
0.858333
0.858333
0.845833
0.837500
0.850000
0.841667
0.841667
0.850000
0.837500
0.833333
0.850000
0.850000
0.858333
0.875000
0.875000
0.858333
0.866667
0.850000
0.837500
0.837500
0.829167
0.829167
0.825000
0.837500
0.833333
0.837500
0.845833
0.845833
0.825000
0.829167
0.845833
0.833333
0.820833
0.820833
0.808333
0.812500
0.804167
0.795833
0.787500
0.791667
0.795833
0.791667
0.795833
0.800000
0.804167
0.795833
0.795833
0.804167
0.825000
0.829167
0.820833
0.816667
0.808333
0.808333
0.800000
0.791667
0.791667
0.800000
0.795833
0.795833
0.795833
0.800000
0.787500
0.812500
0.829167
0.825000
0.262500
0.575000
0.379167
0.470833
0.854167
0.533333
0.287500
0.850000
0.833333
0.820833
0.820833
0.825000
0.825000
0.833333
0.820833
0.795833
0.816667
0.812500
0.812500
0.820833
0.816667
0.816667
0.825000
0.837500
0.837500
0.820833
0.845833
0.829167
0.837500
0.833333
0.833333
0.825000
0.825000
0.820833
0.820833
0.829167
0.850000
0.820833
0.862500
0.837500
0.829167
0.808333
0.825000
0.833333
0.833333
0.829167
0.837500
0.829167
0.829167
0.833333
0.825000
0.841667
0.850000
0.854167
0.850000
0.837500
0.854167
0.858333
0.858333
0.854167
0.850000
0.850000
0.841667
0.833333
0.820833
0.829167
0.829167
0.820833
0.833333
0.595833
0.229167
0.837500
0.829167
0.825000
0.816667
0.825000
0.820833
0.825000
0.829167
0.820833
0.820833
0.808333
0.820833
0.820833
0.816667
0.795833
0.804167
0.808333
0.812500
0.812500
0.816667
0.820833
0.825000
0.829167
0.841667
0.816667
0.829167
0.829167
0.833333
0.820833
0.820833
0.816667
0.800000
0.800000
0.808333
0.808333
0.804167
0.820833
0.812500
0.816667
0.816667
0.804167
0.829167
0.812500
0.820833
0.820833
0.783333
0.054167
0.804167
0.800000
0.804167
0.804167
0.795833
0.787500
0.791667
0.800000
0.804167
0.804167
0.808333
0.808333
0.795833
0.808333
0.812500
0.816667
1.012500
0.616667
0.808333
0.808333
0.808333
0.812500
0.800000
0.800000
0.800000
0.795833
0.800000
0.804167
0.812500
0.808333
0.812500
0.812500
0.825000
0.816667
0.829167
0.829167
0.829167
0.833333
0.820833
0.816667
0.812500
0.816667
0.820833
0.820833
0.820833
0.820833
0.829167
0.825000
0.825000
0.829167
0.816667
0.825000
0.816667
0.829167
0.816667
0.804167
0.800000
0.804167
0.800000
0.812500
0.800000
0.791667
0.795833
0.804167
0.808333
0.812500
0.804167
0.808333
0.812500
0.825000
0.825000
0.816667
0.816667
0.829167
0.833333
0.829167
0.820833
0.808333
0.804167
0.816667
0.825000
0.825000
0.833333
0.812500
0.829167
0.829167
0.829167
0.829167
0.825000
0.829167
0.825000
0.829167
0.820833
0.800000
0.808333
0.812500
0.808333
0.800000
0.795833
0.808333
0.808333
0.816667
0.825000
0.820833
0.816667
0.816667
0.816667
0.825000
0.816667
0.820833
0.820833
0.825000
0.816667
0.816667
0.820833
0.820833
0.812500
0.808333
0.812500
0.816667
0.808333
0.800000
0.800000
0.804167
0.795833
0.800000
0.800000
0.800000
0.804167
0.808333
0.812500
0.800000
0.800000
0.804167
0.804167
0.800000
0.804167
0.800000
0.804167
0.808333
0.812500
0.816667
0.812500
0.816667
0.808333
0.812500
0.812500
0.812500
0.812500
0.808333
0.804167
0.800000
0.808333
0.800000
0.787500
0.795833
0.800000
0.800000
0.808333
0.795833
0.804167
0.804167
0.800000
0.808333
0.812500
0.800000
0.816667
0.820833
0.829167
0.837500
0.837500
0.837500
0.837500
0.841667
0.558333
0.341667
0.754167
0.829167
0.820833
0.812500
0.804167
0.816667
0.825000
0.833333
0.837500
0.837500
0.825000
0.833333
0.816667
0.812500
0.820833
0.820833
0.816667
0.829167
0.812500
0.812500
0.825000
0.825000
0.816667
0.816667
0.820833
0.820833
0.825000
0.812500
0.816667
0.816667
0.837500
0.812500
0.787500
0.800000
0.795833
0.787500
0.633333
0.154167
0.791667
0.795833
0.779167
0.320833
0.504167
0.804167
0.820833
0.816667
0.820833
0.804167
0.808333
0.812500
0.808333
0.812500
0.808333
0.825000
0.833333
0.825000
0.829167
0.820833
0.812500
0.825000
0.825000
0.345833
0.491667
0.370833
0.454167
0.825000
0.820833
0.825000
0.825000
0.825000
0.837500
0.833333
0.833333
0.816667
0.808333
0.812500
0.800000
0.804167
0.800000
0.800000
0.795833
0.795833
0.804167
0.800000
0.804167
0.800000
0.812500
0.816667
0.833333
0.829167
0.820833
0.816667
0.800000
0.800000
0.800000
0.800000
0.262500
0.541667
0.800000
0.808333
0.812500
0.795833
0.812500
0.816667
0.808333
0.808333
0.816667
0.812500
0.812500
0.479167
0.345833
0.816667
0.808333
0.820833
0.820833
0.808333
0.816667
0.829167
0.825000
0.825000
0.829167
0.820833
0.829167
0.833333
0.825000
0.833333
0.837500
0.833333
0.841667
0.845833
0.833333
0.825000
0.808333
0.804167
0.808333
0.816667
0.816667
0.816667
0.812500
0.829167
0.820833
0.812500
0.820833
0.820833
0.829167
0.812500
0.816667
0.816667
0.825000
0.825000
0.816667
0.808333
0.820833
0.812500
0.825000
0.816667
0.820833
0.825000
0.816667
0.816667
0.691667
0.945833
0.800000
0.812500
0.808333
0.808333
0.808333
0.533333
1.062500
0.804167
0.795833
0.800000
0.804167
0.808333
0.812500
0.812500
0.816667
0.812500
0.816667
0.804167
0.804167
0.812500
0.800000
0.795833
0.791667
0.787500
0.787500
0.787500
0.787500
0.783333
0.770833
0.779167
0.783333
0.787500
0.791667
0.787500
0.804167
0.808333
0.808333
0.808333
0.800000
0.804167
0.808333
0.804167
0.800000
0.808333
0.820833
0.820833
0.825000
0.837500
0.333333
0.500000
0.820833
0.825000
0.812500
0.816667
0.829167
0.833333
0.837500
0.841667
0.833333
0.837500
0.837500
0.837500
0.325000
0.312500
1.004167
0.820833
0.812500
0.808333
0.808333
0.812500
0.462500
0.354167
0.816667
0.804167
0.812500
0.812500
0.804167
0.812500
0.812500
0.820833
0.820833
0.820833
0.808333
0.812500
0.808333
0.812500
0.820833
0.820833
0.825000
0.879167
0.766667
0.816667
0.812500
0.825000
0.825000
0.816667
0.804167
0.791667
0.800000
0.816667
0.812500
0.833333
0.825000
0.833333
0.812500
0.808333
0.820833
0.829167
0.816667
0.837500
0.820833
0.837500
0.833333
0.837500
0.841667
0.829167
0.829167
0.833333
0.825000
0.833333
0.825000
0.833333
0.837500
0.841667
0.825000
0.820833
0.829167
0.829167
0.820833
0.812500
0.816667
0.820833
0.820833
0.825000
0.820833
0.812500
0.829167
0.829167
0.829167
0.804167
0.816667
0.816667
0.825000
0.829167
0.795833
0.704167
0.912500
0.812500
0.795833
0.775000
0.787500
0.779167
0.766667
0.775000
0.770833
0.787500
0.800000
0.816667
0.808333
0.804167
0.625000
0.625000
0.366667
0.808333
0.808333
0.808333
0.812500
0.820833
0.808333
0.808333
0.812500
0.808333
0.808333
0.812500
0.791667
0.808333
0.808333
0.804167
0.812500
0.808333
0.804167
0.804167
0.808333
0.812500
0.825000
0.495833
0.341667
0.808333
0.812500
0.804167
