0.620833
0.854167
0.450000
0.704167
0.666667
0.729167
0.750000
0.754167
0.620833
0.725000
0.616667
0.616667
0.833333
0.604167
0.620833
0.745833
0.562500
0.608333
0.483333
0.770833
0.654167
0.637500
0.812500
0.554167
0.633333
0.558333
0.741667
0.650000
0.616667
0.816667
0.608333
0.495833
0.625000
0.741667
0.733333
0.733333
0.712500
0.620833
0.745833
0.458333
0.650000
0.558333
0.512500
0.670833
0.654167
0.658333
0.645833
0.800000
0.645833
0.779167
0.587500
0.520833
0.520833
0.670833
0.766667
0.654167
0.779167
0.683333
0.750000
0.658333
0.791667
0.683333
0.558333
0.662500
0.670833
0.833333
0.487500
0.595833
0.695833
0.650000
0.679167
0.658333
0.658333
0.629167
0.700000
0.600000
0.491667
0.791667
0.708333
0.704167
0.616667
0.462500
0.720833
0.804167
0.595833
0.550000
0.612500
0.533333
0.620833
0.604167
0.525000
0.662500
0.700000
0.712500
0.662500
0.541667
0.541667
0.595833
0.775000
0.658333
0.550000
0.787500
0.675000
0.679167
0.520833
0.854167
0.691667
0.675000
0.691667
0.675000
0.662500
0.754167
0.641667
0.562500
0.837500
0.604167
0.795833
0.579167
0.550000
0.650000
0.500000
0.712500
0.600000
0.554167
0.654167
0.495833
0.554167
0.675000
0.762500
0.512500
0.587500
0.641667
0.529167
0.737500
0.687500
0.441667
0.658333
0.525000
0.595833
0.716667
0.704167
0.720833
0.675000
0.679167
0.691667
0.695833
0.666667
0.745833
0.720833
0.725000
0.733333
0.604167
0.858333
0.754167
0.708333
0.558333
0.675000
0.870833
0.679167
0.708333
0.604167
0.745833
0.716667
0.625000
0.591667
0.500000
0.545833
0.829167
0.716667
0.633333
0.737500
0.470833
0.612500
0.633333
0.625000
0.783333
0.687500
0.708333
0.787500
0.600000
0.745833
0.587500
0.687500
0.616667
0.654167
0.520833
0.662500
0.641667
0.583333
0.954167
0.712500
0.720833
0.704167
0.758333
0.712500
0.691667
0.554167
0.679167
0.716667
0.641667
0.533333
0.650000
0.758333
0.562500
0.595833
0.766667
0.787500
0.512500
0.833333
0.554167
0.575000
0.516667
0.816667
0.712500
0.720833
0.725000
0.737500
0.741667
0.720833
0.550000
1.000000
0.741667
0.795833
0.641667
0.516667
0.654167
0.666667
0.708333
0.700000
0.600000
0.583333
0.883333
0.666667
0.541667
0.608333
0.637500
0.620833
0.520833
0.616667
0.654167
0.529167
0.529167
0.620833
0.575000
0.812500
0.712500
0.675000
0.679167
0.687500
0.645833
0.658333
0.683333
0.616667
0.745833
0.587500
0.825000
0.645833
0.712500
0.650000
0.875000
0.683333
0.766667
0.783333
0.758333
0.383333
0.250000
0.512500
0.620833
0.762500
0.850000
0.691667
0.679167
0.691667
0.504167
0.587500
0.658333
0.645833
0.541667
0.829167
0.545833
0.708333
0.683333
0.691667
0.566667
0.500000
0.495833
0.620833
0.591667
0.725000
0.537500
0.579167
0.633333
0.775000
0.666667
0.670833
0.683333
0.683333
0.695833
0.625000
0.712500
0.587500
0.679167
0.641667
0.670833
0.616667
0.570833
0.516667
0.608333
0.737500
0.554167
0.541667
0.550000
0.716667
0.716667
0.550000
0.795833
0.687500
0.700000
0.579167
0.829167
0.708333
0.720833
0.729167
0.733333
0.737500
0.591667
0.491667
0.570833
0.583333
0.591667
0.579167
0.712500
0.725000
0.816667
0.729167
0.600000
0.720833
0.775000
0.612500
0.745833
0.658333
0.600000
0.529167
0.358333
0.600000
0.550000
0.608333
0.708333
0.629167
0.829167
0.670833
0.779167
0.733333
0.745833
0.754167
0.487500
0.658333
0.591667
0.854167
0.741667
0.754167
0.758333
0.645833
0.625000
0.491667
0.708333
0.620833
0.641667
0.612500
0.791667
0.608333
0.516667
0.654167
0.691667
0.758333
0.579167
0.687500
0.695833
0.654167
0.654167
0.858333
0.820833
0.604167
0.791667
0.591667
0.562500
0.491667
0.570833
0.625000
0.616667
0.604167
0.729167
0.691667
0.641667
0.795833
0.520833
0.658333
0.566667
0.637500
0.625000
0.662500
0.620833
0.762500
0.708333
0.691667
0.675000
0.629167
0.629167
0.675000
0.600000
0.637500
0.629167
0.662500
0.575000
0.733333
0.591667
0.687500
0.525000
0.608333
0.720833
0.633333
0.812500
0.700000
0.558333
0.816667
0.658333
0.550000
0.512500
0.645833
0.741667
0.700000
0.491667
0.575000
0.737500
0.525000
0.466667
0.579167
0.550000
0.762500
1.029167
0.762500
0.679167
0.645833
0.704167
0.695833
0.691667
0.704167
0.570833
0.791667
0.758333
0.725000
0.737500
0.616667
0.875000
0.754167
0.762500
0.766667
0.745833
0.816667
0.625000
0.466667
0.720833
0.650000
0.875000
0.641667
0.554167
0.687500
0.679167
0.716667
0.633333
0.487500
0.595833
0.529167
0.750000
0.616667
0.787500
0.537500
0.733333
0.650000
0.587500
0.820833
0.829167
0.720833
0.725000
0.720833
0.595833
0.687500
0.862500
0.575000
0.737500
0.691667
0.641667
0.637500
0.733333
0.625000
0.741667
0.500000
0.575000
0.733333
0.712500
0.837500
0.725000
0.737500
0.595833
0.558333
0.779167
0.579167
0.750000
0.583333
0.691667
0.758333
0.575000
0.633333
0.645833
0.833333
0.729167
0.733333
0.745833
0.750000
0.766667
0.620833
0.637500
0.708333
0.737500
0.925000
0.729167
0.775000
0.675000
0.691667
0.650000
0.795833
0.650000
0.533333
0.666667
0.816667
0.654167
0.833333
0.458333
0.558333
0.704167
0.625000
0.733333
0.816667
0.729167
0.687500
0.695833
0.670833
0.595833
1.020833
0.583333
0.779167
0.737500
0.520833
0.520833
0.687500
0.537500
0.620833
0.583333
0.529167
0.604167
0.783333
0.691667
0.654167
0.683333
0.495833
0.712500
0.700000
0.533333
0.800000
0.620833
0.595833
0.887500
0.708333
0.720833
0.679167
0.545833
0.645833
0.625000
0.637500
0.566667
0.820833
0.691667
0.737500
0.670833
0.537500
1.379167
0.670833
0.633333
0.704167
0.795833
0.608333
0.754167
0.937500
0.750000
0.608333
0.708333
0.629167
0.620833
0.687500
0.666667
0.445833
0.654167
0.691667
0.829167
0.720833
0.729167
0.737500
0.541667
0.691667
0.650000
0.537500
0.641667
0.537500
0.779167
0.679167
0.650000
0.825000
0.720833
0.725000
0.737500
0.691667
0.783333
0.762500
0.787500
0.775000
0.558333
0.616667
0.716667
0.641667
0.695833
0.608333
0.712500
0.666667
0.575000
0.795833
0.691667
0.608333
0.754167
0.795833
0.416667
0.750000
0.612500
0.658333
0.641667
0.641667
0.891667
0.675000
0.754167
0.604167
0.687500
0.566667
0.641667
0.650000
0.520833
0.812500
0.650000
0.666667
0.741667
0.620833
0.604167
0.700000
0.837500
0.691667
0.687500
0.625000
0.529167
0.750000
0.704167
0.445833
0.670833
0.512500
0.575000
0.570833
0.491667
0.516667
0.525000
0.779167
0.658333
0.675000
0.679167
0.675000
0.525000
0.800000
0.695833
0.704167
0.712500
0.716667
0.729167
0.737500
0.741667
0.754167
0.762500
0.641667
0.762500
0.741667
0.512500
0.650000
0.604167
0.775000
0.545833
0.620833
0.741667
0.554167
0.620833
0.612500
0.791667
0.550000
0.625000
0.675000
0.604167
0.533333
0.700000
0.533333
0.550000
0.562500
0.775000
0.666667
0.687500
0.687500
0.645833
0.700000
0.654167
0.612500
0.641667
0.825000
0.745833
0.716667
0.650000
0.508333
0.504167
0.475000
0.725000
0.691667
0.687500
0.608333
0.629167
0.750000
0.745833
0.704167
0.633333
0.625000
0.687500
0.620833
0.975000
0.512500
0.541667
0.637500
0.825000
0.654167
0.525000
0.666667
0.554167
0.695833
0.516667
0.716667
0.804167
0.708333
0.679167
0.504167
0.666667
0.833333
0.720833
0.733333
0.704167
0.737500
0.629167
0.654167
0.766667
0.787500
0.691667
0.533333
0.687500
0.741667
0.570833
0.733333
0.595833
0.700000
0.850000
0.729167
0.700000
0.537500
0.558333
0.520833
0.837500
0.729167
1.433333
0.625000
0.587500
0.175000
0.779167
0.725000
0.695833
0.587500
0.858333
0.725000
0.641667
0.695833
0.866667
0.758333
0.675000
0.879167
0.775000
0.795833
0.783333
0.745833
0.541667
0.700000
0.666667
0.687500
0.720833
0.683333
0.758333
0.895833
1.362500
0.820833
0.825000
0.862500
0.783333
0.595833
0.895833
0.562500
0.366667
0.812500
0.820833
0.745833
0.695833
0.645833
0.479167
0.679167
0.891667
0.504167
0.820833
0.520833
0.895833
0.608333
0.733333
0.750000
0.604167
0.637500
0.691667
0.700000
0.879167
0.758333
0.783333
0.704167
0.800000
0.529167
0.712500
0.737500
0.708333
0.737500
0.637500
0.591667
0.920833
0.733333
0.683333
0.683333
0.562500
0.575000
0.629167
0.591667
0.612500
0.541667
0.741667
0.783333
0.841667
0.537500
0.645833
0.604167
0.508333
0.716667
0.654167
0.570833
0.837500
0.816667
0.704167
0.687500
0.550000
0.645833
0.754167
0.550000
0.816667
0.716667
0.720833
0.725000
0.708333
0.770833
0.675000
0.591667
0.545833
1.012500
0.708333
0.733333
0.633333
0.479167
0.475000
0.904167
0.687500
0.641667
0.562500
0.945833
0.541667
0.637500
0.666667
0.712500
0.750000
0.620833
0.729167
0.800000
0.662500
0.650000
0.712500
0.641667
0.691667
0.616667
0.800000
0.666667
0.720833
0.670833
0.704167
0.483333
0.604167
0.700000
0.608333
0.545833
0.662500
0.616667
0.733333
0.737500
0.508333
