0.829167
0.787500
0.787500
0.795833
0.787500
0.645833
0.937500
0.791667
0.783333
0.791667
0.658333
0.925000
0.791667
0.783333
0.783333
0.779167
0.783333
0.783333
0.783333
0.662500
0.900000
0.779167
0.787500
0.779167
0.654167
0.912500
0.779167
0.783333
0.779167
0.666667
0.908333
0.783333
0.783333
0.787500
0.729167
0.841667
0.795833
0.795833
0.795833
0.787500
0.795833
0.787500
0.791667
0.787500
0.791667
0.670833
0.904167
0.787500
0.787500
0.787500
0.712500
0.858333
0.787500
0.779167
0.795833
0.787500
0.787500
0.791667
0.791667
0.783333
0.787500
0.791667
0.558333
1.025000
0.791667
0.779167
0.783333
0.566667
1.012500
0.791667
0.787500
0.783333
0.562500
1.016667
0.787500
0.779167
0.779167
0.591667
0.987500
0.791667
0.787500
0.791667
0.791667
0.791667
0.791667
0.791667
0.558333
1.029167
0.791667
0.791667
0.783333
0.600000
0.979167
0.783333
0.779167
0.779167
0.783333
0.783333
0.562500
1.008333
0.645833
0.925000
0.779167
0.783333
0.783333
0.504167
1.079167
0.791667
0.783333
0.787500
0.783333
0.791667
0.795833
0.525000
1.070833
0.800000
0.791667
0.795833
0.787500
0.795833
0.666667
0.916667
0.687500
0.362500
1.325000
0.475000
1.137500
0.512500
1.095833
0.525000
1.075000
0.541667
1.058333
0.575000
1.016667
0.737500
0.837500
0.783333
0.779167
0.783333
0.783333
0.783333
0.633333
0.933333
0.783333
0.787500
0.783333
0.666667
0.908333
0.783333
0.791667
0.787500
0.783333
0.787500
0.779167
0.783333
0.783333
0.783333
0.783333
0.779167
0.783333
0.783333
0.787500
0.779167
0.779167
0.779167
0.779167
0.775000
0.775000
0.775000
0.770833
0.770833
0.775000
0.775000
0.770833
0.779167
0.775000
0.620833
0.941667
0.787500
0.783333
0.787500
0.787500
0.791667
0.729167
0.845833
0.787500
0.787500
0.787500
0.787500
0.791667
0.795833
0.791667
0.795833
0.795833
0.791667
0.791667
0.791667
0.791667
0.787500
0.787500
0.783333
0.783333
0.783333
0.733333
0.841667
0.787500
0.783333
0.783333
0.783333
0.783333
0.783333
0.783333
0.783333
0.687500
0.879167
0.783333
0.787500
0.787500
0.729167
0.845833
0.787500
0.791667
0.787500
0.795833
0.787500
0.783333
0.783333
0.704167
0.866667
0.779167
0.783333
0.783333
0.787500
0.787500
0.783333
0.787500
0.795833
0.791667
0.791667
0.791667
0.791667
0.791667
0.791667
0.787500
0.562500
1.025000
0.791667
0.783333
0.791667
0.787500
0.787500
0.787500
0.783333
0.787500
0.783333
0.783333
0.783333
0.787500
0.783333
0.783333
0.783333
0.783333
0.779167
0.775000
0.779167
0.779167
0.775000
0.779167
0.775000
0.779167
0.779167
0.779167
0.783333
0.779167
0.783333
0.783333
0.783333
0.791667
0.795833
0.679167
0.916667
0.795833
0.795833
0.795833
0.687500
0.904167
0.795833
0.791667
0.791667
0.791667
0.791667
0.787500
0.795833
0.791667
0.791667
0.791667
0.795833
0.650000
0.945833
0.791667
0.791667
0.787500
0.650000
0.916667
0.783333
0.775000
0.766667
0.762500
0.762500
0.758333
0.758333
0.758333
0.754167
0.754167
0.754167
0.750000
0.750000
0.750000
0.750000
0.750000
0.741667
0.745833
0.745833
0.754167
0.754167
0.754167
0.758333
0.762500
0.762500
0.695833
0.841667
0.766667
0.766667
0.770833
0.770833
0.775000
0.775000
0.775000
0.770833
0.775000
0.770833
0.775000
0.775000
0.612500
0.950000
0.779167
0.783333
0.783333
0.783333
0.787500
0.545833
1.033333
0.787500
0.783333
0.783333
0.779167
0.779167
0.608333
0.954167
0.779167
0.775000
0.775000
0.700000
0.850000
0.775000
0.770833
0.770833
0.775000
0.770833
0.775000
0.654167
0.895833
0.770833
0.775000
0.770833
0.770833
0.766667
0.779167
0.766667
0.775000
0.770833
0.770833
0.562500
0.995833
0.779167
0.779167
0.779167
0.775000
0.550000
1.012500
0.779167
0.779167
0.779167
0.583333
0.970833
0.783333
0.770833
0.775000
0.770833
0.779167
0.633333
0.929167
0.779167
0.779167
0.783333
0.775000
0.783333
0.616667
0.958333
0.787500
0.783333
0.670833
0.908333
0.791667
0.791667
0.791667
0.791667
0.791667
0.662500
0.925000
0.791667
0.791667
0.787500
0.787500
0.791667
0.779167
0.808333
0.800000
0.795833
0.800000
0.637500
0.970833
0.795833
0.804167
0.800000
0.795833
0.800000
0.645833
0.962500
0.795833
0.800000
0.800000
0.800000
0.800000
0.641667
0.962500
0.800000
0.808333
0.800000
0.800000
0.800000
0.654167
0.950000
0.800000
0.800000
0.800000
0.800000
0.795833
0.629167
0.979167
0.800000
0.795833
0.795833
0.800000
0.800000
0.675000
0.937500
0.800000
0.800000
0.800000
0.800000
0.800000
0.616667
0.991667
0.800000
0.800000
0.800000
0.800000
0.804167
0.604167
1.016667
0.808333
0.804167
0.800000
0.808333
0.808333
0.525000
1.095833
0.808333
0.800000
0.804167
0.804167
0.800000
0.637500
0.970833
0.795833
0.795833
0.800000
0.654167
0.950000
0.791667
0.795833
0.791667
0.787500
0.800000
0.691667
0.916667
0.800000
0.795833
0.795833
0.800000
0.804167
0.800000
0.800000
0.800000
0.666667
0.941667
0.808333
0.804167
0.804167
0.645833
0.979167
0.800000
0.808333
0.645833
0.975000
0.800000
0.795833
0.804167
0.800000
0.816667
0.808333
0.804167
0.808333
0.654167
0.962500
0.804167
0.804167
0.795833
0.804167
0.716667
0.891667
0.808333
0.808333
0.670833
0.958333
0.812500
0.808333
0.733333
0.891667
0.816667
0.816667
0.683333
0.950000
0.808333
0.804167
0.800000
1.595833
0.804167
0.795833
0.800000
0.795833
0.800000
0.795833
0.795833
0.795833
0.783333
0.779167
0.779167
0.779167
0.779167
0.779167
0.779167
0.712500
0.850000
0.787500
0.787500
0.787500
0.787500
0.795833
0.795833
0.800000
0.800000
0.800000
0.804167
0.800000
0.795833
0.804167
0.800000
0.587500
1.025000
0.800000
0.795833
0.795833
0.804167
0.795833
0.800000
0.800000
0.712500
0.883333
0.791667
0.804167
0.800000
0.658333
0.950000
0.800000
0.791667
0.791667
0.695833
0.900000
0.795833
0.791667
0.795833
0.704167
0.900000
0.804167
0.804167
0.800000
0.795833
0.795833
0.691667
0.908333
0.795833
0.791667
0.795833
0.741667
0.845833
0.795833
0.795833
0.800000
0.633333
0.975000
0.795833
0.804167
0.795833
0.650000
0.945833
0.795833
0.795833
0.804167
0.662500
0.945833
0.795833
0.795833
0.804167
0.808333
0.812500
0.804167
0.804167
0.800000
0.800000
0.795833
0.804167
0.804167
0.800000
0.795833
0.795833
0.795833
0.795833
0.795833
0.800000
0.795833
0.633333
0.962500
0.791667
0.795833
0.791667
0.637500
0.954167
0.658333
0.358333
0.570833
0.795833
0.795833
0.787500
0.608333
0.979167
0.787500
0.787500
0.791667
0.591667
1.004167
0.795833
0.795833
0.791667
0.791667
0.791667
0.795833
0.795833
0.633333
0.966667
0.795833
0.800000
0.795833
0.804167
0.812500
0.800000
0.804167
0.804167
0.804167
0.804167
0.804167
0.804167
0.804167
0.800000
0.795833
0.791667
0.791667
0.620833
0.979167
0.791667
0.791667
0.791667
0.787500
0.787500
0.791667
0.787500
0.791667
0.795833
0.791667
0.791667
0.795833
0.791667
0.795833
0.795833
0.791667
0.795833
0.795833
0.791667
0.791667
0.791667
0.795833
0.791667
0.795833
0.795833
0.795833
0.800000
0.795833
0.800000
0.800000
0.795833
0.645833
0.962500
0.791667
0.791667
0.791667
0.779167
0.808333
0.791667
0.791667
0.787500
0.658333
0.933333
0.791667
0.787500
0.795833
0.620833
0.970833
0.791667
0.791667
0.791667
0.608333
0.991667
0.795833
0.791667
0.741667
0.854167
0.791667
0.795833
0.791667
0.650000
0.941667
0.791667
0.791667
0.795833
0.629167
0.962500
0.795833
0.795833
0.795833
0.750000
0.837500
0.795833
0.800000
0.795833
0.658333
0.937500
