0.541667
0.541667
0.545833
0.504167
0.433333
0.700000
0.554167
0.545833
0.550000
0.504167
0.587500
0.545833
0.545833
0.545833
0.541667
0.550000
0.545833
0.550000
0.545833
0.550000
0.558333
0.550000
0.550000
0.558333
0.550000
0.558333
0.554167
0.554167
0.358333
0.491667
0.820833
0.570833
0.562500
0.558333
0.554167
0.562500
0.554167
0.558333
0.562500
0.558333
0.566667
0.562500
0.520833
0.233333
0.929167
0.583333
0.558333
0.562500
0.566667
0.391667
0.733333
0.508333
0.345833
0.829167
0.566667
0.558333
0.512500
0.604167
0.558333
0.558333
0.558333
0.562500
0.579167
0.658333
0.454167
0.575000
0.691667
0.429167
0.591667
0.462500
0.670833
0.579167
1.129167
0.566667
0.562500
0.570833
0.566667
0.570833
0.566667
0.575000
0.570833
0.566667
0.570833
0.412500
0.716667
0.566667
0.237500
0.337500
0.550000
0.491667
0.633333
0.562500
0.554167
1.116667
0.554167
0.554167
1.083333
0.579167
0.550000
1.100000
0.512500
0.600000
0.545833
0.550000
0.545833
0.545833
0.354167
0.741667
0.562500
0.545833
0.550000
0.545833
0.433333
0.658333
0.545833
0.550000
0.545833
0.550000
0.541667
0.554167
0.558333
0.554167
0.562500
0.550000
0.200000
0.254167
0.312500
0.341667
0.554167
0.529167
0.600000
0.545833
0.558333
0.554167
0.550000
0.408333
0.679167
0.550000
0.554167
0.750000
0.341667
0.550000
0.545833
0.550000
0.550000
0.541667
0.550000
0.554167
0.558333
1.108333
0.237500
0.862500
0.554167
0.554167
1.100000
0.554167
1.095833
0.545833
0.541667
0.537500
0.537500
0.195833
0.883333
0.537500
0.475000
0.354167
0.808333
0.529167
0.545833
0.533333
0.541667
0.545833
0.537500
0.541667
0.537500
0.383333
0.437500
0.254167
0.537500
0.545833
0.537500
0.541667
0.720833
0.358333
0.541667
0.550000
0.441667
1.179167
0.562500
0.545833
0.541667
0.550000
0.537500
0.545833
0.550000
0.550000
0.545833
0.550000
0.550000
0.545833
0.554167
0.550000
0.550000
0.562500
0.550000
0.558333
0.558333
0.562500
0.558333
0.562500
0.566667
0.558333
0.562500
0.566667
0.570833
1.125000
0.562500
0.570833
0.558333
0.558333
0.562500
0.558333
0.558333
0.562500
0.554167
0.558333
0.562500
0.566667
0.558333
0.566667
0.558333
0.558333
0.566667
0.554167
0.566667
0.558333
0.558333
0.537500
0.591667
0.562500
0.570833
0.570833
0.566667
0.445833
0.683333
0.570833
0.508333
0.612500
0.562500
0.566667
0.554167
0.558333
0.316667
0.791667
0.570833
0.554167
0.520833
0.587500
0.558333
0.550000
0.425000
0.550000
0.270833
0.475000
0.370833
0.662500
0.529167
0.575000
0.545833
0.554167
0.545833
0.554167
0.554167
0.550000
0.562500
0.525000
0.354167
0.700000
0.254167
0.508333
0.470833
0.458333
0.637500
0.558333
0.550000
0.662500
0.437500
0.545833
0.408333
0.370833
0.316667
0.575000
0.533333
0.491667
0.600000
0.541667
0.541667
0.541667
0.508333
0.591667
0.504167
0.541667
0.495833
0.591667
0.537500
0.504167
0.583333
0.533333
0.545833
0.541667
0.545833
0.541667
0.541667
0.550000
0.733333
0.358333
0.537500
0.537500
0.425000
0.466667
0.341667
0.504167
0.462500
0.466667
0.500000
0.233333
0.933333
0.558333
0.450000
0.375000
0.770833
0.550000
0.508333
0.566667
0.737500
0.345833
0.533333
0.533333
0.529167
0.533333
0.541667
0.537500
0.537500
0.545833
0.620833
0.720833
0.791667
0.658333
0.441667
1.075000
0.541667
1.075000
0.537500
1.095833
0.562500
0.537500
0.466667
1.166667
0.670833
0.433333
0.637500
0.445833
0.533333
0.541667
0.541667
0.550000
0.541667
1.095833
0.541667
0.454167
0.587500
0.604167
0.554167
0.550000
0.545833
0.537500
0.545833
0.487500
0.616667
0.541667
0.550000
0.550000
0.554167
0.558333
1.045833
0.595833
0.554167
0.550000
0.554167
0.545833
0.554167
0.558333
0.558333
0.554167
0.562500
0.566667
0.562500
0.566667
0.562500
0.562500
0.566667
0.575000
0.537500
0.300000
0.854167
0.579167
0.479167
0.291667
0.483333
0.470833
0.545833
0.541667
1.108333
0.562500
1.100000
0.545833
0.433333
0.491667
0.716667
1.108333
0.545833
0.550000
0.541667
0.545833
0.554167
0.545833
0.562500
0.554167
0.558333
0.508333
0.345833
0.804167
0.520833
0.600000
0.558333
0.558333
0.545833
0.545833
0.550000
0.662500
0.445833
0.541667
0.554167
0.550000
0.545833
0.550000
0.554167
0.554167
0.554167
0.558333
0.545833
0.554167
0.554167
0.550000
0.545833
0.554167
0.558333
0.554167
0.554167
0.558333
0.554167
0.516667
0.591667
0.562500
0.558333
0.562500
0.520833
0.429167
0.720833
0.562500
0.558333
0.358333
0.762500
0.570833
0.558333
0.558333
0.525000
0.591667
0.566667
0.495833
0.625000
0.562500
0.562500
0.570833
0.562500
0.570833
0.566667
0.575000
0.516667
0.379167
0.804167
0.583333
0.583333
0.562500
0.575000
0.575000
0.570833
0.570833
0.579167
0.566667
0.570833
0.570833
0.566667
0.579167
0.566667
0.566667
0.529167
0.333333
0.833333
0.583333
0.475000
0.662500
0.566667
0.570833
0.562500
0.570833
0.545833
0.575000
0.566667
0.575000
0.566667
0.570833
0.566667
0.558333
0.583333
0.579167
0.570833
0.520833
0.625000
0.566667
0.570833
0.562500
0.579167
0.529167
0.316667
0.225000
0.291667
0.312500
0.570833
0.558333
0.562500
0.495833
0.362500
0.804167
0.554167
0.558333
0.525000
0.358333
0.762500
0.433333
0.516667
0.691667
0.554167
0.554167
0.537500
0.545833
0.550000
0.541667
0.541667
0.545833
0.525000
0.325000
0.783333
0.558333
0.550000
0.550000
0.545833
0.558333
0.550000
0.558333
0.562500
0.554167
0.558333
0.554167
0.554167
0.562500
0.554167
0.554167
0.566667
0.566667
0.562500
0.525000
0.604167
0.558333
0.562500
0.566667
0.566667
0.562500
0.566667
0.566667
0.566667
0.575000
0.566667
0.570833
0.575000
0.575000
0.575000
0.579167
0.570833
0.570833
0.575000
0.570833
0.575000
0.570833
0.570833
0.583333
0.575000
0.579167
0.575000
0.570833
0.579167
0.587500
0.587500
0.587500
0.579167
0.583333
0.579167
0.575000
0.579167
0.575000
0.579167
0.562500
0.575000
0.575000
0.579167
0.570833
0.579167
0.566667
0.575000
0.583333
0.558333
0.575000
0.541667
0.300000
0.862500
0.595833
0.562500
0.520833
0.391667
0.783333
0.570833
0.483333
0.654167
0.670833
0.454167
0.558333
0.562500
0.550000
0.558333
0.562500
0.570833
0.570833
0.562500
0.525000
0.608333
0.575000
0.558333
0.508333
1.170833
0.566667
0.554167
0.500000
0.616667
0.558333
0.558333
1.120833
0.512500
0.620833
0.562500
0.570833
0.566667
0.575000
0.570833
0.570833
0.570833
0.516667
0.358333
0.816667
0.579167
0.566667
0.562500
0.562500
0.500000
0.616667
0.487500
0.650000
0.566667
0.566667
0.562500
0.562500
0.558333
0.562500
0.562500
0.566667
0.562500
0.562500
0.554167
0.558333
0.558333
0.554167
0.554167
0.562500
0.541667
0.554167
0.237500
0.325000
0.554167
0.554167
0.554167
0.475000
0.625000
0.554167
0.562500
0.545833
0.562500
0.550000
0.566667
0.562500
0.558333
0.566667
0.554167
0.429167
0.325000
0.462500
0.462500
0.537500
0.475000
0.625000
0.558333
0.541667
0.554167
0.562500
0.545833
0.558333
0.558333
0.550000
0.554167
0.554167
0.558333
0.545833
0.554167
0.562500
0.554167
0.558333
0.562500
0.541667
0.558333
0.454167
0.645833
0.570833
0.433333
0.104167
0.554167
0.550000
0.550000
0.545833
0.283333
0.370833
0.454167
0.616667
0.466667
0.250000
0.837500
0.541667
0.545833
1.095833
0.562500
0.533333
0.545833
0.554167
0.633333
0.458333
0.545833
0.541667
0.545833
0.391667
0.704167
1.100000
0.541667
0.541667
0.550000
0.550000
0.541667
0.550000
0.550000
0.545833
0.545833
0.550000
0.550000
0.545833
0.475000
0.312500
0.837500
0.554167
0.550000
0.483333
0.333333
0.800000
0.554167
0.541667
0.545833
0.545833
0.537500
0.541667
0.541667
0.533333
0.541667
0.545833
0.541667
0.645833
0.433333
0.541667
0.541667
0.545833
0.541667
0.541667
0.545833
0.545833
0.541667
0.545833
0.537500
0.541667
0.550000
0.545833
0.545833
0.545833
0.550000
0.545833
0.550000
0.541667
0.550000
0.554167
0.541667
0.550000
0.654167
0.537500
0.462500
0.545833
0.545833
0.545833
0.554167
0.541667
0.545833
0.550000
0.541667
0.545833
0.541667
0.545833
0.537500
0.537500
0.545833
0.550000
0.545833
0.550000
0.545833
0.550000
0.541667
0.550000
1.095833
0.891667
0.204167
0.754167
0.345833
0.491667
0.629167
0.520833
0.558333
0.554167
0.554167
0.541667
0.566667
0.545833
0.550000
0.554167
0.545833
0.554167
0.650000
0.287500
0.716667
0.550000
0.554167
0.554167
0.350000
0.762500
0.670833
0.350000
0.358333
0.854167
0.787500
0.345833
0.425000
1.233333
0.550000
0.779167
0.325000
0.475000
0.633333
0.379167
0.725000
0.558333
0.883333
0.229167
0.437500
0.812500
0.454167
0.537500
1.091667
1.100000
0.554167
1.095833
1.100000
0.541667
0.545833
0.550000
1.645833
0.545833
1.095833
0.441667
1.216667
1.108333
0.558333
0.554167
0.441667
1.216667
1.120833
0.550000
0.558333
0.554167
0.545833
0.425000
0.691667
0.562500
0.558333
0.545833
0.558333
0.562500
0.562500
0.512500
1.000000
0.733333
0.520833
0.612500
0.562500
0.566667
0.475000
0.650000
0.566667
0.562500
0.570833
0.566667
0.570833
0.570833
0.570833
0.575000
0.575000
0.583333
0.575000
0.583333
0.579167
0.587500
0.575000
0.579167
0.570833
0.575000
0.579167
0.575000
0.579167
0.579167
0.562500
0.575000
0.579167
0.566667
0.575000
0.583333
0.558333
0.579167
0.570833
0.575000
0.575000
0.558333
0.566667
0.533333
0.608333
0.450000
0.683333
0.566667
0.562500
0.516667
0.600000
0.558333
0.558333
0.562500
0.487500
0.641667
0.554167
0.554167
0.562500
0.537500
0.575000
0.562500
0.562500
0.520833
1.133333
1.008333
0.679167
0.562500
0.350000
0.212500
0.558333
0.683333
0.987500
0.558333
0.525000
0.595833
0.566667
0.554167
0.550000
0.554167
0.566667
0.562500
0.550000
0.558333
0.654167
0.741667
0.270833
0.429167
0.587500
0.654167
0.550000
0.558333
0.554167
1.054167
1.170833
1.125000
0.562500
0.462500
0.450000
0.225000
0.566667
0.516667
0.616667
0.470833
0.750000
0.595833
0.458333
0.562500
1.137500
0.541667
0.562500
0.550000
0.558333
0.562500
1.045833
0.370833
0.779167
1.129167
0.554167
0.541667
0.550000
0.437500
0.666667
0.554167
0.554167
0.545833
0.550000
0.554167
0.550000
0.554167
0.554167
0.554167
0.554167
0.550000
0.545833
0.554167
0.558333
0.558333
0.554167
0.558333
0.545833
0.554167
0.562500
0.562500
0.558333
0.558333
0.562500
0.570833
0.554167
0.933333
0.745833
0.575000
0.558333
0.558333
