0.583333
0.583333
0.579167
0.583333
0.587500
0.587500
0.583333
0.591667
0.587500
0.587500
0.587500
0.587500
0.591667
0.583333
0.583333
0.579167
0.583333
0.579167
0.579167
0.575000
0.587500
0.579167
0.575000
0.575000
0.575000
0.583333
0.575000
0.575000
0.579167
0.587500
0.579167
0.579167
0.583333
0.583333
0.579167
0.579167
0.579167
0.583333
0.583333
0.575000
0.575000
0.583333
0.579167
0.575000
0.579167
0.579167
0.575000
0.579167
0.583333
0.579167
0.583333
0.583333
0.579167
0.583333
0.583333
0.587500
0.583333
0.579167
0.587500
0.583333
0.579167
0.566667
0.587500
0.575000
0.579167
0.583333
0.379167
0.195833
0.579167
0.583333
0.575000
0.579167
0.583333
0.579167
0.575000
0.579167
0.587500
0.541667
0.612500
0.575000
0.575000
0.587500
0.575000
0.579167
0.579167
0.583333
0.583333
0.579167
0.579167
0.587500
0.583333
0.579167
0.575000
0.583333
0.583333
0.575000
0.575000
0.579167
0.579167
0.575000
0.575000
0.575000
0.579167
0.579167
0.570833
0.575000
0.575000
0.570833
0.575000
0.570833
0.579167
0.575000
0.570833
0.575000
0.575000
0.583333
0.579167
0.579167
0.575000
0.579167
0.583333
0.579167
0.579167
0.583333
0.712500
0.525000
0.333333
0.770833
0.587500
0.579167
0.587500
0.583333
0.591667
0.583333
0.583333
0.591667
0.587500
0.583333
0.479167
0.700000
0.583333
0.258333
0.225000
0.687500
0.591667
0.587500
0.583333
0.587500
0.595833
0.587500
0.583333
0.587500
0.591667
0.583333
0.583333
0.587500
0.350000
0.237500
0.587500
0.583333
0.583333
0.591667
0.587500
0.583333
0.583333
0.587500
0.587500
0.579167
0.583333
0.583333
0.591667
0.583333
0.579167
0.579167
0.587500
0.583333
0.487500
0.537500
0.295833
0.204167
0.795833
0.579167
0.575000
0.583333
0.583333
0.579167
0.579167
0.550000
0.612500
0.583333
0.579167
0.583333
0.587500
0.575000
0.579167
0.579167
0.583333
0.575000
0.575000
0.579167
0.583333
0.579167
0.570833
0.583333
0.541667
0.612500
0.575000
0.575000
0.591667
0.583333
0.587500
0.595833
0.604167
0.591667
0.591667
0.587500
0.591667
0.591667
0.583333
0.579167
0.587500
0.583333
0.579167
0.579167
0.579167
0.575000
0.570833
0.575000
0.579167
0.570833
0.575000
0.579167
0.579167
0.583333
0.583333
0.379167
0.804167
0.470833
0.258333
0.404167
0.325000
0.729167
0.375000
0.279167
0.691667
0.541667
0.633333
0.583333
1.170833
0.583333
0.579167
0.579167
0.587500
0.579167
0.579167
0.579167
0.587500
0.583333
0.579167
0.579167
0.583333
0.587500
0.579167
0.583333
0.583333
0.587500
0.583333
0.579167
0.583333
0.583333
0.566667
0.591667
0.583333
0.583333
0.579167
0.575000
0.583333
0.579167
0.579167
0.579167
0.575000
0.579167
0.579167
0.583333
0.575000
0.554167
0.604167
0.583333
0.583333
0.579167
0.583333
0.583333
0.575000
0.579167
0.579167
0.583333
0.579167
0.579167
0.579167
0.579167
0.587500
0.575000
0.579167
0.579167
0.583333
0.583333
0.575000
0.579167
0.579167
0.583333
0.579167
0.575000
0.579167
0.579167
0.583333
0.579167
0.579167
0.583333
0.587500
0.579167
0.562500
0.416667
0.420833
0.537500
0.529167
0.583333
0.558333
0.379167
0.270833
0.237500
0.433333
0.441667
0.433333
0.404167
0.762500
0.500000
0.666667
0.583333
0.579167
0.579167
0.587500
0.583333
0.575000
0.529167
0.637500
0.308333
0.404167
0.412500
0.591667
0.583333
0.579167
0.583333
0.558333
0.608333
0.579167
0.583333
0.583333
0.591667
0.587500
0.587500
0.587500
0.591667
0.591667
0.566667
0.604167
0.587500
0.591667
0.587500
0.583333
0.587500
0.587500
0.583333
0.583333
0.579167
0.587500
0.579167
0.583333
0.579167
0.587500
0.579167
0.579167
0.579167
0.591667
0.583333
0.583333
0.579167
0.583333
0.412500
0.750000
0.591667
0.579167
0.583333
0.583333
0.587500
0.579167
0.583333
0.562500
0.595833
0.583333
0.583333
0.575000
0.579167
0.579167
0.583333
0.583333
0.579167
0.570833
0.579167
0.579167
0.575000
0.570833
0.570833
0.579167
0.570833
0.579167
0.545833
0.604167
0.570833
0.566667
0.575000
0.570833
0.570833
0.575000
0.575000
0.583333
0.579167
0.579167
0.579167
0.583333
0.583333
0.570833
0.595833
0.516667
0.641667
0.575000
0.575000
0.570833
0.575000
0.570833
0.575000
0.575000
0.575000
0.570833
0.579167
0.570833
0.575000
0.570833
0.579167
0.579167
0.575000
0.579167
0.570833
0.575000
0.575000
0.579167
0.570833
0.579167
0.579167
0.575000
0.579167
0.575000
0.575000
0.570833
0.579167
0.579167
0.575000
0.575000
0.579167
0.575000
0.575000
0.579167
0.579167
0.579167
0.579167
0.579167
0.583333
0.575000
0.583333
0.583333
0.579167
0.579167
0.579167
0.579167
0.579167
0.579167
0.579167
0.575000
0.575000
0.583333
0.579167
0.583333
0.579167
0.579167
0.583333
0.579167
0.579167
0.575000
0.579167
0.575000
0.579167
0.575000
0.575000
0.579167
0.575000
0.575000
0.570833
0.575000
0.575000
0.575000
0.575000
0.575000
0.579167
0.575000
0.575000
0.575000
0.575000
0.570833
0.570833
0.575000
0.575000
0.570833
0.575000
0.570833
0.570833
0.575000
0.575000
0.583333
0.575000
0.575000
0.583333
0.583333
0.583333
0.579167
0.579167
0.575000
0.579167
0.583333
0.575000
0.575000
0.579167
0.579167
0.579167
0.579167
0.579167
0.583333
0.583333
0.579167
0.579167
0.583333
0.579167
0.579167
0.579167
0.575000
0.583333
0.579167
0.579167
0.583333
0.579167
0.579167
0.579167
0.583333
0.583333
0.575000
0.579167
0.583333
0.579167
0.579167
0.583333
0.579167
0.583333
0.579167
0.579167
0.579167
0.583333
0.579167
0.579167
0.583333
0.579167
0.579167
0.579167
0.579167
0.579167
0.579167
0.579167
0.579167
0.579167
0.579167
0.575000
0.579167
0.579167
0.579167
0.579167
0.575000
0.579167
0.579167
0.583333
0.579167
0.579167
0.579167
0.541667
0.620833
0.512500
0.650000
0.583333
0.587500
0.587500
0.587500
0.587500
0.587500
0.587500
0.587500
0.583333
0.587500
0.587500
0.570833
0.595833
0.520833
0.645833
0.504167
0.658333
0.583333
0.583333
0.587500
0.583333
0.583333
0.583333
0.591667
0.583333
0.587500
0.579167
0.595833
0.562500
0.608333
0.516667
0.650000
0.504167
0.658333
0.587500
0.587500
0.591667
0.587500
0.587500
0.587500
0.233333
0.254167
0.691667
0.579167
0.583333
0.579167
0.579167
0.587500
0.591667
0.587500
0.583333
0.587500
0.587500
0.591667
0.583333
0.583333
0.591667
0.587500
0.579167
0.583333
0.583333
0.587500
0.583333
0.579167
0.587500
0.583333
0.583333
0.583333
0.587500
0.587500
0.583333
0.583333
0.591667
0.587500
0.583333
0.583333
0.587500
0.587500
0.583333
0.579167
0.587500
0.583333
0.583333
0.579167
0.579167
0.583333
0.583333
0.575000
0.575000
0.583333
0.587500
0.579167
0.579167
0.583333
0.591667
0.579167
0.587500
0.591667
0.587500
0.587500
0.583333
0.595833
0.591667
0.583333
0.587500
0.591667
0.587500
0.583333
0.433333
0.483333
0.625000
0.208333
0.579167
0.583333
0.587500
0.591667
0.587500
0.583333
0.583333
0.591667
0.587500
0.583333
0.583333
0.591667
0.587500
0.583333
0.583333
0.587500
0.587500
0.587500
0.583333
0.583333
0.587500
0.583333
0.579167
0.579167
0.587500
0.583333
0.579167
0.583333
0.591667
0.583333
0.579167
0.583333
0.587500
0.583333
0.579167
0.579167
0.583333
0.583333
0.579167
0.579167
0.583333
0.583333
0.579167
0.583333
0.591667
0.583333
0.587500
0.583333
0.587500
0.591667
0.583333
0.583333
0.587500
0.587500
0.579167
0.583333
0.583333
0.583333
0.579167
0.579167
0.583333
0.587500
0.583333
0.587500
0.587500
0.595833
0.587500
0.583333
0.587500
0.587500
0.583333
0.587500
0.591667
0.583333
0.579167
0.583333
0.591667
0.579167
0.583333
0.583333
0.591667
0.587500
0.587500
0.587500
0.595833
0.595833
0.591667
0.587500
0.587500
0.587500
0.587500
0.583333
0.583333
0.587500
0.579167
0.583333
0.579167
0.587500
0.583333
0.583333
0.587500
0.587500
0.587500
0.587500
0.591667
0.591667
0.583333
0.587500
0.587500
0.587500
0.579167
0.583333
0.583333
0.591667
0.583333
0.587500
0.583333
0.591667
0.583333
0.583333
0.583333
0.587500
0.587500
0.579167
0.583333
0.591667
0.583333
0.587500
0.591667
0.583333
0.583333
0.575000
0.595833
0.558333
0.608333
0.533333
0.820833
0.591667
0.366667
0.612500
0.512500
0.604167
0.620833
0.516667
0.425000
0.350000
0.491667
0.400000
0.337500
0.404167
0.441667
0.237500
0.537500
0.591667
0.641667
0.541667
0.587500
0.387500
0.200000
0.233333
0.483333
0.458333
0.266667
0.279167
0.612500
0.579167
0.583333
0.579167
0.575000
0.579167
0.575000
0.583333
0.575000
0.583333
0.566667
0.583333
0.575000
0.279167
0.304167
0.637500
0.508333
0.750000
0.466667
0.670833
0.279167
0.391667
0.675000
0.266667
0.362500
0.791667
0.587500
0.587500
0.595833
0.587500
0.591667
0.591667
0.583333
0.583333
0.583333
0.566667
0.595833
0.579167
0.583333
0.579167
0.579167
0.575000
0.583333
0.575000
0.579167
0.579167
0.583333
0.575000
0.575000
0.587500
0.583333
0.579167
0.583333
0.587500
0.583333
0.579167
0.579167
0.587500
0.583333
0.579167
0.579167
0.579167
0.583333
0.579167
0.579167
0.579167
0.583333
0.579167
0.579167
0.579167
0.587500
0.583333
0.579167
0.579167
0.583333
0.583333
0.579167
0.575000
0.583333
0.583333
0.579167
0.575000
0.587500
0.579167
0.579167
0.779167
0.287500
0.683333
0.579167
0.583333
0.587500
0.583333
0.579167
0.587500
0.591667
0.583333
0.587500
0.587500
0.591667
0.587500
0.583333
0.579167
0.583333
0.587500
0.579167
0.579167
0.579167
0.587500
0.579167
0.579167
0.583333
0.587500
0.583333
0.579167
0.579167
0.579167
0.579167
0.575000
0.575000
0.579167
0.579167
0.575000
0.570833
0.579167
0.583333
0.575000
0.575000
0.575000
0.583333
0.575000
0.575000
0.575000
0.587500
0.575000
0.341667
0.229167
0.204167
0.379167
0.387500
0.233333
0.270833
0.945833
0.258333
0.345833
0.429167
0.579167
0.570833
1.145833
0.579167
0.570833
0.570833
0.570833
0.579167
0.283333
0.287500
0.570833
0.579167
0.579167
0.579167
0.579167
0.583333
0.583333
0.579167
0.579167
0.579167
0.583333
0.579167
0.575000
0.583333
0.583333
0.575000
0.575000
0.579167
0.579167
0.575000
0.575000
0.579167
0.579167
0.579167
0.575000
0.570833
0.575000
0.579167
0.583333
0.575000
0.579167
0.583333
0.587500
0.583333
0.579167
0.587500
0.591667
0.587500
0.583333
0.587500
0.591667
0.591667
0.583333
0.583333
0.587500
0.583333
0.587500
0.579167
0.583333
0.583333
0.579167
0.579167
0.583333
0.345833
0.241667
0.583333
0.387500
0.195833
0.583333
0.670833
0.508333
0.587500
0.587500
