0.825000
0.800000
0.862500
1.766667
0.795833
0.875000
0.800000
0.895833
0.812500
0.862500
0.754167
0.858333
0.795833
0.912500
0.766667
0.787500
0.766667
0.795833
1.754167
1.783333
0.395833
0.350000
0.487500
0.400000
0.458333
0.320833
0.800000
0.675000
0.962500
0.858333
0.762500
0.729167
0.904167
0.862500
0.775000
0.770833
0.854167
0.725000
0.941667
1.670833
1.787500
3.420833
0.741667
0.812500
0.837500
0.866667
0.808333
0.933333
0.837500
0.758333
0.837500
0.841667
0.704167
0.920833
0.820833
0.704167
1.804167
0.850000
0.804167
0.808333
0.900000
0.791667
0.879167
0.741667
0.741667
0.783333
0.779167
0.750000
1.733333
0.779167
0.737500
0.804167
0.725000
0.704167
2.675000
0.837500
0.737500
1.750000
0.854167
0.808333
0.929167
0.804167
0.791667
0.891667
0.804167
2.583333
0.758333
0.750000
0.816667
0.804167
0.937500
0.791667
0.812500
0.845833
0.775000
0.854167
0.712500
1.245833
1.433333
0.816667
0.750000
0.737500
1.775000
0.779167
0.916667
0.766667
0.850000
0.941667
0.729167
0.850000
0.808333
0.887500
0.770833
0.895833
1.766667
0.750000
0.733333
1.812500
0.862500
1.562500
1.808333
0.733333
0.725000
0.945833
0.795833
1.795833
1.737500
0.833333
1.741667
0.787500
0.925000
1.725000
0.783333
0.933333
0.866667
0.858333
0.858333
0.858333
0.862500
0.854167
0.862500
0.854167
0.862500
0.858333
0.858333
0.854167
0.862500
0.854167
2.654167
2.562500
1.445833
0.850000
1.720833
0.858333
0.850000
0.866667
3.291667
0.862500
0.854167
0.862500
1.758333
1.545833
0.891667
0.858333
0.858333
0.858333
0.858333
2.029167
3.879167
0.866667
2.625000
1.595833
2.479167
0.641667
0.858333
1.729167
0.841667
0.858333
0.854167
0.879167
0.862500
5.016667
1.433333
0.870833
1.704167
0.870833
0.816667
0.875000
0.883333
1.716667
1.675000
0.450000
0.337500
0.733333
0.712500
0.883333
0.895833
0.720833
0.883333
0.762500
0.904167
0.820833
0.816667
0.875000
0.712500
0.783333
0.870833
1.737500
0.883333
0.758333
0.866667
0.833333
0.908333
0.795833
1.783333
0.887500
0.816667
0.837500
0.833333
2.675000
0.829167
0.841667
0.741667
0.758333
0.895833
1.750000
0.804167
0.933333
0.754167
0.725000
0.812500
0.887500
0.795833
0.862500
1.816667
2.579167
1.654167
0.779167
0.729167
0.875000
0.716667
0.737500
1.816667
0.854167
0.770833
0.808333
1.779167
0.700000
0.808333
0.841667
0.825000
0.750000
0.825000
0.900000
0.837500
0.725000
1.820833
0.845833
0.750000
0.908333
0.754167
1.829167
0.762500
0.866667
1.720833
0.804167
0.912500
0.820833
8.679167
4.270833
0.833333
0.729167
0.750000
0.812500
0.900000
0.858333
0.741667
0.879167
0.779167
0.895833
0.708333
0.775000
0.804167
2.675000
1.566667
0.775000
0.775000
0.916667
0.779167
1.783333
0.795833
0.954167
0.725000
0.875000
0.737500
0.720833
0.837500
0.770833
3.545833
0.791667
1.766667
0.845833
0.787500
0.750000
0.745833
0.858333
0.833333
0.829167
1.562500
0.212500
0.816667
1.766667
0.708333
0.741667
1.162500
1.408333
2.650000
1.741667
2.575000
0.808333
0.775000
0.766667
0.804167
1.820833
0.808333
0.779167
0.812500
2.562500
0.937500
1.754167
1.720833
1.654167
0.816667
0.908333
0.766667
0.762500
0.787500
0.866667
0.929167
0.754167
5.254167
4.275000
0.770833
0.804167
0.812500
0.829167
0.775000
0.862500
0.866667
1.804167
4.308333
0.733333
0.887500
0.775000
0.725000
0.737500
1.733333
0.795833
2.654167
2.533333
0.887500
0.779167
0.741667
0.850000
0.720833
1.804167
1.733333
5.150000
1.716667
1.691667
0.804167
2.666667
3.441667
0.812500
0.912500
0.858333
1.716667
0.858333
0.858333
0.858333
0.845833
2.512500
0.870833
0.825000
2.470833
3.366667
0.358333
1.312500
2.641667
0.570833
2.512500
2.520833
0.887500
0.845833
0.233333
0.562500
0.850000
0.725000
0.891667
0.841667
0.741667
0.783333
0.941667
0.766667
0.775000
0.829167
1.741667
1.629167
0.725000
0.920833
1.691667
0.745833
0.720833
0.920833
0.887500
0.858333
0.750000
1.804167
0.779167
0.837500
0.887500
0.883333
1.754167
0.733333
0.795833
1.812500
2.520833
0.862500
0.700000
0.683333
1.754167
0.800000
0.833333
0.795833
0.850000
0.866667
1.745833
0.825000
0.870833
0.875000
1.800000
0.733333
0.920833
1.700000
1.783333
4.291667
1.687500
0.845833
0.837500
0.866667
0.862500
0.770833
0.854167
0.679167
1.708333
0.737500
0.783333
0.945833
1.687500
0.854167
0.829167
1.804167
1.708333
1.733333
0.750000
0.779167
0.845833
0.954167
0.829167
0.741667
1.787500
0.791667
0.704167
0.900000
0.770833
0.750000
0.766667
0.725000
0.879167
3.491667
1.675000
0.912500
3.454167
0.766667
0.879167
0.737500
6.050000
0.720833
0.875000
0.783333
0.925000
0.800000
0.816667
0.866667
0.887500
0.733333
5.200000
1.783333
0.816667
2.616667
0.850000
0.691667
1.820833
2.587500
1.695833
0.725000
0.820833
0.791667
0.820833
0.862500
0.787500
0.745833
0.808333
0.837500
0.845833
1.795833
0.791667
0.729167
0.791667
5.233333
0.816667
0.779167
0.845833
0.783333
0.941667
1.733333
3.379167
0.775000
0.920833
0.825000
0.908333
0.754167
0.729167
0.787500
0.750000
0.895833
0.845833
0.866667
0.870833
