0.687500
0.683333
0.679167
0.691667
0.683333
0.670833
0.675000
0.687500
0.679167
0.675000
0.679167
0.679167
0.687500
0.675000
0.679167
0.691667
0.683333
0.679167
0.691667
0.700000
0.691667
0.683333
0.700000
0.695833
0.687500
0.700000
0.695833
0.687500
0.695833
0.704167
0.687500
0.704167
0.695833
0.562500
0.825000
0.708333
0.695833
0.700000
0.691667
0.679167
0.683333
0.687500
0.675000
0.683333
0.679167
0.679167
0.691667
0.675000
0.687500
0.695833
0.683333
0.695833
0.687500
0.691667
0.691667
0.687500
0.679167
0.687500
0.679167
0.683333
0.695833
0.533333
0.841667
0.712500
0.691667
0.700000
0.691667
0.675000
0.691667
0.691667
0.683333
0.683333
0.695833
0.687500
0.691667
0.695833
0.683333
0.683333
0.691667
0.687500
0.625000
0.737500
0.683333
0.679167
0.679167
0.662500
0.683333
0.675000
0.662500
0.679167
0.675000
0.662500
0.675000
0.679167
0.662500
0.679167
0.679167
0.666667
0.675000
0.691667
0.691667
0.679167
0.700000
0.695833
0.687500
0.708333
0.700000
0.687500
0.704167
0.700000
0.687500
0.704167
0.712500
0.687500
0.695833
0.695833
0.595833
0.783333
0.708333
0.704167
0.695833
0.712500
0.708333
0.695833
0.704167
0.704167
0.687500
0.695833
0.708333
0.704167
0.700000
0.729167
0.720833
0.716667
0.733333
0.733333
0.712500
0.729167
0.729167
0.566667
0.725000
0.841667
0.725000
0.733333
0.712500
0.695833
0.716667
0.720833
0.704167
0.712500
0.720833
0.708333
0.729167
0.725000
0.733333
0.745833
0.737500
0.733333
0.725000
0.583333
0.854167
0.591667
0.854167
0.729167
0.725000
0.704167
0.691667
0.700000
0.704167
0.712500
0.704167
0.712500
0.712500
0.704167
0.700000
0.716667
0.716667
0.720833
0.725000
0.708333
0.712500
0.729167
0.708333
0.712500
0.704167
0.725000
0.712500
0.716667
0.708333
0.550000
0.820833
0.679167
0.695833
0.691667
0.700000
0.537500
0.837500
0.695833
0.679167
0.691667
0.625000
0.779167
0.704167
0.700000
0.700000
0.691667
0.679167
0.612500
0.733333
0.679167
0.695833
0.683333
0.708333
0.691667
0.683333
0.675000
0.670833
0.691667
0.695833
0.695833
0.708333
0.700000
0.695833
0.704167
0.691667
0.683333
0.675000
0.687500
0.691667
0.700000
0.695833
0.708333
0.695833
0.687500
0.679167
0.687500
0.708333
0.708333
0.704167
0.712500
0.695833
0.704167
0.708333
0.700000
0.683333
0.683333
0.695833
0.704167
0.695833
0.587500
0.820833
0.704167
0.695833
0.683333
0.691667
0.700000
0.695833
0.708333
0.695833
0.691667
0.691667
0.712500
0.708333
0.683333
0.679167
0.679167
0.687500
0.700000
0.691667
0.708333
0.700000
0.708333
0.704167
0.691667
0.683333
0.687500
0.695833
0.708333
0.700000
0.700000
0.708333
0.695833
0.695833
0.716667
0.708333
0.695833
0.679167
0.687500
0.700000
0.704167
0.704167
0.691667
0.670833
0.679167
1.375000
0.700000
0.695833
0.687500
0.670833
0.683333
0.683333
0.683333
0.691667
0.683333
0.670833
0.666667
0.666667
0.683333
0.687500
0.683333
0.691667
0.679167
0.670833
0.666667
0.679167
0.683333
0.679167
0.691667
0.679167
0.662500
0.679167
0.691667
0.687500
0.687500
0.700000
0.695833
0.691667
0.700000
0.687500
0.679167
0.695833
0.687500
0.679167
0.683333
0.695833
0.691667
0.700000
0.712500
0.695833
0.704167
0.720833
0.708333
0.704167
0.712500
0.545833
0.870833
0.712500
0.554167
0.933333
0.612500
0.866667
0.725000
0.704167
0.712500
0.695833
0.716667
0.687500
0.466667
0.920833
0.704167
0.687500
0.712500
0.512500
0.904167
0.720833
0.716667
0.675000
0.754167
0.700000
0.762500
0.758333
0.737500
0.758333
0.766667
0.754167
0.745833
0.770833
0.745833
0.754167
0.745833
0.737500
0.733333
0.733333
0.720833
0.729167
0.729167
0.716667
0.733333
0.729167
0.720833
0.741667
0.712500
0.729167
0.700000
0.729167
0.670833
0.725000
0.695833
0.712500
0.695833
0.716667
0.695833
0.725000
0.704167
0.587500
0.845833
0.708333
0.675000
0.712500
0.679167
0.712500
0.675000
0.654167
0.645833
0.641667
0.637500
0.633333
0.633333
0.633333
0.633333
0.633333
0.633333
0.633333
0.625000
0.633333
0.625000
0.633333
0.625000
0.637500
0.629167
0.641667
0.629167
0.633333
0.641667
0.633333
0.641667
0.637500
0.633333
0.637500
0.633333
0.650000
0.650000
0.650000
0.641667
0.637500
0.637500
0.650000
0.650000
0.654167
0.658333
0.650000
0.645833
0.645833
0.658333
0.662500
0.662500
0.654167
0.650000
0.645833
0.654167
0.670833
0.670833
0.666667
0.658333
0.654167
0.654167
0.662500
0.654167
0.675000
0.666667
0.662500
0.675000
0.679167
0.670833
0.220833
0.445833
0.683333
0.670833
0.670833
0.675000
0.679167
0.679167
0.679167
0.683333
0.670833
0.675000
0.679167
0.675000
0.683333
0.691667
0.679167
0.558333
0.816667
0.687500
0.675000
0.675000
0.675000
0.662500
0.654167
0.691667
0.670833
0.691667
0.670833
0.687500
0.508333
0.854167
0.687500
0.695833
0.675000
0.691667
0.666667
0.675000
0.687500
0.687500
0.683333
0.687500
0.691667
0.700000
0.683333
0.695833
0.679167
0.679167
0.683333
0.600000
0.758333
0.679167
0.683333
0.679167
0.675000
0.670833
0.679167
0.675000
0.550000
0.816667
0.700000
0.687500
0.695833
0.687500
0.679167
0.695833
0.687500
0.687500
0.695833
0.683333
0.691667
0.700000
0.687500
0.695833
0.695833
0.641667
0.795833
0.708333
0.733333
0.716667
0.720833
0.725000
0.704167
0.716667
0.725000
0.708333
0.712500
0.716667
0.708333
0.708333
0.708333
0.691667
0.695833
0.716667
0.695833
0.695833
0.683333
0.687500
0.695833
0.716667
0.700000
0.695833
0.712500
0.704167
0.712500
0.716667
0.737500
0.704167
0.708333
0.716667
0.729167
0.716667
0.716667
0.716667
0.691667
0.579167
0.833333
0.720833
0.725000
0.708333
0.712500
0.591667
0.675000
0.450000
0.491667
0.629167
0.679167
0.704167
0.687500
0.720833
0.695833
0.704167
0.554167
1.570833
0.716667
0.725000
0.695833
0.687500
0.700000
0.687500
0.691667
0.704167
0.704167
0.683333
0.691667
0.708333
0.687500
1.420833
0.604167
0.791667
0.683333
1.408333
0.708333
0.700000
0.704167
0.687500
0.683333
0.695833
0.683333
0.687500
0.700000
0.708333
0.712500
0.700000
0.687500
0.687500
0.687500
0.687500
0.700000
0.679167
0.583333
0.804167
0.683333
0.695833
0.704167
0.687500
0.700000
0.708333
0.704167
0.691667
0.695833
0.700000
0.712500
0.695833
0.695833
0.712500
0.704167
0.691667
0.704167
0.712500
0.241667
0.458333
0.700000
0.725000
0.625000
0.779167
0.695833
0.720833
0.729167
0.691667
0.716667
0.704167
0.691667
0.704167
0.695833
0.691667
0.704167
0.691667
0.700000
0.700000
0.691667
0.687500
0.712500
0.695833
0.695833
0.704167
0.691667
0.683333
0.691667
0.712500
0.445833
0.920833
0.708333
0.695833
0.700000
0.683333
0.679167
0.691667
0.675000
0.679167
0.691667
0.687500
0.670833
0.683333
0.687500
0.687500
0.666667
0.679167
0.683333
0.675000
0.675000
0.683333
0.670833
0.675000
0.683333
0.670833
0.666667
0.670833
0.658333
0.670833
0.675000
1.012500
0.333333
0.675000
0.541667
0.808333
0.687500
0.670833
0.658333
0.666667
0.658333
0.658333
0.670833
0.662500
0.675000
0.658333
0.670833
0.675000
0.675000
0.691667
0.679167
0.679167
0.666667
0.675000
0.687500
0.675000
0.670833
0.683333
0.670833
0.675000
0.675000
0.695833
0.679167
0.670833
0.683333
0.675000
0.675000
0.687500
0.683333
0.675000
0.550000
0.816667
0.687500
0.670833
0.670833
0.670833
0.683333
0.666667
0.666667
0.666667
0.666667
0.683333
0.666667
0.666667
0.679167
0.670833
0.662500
0.662500
0.662500
0.579167
0.741667
0.654167
0.658333
0.662500
0.654167
0.654167
0.662500
0.662500
0.645833
0.658333
0.654167
0.654167
0.662500
0.654167
0.662500
0.583333
0.512500
0.908333
0.675000
0.679167
0.612500
0.720833
0.654167
0.662500
0.654167
0.658333
0.675000
0.658333
0.666667
0.679167
0.675000
0.670833
0.670833
0.679167
0.662500
0.675000
0.679167
0.683333
0.687500
0.679167
0.695833
0.687500
0.679167
0.687500
0.687500
0.687500
0.700000
0.687500
0.683333
0.695833
0.695833
0.695833
0.708333
0.704167
0.700000
0.708333
0.716667
0.720833
0.716667
0.716667
0.712500
0.741667
0.716667
0.733333
0.725000
0.741667
0.766667
0.762500
0.770833
0.775000
0.754167
0.750000
0.745833
0.737500
0.737500
0.729167
0.725000
0.725000
0.737500
0.733333
0.504167
0.212500
0.483333
0.275000
0.758333
0.750000
0.758333
0.775000
0.754167
0.770833
0.779167
0.787500
0.791667
0.783333
0.791667
0.779167
0.787500
0.695833
0.887500
0.804167
0.766667
0.791667
0.758333
0.720833
0.758333
0.700000
0.733333
0.679167
0.762500
0.729167
0.741667
0.700000
0.741667
0.687500
0.729167
0.695833
