0.383333
0.241667
0.450000
0.116667
0.495833
0.154167
0.520833
0.762500
0.679167
0.479167
0.645833
0.391667
0.883333
0.620833
0.650000
0.470833
0.754167
0.804167
0.687500
0.637500
0.583333
0.637500
0.612500
0.587500
0.483333
0.587500
0.800000
0.516667
0.795833
0.391667
0.245833
0.562500
0.662500
0.416667
0.804167
0.679167
0.483333
0.158333
0.583333
0.429167
0.570833
0.900000
0.416667
0.629167
1.416667
0.454167
0.591667
0.762500
0.716667
1.241667
0.637500
0.387500
1.308333
0.591667
0.900000
0.645833
0.525000
0.491667
0.833333
0.637500
0.716667
0.929167
0.675000
0.854167
0.595833
0.633333
0.645833
0.537500
0.670833
0.533333
0.554167
0.858333
0.466667
0.633333
0.666667
0.858333
0.408333
0.637500
0.662500
0.779167
0.395833
0.525000
1.037500
0.441667
0.612500
0.650000
0.770833
0.616667
0.454167
0.554167
0.925000
0.658333
0.266667
0.925000
0.604167
0.379167
0.683333
0.620833
0.550000
0.616667
0.633333
0.595833
1.500000
0.829167
0.487500
0.558333
0.654167
0.700000
0.754167
0.520833
0.595833
0.766667
0.654167
0.612500
0.595833
0.395833
0.675000
0.566667
0.620833
0.808333
0.370833
0.825000
0.495833
0.645833
0.583333
0.637500
0.620833
0.533333
0.662500
0.575000
0.841667
0.529167
0.550000
0.629167
0.637500
0.712500
0.787500
0.583333
1.070833
0.645833
0.583333
0.645833
0.725000
0.612500
0.570833
0.633333
0.720833
0.625000
0.637500
1.091667
0.987500
0.408333
0.858333
0.675000
0.487500
0.587500
0.858333
0.670833
0.291667
0.687500
0.970833
0.679167
0.491667
0.658333
0.475000
0.766667
0.787500
0.562500
0.641667
0.920833
0.495833
0.575000
0.900000
0.333333
0.779167
0.791667
0.450000
0.708333
0.512500
0.937500
0.450000
0.704167
0.562500
0.741667
0.758333
0.633333
0.433333
0.883333
0.675000
0.462500
0.637500
0.641667
0.737500
0.637500
0.695833
0.462500
0.633333
0.750000
0.487500
0.775000
1.000000
0.920833
0.675000
0.350000
0.741667
0.800000
0.504167
0.800000
0.304167
0.937500
0.608333
0.408333
0.720833
0.754167
0.608333
0.470833
0.679167
0.841667
0.483333
0.416667
0.841667
0.529167
0.870833
0.383333
0.962500
0.454167
0.825000
0.466667
0.633333
0.579167
0.729167
0.604167
0.666667
0.691667
0.783333
0.445833
0.675000
0.691667
0.783333
0.458333
0.641667
0.645833
0.575000
0.950000
0.383333
0.633333
0.637500
0.625000
0.629167
0.600000
0.712500
0.625000
0.558333
0.862500
0.458333
0.533333
0.695833
0.712500
0.733333
0.700000
0.400000
0.750000
0.629167
0.429167
0.891667
0.579167
0.508333
0.675000
0.625000
0.437500
0.775000
0.583333
1.183333
0.525000
0.641667
0.766667
0.608333
0.537500
0.600000
0.620833
0.695833
0.704167
0.370833
0.712500
0.741667
0.633333
0.637500
0.750000
0.600000
0.470833
0.537500
0.908333
0.670833
0.970833
0.870833
0.612500
0.550000
0.800000
0.525000
0.687500
0.583333
0.470833
1.395833
0.829167
0.458333
0.541667
0.854167
0.512500
0.979167
0.604167
0.625000
0.437500
0.687500
0.716667
0.525000
0.700000
0.670833
0.441667
0.745833
0.879167
0.466667
0.662500
0.445833
0.866667
0.687500
0.804167
0.495833
0.820833
0.445833
0.558333
0.687500
0.645833
0.758333
0.625000
0.341667
0.808333
0.708333
0.550000
0.745833
0.466667
0.470833
0.837500
0.691667
0.604167
0.554167
0.716667
0.566667
