0.633333
0.437500
0.758333
0.633333
0.629167
0.629167
0.625000
0.437500
0.750000
0.633333
0.625000
0.625000
0.625000
0.441667
0.754167
0.633333
0.633333
0.633333
0.629167
0.433333
0.762500
0.641667
0.629167
0.625000
0.629167
0.437500
0.758333
0.629167
0.629167
0.625000
0.620833
0.437500
0.750000
0.625000
0.629167
0.625000
0.625000
0.437500
0.758333
0.637500
0.629167
0.625000
0.629167
0.445833
0.750000
0.629167
0.625000
0.625000
0.620833
0.625000
0.433333
0.750000
0.629167
0.625000
0.625000
0.625000
0.625000
0.629167
0.625000
0.625000
0.629167
0.625000
0.625000
0.620833
0.625000
0.625000
0.462500
0.733333
0.629167
0.620833
0.620833
0.616667
0.437500
0.354167
0.675000
0.675000
0.645833
0.450000
0.745833
0.633333
0.629167
0.625000
0.625000
0.625000
0.625000
0.620833
0.625000
0.437500
0.750000
0.629167
0.620833
0.616667
0.620833
0.470833
0.725000
0.625000
0.625000
0.620833
0.620833
0.437500
0.754167
0.633333
0.633333
0.625000
0.629167
0.441667
0.758333
0.633333
0.625000
0.620833
0.625000
0.433333
0.750000
0.625000
0.629167
0.620833
0.620833
0.620833
0.620833
0.625000
0.620833
0.625000
0.433333
0.766667
0.637500
0.629167
0.625000
0.629167
0.433333
0.758333
0.629167
0.625000
0.625000
0.625000
0.625000
0.625000
0.620833
0.620833
0.620833
0.620833
0.620833
0.620833
0.620833
0.625000
0.429167
0.758333
0.633333
0.629167
0.625000
0.625000
0.633333
0.437500
0.754167
0.633333
0.625000
0.625000
0.629167
0.433333
0.750000
0.629167
0.629167
0.625000
0.625000
0.433333
0.750000
0.629167
0.625000
0.629167
0.629167
0.433333
0.762500
0.629167
0.625000
0.620833
0.616667
0.616667
0.483333
0.725000
0.633333
0.633333
0.637500
0.637500
0.433333
0.775000
0.645833
0.637500
0.637500
0.633333
0.437500
0.766667
0.645833
0.637500
0.633333
0.633333
0.433333
0.350000
0.712500
0.637500
0.691667
0.633333
0.629167
0.633333
0.629167
0.633333
0.629167
0.625000
0.629167
0.629167
0.445833
0.754167
0.641667
0.629167
0.637500
0.641667
0.437500
0.779167
0.650000
0.641667
0.641667
0.637500
0.433333
0.770833
0.645833
0.629167
0.633333
0.629167
0.629167
0.625000
0.625000
0.625000
0.625000
0.625000
0.629167
0.629167
0.629167
0.433333
0.762500
0.637500
0.637500
0.629167
0.629167
0.437500
0.750000
0.633333
0.625000
0.625000
0.620833
0.433333
0.750000
0.629167
0.620833
0.620833
0.616667
0.454167
0.733333
0.629167
0.629167
0.625000
0.629167
0.437500
0.762500
0.637500
0.629167
0.625000
0.625000
0.433333
0.754167
0.629167
0.625000
0.620833
0.620833
0.441667
0.691667
0.666667
0.620833
0.620833
0.625000
0.445833
0.750000
0.633333
0.625000
0.625000
0.625000
0.433333
0.687500
0.512500
0.737500
0.625000
0.620833
0.620833
0.620833
0.625000
0.620833
0.616667
0.625000
0.616667
0.625000
0.625000
0.629167
0.625000
0.629167
0.629167
0.625000
0.433333
0.754167
0.637500
0.625000
0.620833
0.625000
0.454167
0.737500
0.629167
0.616667
0.625000
0.620833
0.445833
0.745833
0.625000
0.620833
0.620833
0.625000
0.445833
0.737500
0.650000
0.633333
0.629167
0.629167
0.437500
0.758333
0.633333
0.629167
0.625000
0.629167
0.429167
0.754167
0.629167
0.625000
0.620833
0.620833
0.462500
0.729167
0.629167
0.629167
0.625000
0.629167
0.433333
0.762500
0.637500
0.633333
0.629167
0.625000
0.441667
0.754167
0.633333
0.625000
0.620833
0.629167
0.445833
0.745833
0.629167
0.625000
0.625000
0.620833
0.437500
0.750000
0.637500
0.629167
0.633333
0.629167
0.437500
0.754167
0.633333
0.629167
0.625000
0.625000
0.433333
0.754167
0.629167
0.620833
0.625000
0.620833
0.433333
0.750000
0.629167
0.625000
0.620833
0.629167
0.437500
0.758333
0.637500
0.629167
0.629167
0.633333
0.437500
0.762500
0.641667
0.637500
0.629167
0.625000
0.437500
0.754167
0.633333
0.620833
0.616667
0.620833
0.620833
0.625000
0.629167
0.633333
0.637500
0.437500
0.758333
0.641667
0.629167
0.625000
0.629167
0.429167
0.741667
0.641667
0.625000
0.625000
0.620833
0.433333
0.750000
0.629167
0.620833
0.625000
0.620833
0.441667
0.750000
0.637500
0.629167
0.629167
0.625000
0.437500
0.762500
0.633333
0.629167
0.625000
0.629167
0.445833
0.741667
0.633333
0.625000
0.625000
0.629167
0.433333
0.754167
0.633333
0.629167
0.625000
0.633333
0.437500
0.766667
0.637500
0.629167
0.625000
0.625000
0.462500
0.729167
0.491667
0.729167
0.637500
0.637500
0.500000
0.745833
0.550000
0.720833
0.650000
0.650000
0.641667
0.645833
0.641667
0.637500
0.641667
0.637500
0.633333
0.637500
0.641667
0.445833
0.766667
0.654167
0.641667
0.637500
0.641667
0.437500
0.770833
0.650000
0.633333
0.637500
0.633333
0.441667
0.766667
0.645833
0.633333
0.633333
0.633333
0.433333
0.770833
0.645833
0.641667
0.641667
0.641667
0.437500
0.779167
0.645833
0.641667
0.633333
0.629167
0.437500
0.770833
0.641667
0.629167
0.633333
0.629167
0.437500
0.766667
0.637500
0.629167
0.633333
0.637500
0.437500
0.783333
0.650000
0.637500
0.637500
0.637500
0.637500
0.637500
0.633333
0.633333
0.633333
0.633333
0.633333
0.633333
0.633333
0.450000
0.758333
0.641667
0.629167
0.633333
0.637500
0.437500
0.775000
0.641667
0.641667
0.637500
0.637500
0.441667
0.762500
0.641667
0.633333
0.633333
0.629167
0.441667
0.758333
0.641667
0.629167
0.625000
0.633333
0.437500
0.758333
0.641667
0.637500
0.633333
0.633333
0.437500
0.770833
0.641667
0.637500
0.637500
0.633333
0.437500
0.766667
0.637500
0.633333
0.629167
0.633333
0.437500
0.762500
0.641667
0.633333
0.633333
0.629167
0.441667
0.766667
0.637500
0.629167
0.629167
0.633333
0.433333
0.762500
0.633333
0.629167
0.620833
0.625000
0.441667
0.750000
0.629167
0.625000
0.625000
0.625000
0.437500
0.750000
0.629167
0.620833
0.625000
0.625000
0.620833
0.629167
0.629167
0.629167
0.629167
0.629167
0.441667
0.762500
0.633333
0.633333
0.633333
0.629167
0.437500
0.754167
0.637500
0.625000
0.625000
0.625000
0.433333
0.754167
0.633333
0.625000
0.625000
0.633333
0.433333
0.758333
0.637500
0.629167
0.625000
0.625000
0.437500
0.754167
0.629167
0.620833
0.620833
0.620833
0.441667
0.741667
0.629167
0.620833
0.625000
0.620833
0.433333
0.754167
0.641667
0.629167
0.629167
0.629167
0.437500
0.758333
0.633333
0.633333
0.629167
0.625000
0.433333
0.754167
0.629167
0.625000
0.625000
0.620833
0.437500
0.750000
0.625000
0.625000
0.620833
0.620833
0.437500
0.758333
0.637500
0.625000
0.629167
0.629167
0.433333
0.750000
0.641667
0.629167
0.629167
0.629167
0.625000
0.625000
0.629167
0.625000
0.629167
0.625000
0.625000
0.625000
0.433333
0.750000
0.633333
0.629167
0.629167
0.629167
0.433333
0.762500
0.633333
0.633333
0.629167
0.625000
0.437500
0.750000
0.637500
0.620833
0.625000
0.629167
0.433333
0.754167
0.629167
0.625000
0.620833
0.625000
0.433333
0.758333
0.633333
0.629167
0.629167
0.625000
0.433333
0.754167
0.629167
0.620833
0.620833
0.612500
0.475000
0.716667
0.620833
0.625000
0.625000
0.629167
0.458333
0.758333
0.641667
0.637500
0.637500
0.637500
0.437500
0.770833
0.641667
0.633333
0.629167
0.629167
0.437500
0.754167
0.633333
0.620833
0.625000
0.616667
0.450000
0.737500
0.629167
0.616667
0.616667
0.616667
0.445833
0.741667
0.633333
0.625000
0.629167
0.625000
0.433333
0.758333
0.637500
0.629167
0.625000
0.625000
0.433333
0.758333
0.633333
0.625000
0.629167
0.625000
0.433333
0.754167
0.629167
0.625000
0.629167
0.633333
0.433333
0.762500
0.633333
0.633333
0.629167
0.625000
0.433333
0.758333
0.637500
0.629167
0.625000
0.625000
0.450000
0.745833
0.633333
0.625000
0.620833
0.625000
0.437500
0.762500
0.645833
0.633333
0.637500
0.633333
0.441667
0.766667
0.641667
0.629167
0.629167
0.633333
0.433333
0.762500
0.637500
0.633333
0.625000
0.625000
0.437500
0.754167
0.637500
0.625000
0.625000
0.629167
0.437500
0.770833
0.637500
0.633333
0.633333
0.625000
0.433333
0.762500
0.637500
0.629167
0.629167
0.625000
0.437500
0.758333
0.633333
0.633333
0.629167
0.633333
0.637500
0.633333
0.629167
0.637500
0.633333
0.625000
0.441667
0.762500
0.495833
0.725000
0.491667
0.725000
0.629167
0.625000
0.620833
0.629167
0.625000
0.620833
0.620833
0.466667
0.733333
0.629167
0.629167
0.629167
0.633333
0.433333
0.766667
0.637500
0.625000
0.625000
0.629167
0.462500
0.737500
0.629167
0.625000
0.625000
0.620833
0.433333
0.754167
0.633333
0.625000
0.629167
0.629167
0.450000
0.754167
0.637500
0.633333
0.629167
0.625000
0.437500
0.758333
0.633333
0.625000
0.620833
0.616667
0.437500
0.712500
0.662500
0.625000
0.625000
0.620833
0.620833
0.620833
0.625000
0.625000
0.629167
0.441667
0.762500
0.641667
0.633333
0.637500
0.633333
0.437500
0.766667
0.637500
0.633333
0.629167
0.633333
0.437500
0.758333
0.637500
0.629167
0.629167
0.633333
0.441667
0.745833
0.662500
0.629167
0.633333
0.629167
0.441667
0.754167
0.637500
0.629167
0.629167
0.625000
0.433333
0.745833
0.633333
0.625000
0.633333
0.629167
0.433333
0.758333
0.633333
0.637500
0.625000
0.629167
0.433333
0.754167
0.633333
0.625000
0.625000
0.625000
0.433333
0.758333
0.637500
0.633333
0.629167
0.629167
0.441667
0.758333
0.637500
0.320833
0.712500
0.516667
0.750000
0.637500
0.629167
0.629167
0.625000
0.437500
0.754167
0.633333
0.629167
0.625000
0.629167
0.437500
0.758333
0.637500
0.629167
0.620833
0.620833
0.445833
0.679167
0.666667
0.620833
0.625000
0.629167
0.629167
0.445833
0.770833
0.650000
0.641667
0.641667
0.641667
0.433333
0.775000
0.645833
0.633333
0.633333
0.633333
0.437500
0.758333
