0.616667
0.616667
0.616667
0.625000
0.620833
0.616667
0.620833
0.620833
0.629167
0.625000
0.620833
0.625000
0.629167
0.625000
0.620833
0.620833
0.625000
0.620833
0.620833
0.629167
0.629167
0.625000
0.629167
0.625000
0.633333
0.633333
0.625000
0.633333
0.629167
0.629167
0.625000
0.629167
0.629167
0.625000
0.620833
0.625000
0.629167
0.625000
0.625000
0.620833
0.625000
0.633333
0.629167
0.625000
0.629167
0.629167
0.633333
0.625000
0.629167
0.633333
0.633333
0.629167
0.625000
0.633333
0.620833
0.625000
0.620833
0.620833
0.620833
0.795833
0.437500
0.616667
0.625000
0.616667
0.620833
0.616667
0.620833
0.620833
0.616667
0.620833
0.620833
0.625000
0.629167
0.620833
0.625000
0.625000
0.629167
0.629167
0.625000
0.625000
0.625000
0.625000
0.633333
0.625000
0.625000
0.625000
0.629167
0.487500
0.766667
0.629167
0.629167
0.633333
0.625000
0.620833
0.625000
0.616667
0.612500
0.608333
0.608333
0.616667
0.612500
0.608333
0.650000
0.662500
0.662500
0.666667
0.625000
0.620833
0.612500
0.620833
0.629167
0.620833
0.629167
0.625000
0.629167
0.629167
0.625000
0.625000
0.845833
0.404167
0.620833
0.275000
0.337500
0.616667
0.620833
0.608333
0.608333
0.608333
0.608333
0.616667
0.608333
0.612500
0.612500
0.616667
0.625000
0.620833
0.625000
0.629167
0.629167
0.629167
0.629167
0.633333
0.629167
0.629167
0.625000
0.616667
0.616667
0.620833
0.620833
0.616667
0.612500
0.612500
0.620833
0.620833
0.620833
0.620833
0.625000
0.625000
0.616667
0.620833
0.625000
0.608333
0.329167
0.908333
0.620833
0.620833
0.612500
0.612500
0.616667
0.625000
0.629167
0.625000
0.625000
0.629167
0.308333
0.954167
0.625000
0.625000
0.625000
0.625000
0.620833
0.616667
0.620833
0.620833
0.625000
0.616667
0.616667
0.612500
0.625000
0.616667
0.620833
0.616667
0.616667
0.625000
0.625000
0.620833
0.620833
0.625000
0.629167
0.625000
0.629167
0.575000
0.670833
0.625000
0.625000
0.629167
0.629167
0.625000
0.629167
0.629167
0.629167
0.629167
0.620833
0.620833
0.616667
0.625000
0.616667
0.612500
0.616667
0.616667
0.612500
0.612500
0.612500
0.616667
0.616667
0.616667
0.612500
0.616667
0.620833
0.620833
0.616667
0.625000
0.620833
0.620833
0.620833
0.625000
0.625000
0.620833
0.620833
0.616667
0.625000
0.625000
0.625000
0.625000
0.629167
0.629167
0.637500
0.633333
0.633333
0.633333
0.637500
0.633333
0.633333
0.629167
0.633333
0.633333
0.629167
0.629167
0.633333
0.637500
0.637500
0.633333
0.637500
0.637500
0.641667
0.637500
0.633333
0.637500
0.633333
0.637500
0.633333
0.629167
0.625000
0.629167
0.629167
0.625000
0.620833
0.629167
0.633333
0.629167
0.629167
0.633333
0.633333
0.633333
0.633333
0.637500
0.641667
0.637500
0.637500
0.637500
0.637500
0.633333
0.633333
0.633333
0.633333
0.633333
0.633333
0.629167
0.629167
0.637500
0.629167
0.625000
0.625000
0.629167
0.625000
0.620833
0.612500
0.612500
0.612500
0.608333
0.604167
0.604167
0.608333
0.608333
0.600000
0.604167
0.600000
0.612500
0.604167
0.604167
0.604167
0.612500
0.608333
0.604167
0.608333
0.612500
0.612500
0.612500
0.612500
0.616667
0.625000
0.616667
0.616667
0.616667
0.616667
0.620833
0.616667
0.612500
0.612500
0.612500
0.616667
0.612500
0.612500
0.616667
0.620833
0.616667
0.620833
0.625000
0.625000
0.625000
0.625000
0.629167
0.629167
0.625000
0.625000
0.625000
0.629167
0.620833
0.625000
0.587500
0.654167
0.620833
0.370833
0.879167
0.625000
0.795833
0.462500
0.625000
0.620833
0.616667
0.287500
0.962500
0.620833
0.616667
0.625000
0.625000
0.616667
0.616667
0.625000
0.625000
0.616667
0.620833
0.620833
0.625000
0.620833
0.616667
0.616667
0.616667
0.620833
0.612500
0.616667
0.616667
0.620833
0.437500
5.066667
1.037500
0.183333
0.529167
0.429167
0.408333
0.941667
0.770833
0.337500
0.283333
0.600000
0.450000
0.520833
0.979167
0.654167
0.308333
0.458333
0.345833
1.033333
0.495833
0.333333
0.404167
0.329167
0.191667
0.420833
1.145833
0.879167
0.683333
3.608333
0.229167
0.920833
1.666667
1.666667
1.658333
0.991667
0.350000
0.275000
1.683333
1.666667
1.429167
1.341667
2.229167
2.229167
2.795833
1.675000
0.558333
1.683333
0.566667
0.562500
1.116667
0.554167
0.587500
1.133333
0.570833
0.566667
0.566667
0.566667
0.566667
0.570833
0.566667
0.570833
0.566667
0.566667
1.137500
0.575000
0.570833
1.154167
0.583333
1.158333
0.583333
0.583333
1.162500
0.587500
1.158333
0.587500
0.583333
1.150000
0.575000
0.579167
0.583333
0.591667
0.591667
0.708333
0.229167
0.829167
0.583333
0.579167
1.191667
0.591667
0.679167
0.512500
0.595833
0.595833
0.595833
0.600000
0.595833
0.591667
0.591667
0.595833
0.591667
0.595833
0.600000
0.591667
0.595833
0.595833
0.600000
0.591667
0.600000
0.595833
0.595833
0.600000
0.595833
0.604167
0.595833
0.595833
0.600000
0.604167
0.595833
0.600000
0.600000
0.600000
0.600000
0.595833
0.604167
0.600000
0.595833
0.595833
0.683333
0.820833
0.900000
0.645833
0.641667
0.595833
0.595833
0.595833
0.600000
0.579167
0.583333
0.587500
0.587500
0.641667
0.600000
0.604167
0.604167
0.600000
0.595833
0.600000
0.604167
0.604167
0.600000
0.600000
0.604167
0.591667
0.587500
0.595833
0.587500
0.591667
0.595833
0.725000
0.479167
0.600000
0.595833
0.237500
0.966667
0.358333
0.495833
0.304167
0.695833
0.566667
0.341667
0.862500
0.595833
0.600000
0.604167
0.600000
0.595833
0.604167
0.604167
0.604167
0.604167
0.604167
0.670833
0.516667
0.600000
0.600000
0.595833
0.604167
0.604167
0.612500
0.604167
0.600000
0.750000
0.154167
0.354167
0.387500
0.537500
0.229167
0.595833
0.608333
0.600000
0.600000
0.600000
0.604167
0.654167
0.558333
0.604167
0.604167
0.608333
0.608333
0.604167
0.604167
0.612500
0.554167
0.608333
0.291667
0.354167
0.608333
0.600000
0.595833
0.595833
0.220833
0.383333
0.591667
0.595833
0.591667
0.604167
0.600000
0.591667
0.595833
0.604167
0.600000
0.591667
0.591667
0.600000
0.604167
0.595833
0.595833
0.600000
0.608333
0.604167
0.604167
0.608333
0.612500
0.604167
0.604167
0.612500
0.600000
0.604167
0.608333
0.600000
0.600000
0.604167
0.595833
0.591667
0.591667
0.591667
0.591667
0.587500
0.587500
0.595833
0.587500
0.616667
0.641667
0.620833
0.591667
0.587500
0.587500
0.591667
0.358333
0.229167
0.579167
0.570833
0.579167
0.620833
0.545833
0.775000
0.433333
0.429167
0.733333
0.770833
0.650000
0.316667
0.141667
0.533333
0.483333
0.695833
0.420833
0.254167
0.379167
0.187500
0.291667
0.337500
1.120833
0.200000
0.500000
0.325000
0.337500
0.937500
1.320833
1.120833
3.050000
0.316667
0.475000
0.087500
0.579167
0.333333
0.404167
0.687500
0.275000
0.333333
1.425000
0.250000
0.208333
0.504167
0.241667
0.458333
0.687500
0.483333
0.466667
0.229167
0.337500
1.412500
0.820833
0.216667
0.645833
0.341667
0.225000
0.337500
1.641667
2.400000
0.675000
1.375000
34.637500
0.958333
0.391667
1.529167
0.500000
9.504167
6.995833
8.579167
10.070833
6.641667
10.445833
9.608333
0.541667
0.545833
1.116667
0.545833
0.537500
0.537500
0.537500
0.533333
0.541667
0.537500
0.537500
0.541667
0.529167
0.537500
1.079167
0.541667
0.533333
0.545833
0.545833
0.537500
0.545833
0.541667
0.541667
0.541667
0.545833
0.537500
0.608333
0.379167
0.862500
0.254167
0.608333
0.537500
0.541667
0.545833
0.537500
0.541667
0.541667
0.541667
0.541667
0.541667
0.541667
0.541667
0.550000
0.545833
0.545833
0.550000
0.550000
0.545833
0.550000
0.554167
0.554167
0.554167
0.554167
0.562500
0.558333
1.120833
0.558333
0.287500
0.837500
0.562500
0.562500
0.537500
0.233333
0.291667
0.379167
0.291667
0.495833
1.520833
0.620833
0.862500
0.295833
1.220833
0.616667
2.000000
0.525000
0.475000
0.316667
0.279167
0.483333
0.216667
0.241667
0.429167
0.466667
0.250000
1.066667
0.437500
0.320833
0.283333
0.550000
0.520833
1.029167
0.645833
0.466667
1.262500
1.116667
