0.712500
0.704167
0.712500
0.708333
0.708333
0.708333
0.708333
0.704167
0.708333
0.712500
0.712500
0.716667
0.716667
0.720833
0.712500
0.716667
0.712500
0.716667
0.712500
0.345833
0.837500
0.362500
0.850000
0.729167
0.704167
0.341667
0.808333
0.395833
0.841667
0.370833
0.841667
0.362500
0.841667
0.358333
0.825000
0.358333
0.833333
0.745833
0.708333
0.354167
0.833333
0.358333
0.837500
0.737500
0.704167
0.362500
0.833333
0.737500
0.712500
0.375000
0.850000
0.354167
0.833333
0.358333
0.841667
0.754167
0.716667
0.712500
0.708333
0.708333
0.712500
0.708333
0.704167
0.704167
0.354167
0.845833
0.354167
0.841667
0.358333
0.833333
0.758333
0.720833
0.712500
0.704167
0.708333
0.700000
0.700000
0.358333
0.812500
0.366667
0.829167
0.358333
0.829167
0.358333
0.837500
0.354167
0.833333
0.775000
0.729167
0.716667
0.716667
0.716667
0.712500
0.341667
0.825000
0.745833
0.708333
0.716667
0.720833
0.720833
0.337500
0.829167
0.379167
0.862500
0.375000
0.862500
0.366667
0.845833
0.362500
0.850000
0.358333
0.841667
0.362500
0.841667
0.354167
0.833333
0.362500
0.837500
0.358333
0.837500
0.358333
0.837500
0.358333
0.833333
0.362500
0.837500
0.358333
0.837500
0.754167
0.712500
0.708333
0.370833
0.841667
0.741667
0.712500
0.379167
0.845833
0.733333
0.716667
0.716667
0.716667
0.712500
0.350000
0.837500
0.416667
0.854167
0.733333
0.712500
0.350000
0.833333
0.379167
0.845833
0.370833
0.841667
0.362500
0.833333
0.358333
0.833333
0.358333
0.820833
0.358333
0.825000
0.745833
0.704167
0.708333
0.708333
0.712500
0.716667
0.716667
0.720833
0.712500
0.720833
0.716667
0.716667
0.337500
0.829167
0.383333
0.845833
0.383333
0.850000
0.370833
0.837500
0.354167
0.820833
0.358333
0.829167
0.358333
0.825000
0.354167
0.808333
0.766667
0.725000
0.712500
0.712500
0.708333
0.341667
0.804167
0.375000
0.312500
0.787500
0.770833
0.741667
0.708333
0.708333
0.708333
0.708333
0.708333
0.350000
0.829167
0.358333
0.833333
0.375000
0.841667
0.354167
0.829167
0.362500
0.841667
0.358333
0.825000
0.362500
0.837500
0.358333
0.825000
0.758333
0.725000
0.720833
0.716667
0.716667
0.729167
0.375000
0.841667
0.379167
0.841667
0.375000
0.845833
0.354167
0.825000
0.358333
0.837500
0.362500
0.833333
0.358333
0.833333
0.358333
0.829167
0.750000
0.704167
0.712500
0.712500
0.712500
0.716667
0.716667
0.716667
0.708333
0.716667
0.712500
0.708333
0.708333
0.358333
0.858333
0.725000
0.704167
0.708333
0.712500
0.345833
0.833333
0.741667
0.704167
0.350000
0.833333
0.745833
0.712500
0.341667
0.816667
0.391667
0.850000
0.745833
0.720833
0.720833
0.716667
0.712500
0.354167
0.850000
0.379167
0.841667
0.387500
0.825000
0.729167
0.695833
0.354167
0.825000
0.745833
0.716667
0.350000
0.841667
0.762500
0.725000
0.391667
0.854167
0.362500
0.854167
0.358333
0.850000
0.783333
0.729167
0.725000
0.354167
0.854167
0.366667
0.862500
0.354167
0.845833
0.362500
0.854167
0.358333
0.825000
0.354167
0.841667
0.358333
0.837500
0.362500
0.850000
0.354167
0.841667
0.358333
0.841667
0.354167
0.841667
0.354167
0.833333
0.745833
0.712500
0.708333
0.708333
0.708333
0.708333
0.708333
0.704167
0.708333
0.704167
0.712500
0.712500
0.420833
0.904167
0.733333
0.716667
0.720833
0.362500
0.850000
0.733333
0.708333
0.708333
0.708333
0.704167
0.366667
0.841667
0.729167
0.708333
0.712500
0.716667
0.341667
0.837500
0.750000
0.720833
0.437500
0.850000
0.729167
0.712500
0.712500
0.712500
0.341667
0.825000
0.395833
0.850000
0.370833
0.850000
0.358333
0.841667
0.354167
0.820833
0.750000
0.725000
0.712500
0.437500
0.833333
0.387500
0.837500
0.383333
0.845833
0.366667
0.829167
0.762500
0.716667
0.716667
0.716667
0.712500
0.712500
0.716667
0.716667
0.725000
0.354167
0.845833
0.366667
0.833333
0.375000
0.841667
0.358333
0.829167
0.762500
0.720833
0.716667
0.337500
0.808333
0.358333
0.829167
0.758333
0.716667
0.716667
0.720833
0.720833
0.720833
0.341667
0.816667
0.370833
0.850000
0.354167
0.820833
0.362500
0.837500
0.354167
0.833333
0.762500
0.716667
0.716667
0.716667
0.712500
0.708333
0.362500
0.841667
0.379167
0.833333
0.358333
0.825000
0.762500
0.716667
0.362500
0.841667
0.354167
0.820833
0.375000
0.837500
0.754167
0.716667
0.362500
0.837500
0.358333
0.825000
0.362500
0.829167
0.358333
0.833333
0.766667
0.725000
0.708333
0.712500
0.704167
0.708333
0.345833
0.825000
0.366667
0.833333
0.358333
0.833333
0.754167
0.720833
0.358333
0.841667
0.358333
0.829167
0.362500
0.837500
0.362500
0.820833
0.358333
0.833333
0.762500
0.725000
0.350000
0.841667
0.354167
0.829167
0.770833
0.729167
0.370833
0.850000
0.358333
0.837500
0.362500
0.845833
0.358333
0.841667
0.362500
0.841667
0.362500
0.841667
0.358333
0.841667
0.362500
0.841667
0.766667
0.720833
0.366667
0.845833
0.362500
0.850000
0.358333
0.841667
0.354167
0.841667
0.754167
0.716667
0.362500
0.845833
0.362500
0.841667
0.358333
0.850000
0.762500
0.720833
0.400000
0.854167
0.366667
0.850000
0.358333
0.829167
0.379167
0.816667
0.754167
0.695833
0.700000
0.704167
0.704167
0.712500
0.345833
0.829167
0.370833
0.854167
0.370833
0.850000
0.362500
0.858333
0.354167
0.854167
0.762500
0.725000
0.358333
0.854167
0.362500
0.316667
0.833333
0.791667
0.729167
0.716667
0.712500
0.712500
0.712500
0.708333
0.366667
0.854167
0.412500
0.862500
0.387500
0.862500
0.370833
0.850000
0.362500
0.845833
0.358333
0.850000
0.366667
0.841667
0.366667
0.841667
0.366667
0.837500
0.366667
0.841667
0.362500
0.841667
0.362500
0.850000
0.766667
0.725000
0.720833
0.716667
0.720833
0.716667
0.716667
0.716667
0.345833
0.841667
0.383333
0.854167
0.754167
0.720833
0.729167
0.729167
0.729167
0.725000
0.725000
0.729167
0.725000
0.720833
0.720833
0.720833
0.720833
0.716667
0.712500
0.720833
0.712500
0.362500
0.837500
0.750000
0.366667
0.845833
0.754167
0.733333
0.720833
0.720833
0.725000
0.716667
0.716667
0.716667
0.716667
0.712500
0.712500
0.712500
0.708333
0.712500
0.708333
0.712500
0.708333
0.712500
0.345833
0.841667
0.754167
0.729167
0.716667
0.716667
0.716667
0.716667
0.350000
0.833333
0.379167
0.841667
0.370833
0.837500
0.354167
0.829167
0.754167
0.712500
0.712500
0.712500
0.720833
0.720833
0.420833
0.879167
0.733333
0.712500
0.425000
0.883333
0.720833
0.704167
0.708333
0.345833
0.816667
0.362500
0.833333
0.354167
0.833333
0.354167
0.820833
0.762500
0.729167
0.716667
0.712500
0.708333
0.712500
0.341667
0.808333
0.354167
0.816667
0.758333
0.708333
0.708333
0.704167
0.708333
0.362500
0.829167
0.362500
0.841667
0.758333
0.716667
0.708333
0.712500
0.716667
0.341667
0.816667
0.354167
0.816667
0.362500
0.829167
0.358333
0.820833
0.758333
0.716667
0.716667
0.712500
0.712500
0.716667
0.720833
0.725000
0.720833
0.712500
0.712500
0.716667
0.708333
0.683333
0.687500
0.670833
0.412500
0.850000
0.733333
0.712500
0.708333
0.708333
0.708333
0.708333
0.700000
0.704167
0.712500
0.716667
0.445833
0.900000
0.737500
0.425000
0.845833
0.750000
0.720833
0.720833
0.716667
0.420833
0.891667
0.733333
0.720833
0.420833
0.895833
0.750000
0.725000
0.720833
0.345833
0.837500
0.362500
0.845833
0.750000
0.720833
0.354167
0.841667
0.750000
0.716667
0.354167
0.837500
0.750000
0.720833
0.345833
0.825000
0.750000
0.712500
0.341667
0.783333
0.775000
0.708333
0.345833
0.812500
0.745833
0.708333
0.350000
0.841667
0.754167
0.720833
0.345833
0.812500
0.366667
0.820833
0.737500
0.695833
0.345833
0.804167
0.750000
0.725000
0.345833
0.820833
0.762500
0.716667
0.345833
0.825000
0.354167
0.833333
0.358333
0.833333
0.358333
0.833333
0.741667
0.708333
0.708333
0.700000
0.700000
0.700000
0.695833
0.700000
0.691667
0.704167
0.708333
0.712500
0.712500
0.708333
0.704167
0.708333
0.704167
0.708333
0.708333
0.708333
0.704167
0.708333
0.704167
0.704167
0.704167
0.704167
0.700000
0.700000
0.704167
0.716667
0.716667
0.720833
0.716667
0.716667
0.716667
0.708333
0.708333
0.708333
0.704167
0.708333
0.458333
0.875000
0.720833
0.704167
0.425000
0.879167
0.729167
0.716667
0.441667
0.891667
0.729167
0.712500
0.708333
0.387500
0.841667
0.741667
0.712500
0.708333
0.712500
0.708333
0.708333
0.704167
0.708333
0.408333
0.850000
0.737500
0.716667
0.712500
0.704167
0.712500
0.704167
0.704167
0.341667
0.804167
0.362500
0.837500
0.358333
0.837500
0.741667
0.712500
0.708333
0.712500
0.708333
0.704167
0.708333
0.704167
0.708333
0.712500
0.712500
0.716667
0.712500
0.716667
0.716667
0.716667
0.341667
0.820833
0.370833
0.829167
0.358333
0.808333
0.745833
0.704167
0.708333
0.708333
0.708333
0.712500
0.712500
0.704167
0.716667
0.712500
0.712500
0.716667
0.712500
0.716667
0.720833
0.720833
0.716667
0.720833
0.716667
0.712500
0.712500
0.716667
0.716667
0.712500
0.712500
0.712500
0.712500
0.708333
0.712500
0.708333
0.712500
0.720833
0.720833
