0.916667
0.925000
0.925000
0.879167
0.895833
0.925000
0.954167
0.975000
0.950000
0.912500
0.900000
0.945833
0.895833
0.883333
0.633333
0.250000
0.645833
0.266667
0.312500
0.595833
0.925000
0.895833
0.920833
0.991667
1.016667
1.029167
1.004167
1.004167
1.012500
1.004167
0.991667
0.966667
1.004167
1.012500
1.016667
1.000000
0.958333
0.908333
0.970833
1.008333
1.008333
0.983333
0.929167
0.950000
0.970833
0.962500
0.970833
1.033333
0.958333
0.950000
0.991667
1.020833
1.016667
0.929167
0.929167
0.954167
0.929167
0.945833
0.937500
0.933333
0.916667
0.904167
0.612500
0.291667
0.854167
0.883333
0.887500
0.891667
0.870833
0.904167
0.925000
0.966667
0.991667
0.958333
0.975000
0.958333
0.933333
0.954167
0.916667
0.941667
0.945833
0.937500
0.933333
0.925000
0.904167
0.908333
0.904167
0.908333
0.900000
0.904167
0.925000
0.937500
0.941667
0.912500
0.912500
0.883333
0.879167
0.879167
0.875000
0.883333
0.887500
0.891667
0.891667
0.900000
0.875000
0.891667
0.895833
0.904167
0.912500
0.533333
0.383333
0.895833
0.904167
0.862500
0.883333
0.904167
0.916667
0.908333
0.925000
0.937500
0.945833
0.933333
0.945833
0.979167
0.962500
0.945833
0.941667
0.929167
0.920833
0.945833
0.958333
0.954167
0.950000
0.941667
0.941667
0.937500
0.925000
0.912500
0.929167
0.929167
0.916667
0.937500
0.933333
0.925000
0.937500
0.945833
0.937500
0.929167
0.937500
0.970833
0.983333
0.945833
0.937500
0.962500
0.954167
0.950000
0.920833
0.925000
0.941667
0.983333
0.966667
0.933333
0.933333
0.925000
0.904167
0.912500
0.925000
0.945833
0.937500
0.908333
0.929167
1.150000
0.066667
0.645833
0.916667
0.908333
0.645833
0.233333
0.279167
0.450000
0.537500
0.383333
0.370833
0.325000
0.350000
0.245833
0.716667
0.733333
0.245833
0.566667
0.391667
0.725000
0.237500
0.245833
0.679167
0.912500
0.912500
0.929167
0.962500
0.979167
0.266667
0.683333
0.925000
0.958333
0.929167
0.950000
0.912500
0.941667
0.966667
0.945833
0.929167
0.954167
0.975000
0.975000
0.954167
0.933333
0.937500
0.920833
0.908333
0.900000
0.920833
0.950000
0.937500
0.966667
0.966667
0.954167
0.958333
0.979167
0.966667
0.933333
0.925000
0.908333
0.891667
0.883333
0.908333
0.895833
0.933333
0.908333
0.920833
0.929167
0.937500
0.945833
0.904167
0.904167
0.925000
0.920833
0.937500
0.920833
0.912500
0.945833
0.987500
0.962500
0.937500
0.945833
0.941667
0.758333
0.166667
0.479167
0.191667
0.241667
0.625000
0.287500
0.416667
0.291667
0.237500
0.212500
0.458333
0.387500
0.758333
0.945833
0.954167
0.945833
0.933333
0.912500
0.933333
0.937500
0.941667
0.687500
1.120833
0.937500
0.950000
0.962500
0.941667
0.945833
0.925000
0.937500
0.933333
0.916667
0.925000
0.950000
0.958333
0.975000
0.950000
0.966667
0.966667
0.950000
0.954167
0.941667
0.937500
0.916667
0.908333
0.933333
0.962500
0.979167
0.975000
0.970833
0.920833
0.929167
0.925000
0.925000
0.958333
0.954167
0.958333
0.954167
0.958333
0.945833
0.970833
0.966667
0.925000
0.929167
0.983333
0.991667
0.537500
1.200000
0.204167
0.366667
0.366667
0.266667
0.633333
0.362500
0.683333
0.783333
0.925000
0.895833
0.870833
0.887500
0.904167
0.929167
0.962500
0.945833
0.933333
0.937500
0.683333
0.229167
0.916667
0.937500
0.979167
0.954167
0.983333
1.004167
0.975000
0.979167
0.954167
0.970833
0.966667
0.920833
0.929167
0.945833
0.970833
0.954167
0.970833
0.933333
0.937500
0.929167
0.945833
0.941667
0.962500
0.929167
0.920833
0.920833
0.925000
0.925000
0.929167
0.908333
0.945833
0.958333
0.954167
0.945833
0.937500
0.462500
0.479167
0.945833
0.954167
0.945833
0.941667
0.929167
0.954167
0.954167
0.937500
0.908333
0.908333
0.925000
0.904167
0.920833
0.929167
0.916667
0.904167
0.895833
0.937500
0.925000
0.941667
0.937500
0.908333
0.937500
0.970833
0.958333
0.962500
1.012500
0.987500
0.983333
0.983333
1.000000
0.983333
0.995833
0.987500
0.975000
0.987500
0.962500
1.016667
1.000000
0.954167
1.000000
0.925000
0.945833
0.950000
0.912500
0.920833
0.966667
0.987500
0.983333
0.954167
0.975000
0.991667
0.966667
0.954167
0.937500
0.970833
0.970833
0.966667
0.975000
0.966667
0.983333
0.954167
0.962500
0.954167
0.945833
0.958333
0.983333
0.983333
0.979167
0.970833
0.429167
0.470833
0.900000
0.895833
0.895833
0.920833
0.950000
0.925000
0.950000
0.970833
0.975000
0.958333
0.941667
0.987500
1.016667
1.037500
1.004167
0.941667
0.966667
0.945833
0.987500
1.025000
1.025000
0.983333
0.970833
0.970833
0.954167
1.004167
1.058333
0.933333
0.941667
0.979167
0.350000
0.637500
0.945833
0.954167
0.958333
1.000000
0.970833
1.008333
0.970833
0.958333
0.966667
0.966667
1.008333
0.929167
0.945833
0.954167
0.945833
0.950000
0.945833
0.929167
0.945833
0.900000
0.937500
0.987500
1.020833
1.037500
0.991667
0.925000
0.929167
0.950000
0.945833
1.162500
0.745833
0.979167
0.512500
0.454167
0.958333
0.920833
0.912500
0.937500
0.962500
0.975000
0.991667
1.025000
1.016667
0.954167
0.958333
0.970833
0.245833
0.204167
0.479167
0.945833
0.195833
0.733333
0.962500
0.916667
0.945833
0.950000
0.970833
0.970833
0.975000
0.979167
0.983333
1.000000
1.012500
1.008333
0.983333
1.104167
0.100000
0.745833
0.816667
1.054167
0.954167
0.958333
0.975000
0.954167
0.941667
0.937500
0.945833
0.937500
0.966667
1.008333
1.016667
0.979167
0.945833
0.970833
0.950000
0.962500
0.966667
0.925000
0.850000
0.250000
0.800000
0.933333
0.904167
0.904167
0.925000
0.962500
0.983333
1.000000
0.983333
0.966667
0.962500
0.975000
0.983333
0.966667
0.983333
0.991667
0.937500
0.954167
0.979167
0.945833
0.645833
0.316667
0.966667
0.962500
0.975000
0.975000
0.933333
0.933333
0.950000
0.950000
0.979167
0.991667
0.954167
0.987500
0.966667
0.975000
0.975000
0.966667
0.966667
0.983333
1.000000
0.941667
0.941667
0.945833
0.941667
0.954167
0.945833
0.945833
0.975000
0.954167
0.937500
0.945833
0.958333
0.954167
0.937500
0.970833
1.000000
0.987500
0.941667
0.958333
0.962500
0.950000
0.954167
0.983333
0.958333
0.958333
0.933333
0.950000
0.966667
0.962500
0.912500
0.933333
0.675000
1.200000
0.945833
0.933333
0.945833
0.950000
0.945833
0.966667
0.933333
0.941667
0.945833
0.941667
0.966667
0.962500
0.920833
0.933333
0.937500
0.970833
0.933333
0.937500
0.966667
0.975000
0.966667
0.945833
0.954167
0.962500
0.983333
1.008333
1.000000
1.008333
0.983333
0.958333
0.945833
0.937500
0.958333
0.958333
0.970833
0.929167
0.970833
0.933333
0.908333
0.925000
0.920833
0.900000
0.895833
0.920833
0.929167
0.916667
0.941667
0.958333
0.950000
