0.862500
0.866667
0.879167
0.879167
0.891667
0.875000
0.883333
0.883333
0.862500
0.879167
0.883333
0.887500
0.875000
0.879167
0.875000
0.883333
0.879167
0.891667
0.883333
0.891667
0.895833
0.895833
0.908333
0.895833
0.904167
0.875000
0.883333
0.900000
0.879167
0.891667
0.895833
0.891667
0.879167
0.891667
0.870833
0.883333
0.887500
0.891667
0.858333
0.875000
0.879167
0.879167
0.879167
0.870833
0.875000
0.858333
0.850000
0.875000
0.858333
0.854167
0.866667
0.862500
0.862500
0.866667
0.854167
0.870833
0.879167
0.866667
0.875000
0.883333
0.883333
0.875000
0.858333
0.887500
0.883333
0.883333
0.875000
0.875000
0.858333
0.854167
0.870833
0.887500
0.895833
0.916667
0.925000
0.937500
0.929167
0.908333
0.912500
0.900000
0.895833
0.866667
0.870833
0.891667
0.912500
0.908333
0.900000
0.904167
0.916667
0.887500
0.879167
0.900000
0.895833
0.895833
0.887500
0.895833
0.891667
0.866667
0.891667
0.866667
0.887500
0.895833
0.891667
0.908333
0.887500
0.920833
0.875000
0.895833
0.916667
0.916667
0.883333
0.883333
0.887500
0.879167
0.866667
0.883333
0.866667
0.845833
0.870833
0.870833
0.879167
0.875000
0.870833
0.862500
0.866667
0.858333
0.862500
0.858333
0.858333
0.883333
0.854167
0.875000
0.870833
0.891667
0.879167
0.870833
0.870833
0.870833
0.870833
0.866667
0.866667
0.862500
0.854167
0.862500
0.866667
0.879167
0.862500
0.854167
0.875000
0.875000
0.883333
0.883333
0.887500
0.916667
0.925000
0.925000
0.920833
0.929167
0.941667
0.954167
0.933333
0.916667
0.883333
0.854167
0.862500
0.862500
0.862500
0.866667
0.883333
0.862500
0.858333
0.858333
0.862500
0.879167
0.900000
0.895833
0.891667
0.929167
0.929167
0.912500
0.879167
0.887500
0.895833
0.887500
0.891667
0.916667
0.908333
0.883333
0.879167
0.887500
0.866667
0.870833
0.883333
0.862500
0.866667
0.900000
0.887500
0.908333
0.908333
0.929167
0.925000
0.904167
0.904167
0.920833
0.916667
0.933333
0.925000
0.925000
0.937500
0.920833
0.920833
0.929167
0.925000
0.925000
0.912500
0.904167
0.883333
0.870833
0.883333
0.875000
0.858333
0.854167
0.854167
0.841667
0.845833
0.870833
0.866667
0.904167
0.895833
0.900000
0.895833
0.891667
0.858333
0.870833
0.887500
0.887500
0.895833
0.900000
0.900000
0.904167
0.862500
0.883333
0.900000
0.895833
0.908333
0.887500
0.883333
0.895833
0.900000
0.912500
0.925000
0.920833
0.916667
0.908333
0.925000
0.908333
0.908333
0.904167
0.875000
0.870833
0.879167
0.858333
0.862500
0.870833
0.887500
0.879167
0.854167
0.875000
0.883333
0.904167
0.908333
0.895833
0.900000
0.900000
0.904167
0.912500
0.916667
0.908333
0.900000
0.904167
0.900000
0.916667
0.912500
0.945833
0.954167
0.941667
0.950000
0.937500
0.929167
0.925000
0.925000
0.912500
0.916667
0.895833
0.912500
0.900000
0.895833
0.870833
0.879167
0.891667
0.895833
0.900000
0.912500
0.895833
0.904167
0.891667
0.904167
0.891667
0.895833
0.904167
0.925000
0.916667
0.929167
0.912500
0.900000
0.912500
0.916667
0.920833
0.908333
0.904167
0.908333
0.912500
0.904167
0.912500
0.916667
0.916667
0.900000
0.895833
0.904167
0.895833
0.895833
0.904167
0.908333
0.908333
0.883333
0.895833
0.904167
0.912500
0.920833
0.900000
0.891667
0.895833
0.895833
0.904167
0.904167
0.904167
0.908333
0.912500
0.908333
0.925000
0.912500
0.912500
0.883333
0.900000
0.887500
0.895833
0.875000
0.900000
0.916667
0.933333
0.920833
0.925000
0.933333
0.908333
0.900000
0.904167
0.916667
0.929167
0.908333
0.891667
0.912500
0.937500
0.945833
0.920833
0.908333
0.904167
0.900000
0.895833
0.891667
0.900000
0.904167
0.916667
0.929167
0.945833
0.954167
0.945833
0.933333
0.908333
0.908333
0.916667
0.933333
0.966667
0.962500
0.979167
0.970833
0.950000
0.950000
0.912500
0.887500
0.916667
0.941667
0.954167
0.962500
0.962500
0.979167
0.954167
0.637500
0.320833
0.954167
0.958333
0.966667
0.966667
0.962500
0.966667
0.954167
0.950000
0.954167
0.958333
0.962500
0.950000
0.937500
0.950000
0.958333
0.941667
0.945833
0.937500
0.941667
0.941667
0.920833
0.937500
0.945833
0.920833
0.945833
0.933333
0.916667
0.887500
0.870833
0.870833
0.866667
0.866667
0.883333
0.891667
0.912500
0.920833
0.916667
0.916667
0.937500
0.941667
0.912500
0.929167
0.962500
0.966667
0.979167
0.941667
0.945833
0.954167
0.962500
0.954167
0.941667
0.933333
0.920833
0.920833
0.929167
0.916667
0.904167
0.887500
0.891667
0.891667
0.625000
0.295833
0.900000
0.920833
0.904167
0.912500
0.925000
0.941667
0.929167
0.925000
0.925000
0.937500
0.925000
0.895833
0.891667
0.908333
0.887500
0.891667
0.904167
0.916667
0.937500
0.933333
0.912500
0.908333
0.933333
0.925000
0.929167
0.908333
0.912500
0.925000
0.941667
0.937500
0.929167
0.920833
0.929167
0.908333
0.895833
0.925000
0.916667
0.925000
0.916667
0.908333
0.895833
0.904167
0.916667
0.916667
0.929167
0.954167
0.945833
0.920833
0.933333
0.916667
0.895833
0.895833
0.929167
0.891667
0.912500
0.925000
0.937500
0.970833
0.929167
0.933333
0.929167
0.929167
0.916667
0.916667
0.887500
0.895833
0.916667
0.904167
0.908333
0.891667
0.887500
0.870833
0.900000
0.887500
0.900000
0.900000
0.912500
0.916667
0.916667
0.925000
0.887500
0.916667
0.925000
0.929167
0.937500
0.945833
0.937500
0.908333
0.945833
0.933333
0.925000
0.925000
0.912500
0.925000
0.933333
0.925000
0.929167
0.929167
0.933333
0.937500
0.954167
0.945833
0.937500
0.937500
0.937500
0.937500
0.941667
0.920833
0.937500
0.954167
0.945833
0.945833
0.966667
0.962500
0.954167
0.945833
0.954167
0.962500
0.958333
0.950000
0.958333
0.941667
0.916667
0.954167
0.950000
0.933333
0.904167
0.912500
0.920833
0.912500
0.908333
0.879167
0.879167
0.883333
0.883333
0.895833
0.925000
0.937500
0.929167
0.916667
0.908333
0.912500
0.933333
0.929167
0.929167
0.933333
0.929167
0.929167
0.929167
0.929167
0.929167
0.941667
0.925000
0.929167
0.925000
0.929167
0.925000
0.920833
0.933333
0.950000
0.950000
0.950000
0.941667
0.950000
0.954167
0.941667
0.941667
0.941667
0.941667
0.933333
0.929167
0.945833
0.954167
0.945833
0.941667
0.941667
0.916667
0.933333
0.954167
0.941667
0.925000
0.933333
0.945833
0.929167
0.933333
0.937500
0.937500
0.933333
0.945833
0.954167
0.941667
0.945833
0.966667
0.954167
0.954167
0.966667
0.941667
0.933333
0.937500
0.937500
0.933333
0.925000
0.933333
0.912500
0.925000
0.937500
0.941667
0.941667
0.916667
0.937500
0.937500
0.937500
0.912500
0.912500
0.891667
0.375000
0.525000
0.204167
0.400000
0.316667
0.883333
0.200000
0.075000
