1.087500
1.100000
1.058333
0.975000
0.991667
1.004167
1.029167
1.020833
0.962500
1.004167
1.020833
1.045833
1.058333
1.033333
0.991667
1.020833
1.037500
1.141667
1.141667
1.029167
1.045833
1.095833
1.120833
1.045833
0.762500
0.591667
0.537500
0.154167
0.441667
0.504167
0.908333
0.358333
0.337500
0.604167
0.212500
0.300000
0.437500
0.500000
0.354167
0.416667
0.400000
0.587500
0.941667
0.841667
0.825000
1.654167
0.854167
0.891667
0.887500
0.875000
0.895833
0.920833
0.954167
0.979167
0.970833
0.937500
0.950000
0.975000
0.991667
1.008333
0.995833
0.979167
1.000000
1.025000
1.062500
1.062500
1.020833
1.037500
1.033333
1.041667
1.054167
1.050000
1.020833
1.075000
1.104167
1.100000
1.050000
1.087500
1.112500
1.100000
1.145833
1.150000
1.087500
1.041667
1.058333
1.066667
1.058333
1.012500
0.983333
1.004167
1.016667
1.033333
1.045833
0.987500
1.041667
1.062500
1.100000
1.083333
1.066667
1.029167
1.104167
1.116667
1.125000
1.120833
1.058333
1.075000
1.104167
1.112500
1.129167
1.041667
1.058333
1.087500
1.104167
2.650000
0.704167
0.387500
0.441667
1.025000
0.991667
0.925000
0.912500
0.895833
0.958333
1.041667
0.987500
0.941667
0.970833
1.020833
1.050000
1.054167
0.991667
1.025000
1.050000
1.066667
1.079167
1.050000
0.562500
1.245833
1.208333
1.141667
1.091667
1.062500
1.104167
1.129167
1.120833
1.062500
1.095833
1.112500
1.112500
1.087500
1.025000
1.045833
1.083333
1.120833
1.137500
1.095833
1.025000
1.066667
1.091667
1.120833
1.100000
1.062500
1.016667
1.058333
1.083333
1.137500
1.129167
1.037500
1.012500
1.025000
1.066667
0.608333
0.475000
0.987500
1.012500
1.012500
1.041667
0.983333
1.008333
1.054167
1.054167
1.050000
1.000000
1.037500
1.045833
1.062500
1.058333
1.020833
0.583333
1.229167
1.100000
1.075000
1.075000
1.029167
1.116667
1.129167
1.133333
1.112500
1.033333
1.062500
1.095833
1.125000
1.041667
0.987500
1.008333
1.058333
1.075000
1.041667
0.991667
0.975000
1.033333
1.100000
0.337500
0.754167
0.329167
0.287500
0.441667
0.970833
0.950000
0.991667
1.083333
1.112500
1.041667
0.975000
0.991667
1.025000
1.050000
1.025000
0.954167
0.966667
0.995833
1.020833
1.050000
1.045833
1.016667
0.983333
1.020833
1.045833
1.066667
1.083333
1.050000
1.033333
0.312500
0.895833
0.966667
0.370833
0.645833
0.941667
0.958333
0.979167
0.937500
0.937500
0.895833
0.895833
0.904167
0.904167
0.916667
0.920833
0.933333
0.950000
0.995833
1.045833
1.087500
1.133333
1.191667
1.191667
1.191667
1.258333
1.241667
1.191667
1.154167
1.200000
1.154167
1.087500
1.025000
1.050000
1.058333
1.079167
1.075000
1.004167
0.962500
0.995833
1.041667
1.054167
1.041667
0.983333
1.016667
1.054167
1.054167
1.062500
0.995833
1.025000
1.066667
1.091667
1.095833
1.029167
0.991667
1.025000
1.087500
1.095833
1.045833
0.583333
1.200000
1.091667
1.062500
1.070833
1.050000
1.075000
1.091667
1.120833
1.150000
1.154167
1.083333
1.025000
1.045833
1.083333
1.095833
1.054167
1.012500
1.037500
1.050000
1.058333
0.979167
1.000000
1.025000
1.045833
1.020833
0.991667
1.016667
1.037500
1.054167
1.037500
0.995833
1.029167
1.045833
1.045833
1.008333
1.045833
1.041667
1.058333
1.145833
1.083333
0.983333
1.000000
1.041667
1.083333
1.062500
1.020833
1.075000
1.091667
1.095833
1.037500
1.075000
1.104167
1.095833
1.029167
1.058333
1.058333
1.062500
1.045833
0.579167
1.179167
1.054167
1.037500
1.062500
1.041667
1.016667
0.950000
0.979167
1.020833
1.062500
1.070833
1.054167
1.020833
1.070833
1.083333
1.100000
1.091667
1.037500
1.116667
1.183333
1.175000
1.079167
1.083333
1.095833
1.091667
1.025000
0.966667
0.979167
0.991667
1.025000
1.025000
1.008333
0.958333
1.000000
1.033333
1.154167
1.125000
1.054167
1.033333
1.100000
1.112500
1.112500
1.083333
1.045833
1.087500
1.104167
1.141667
1.087500
1.029167
1.050000
1.079167
1.054167
1.000000
1.037500
1.054167
1.050000
1.016667
0.970833
1.000000
1.029167
1.041667
1.054167
1.025000
1.016667
0.950000
0.962500
1.012500
1.087500
1.100000
1.095833
1.037500
1.054167
1.066667
1.087500
1.025000
1.062500
1.062500
1.087500
1.087500
1.045833
1.083333
1.095833
1.116667
1.095833
1.050000
1.087500
1.087500
1.100000
1.091667
1.054167
1.025000
1.079167
1.095833
1.133333
1.104167
1.054167
1.120833
1.141667
1.100000
1.029167
1.050000
1.050000
1.050000
0.983333
1.000000
1.016667
1.025000
1.004167
0.975000
1.012500
1.037500
1.041667
1.020833
0.966667
1.000000
0.587500
0.441667
1.033333
1.029167
0.962500
0.987500
1.012500
1.045833
1.062500
1.004167
1.016667
1.041667
1.062500
1.058333
0.991667
1.012500
1.020833
1.045833
1.016667
1.012500
1.025000
1.041667
1.033333
0.966667
0.983333
1.012500
1.029167
1.012500
0.962500
0.979167
1.000000
1.020833
1.033333
0.991667
0.983333
0.987500
1.000000
1.012500
1.012500
0.958333
0.987500
0.991667
1.029167
1.045833
0.970833
0.979167
1.016667
1.079167
1.079167
0.987500
0.983333
0.987500
1.008333
1.025000
0.979167
0.995833
1.004167
1.016667
1.020833
1.029167
1.025000
1.025000
1.000000
1.045833
1.075000
1.133333
1.145833
1.083333
0.979167
0.004167
0.591667
0.400000
1.066667
1.329167
0.250000
0.633333
0.712500
0.225000
0.404167
0.270833
0.375000
0.508333
0.920833
0.941667
0.966667
0.975000
0.945833
0.895833
0.895833
0.900000
0.933333
0.945833
0.941667
0.895833
0.908333
0.941667
0.970833
0.991667
1.008333
0.995833
1.020833
0.866667
0.908333
0.937500
0.370833
0.558333
0.900000
0.737500
0.495833
0.537500
0.370833
0.116667
0.425000
0.354167
0.295833
0.279167
0.920833
0.650000
0.254167
0.895833
0.762500
0.137500
0.908333
0.891667
0.912500
0.954167
0.975000
0.995833
0.979167
0.941667
0.945833
0.975000
1.000000
1.008333
0.983333
0.987500
1.004167
1.029167
1.025000
1.020833
0.983333
1.012500
1.033333
1.058333
1.066667
1.087500
1.075000
1.020833
1.050000
1.062500
1.083333
1.091667
1.020833
1.050000
1.066667
1.087500
1.079167
1.008333
