0.533333
0.533333
0.537500
0.529167
0.537500
0.533333
0.533333
0.533333
0.533333
0.537500
0.533333
0.529167
0.537500
0.533333
0.533333
0.533333
0.533333
0.537500
0.533333
0.533333
0.533333
0.537500
0.533333
0.533333
0.537500
0.533333
0.537500
0.537500
0.533333
0.533333
0.533333
0.537500
0.533333
0.529167
0.533333
0.537500
0.537500
0.533333
0.537500
0.541667
0.541667
0.541667
0.541667
0.541667
0.541667
0.541667
0.537500
0.541667
0.537500
0.537500
0.541667
0.537500
0.541667
0.537500
0.537500
0.541667
0.533333
0.537500
0.533333
0.537500
0.533333
0.529167
0.533333
0.533333
0.533333
0.533333
0.533333
0.529167
0.533333
0.533333
0.537500
0.533333
0.533333
0.533333
0.533333
0.537500
0.537500
0.537500
0.533333
0.537500
0.541667
0.533333
0.537500
0.537500
0.537500
0.537500
0.537500
0.533333
0.533333
0.537500
0.529167
0.533333
0.533333
0.529167
0.529167
0.529167
0.529167
0.529167
0.529167
0.529167
0.529167
0.525000
0.529167
0.529167
0.529167
0.529167
0.529167
0.529167
0.529167
0.529167
0.525000
0.529167
0.529167
0.525000
0.525000
0.529167
0.525000
0.529167
0.529167
0.525000
0.529167
0.529167
0.525000
0.529167
0.525000
0.529167
0.525000
0.525000
0.525000
0.529167
0.525000
0.525000
0.520833
0.525000
0.525000
0.525000
0.520833
0.525000
0.525000
0.525000
0.520833
0.525000
0.520833
0.525000
0.525000
0.520833
0.520833
0.520833
0.525000
0.520833
0.520833
0.520833
0.520833
0.520833
0.520833
0.516667
0.520833
0.520833
0.525000
0.520833
0.520833
0.525000
0.525000
0.520833
0.525000
0.525000
0.525000
0.525000
0.525000
0.450000
0.604167
0.525000
0.529167
0.520833
0.429167
0.633333
0.529167
0.529167
0.525000
0.525000
0.529167
0.529167
0.525000
0.525000
0.529167
0.525000
0.529167
0.525000
0.529167
0.525000
0.529167
0.529167
0.525000
0.525000
0.525000
0.525000
0.520833
0.525000
0.520833
0.525000
0.520833
0.520833
0.520833
0.520833
0.520833
0.520833
0.525000
0.520833
0.520833
0.516667
0.520833
0.525000
0.441667
0.604167
0.520833
0.525000
0.525000
0.525000
0.437500
0.612500
0.525000
0.525000
0.525000
0.520833
0.520833
0.525000
0.525000
0.520833
0.525000
0.520833
0.525000
0.520833
0.520833
0.525000
0.525000
0.520833
0.525000
0.520833
0.525000
0.525000
0.520833
0.520833
0.525000
0.520833
0.525000
0.516667
0.520833
0.525000
0.520833
0.520833
0.525000
0.520833
0.525000
0.520833
0.525000
0.520833
0.520833
0.525000
0.520833
0.516667
0.520833
0.520833
0.520833
0.520833
0.520833
0.525000
0.525000
0.525000
0.525000
0.525000
0.525000
0.525000
0.525000
0.529167
0.520833
0.525000
0.529167
0.525000
0.525000
0.525000
0.525000
0.525000
0.525000
0.520833
0.525000
0.520833
0.525000
0.520833
0.520833
0.525000
0.525000
0.520833
0.525000
0.520833
0.525000
0.525000
0.520833
0.525000
0.525000
0.529167
0.525000
0.529167
0.525000
0.529167
0.525000
0.529167
0.529167
0.525000
0.529167
0.525000
0.529167
0.529167
0.525000
0.529167
0.525000
0.520833
0.529167
0.529167
0.525000
0.529167
0.525000
0.529167
0.529167
0.529167
0.529167
0.525000
0.529167
0.529167
0.533333
0.529167
0.529167
0.529167
0.529167
0.533333
0.525000
0.529167
0.525000
0.533333
0.525000
0.529167
0.529167
0.525000
0.529167
0.529167
0.529167
0.529167
0.525000
0.529167
0.529167
0.529167
0.529167
0.529167
0.529167
0.529167
0.529167
0.529167
0.529167
0.529167
0.525000
0.529167
0.533333
0.529167
0.529167
0.525000
0.529167
0.533333
0.529167
0.529167
0.529167
0.529167
0.529167
0.529167
0.533333
0.529167
0.529167
0.529167
0.529167
0.533333
0.533333
0.533333
0.533333
0.533333
0.537500
0.537500
0.533333
0.541667
0.537500
0.533333
0.537500
0.533333
0.537500
0.533333
0.533333
0.533333
0.533333
0.533333
0.529167
0.533333
0.529167
0.533333
0.529167
0.416667
0.620833
0.533333
0.529167
0.529167
0.529167
0.529167
0.525000
0.529167
0.529167
0.529167
0.529167
0.525000
0.529167
0.529167
0.529167
0.525000
0.525000
0.525000
0.529167
0.525000
0.529167
0.525000
0.525000
0.525000
0.525000
0.525000
0.525000
0.525000
0.525000
0.525000
0.525000
0.529167
0.525000
0.525000
0.458333
0.600000
0.525000
0.529167
0.529167
0.529167
0.529167
0.529167
0.529167
0.525000
0.529167
0.529167
0.529167
0.529167
0.525000
0.529167
0.529167
0.529167
0.529167
0.529167
0.529167
0.529167
0.533333
0.533333
0.529167
0.533333
0.533333
0.537500
0.533333
0.533333
0.529167
0.533333
0.529167
0.533333
0.529167
0.529167
0.529167
0.533333
0.529167
0.529167
0.533333
0.533333
0.533333
0.533333
0.533333
0.533333
0.537500
0.537500
0.537500
0.533333
0.537500
0.537500
0.533333
0.537500
0.533333
0.533333
0.537500
0.533333
0.529167
0.533333
0.537500
0.533333
0.529167
0.533333
0.533333
0.533333
0.533333
0.533333
0.529167
0.529167
0.533333
0.529167
0.533333
0.529167
0.533333
0.529167
0.533333
0.529167
0.533333
0.529167
0.533333
0.533333
0.533333
0.529167
0.533333
0.533333
0.533333
0.533333
0.533333
0.533333
0.529167
0.533333
0.533333
0.533333
0.533333
0.529167
0.533333
0.533333
0.529167
0.533333
0.529167
0.533333
0.529167
0.533333
0.529167
0.529167
0.533333
0.529167
0.529167
0.533333
0.529167
0.529167
0.529167
0.529167
0.529167
0.529167
0.533333
0.529167
0.529167
0.529167
0.529167
0.529167
0.529167
0.533333
0.529167
0.529167
0.529167
0.533333
0.529167
0.529167
0.529167
0.529167
0.533333
0.529167
0.525000
0.529167
0.525000
0.529167
0.529167
0.529167
0.529167
0.525000
0.533333
0.529167
0.533333
0.529167
0.533333
0.533333
0.533333
0.533333
0.529167
0.533333
0.537500
0.533333
0.533333
0.533333
0.533333
0.533333
0.537500
0.533333
0.537500
0.533333
0.537500
0.537500
0.537500
0.537500
0.537500
0.537500
0.537500
0.537500
0.537500
0.537500
0.533333
0.537500
0.537500
0.537500
0.533333
0.537500
0.533333
0.537500
0.533333
0.533333
0.533333
0.533333
0.533333
0.533333
0.529167
0.533333
0.529167
0.533333
0.529167
0.529167
0.529167
0.529167
0.533333
0.529167
0.529167
0.533333
0.529167
0.529167
0.533333
0.533333
0.529167
0.533333
0.533333
0.533333
0.533333
0.533333
0.529167
0.537500
0.529167
0.533333
0.533333
0.533333
0.533333
0.533333
0.533333
0.533333
0.529167
0.533333
0.537500
0.533333
0.533333
0.533333
0.533333
0.529167
0.537500
0.533333
0.533333
0.533333
0.533333
0.533333
0.533333
0.533333
0.537500
0.533333
0.533333
0.537500
0.533333
0.537500
0.537500
0.533333
0.537500
0.537500
0.537500
0.541667
0.537500
0.533333
0.537500
0.541667
0.537500
0.537500
0.537500
0.537500
0.541667
0.537500
0.537500
0.537500
0.537500
0.537500
0.537500
0.537500
0.537500
0.537500
0.537500
0.537500
0.533333
0.537500
0.537500
0.533333
0.537500
0.533333
0.537500
0.537500
0.537500
0.537500
0.537500
0.537500
0.533333
0.541667
0.533333
0.537500
0.537500
0.541667
0.537500
0.541667
0.537500
0.537500
0.545833
0.537500
0.537500
0.537500
0.537500
0.537500
0.541667
0.533333
0.537500
0.537500
0.533333
0.537500
0.537500
0.533333
0.537500
0.537500
0.537500
0.537500
0.533333
0.537500
0.537500
0.537500
0.533333
0.537500
0.537500
0.537500
0.537500
0.537500
0.533333
0.541667
0.541667
0.537500
0.537500
0.537500
0.541667
0.537500
0.537500
0.537500
0.541667
0.533333
0.537500
0.533333
0.537500
0.537500
0.537500
0.537500
0.541667
0.545833
0.541667
0.545833
0.541667
0.545833
0.545833
0.545833
0.541667
0.545833
0.545833
0.541667
0.545833
0.541667
0.545833
0.545833
0.545833
0.541667
0.541667
0.541667
0.545833
0.541667
0.537500
0.541667
0.541667
0.537500
0.537500
0.541667
0.541667
0.541667
0.537500
0.541667
0.541667
0.541667
0.541667
0.545833
0.541667
0.541667
0.545833
0.541667
0.541667
0.541667
0.545833
0.541667
0.545833
0.541667
0.541667
0.545833
0.541667
0.545833
0.545833
0.545833
0.545833
0.550000
0.550000
0.545833
0.545833
0.550000
0.550000
0.550000
0.550000
0.545833
0.670833
0.429167
0.545833
0.545833
0.545833
0.545833
0.545833
0.541667
0.545833
0.541667
1.087500
0.541667
0.541667
0.545833
0.541667
0.541667
0.541667
0.545833
0.541667
0.541667
0.541667
0.541667
0.537500
0.541667
0.537500
0.537500
0.537500
0.541667
0.541667
0.541667
0.537500
0.537500
0.537500
0.537500
0.537500
0.537500
0.533333
0.541667
0.537500
0.533333
0.537500
0.537500
0.537500
0.537500
0.537500
0.537500
0.537500
0.537500
0.537500
0.537500
0.537500
0.533333
0.541667
0.537500
0.533333
0.537500
0.541667
0.537500
0.537500
0.541667
0.537500
0.541667
0.545833
0.541667
0.541667
0.545833
0.541667
0.545833
0.545833
0.545833
0.545833
0.545833
0.550000
0.550000
0.550000
0.550000
0.545833
0.554167
0.550000
0.550000
0.550000
0.545833
0.550000
0.550000
0.550000
0.545833
0.545833
0.545833
0.545833
0.550000
0.541667
0.545833
0.541667
0.541667
0.545833
0.545833
0.541667
0.541667
0.541667
0.545833
0.541667
0.545833
0.541667
0.541667
0.545833
0.541667
0.545833
0.537500
0.545833
0.541667
0.541667
0.541667
0.541667
0.541667
0.537500
0.541667
0.541667
0.541667
0.541667
0.541667
0.541667
0.541667
0.541667
0.541667
0.541667
0.545833
0.545833
0.541667
0.545833
0.545833
0.545833
0.545833
0.541667
0.545833
0.541667
0.545833
0.545833
0.541667
0.541667
0.545833
0.545833
0.541667
0.541667
0.541667
0.545833
0.545833
0.545833
0.541667
0.541667
0.545833
0.545833
0.541667
0.545833
0.545833
0.545833
0.550000
0.550000
0.545833
0.550000
0.550000
0.550000
0.545833
0.550000
1.100000
0.550000
0.550000
0.554167
0.550000
0.545833
0.550000
0.550000
0.550000
0.550000
0.545833
0.545833
0.550000
0.545833
0.545833
0.541667
0.541667
0.545833
0.541667
0.541667
0.541667
0.541667
0.541667
0.541667
0.541667
0.537500
0.541667
0.541667
0.541667
0.541667
0.541667
0.541667
0.541667
0.541667
0.545833
0.541667
0.545833
0.545833
0.545833
0.545833
0.545833
0.545833
0.550000
0.545833
0.545833
0.545833
0.541667
0.545833
0.545833
0.541667
0.537500
0.545833
0.541667
0.541667
0.541667
0.541667
0.537500
0.541667
0.545833
0.545833
0.541667
0.541667
0.545833
0.545833
0.545833
0.541667
0.545833
0.545833
0.545833
0.545833
0.541667
0.545833
0.541667
0.545833
0.545833
0.545833
0.541667
0.545833
0.554167
0.550000
0.550000
0.550000
0.550000
0.550000
0.554167
0.545833
0.550000
0.554167
0.550000
0.554167
0.545833
0.554167
0.554167
0.550000
0.550000
0.545833
0.550000
0.550000
0.550000
0.545833
0.545833
0.550000
0.545833
0.545833
0.545833
0.545833
0.550000
0.545833
0.545833
0.550000
0.545833
0.545833
0.545833
0.550000
0.545833
0.541667
0.545833
0.545833
0.545833
0.545833
0.541667
0.545833
0.545833
0.545833
0.545833
0.545833
0.541667
0.545833
0.545833
0.550000
0.545833
0.541667
0.545833
0.545833
0.545833
0.545833
0.545833
0.545833
0.545833
0.545833
0.545833
0.541667
0.545833
0.545833
0.545833
0.541667
0.545833
0.545833
0.545833
0.541667
0.545833
0.550000
0.550000
0.545833
0.550000
0.554167
0.550000
0.550000
0.550000
0.550000
0.550000
0.550000
0.545833
0.554167
0.550000
0.550000
0.545833
0.545833
