0.708333
0.770833
0.704167
1.766667
1.725000
0.708333
0.800000
0.808333
0.712500
0.716667
0.854167
0.775000
0.795833
0.800000
1.791667
0.691667
0.741667
0.683333
0.862500
0.720833
0.850000
0.816667
0.800000
0.662500
0.833333
0.883333
0.795833
0.708333
0.883333
0.775000
0.695833
0.770833
0.812500
0.862500
0.733333
0.816667
0.808333
0.666667
0.662500
2.316667
0.254167
0.712500
1.783333
0.754167
1.729167
0.775000
0.720833
1.491667
0.245833
0.795833
0.787500
0.837500
0.483333
0.400000
0.708333
0.875000
0.695833
0.758333
0.704167
0.854167
0.845833
0.687500
0.875000
0.687500
0.716667
0.816667
0.704167
0.862500
0.800000
0.804167
0.695833
1.745833
0.695833
1.670833
1.679167
0.812500
0.800000
0.758333
0.720833
0.750000
0.829167
0.791667
0.775000
0.750000
1.241667
1.245833
0.733333
0.745833
0.662500
1.750000
0.745833
0.712500
0.845833
0.708333
0.766667
0.770833
0.720833
0.766667
0.720833
0.716667
0.683333
0.787500
0.712500
0.825000
0.804167
0.879167
0.800000
0.887500
0.704167
1.704167
0.658333
0.683333
0.795833
0.741667
0.820833
0.325000
0.604167
0.704167
0.758333
0.845833
0.720833
0.704167
0.783333
0.945833
0.670833
1.416667
1.729167
1.150000
0.816667
2.533333
0.650000
0.925000
0.837500
0.704167
0.745833
0.858333
0.829167
0.904167
1.554167
0.741667
0.691667
0.641667
0.754167
0.800000
0.645833
0.725000
0.783333
0.741667
0.804167
0.800000
0.720833
0.841667
0.804167
0.720833
0.833333
0.770833
0.720833
0.516667
0.329167
0.691667
0.733333
0.683333
1.266667
1.275000
0.758333
0.454167
0.262500
0.712500
0.866667
0.779167
0.791667
0.845833
0.737500
0.775000
0.483333
0.329167
1.829167
0.654167
1.183333
1.625000
0.654167
0.370833
0.491667
0.800000
0.791667
0.716667
0.704167
0.770833
0.354167
0.487500
0.904167
0.775000
0.875000
0.712500
0.858333
0.708333
0.762500
0.850000
0.750000
0.695833
0.733333
0.833333
0.762500
0.670833
0.775000
0.954167
0.754167
0.779167
0.737500
0.266667
0.412500
1.704167
1.941667
0.566667
1.679167
1.670833
0.600000
0.220833
0.704167
0.683333
0.787500
0.712500
0.887500
0.762500
1.816667
1.600000
0.779167
0.845833
0.825000
0.675000
0.770833
0.766667
0.254167
0.520833
0.004167
1.654167
0.745833
0.762500
1.750000
0.695833
1.183333
1.500000
0.275000
0.437500
0.237500
0.429167
0.887500
0.700000
1.225000
0.537500
0.829167
0.662500
0.691667
0.816667
0.704167
0.691667
0.750000
0.737500
0.841667
0.887500
0.675000
0.787500
0.700000
0.795833
0.729167
0.712500
0.704167
0.754167
0.695833
0.904167
0.720833
0.825000
0.750000
0.762500
0.700000
1.754167
1.137500
0.420833
0.158333
0.779167
0.837500
0.695833
1.737500
0.845833
0.820833
0.508333
0.316667
0.583333
0.633333
0.712500
0.341667
0.345833
0.708333
0.850000
0.862500
0.829167
0.700000
0.733333
0.770833
0.750000
0.683333
0.775000
0.495833
0.970833
0.754167
0.733333
0.883333
0.745833
0.883333
0.812500
0.679167
0.733333
1.370833
0.300000
0.633333
1.633333
0.620833
0.729167
0.662500
0.725000
0.708333
0.795833
0.700000
0.691667
0.833333
0.312500
0.337500
0.883333
0.679167
0.850000
1.175000
0.375000
0.850000
0.758333
0.645833
0.637500
0.816667
0.358333
0.275000
0.220833
0.591667
0.883333
0.720833
0.670833
0.775000
0.737500
0.683333
0.679167
0.716667
1.150000
0.550000
0.650000
0.858333
1.675000
0.762500
2.595833
0.666667
0.766667
0.841667
0.625000
0.879167
0.475000
0.362500
0.662500
0.275000
0.454167
0.704167
0.712500
0.712500
0.879167
0.683333
1.754167
0.704167
1.525000
0.058333
0.695833
0.708333
0.729167
0.741667
0.920833
0.679167
0.766667
0.741667
0.812500
0.675000
0.725000
0.658333
0.679167
0.858333
0.741667
0.795833
0.741667
0.666667
0.708333
0.670833
0.720833
0.770833
0.654167
0.708333
0.866667
0.775000
0.804167
1.233333
0.429167
0.804167
0.412500
0.320833
0.695833
0.637500
0.762500
0.820833
0.662500
0.862500
0.895833
0.666667
1.591667
1.120833
0.633333
0.700000
1.400000
0.258333
0.716667
1.379167
0.337500
0.683333
0.775000
0.666667
0.766667
1.308333
0.433333
0.754167
0.825000
0.870833
0.695833
0.804167
0.725000
0.816667
0.666667
0.262500
0.441667
0.787500
0.666667
0.741667
0.708333
0.662500
0.825000
0.683333
0.795833
1.570833
0.208333
0.683333
0.812500
0.845833
0.845833
0.766667
0.737500
0.766667
0.675000
0.795833
0.716667
0.670833
0.741667
0.850000
0.787500
0.766667
0.783333
0.845833
0.737500
0.658333
0.833333
0.733333
0.754167
0.666667
0.745833
0.745833
0.820833
0.783333
0.737500
0.720833
0.675000
1.695833
0.741667
0.670833
1.820833
1.729167
1.129167
0.433333
0.766667
0.675000
0.758333
0.712500
0.708333
0.779167
0.737500
0.675000
1.795833
0.770833
0.708333
0.804167
1.616667
0.841667
0.770833
0.750000
3.525000
1.729167
1.545833
0.737500
0.729167
0.837500
0.825000
0.770833
0.741667
0.691667
0.679167
0.729167
0.725000
0.800000
0.741667
0.695833
0.733333
0.679167
0.745833
0.687500
0.758333
0.754167
2.691667
0.758333
0.708333
0.541667
0.225000
1.708333
0.800000
0.770833
1.712500
0.779167
0.883333
0.712500
0.779167
0.862500
0.670833
0.783333
0.670833
0.791667
0.775000
0.887500
0.779167
0.808333
0.850000
0.654167
0.766667
0.820833
0.775000
0.820833
0.741667
0.670833
0.816667
1.662500
0.783333
0.820833
0.737500
0.783333
0.812500
0.891667
0.854167
0.737500
1.758333
1.466667
1.416667
0.404167
0.820833
0.712500
0.729167
0.658333
1.791667
0.708333
0.770833
0.900000
0.825000
1.208333
1.416667
0.666667
0.766667
0.783333
0.804167
0.783333
0.779167
0.754167
0.666667
0.800000
0.770833
0.762500
0.750000
0.887500
0.787500
0.850000
0.795833
1.750000
0.700000
0.779167
0.754167
0.758333
0.712500
0.712500
0.820833
1.250000
1.420833
0.770833
0.787500
0.645833
1.808333
0.733333
0.933333
0.800000
0.720833
0.754167
0.645833
0.904167
1.708333
0.837500
0.700000
0.700000
0.658333
0.845833
1.737500
1.758333
0.787500
0.762500
0.641667
0.879167
0.754167
0.779167
0.720833
0.887500
0.879167
2.620833
0.695833
1.712500
0.795833
0.658333
0.670833
0.816667
0.766667
0.700000
0.704167
0.779167
0.754167
0.900000
0.820833
0.775000
0.770833
0.858333
0.716667
0.716667
1.754167
1.416667
0.220833
0.787500
0.866667
1.620833
0.858333
0.720833
0.729167
1.658333
0.708333
0.862500
0.795833
0.745833
0.704167
0.762500
0.683333
0.666667
0.887500
0.716667
0.841667
0.816667
0.787500
0.287500
1.150000
1.087500
0.770833
0.754167
0.687500
0.841667
0.741667
0.683333
0.695833
0.704167
0.695833
0.766667
0.304167
1.350000
0.750000
0.787500
0.904167
0.737500
0.737500
3.462500
0.725000
1.804167
1.616667
0.783333
0.895833
0.779167
0.795833
0.762500
0.891667
0.704167
0.770833
0.762500
0.729167
0.820833
0.712500
0.829167
0.804167
0.812500
0.683333
1.695833
0.783333
0.858333
0.904167
0.662500
0.920833
0.754167
0.683333
1.645833
0.750000
0.383333
0.487500
0.700000
0.470833
0.370833
0.741667
0.304167
0.395833
0.445833
0.320833
0.466667
0.208333
0.645833
0.350000
0.762500
0.658333
0.700000
0.929167
1.637500
0.812500
0.783333
0.675000
0.716667
0.754167
