0.858333
0.791667
0.862500
0.858333
0.850000
0.858333
0.804167
0.854167
0.850000
0.845833
0.862500
0.845833
0.795833
0.858333
0.858333
0.854167
0.854167
0.787500
0.854167
0.841667
0.837500
0.816667
0.533333
1.070833
0.925000
0.841667
0.833333
0.825000
0.825000
0.820833
0.845833
0.816667
0.845833
0.825000
0.845833
0.758333
0.866667
0.841667
0.808333
0.591667
1.020833
0.916667
0.837500
0.833333
0.820833
0.829167
0.841667
0.829167
0.833333
0.825000
0.833333
0.850000
0.841667
0.837500
0.833333
0.833333
0.850000
0.845833
0.841667
0.833333
0.812500
0.845833
0.804167
0.841667
0.816667
0.825000
0.808333
0.812500
0.854167
0.812500
0.850000
0.812500
0.762500
0.862500
0.816667
0.825000
0.850000
0.754167
0.850000
0.812500
0.845833
0.804167
0.850000
0.770833
0.841667
0.804167
0.816667
0.845833
0.787500
0.795833
0.845833
0.837500
0.804167
0.770833
0.862500
0.816667
0.791667
0.845833
0.837500
0.804167
0.800000
0.837500
0.787500
0.833333
0.800000
0.850000
0.800000
0.775000
0.541667
1.100000
0.908333
0.833333
0.820833
0.829167
0.825000
0.841667
0.825000
0.800000
0.841667
0.841667
0.854167
0.841667
0.787500
0.845833
0.845833
0.841667
0.795833
0.850000
0.845833
0.845833
0.816667
0.829167
0.816667
0.841667
0.825000
0.816667
0.825000
0.833333
0.825000
0.829167
0.820833
0.841667
0.833333
0.833333
0.820833
0.833333
0.825000
0.850000
0.825000
0.825000
0.829167
0.800000
0.854167
0.816667
0.816667
0.820833
0.812500
0.808333
0.800000
0.816667
0.808333
0.804167
0.800000
0.800000
0.816667
0.816667
0.808333
0.812500
0.808333
0.820833
0.829167
0.825000
0.820833
0.816667
0.825000
0.829167
0.816667
0.808333
0.808333
0.579167
0.979167
0.841667
0.829167
0.833333
0.837500
0.833333
0.829167
0.829167
0.854167
0.845833
0.833333
0.641667
1.000000
0.854167
0.837500
0.833333
0.829167
0.833333
0.829167
0.841667
0.841667
0.833333
0.829167
0.825000
0.845833
0.833333
0.829167
0.825000
0.825000
0.845833
0.837500
0.837500
0.837500
0.833333
0.850000
0.833333
0.825000
0.825000
0.837500
0.841667
0.837500
0.833333
0.829167
0.837500
0.829167
0.820833
0.820833
0.816667
0.833333
0.825000
0.816667
0.825000
0.820833
0.829167
0.829167
0.829167
0.841667
0.829167
0.829167
0.829167
0.841667
0.837500
0.829167
0.820833
0.820833
0.804167
0.850000
0.800000
0.837500
0.608333
0.995833
0.845833
0.804167
0.820833
0.804167
0.787500
0.854167
0.770833
0.829167
0.795833
0.775000
0.858333
0.775000
0.845833
0.800000
0.766667
0.862500
0.787500
0.845833
0.641667
0.983333
0.820833
1.608333
0.837500
0.820833
0.820833
0.816667
0.633333
0.979167
0.833333
0.816667
0.812500
0.816667
0.820833
0.825000
0.820833
0.820833
0.820833
0.841667
0.600000
0.995833
0.829167
0.816667
0.833333
0.820833
0.816667
0.816667
0.820833
0.816667
0.808333
0.820833
0.812500
0.804167
0.800000
0.800000
0.804167
0.804167
0.583333
0.979167
0.841667
0.820833
0.812500
0.820833
0.829167
0.800000
0.825000
0.795833
0.629167
0.887500
0.604167
0.995833
0.850000
0.845833
0.854167
0.837500
0.825000
0.820833
0.575000
1.004167
0.858333
0.833333
0.825000
0.858333
0.845833
0.837500
0.820833
0.837500
0.775000
0.850000
0.825000
0.829167
0.858333
0.775000
0.845833
0.841667
0.845833
0.654167
0.966667
0.862500
0.850000
0.820833
0.566667
1.000000
0.850000
0.816667
0.816667
0.825000
0.833333
0.829167
0.833333
0.825000
0.837500
0.837500
0.825000
0.600000
0.987500
0.845833
0.825000
0.816667
0.812500
0.808333
0.816667
0.829167
0.816667
0.825000
0.808333
0.812500
0.812500
0.812500
0.820833
0.833333
0.783333
0.808333
0.845833
0.804167
0.816667
0.804167
0.820833
0.620833
0.970833
0.854167
0.841667
0.770833
0.858333
0.620833
1.008333
0.870833
0.800000
0.858333
0.841667
0.820833
0.787500
0.854167
0.841667
0.820833
0.866667
0.800000
0.812500
0.862500
0.829167
0.866667
0.566667
1.012500
0.870833
0.862500
0.858333
0.854167
0.850000
0.841667
0.837500
0.833333
0.829167
0.820833
0.791667
0.854167
0.850000
0.833333
0.820833
0.625000
1.000000
0.604167
1.000000
0.850000
0.837500
0.829167
0.833333
0.812500
0.816667
0.575000
0.991667
0.841667
0.816667
0.808333
0.833333
0.825000
0.820833
0.820833
0.812500
0.579167
1.004167
0.825000
0.808333
0.808333
0.816667
0.825000
0.825000
0.820833
0.812500
0.587500
1.004167
0.854167
0.825000
0.616667
0.991667
0.575000
0.987500
0.833333
0.825000
0.825000
0.820833
0.808333
0.820833
0.833333
0.837500
0.829167
0.845833
0.791667
0.866667
0.787500
0.883333
0.762500
0.812500
0.879167
0.795833
0.787500
0.858333
0.820833
0.833333
0.616667
0.979167
0.854167
0.812500
0.837500
0.783333
0.800000
0.516667
1.095833
0.862500
0.791667
0.816667
0.829167
0.795833
0.775000
0.850000
0.804167
0.829167
0.783333
0.795833
0.820833
0.837500
0.804167
0.775000
0.858333
0.783333
0.845833
0.779167
0.820833
0.833333
0.804167
0.783333
0.841667
0.833333
0.808333
0.775000
0.845833
0.825000
0.816667
0.783333
0.825000
0.829167
0.812500
0.787500
0.829167
0.825000
0.841667
0.804167
0.783333
0.870833
0.791667
0.883333
0.779167
0.791667
0.804167
0.829167
0.829167
0.837500
0.795833
0.787500
0.866667
0.795833
0.816667
0.808333
0.833333
0.779167
0.804167
0.816667
0.866667
0.791667
0.787500
0.850000
0.808333
0.825000
0.783333
0.862500
0.791667
0.883333
0.762500
0.812500
0.837500
0.837500
0.808333
0.787500
0.837500
0.812500
0.841667
0.808333
0.804167
0.783333
0.837500
0.816667
0.845833
0.770833
0.866667
0.791667
0.850000
0.783333
0.841667
0.833333
0.850000
0.800000
1.587500
0.895833
0.812500
0.829167
0.820833
0.820833
0.820833
0.833333
0.825000
0.825000
0.820833
0.816667
0.837500
0.837500
0.804167
0.804167
0.820833
0.791667
0.812500
0.800000
0.787500
0.854167
0.837500
0.808333
0.837500
0.816667
0.816667
0.812500
0.808333
0.833333
0.800000
0.858333
0.779167
0.825000
0.812500
0.795833
0.808333
0.808333
0.770833
0.841667
0.858333
0.779167
0.804167
0.833333
0.783333
0.783333
0.887500
0.775000
0.579167
1.033333
0.820833
0.779167
0.845833
0.779167
0.804167
0.795833
0.791667
0.800000
0.804167
0.875000
0.758333
0.816667
0.808333
0.812500
0.812500
0.825000
0.795833
0.791667
0.795833
0.833333
0.537500
1.058333
0.866667
0.775000
0.862500
0.791667
0.833333
0.762500
0.866667
0.816667
0.829167
0.825000
0.795833
0.862500
0.816667
0.837500
0.837500
0.787500
0.854167
0.858333
0.787500
0.850000
0.816667
0.820833
0.804167
0.837500
0.820833
0.820833
0.837500
0.837500
0.829167
0.829167
0.820833
0.837500
0.841667
0.837500
0.829167
0.825000
0.845833
0.825000
0.850000
0.833333
0.841667
0.808333
0.866667
0.837500
0.820833
0.833333
0.791667
0.820833
0.816667
0.829167
0.808333
0.800000
0.808333
0.812500
0.804167
0.800000
0.800000
0.804167
0.812500
0.808333
0.808333
0.808333
0.808333
0.808333
0.816667
0.812500
0.812500
0.804167
0.604167
0.979167
0.808333
0.800000
0.804167
0.808333
0.829167
0.825000
0.820833
0.812500
0.837500
0.829167
0.833333
0.833333
0.837500
0.837500
0.862500
0.816667
0.841667
0.825000
0.816667
0.866667
0.825000
0.845833
0.779167
0.883333
