0.895833
0.812500
0.812500
0.804167
0.812500
0.812500
0.737500
0.891667
0.808333
0.812500
0.808333
0.812500
0.620833
1.016667
0.816667
0.812500
0.804167
0.808333
0.808333
0.675000
0.950000
0.804167
0.812500
0.812500
0.658333
0.970833
0.812500
0.808333
0.812500
0.812500
0.808333
0.650000
0.987500
0.816667
0.812500
0.816667
0.675000
0.962500
0.812500
0.812500
0.812500
0.641667
0.995833
0.816667
0.812500
0.816667
0.812500
0.816667
0.675000
0.958333
0.808333
0.808333
0.804167
0.812500
0.812500
0.704167
0.925000
0.808333
0.808333
0.812500
0.729167
0.904167
0.812500
0.808333
0.820833
0.658333
0.979167
0.812500
0.812500
0.812500
0.700000
0.929167
0.808333
0.812500
0.808333
0.733333
0.895833
0.812500
0.816667
0.816667
0.733333
0.904167
0.816667
0.816667
0.812500
0.712500
0.916667
0.808333
0.808333
0.804167
0.808333
0.579167
1.058333
0.808333
0.808333
0.808333
0.612500
1.012500
0.808333
0.808333
0.812500
0.587500
1.041667
0.812500
0.816667
0.808333
0.608333
1.041667
0.816667
0.816667
0.816667
0.816667
0.816667
0.816667
0.816667
0.816667
0.816667
0.812500
0.816667
0.816667
0.812500
0.691667
0.950000
0.816667
0.816667
0.812500
0.816667
0.816667
0.816667
0.816667
0.820833
0.812500
0.816667
0.820833
0.816667
0.825000
0.820833
0.820833
0.825000
0.820833
0.820833
0.816667
0.816667
0.820833
0.816667
0.812500
0.812500
0.808333
0.812500
0.808333
0.808333
0.812500
0.812500
0.808333
0.812500
0.808333
0.808333
0.812500
0.812500
0.812500
0.816667
0.812500
0.816667
0.812500
0.816667
0.820833
0.766667
0.875000
0.812500
0.816667
0.820833
0.816667
0.675000
0.979167
0.820833
0.816667
0.816667
0.816667
0.812500
0.812500
0.816667
0.812500
0.820833
0.816667
0.820833
0.820833
0.820833
0.825000
0.820833
0.758333
0.883333
0.816667
0.816667
0.812500
0.745833
0.879167
0.804167
0.808333
0.808333
0.808333
0.808333
0.808333
0.808333
0.704167
0.925000
0.812500
0.808333
0.816667
0.695833
0.933333
0.808333
0.812500
0.808333
0.729167
0.900000
0.808333
0.816667
0.820833
0.670833
0.975000
0.820833
0.820833
0.816667
0.820833
0.820833
0.691667
0.966667
0.820833
0.820833
0.820833
0.679167
0.966667
0.716667
0.375000
0.620833
0.754167
0.816667
0.820833
0.725000
0.912500
0.825000
0.816667
0.829167
0.666667
1.000000
0.829167
0.825000
0.825000
0.820833
0.816667
0.816667
0.816667
0.820833
0.812500
0.687500
0.950000
0.808333
0.816667
0.816667
0.600000
1.054167
0.816667
0.820833
0.825000
0.608333
1.066667
0.825000
0.829167
0.825000
0.825000
0.820833
0.825000
0.812500
0.820833
0.820833
0.820833
0.820833
0.820833
0.820833
0.820833
0.825000
0.825000
0.825000
0.825000
0.829167
0.833333
0.837500
0.833333
0.833333
0.833333
0.833333
0.829167
0.825000
0.825000
0.820833
0.825000
0.829167
0.825000
0.829167
0.833333
0.825000
0.825000
0.820833
0.829167
0.683333
0.979167
0.825000
0.825000
0.825000
0.820833
0.820833
0.820833
0.816667
0.820833
0.816667
0.820833
0.816667
0.820833
0.816667
0.812500
0.816667
0.816667
0.816667
0.820833
0.816667
0.825000
0.700000
0.945833
0.820833
0.829167
0.825000
0.820833
0.825000
0.825000
0.825000
0.820833
0.825000
0.820833
0.691667
0.966667
0.825000
0.829167
0.829167
0.662500
1.000000
0.820833
0.833333
0.825000
0.829167
0.829167
0.829167
0.825000
0.825000
0.712500
0.941667
0.825000
0.825000
0.829167
0.687500
0.970833
0.820833
0.825000
0.825000
0.654167
1.012500
0.820833
0.829167
0.820833
0.820833
0.820833
0.687500
0.958333
0.820833
0.816667
0.820833
0.700000
0.950000
0.712500
0.370833
0.575000
0.837500
0.820833
0.825000
0.808333
0.845833
0.820833
0.825000
0.825000
0.566667
1.091667
0.820833
0.816667
0.812500
0.816667
0.816667
0.812500
0.816667
0.816667
0.816667
0.820833
0.637500
1.008333
0.729167
0.362500
0.612500
0.766667
0.816667
0.820833
0.820833
0.583333
1.087500
0.829167
0.829167
0.825000
0.825000
0.825000
0.716667
0.945833
0.820833
0.829167
0.825000
0.766667
0.887500
0.829167
0.829167
0.825000
0.833333
0.829167
0.829167
0.820833
0.820833
0.825000
0.820833
0.820833
0.820833
0.820833
0.750000
0.891667
0.816667
0.816667
0.816667
0.808333
0.816667
0.808333
0.816667
0.820833
0.820833
0.820833
0.820833
0.820833
0.820833
0.820833
0.816667
0.816667
0.816667
0.816667
0.820833
0.820833
0.820833
0.825000
0.825000
0.825000
0.820833
0.820833
0.825000
0.820833
0.825000
0.825000
0.825000
0.825000
0.820833
0.820833
0.816667
0.820833
0.816667
0.825000
0.820833
0.820833
0.816667
0.816667
0.820833
0.820833
0.829167
0.825000
0.829167
0.829167
0.820833
0.829167
0.825000
0.829167
0.825000
0.700000
0.966667
0.829167
0.825000
0.829167
0.825000
0.825000
0.825000
0.829167
0.825000
0.829167
0.833333
0.712500
0.945833
0.833333
0.829167
0.833333
0.833333
0.833333
0.837500
0.833333
0.833333
0.833333
0.637500
1.045833
0.837500
0.829167
0.833333
0.829167
0.825000
0.833333
0.833333
0.829167
0.679167
0.983333
0.820833
0.820833
0.825000
0.754167
0.895833
0.816667
0.816667
0.820833
0.683333
0.970833
0.820833
0.816667
0.816667
0.820833
0.820833
0.820833
0.820833
0.825000
0.820833
0.829167
0.829167
0.820833
0.825000
0.825000
0.825000
0.825000
0.825000
0.820833
0.829167
0.820833
0.825000
0.820833
0.816667
0.816667
0.812500
0.808333
0.808333
0.812500
0.808333
0.812500
0.808333
0.808333
0.808333
0.812500
0.812500
0.820833
0.816667
0.820833
0.820833
0.816667
0.820833
0.816667
0.812500
0.820833
0.820833
0.820833
0.820833
0.816667
0.820833
0.820833
0.816667
0.820833
0.825000
0.820833
0.825000
0.820833
0.820833
0.825000
0.825000
0.829167
0.825000
0.825000
0.829167
0.829167
0.833333
0.829167
0.833333
0.829167
0.829167
0.700000
0.962500
0.829167
0.820833
0.833333
0.691667
0.966667
0.829167
0.825000
0.820833
0.816667
0.816667
0.591667
1.033333
0.800000
0.795833
0.795833
0.795833
0.795833
0.804167
0.800000
0.800000
0.704167
0.904167
0.808333
0.812500
0.808333
0.712500
0.912500
0.812500
0.812500
0.812500
0.808333
0.816667
0.816667
0.812500
0.812500
0.812500
0.816667
0.650000
0.987500
0.808333
0.812500
0.812500
0.812500
0.816667
0.816667
0.816667
0.808333
0.812500
0.808333
0.808333
0.812500
0.808333
0.816667
0.816667
0.816667
0.816667
0.816667
0.812500
0.812500
0.820833
0.816667
0.816667
0.816667
0.816667
0.820833
0.820833
0.820833
0.820833
0.820833
0.825000
0.820833
0.820833
0.825000
0.712500
0.937500
0.820833
0.820833
0.820833
0.820833
0.825000
0.704167
0.950000
0.820833
0.825000
0.825000
0.825000
0.829167
0.712500
0.950000
0.825000
0.829167
0.825000
0.825000
0.829167
0.816667
0.829167
0.820833
0.820833
0.820833
0.816667
0.658333
0.991667
0.816667
0.816667
0.816667
0.816667
0.812500
0.816667
0.816667
0.812500
0.812500
0.816667
0.816667
0.812500
0.816667
0.820833
0.820833
0.820833
0.825000
0.825000
0.825000
0.825000
0.833333
0.833333
0.833333
0.833333
0.754167
0.920833
0.833333
0.837500
0.833333
0.837500
0.833333
0.833333
0.683333
1.008333
0.829167
0.833333
0.833333
0.633333
1.054167
0.837500
0.837500
0.833333
0.829167
0.841667
0.612500
1.062500
0.833333
0.829167
0.829167
0.833333
0.833333
0.625000
1.041667
0.829167
