0.375000
0.512500
0.770833
0.429167
0.350000
0.254167
0.312500
0.800000
0.337500
0.641667
0.795833
0.329167
0.629167
0.654167
0.458333
0.354167
0.816667
0.641667
0.179167
0.820833
0.400000
0.658333
0.550000
0.454167
0.358333
0.541667
0.275000
0.808333
0.345833
0.458333
0.729167
0.083333
0.354167
0.445833
0.437500
0.375000
0.370833
1.125000
0.129167
0.470833
0.350000
0.579167
0.241667
0.216667
0.604167
0.291667
0.520833
0.812500
0.820833
0.270833
0.341667
0.495833
0.525000
0.808333
0.812500
0.616667
0.204167
0.354167
0.466667
0.816667
0.437500
0.379167
0.829167
0.820833
0.275000
0.541667
0.808333
0.462500
0.354167
0.816667
0.270833
0.545833
0.808333
0.812500
0.812500
0.791667
0.804167
0.820833
0.829167
0.829167
0.825000
0.145833
0.666667
0.579167
0.237500
0.808333
0.795833
0.816667
0.408333
0.400000
0.804167
0.820833
1.637500
0.829167
0.837500
0.620833
0.220833
0.833333
0.825000
1.650000
0.841667
0.850000
0.845833
0.495833
0.333333
0.812500
0.812500
0.825000
0.825000
0.833333
0.820833
0.825000
0.833333
0.841667
0.854167
0.845833
0.833333
0.841667
0.833333
0.837500
0.845833
0.858333
0.862500
0.862500
0.841667
0.829167
0.833333
0.829167
0.829167
0.833333
0.825000
0.829167
0.841667
0.837500
0.850000
0.841667
0.833333
0.837500
0.850000
0.841667
0.833333
0.833333
0.845833
0.854167
0.854167
0.854167
0.850000
0.833333
0.833333
0.841667
0.850000
0.858333
0.845833
0.862500
0.870833
0.870833
0.854167
0.862500
0.875000
0.870833
0.862500
0.841667
0.845833
0.854167
0.858333
0.866667
0.870833
0.870833
0.841667
0.833333
0.837500
0.841667
0.833333
0.837500
0.845833
0.866667
0.866667
0.866667
0.862500
0.879167
0.875000
0.858333
0.837500
0.841667
0.850000
0.854167
0.854167
0.841667
0.837500
0.841667
0.850000
0.841667
0.850000
0.854167
0.858333
0.850000
0.858333
1.158333
0.583333
0.850000
0.604167
0.250000
0.854167
0.850000
0.454167
0.387500
0.275000
0.570833
0.854167
0.295833
0.445833
0.304167
0.279167
0.679167
0.512500
0.591667
0.254167
0.558333
0.275000
0.841667
0.370833
0.725000
0.566667
0.825000
0.841667
1.041667
0.620833
0.387500
0.441667
0.508333
0.325000
1.654167
0.820833
0.825000
0.825000
0.816667
0.800000
0.808333
0.808333
0.812500
0.812500
0.816667
0.800000
0.800000
0.804167
0.808333
0.820833
0.816667
0.812500
0.804167
0.804167
0.812500
0.812500
0.804167
0.825000
0.825000
0.829167
0.837500
0.841667
0.837500
0.833333
0.825000
0.820833
0.820833
0.829167
0.837500
0.845833
0.837500
0.829167
0.841667
0.841667
0.837500
0.833333
0.816667
0.808333
0.820833
0.829167
0.841667
0.858333
0.850000
0.825000
0.233333
0.308333
0.291667
0.462500
0.375000
0.837500
0.337500
0.487500
0.991667
0.641667
0.700000
0.729167
0.629167
0.375000
0.495833
0.320833
0.275000
0.545833
0.833333
0.495833
0.345833
0.591667
0.241667
0.470833
0.587500
0.575000
0.629167
0.187500
0.500000
0.320833
0.408333
0.420833
0.820833
0.487500
0.333333
0.825000
0.812500
0.804167
0.808333
0.808333
0.820833
0.812500
0.825000
0.354167
0.470833
0.829167
0.841667
0.845833
0.845833
0.837500
0.558333
1.091667
0.233333
0.345833
0.400000
0.520833
0.283333
0.666667
0.829167
0.812500
0.445833
0.362500
0.283333
0.254167
0.262500
0.258333
0.545833
0.525000
0.279167
0.804167
0.804167
0.800000
0.804167
0.787500
1.566667
1.737500
0.862500
0.862500
0.862500
0.858333
0.854167
0.850000
0.841667
0.820833
0.816667
0.816667
0.829167
0.841667
0.841667
0.850000
0.837500
0.458333
0.375000
0.404167
0.266667
0.958333
0.820833
0.495833
0.337500
0.833333
0.250000
0.595833
0.516667
0.337500
0.595833
0.254167
0.841667
0.395833
0.295833
0.395833
0.616667
0.850000
0.850000
0.841667
0.833333
0.841667
0.841667
0.850000
0.837500
0.820833
0.816667
0.829167
0.833333
0.833333
0.833333
0.816667
0.829167
0.825000
0.833333
0.825000
0.820833
0.270833
0.466667
0.887500
0.279167
0.545833
0.291667
0.291667
0.250000
0.241667
0.575000
0.012500
0.291667
0.283333
0.258333
0.229167
0.229167
0.383333
0.429167
0.416667
0.341667
0.275000
0.216667
0.216667
0.608333
0.229167
0.604167
0.387500
0.454167
0.445833
0.379167
0.704167
0.950000
0.450000
0.387500
0.245833
0.470833
0.679167
0.254167
0.475000
0.345833
0.841667
0.841667
0.833333
0.829167
0.829167
0.841667
0.850000
0.837500
0.850000
0.858333
0.858333
0.841667
0.837500
0.845833
0.841667
0.825000
0.808333
0.812500
0.858333
0.937500
0.904167
0.891667
0.883333
0.879167
0.858333
0.850000
0.850000
0.858333
0.866667
0.850000
0.833333
0.841667
0.850000
0.416667
0.437500
0.466667
0.362500
0.466667
0.375000
0.258333
0.583333
0.370833
0.470833
0.470833
0.458333
0.529167
0.216667
0.416667
0.412500
1.566667
0.154167
0.341667
0.433333
0.412500
0.429167
0.270833
0.566667
0.454167
0.379167
0.320833
0.525000
0.841667
0.595833
0.558333
0.191667
0.562500
0.287500
0.304167
0.358333
0.479167
0.270833
0.570833
0.829167
0.154167
0.691667
0.491667
0.358333
0.470833
0.379167
0.845833
0.291667
0.545833
0.683333
0.158333
0.358333
0.750000
0.575000
0.833333
0.345833
0.483333
0.295833
0.345833
0.679167
0.350000
0.250000
0.295833
0.287500
0.508333
0.691667
0.337500
0.954167
0.325000
0.629167
0.454167
0.516667
0.529167
0.287500
0.520833
0.441667
0.733333
0.441667
0.208333
0.595833
0.362500
0.437500
0.425000
0.379167
0.608333
0.441667
0.279167
0.300000
0.545833
0.250000
0.504167
0.483333
0.308333
0.308333
0.620833
0.187500
0.379167
0.433333
0.808333
0.179167
0.662500
0.870833
0.170833
0.516667
0.816667
0.495833
0.325000
0.816667
0.295833
0.516667
0.804167
0.804167
0.808333
0.820833
0.275000
0.554167
0.825000
0.829167
0.820833
0.825000
0.820833
0.829167
1.012500
0.670833
0.845833
1.675000
0.837500
0.829167
1.283333
1.191667
0.429167
0.337500
0.175000
0.683333
0.291667
0.383333
0.925000
0.604167
0.212500
0.795833
0.795833
0.283333
0.879167
1.208333
0.391667
0.395833
0.937500
1.354167
0.995833
0.637500
1.475000
0.895833
0.791667
1.466667
0.391667
0.520833
0.783333
0.791667
0.783333
1.191667
1.158333
0.787500
0.791667
1.570833
0.787500
0.791667
0.795833
0.791667
0.800000
0.795833
0.800000
0.804167
0.808333
0.808333
0.962500
1.437500
0.804167
1.237500
0.200000
0.395833
0.579167
1.616667
1.375000
0.570833
0.570833
0.191667
0.575000
0.579167
1.058333
0.816667
0.820833
0.825000
0.816667
0.254167
0.845833
0.395833
0.600000
0.795833
0.387500
0.391667
0.391667
0.795833
0.816667
1.387500
1.070833
0.408333
0.204167
0.620833
0.208333
0.637500
0.295833
0.808333
0.895833
0.720833
0.800000
0.804167
0.804167
0.870833
0.791667
0.745833
0.804167
0.270833
0.529167
0.508333
0.558333
0.300000
0.550000
0.462500
0.433333
0.375000
0.804167
0.475000
0.441667
0.195833
0.204167
0.279167
0.533333
0.275000
0.354167
0.454167
0.812500
0.816667
0.808333
0.795833
0.800000
0.808333
0.804167
1.604167
0.800000
0.804167
1.579167
0.791667
0.791667
0.795833
0.795833
0.558333
0.241667
0.650000
0.295833
0.200000
0.454167
0.800000
0.241667
0.216667
0.350000
0.487500
0.320833
0.316667
0.633333
0.420833
0.245833
0.608333
0.200000
0.820833
0.812500
0.812500
1.066667
0.425000
0.450000
0.487500
0.816667
0.808333
0.816667
0.387500
0.433333
0.820833
0.816667
1.695833
0.733333
0.383333
0.566667
0.233333
0.429167
0.800000
0.637500
0.950000
0.800000
0.212500
0.579167
1.075000
0.400000
0.395833
0.970833
1.225000
0.391667
0.362500
0.512500
0.683333
0.420833
0.633333
0.404167
0.583333
0.945833
0.708333
0.583333
0.200000
0.791667
0.812500
0.808333
0.808333
0.820833
1.620833
1.745833
0.691667
0.579167
0.229167
0.795833
0.812500
0.808333
0.816667
1.620833
0.950000
0.695833
1.720833
0.625000
0.625000
0.208333
0.412500
0.604167
0.404167
0.395833
0.195833
0.395833
0.783333
0.204167
0.408333
0.200000
0.404167
0.420833
0.412500
0.204167
0.412500
0.412500
0.204167
0.200000
0.391667
0.870833
0.412500
0.420833
0.204167
0.250000
0.566667
0.266667
0.583333
0.637500
0.212500
0.220833
0.454167
0.670833
0.220833
0.650000
0.429167
0.604167
0.762500
0.266667
0.216667
0.220833
0.225000
0.654167
0.420833
0.220833
0.208333
0.425000
0.400000
0.208333
0.791667
0.466667
0.333333
0.466667
0.412500
0.612500
0.204167
1.025000
0.820833
0.425000
0.400000
0.208333
0.200000
0.595833
0.195833
0.395833
0.395833
0.991667
0.195833
0.604167
0.408333
0.408333
0.208333
0.416667
0.204167
0.204167
0.204167
0.608333
0.200000
0.204167
0.416667
0.208333
0.408333
0.204167
0.200000
0.779167
0.416667
0.537500
0.791667
0.870833
0.837500
0.650000
0.795833
0.562500
0.216667
0.216667
0.220833
0.416667
0.208333
0.204167
0.208333
0.216667
0.208333
0.483333
0.370833
0.433333
0.450000
0.216667
0.587500
0.329167
0.291667
0.204167
0.204167
0.429167
0.204167
0.208333
0.200000
0.204167
0.208333
0.204167
0.404167
0.395833
0.395833
0.204167
0.400000
0.400000
0.604167
0.187500
0.787500
0.191667
0.208333
0.200000
0.187500
0.758333
0.729167
0.558333
0.570833
0.375000
0.370833
0.375000
0.620833
0.800000
0.208333
0.200000
0.408333
0.550000
0.233333
0.612500
0.829167
0.412500
0.270833
0.304167
0.375000
0.379167
0.204167
0.316667
0.420833
0.162500
0.254167
0.570833
0.383333
0.387500
0.762500
0.387500
0.583333
0.391667
1.200000
0.391667
0.591667
0.387500
0.195833
0.858333
1.070833
0.391667
1.033333
0.204167
1.458333
1.291667
3.429167
1.812500
0.808333
0.270833
