0.825000
0.979167
1.475000
0.987500
0.862500
0.841667
1.175000
0.954167
0.916667
0.645833
0.691667
1.470833
1.250000
1.408333
1.175000
0.979167
0.883333
0.604167
0.754167
1.079167
1.550000
0.783333
1.300000
1.150000
1.204167
0.820833
1.145833
1.125000
0.854167
1.025000
0.833333
1.004167
1.225000
1.037500
1.133333
1.108333
0.795833
0.904167
0.670833
1.412500
0.845833
0.704167
0.779167
0.966667
0.650000
0.758333
0.833333
0.683333
1.062500
0.654167
0.941667
0.920833
1.137500
0.787500
1.391667
0.983333
0.691667
0.708333
1.075000
0.712500
1.754167
0.729167
1.166667
1.066667
0.704167
0.679167
0.658333
0.970833
0.662500
1.612500
2.120833
0.750000
0.833333
0.775000
0.687500
1.200000
0.916667
1.495833
0.791667
0.770833
0.725000
0.870833
1.058333
1.025000
1.725000
0.641667
1.091667
1.316667
1.166667
0.854167
1.095833
1.066667
0.937500
1.020833
1.175000
0.687500
0.929167
1.408333
1.487500
1.383333
0.920833
0.837500
0.833333
0.679167
1.208333
0.816667
1.108333
1.000000
0.654167
1.391667
0.716667
1.145833
0.762500
0.916667
0.654167
1.312500
1.095833
1.108333
0.850000
0.675000
0.816667
1.241667
1.100000
0.841667
0.925000
1.579167
0.683333
1.075000
1.416667
1.258333
0.662500
0.929167
0.683333
1.004167
0.750000
1.204167
1.250000
0.745833
0.825000
0.891667
0.783333
1.295833
0.950000
1.370833
1.091667
1.100000
0.950000
1.408333
0.820833
0.866667
0.770833
0.712500
1.200000
0.666667
0.762500
0.962500
0.887500
0.766667
0.637500
0.737500
1.525000
1.050000
0.850000
0.687500
1.358333
1.079167
0.829167
1.541667
1.112500
0.700000
1.491667
0.662500
0.766667
1.154167
1.108333
0.808333
1.858333
0.858333
1.637500
1.041667
1.033333
0.870833
0.737500
1.016667
0.987500
1.016667
1.708333
1.258333
0.837500
0.766667
1.037500
1.141667
1.054167
0.675000
0.950000
0.687500
0.891667
0.629167
0.679167
0.854167
0.900000
1.008333
0.879167
0.875000
0.891667
1.166667
0.837500
0.879167
1.270833
1.066667
0.708333
1.095833
0.875000
0.845833
1.020833
1.079167
0.941667
0.854167
1.162500
1.212500
1.137500
0.933333
1.091667
1.308333
1.045833
1.358333
1.025000
1.637500
1.316667
0.875000
1.116667
1.437500
1.091667
0.683333
1.183333
0.937500
1.050000
0.808333
1.187500
0.862500
0.666667
0.745833
1.120833
0.787500
1.108333
0.879167
1.200000
1.329167
1.091667
0.825000
1.083333
1.200000
0.720833
1.158333
0.820833
1.087500
1.025000
1.595833
1.491667
1.245833
0.850000
0.820833
1.241667
0.708333
1.195833
1.408333
0.675000
1.250000
0.745833
1.133333
0.691667
1.104167
1.091667
0.912500
1.079167
0.733333
1.129167
1.437500
0.987500
0.691667
1.187500
0.966667
1.741667
1.062500
1.029167
0.704167
0.866667
1.283333
1.591667
0.570833
0.720833
0.850000
1.220833
1.595833
0.937500
1.670833
1.158333
1.200000
1.179167
0.916667
0.925000
1.200000
1.308333
1.083333
0.666667
1.116667
0.883333
1.341667
1.045833
1.245833
0.712500
1.162500
0.675000
0.666667
0.875000
0.675000
0.779167
1.279167
1.425000
1.416667
1.579167
1.425000
0.862500
0.808333
1.133333
0.945833
0.758333
1.004167
0.837500
0.700000
1.279167
0.662500
1.479167
1.162500
1.045833
0.754167
0.791667
1.150000
1.200000
0.866667
0.820833
0.820833
0.800000
0.691667
0.929167
0.766667
0.704167
0.829167
1.704167
0.875000
1.275000
1.570833
1.154167
1.379167
1.020833
0.783333
1.358333
0.933333
0.787500
0.662500
0.829167
1.500000
0.695833
0.916667
0.687500
0.679167
1.445833
1.341667
0.762500
0.991667
0.920833
1.062500
0.970833
0.937500
0.670833
0.941667
1.262500
0.945833
0.812500
1.125000
0.641667
0.912500
1.116667
0.854167
1.166667
1.608333
0.733333
1.012500
0.787500
1.033333
0.641667
0.845833
0.779167
0.837500
0.783333
1.279167
1.266667
0.995833
0.725000
0.645833
1.200000
0.879167
1.125000
1.500000
0.808333
0.754167
1.454167
1.175000
0.908333
1.041667
0.820833
0.950000
0.916667
1.029167
1.520833
1.170833
1.195833
0.829167
0.812500
0.683333
1.345833
1.600000
1.141667
1.158333
0.808333
1.045833
0.745833
1.329167
0.941667
1.070833
1.233333
1.025000
0.854167
0.783333
1.212500
1.083333
0.833333
1.079167
0.683333
0.970833
0.987500
1.312500
1.125000
1.166667
0.712500
1.037500
0.966667
1.029167
0.708333
1.491667
0.650000
1.512500
1.062500
1.008333
0.670833
0.662500
0.741667
0.629167
0.804167
0.950000
0.745833
0.866667
0.837500
0.712500
1.354167
0.870833
0.695833
0.875000
0.787500
0.925000
1.108333
1.254167
0.941667
0.912500
0.879167
0.862500
1.112500
1.120833
1.850000
1.283333
0.600000
0.737500
0.741667
1.025000
0.854167
0.800000
0.870833
0.666667
1.012500
1.441667
0.816667
1.087500
0.829167
0.912500
0.850000
1.441667
0.770833
1.254167
0.891667
1.562500
1.350000
0.658333
1.045833
0.650000
1.562500
0.987500
1.012500
1.062500
0.612500
0.775000
0.691667
0.833333
0.629167
0.741667
1.400000
0.916667
0.841667
0.679167
0.754167
0.800000
0.937500
0.725000
0.983333
1.250000
1.087500
1.112500
0.962500
1.141667
1.200000
1.475000
1.020833
0.941667
2.162500
0.875000
1.675000
0.670833
0.758333
0.604167
1.687500
0.766667
1.612500
1.266667
0.687500
0.916667
0.883333
0.612500
0.700000
0.937500
0.795833
1.129167
1.445833
0.675000
0.987500
0.904167
0.637500
1.275000
0.820833
0.808333
1.187500
1.195833
1.116667
1.008333
1.387500
0.745833
0.783333
0.950000
0.929167
0.837500
1.179167
1.245833
0.825000
1.150000
0.754167
1.008333
1.554167
0.912500
0.700000
1.375000
0.845833
0.891667
1.345833
0.741667
1.200000
1.520833
1.133333
1.141667
1.166667
1.041667
1.554167
1.716667
0.791667
0.891667
1.050000
1.016667
1.683333
0.662500
0.858333
1.612500
1.075000
1.066667
0.887500
1.479167
1.045833
0.750000
1.275000
0.783333
1.325000
0.745833
1.225000
0.770833
0.700000
1.241667
1.183333
0.920833
1.433333
0.687500
1.095833
