0.591667
0.591667
0.587500
0.591667
0.591667
0.591667
0.520833
0.250000
0.483333
0.600000
0.675000
0.616667
1.045833
0.370833
0.791667
0.595833
0.504167
0.662500
0.604167
0.600000
0.591667
0.595833
0.595833
0.587500
0.591667
0.591667
0.587500
0.587500
0.591667
0.587500
0.587500
0.591667
0.591667
0.587500
0.591667
0.595833
0.587500
0.591667
0.591667
0.754167
0.429167
0.587500
0.587500
0.587500
0.587500
0.583333
0.229167
0.941667
0.579167
0.583333
0.591667
0.362500
0.808333
0.579167
0.591667
0.587500
0.587500
0.591667
0.595833
0.587500
0.587500
0.587500
0.591667
0.591667
0.583333
0.587500
0.587500
0.604167
0.591667
0.591667
0.591667
0.587500
0.591667
0.591667
0.591667
0.587500
0.591667
0.591667
0.591667
0.595833
0.591667
0.587500
0.591667
0.600000
0.583333
0.583333
0.591667
0.520833
0.654167
0.587500
0.616667
0.604167
0.595833
0.591667
0.587500
0.591667
0.595833
0.595833
0.591667
0.595833
0.595833
0.583333
0.487500
0.679167
0.595833
0.587500
0.608333
0.595833
0.583333
0.587500
0.583333
0.583333
0.612500
0.600000
0.595833
0.587500
0.587500
0.583333
0.587500
0.587500
0.583333
0.587500
0.587500
0.587500
0.591667
0.583333
0.587500
0.587500
0.583333
0.579167
0.583333
0.591667
0.583333
0.604167
0.587500
0.587500
0.587500
0.583333
0.587500
0.583333
0.587500
0.591667
0.587500
0.587500
0.583333
0.587500
0.591667
0.587500
0.591667
0.587500
0.587500
0.591667
0.591667
0.595833
0.587500
0.595833
0.595833
0.595833
0.587500
0.595833
0.591667
0.587500
0.579167
0.587500
0.591667
0.587500
0.550000
0.595833
0.629167
0.604167
0.591667
0.587500
0.583333
0.591667
0.583333
0.587500
0.587500
0.583333
0.587500
0.587500
0.587500
0.575000
0.575000
0.608333
0.591667
0.587500
0.587500
0.587500
0.591667
0.591667
0.587500
0.587500
0.587500
0.591667
0.587500
0.591667
0.591667
0.591667
0.591667
0.591667
0.595833
0.591667
0.595833
0.600000
0.583333
0.575000
0.612500
0.612500
0.591667
0.595833
0.595833
0.591667
0.591667
0.591667
0.591667
0.595833
0.591667
0.558333
0.625000
0.575000
0.575000
0.604167
0.625000
0.600000
0.591667
0.600000
0.595833
0.695833
0.491667
0.587500
0.600000
0.587500
0.883333
1.950000
0.600000
0.125000
0.587500
0.583333
0.587500
0.583333
0.320833
0.245833
0.308333
0.879167
0.229167
0.354167
0.587500
0.587500
0.591667
0.587500
0.587500
0.583333
0.583333
0.608333
0.600000
0.591667
0.587500
0.587500
0.583333
0.587500
0.587500
0.583333
0.587500
0.587500
0.583333
0.591667
0.587500
0.591667
0.587500
0.587500
0.595833
0.591667
0.595833
0.595833
0.591667
0.591667
0.595833
0.595833
0.591667
0.591667
0.591667
0.550000
0.408333
0.445833
1.083333
0.345833
0.345833
0.229167
0.358333
0.633333
0.295833
0.575000
0.150000
0.270833
0.212500
0.329167
0.291667
0.570833
0.583333
0.591667
0.591667
0.587500
0.591667
0.587500
0.587500
0.595833
0.591667
0.587500
0.591667
0.591667
0.583333
0.583333
0.600000
0.595833
0.591667
0.595833
0.591667
0.591667
0.595833
0.595833
0.595833
0.595833
0.591667
0.595833
0.591667
0.600000
0.595833
0.591667
0.591667
0.583333
0.583333
0.608333
0.591667
0.587500
0.591667
0.591667
0.591667
0.591667
0.587500
0.587500
0.591667
0.591667
0.591667
0.591667
0.587500
0.591667
0.591667
0.587500
0.383333
0.266667
0.208333
0.512500
0.541667
0.520833
0.495833
0.583333
0.583333
0.591667
0.583333
0.583333
0.583333
0.583333
0.587500
0.587500
0.587500
0.587500
0.587500
0.587500
0.595833
0.587500
0.587500
0.579167
0.583333
0.591667
0.583333
0.258333
0.325000
0.608333
0.587500
0.591667
0.591667
0.591667
0.587500
0.587500
0.591667
0.591667
0.591667
0.587500
0.587500
0.591667
0.591667
0.591667
0.583333
0.587500
0.587500
0.575000
0.579167
0.604167
0.587500
0.587500
0.587500
0.587500
0.587500
0.362500
0.816667
0.595833
0.583333
0.587500
0.591667
0.591667
0.583333
0.541667
0.395833
0.220833
0.287500
0.904167
0.591667
0.591667
0.587500
0.500000
0.666667
0.595833
0.595833
0.591667
0.587500
0.595833
0.587500
0.579167
0.579167
0.620833
0.600000
0.595833
0.591667
0.591667
0.595833
0.591667
0.591667
0.591667
0.587500
0.587500
0.595833
0.587500
0.591667
0.591667
0.587500
0.587500
0.591667
0.416667
0.212500
0.541667
0.579167
0.591667
0.583333
0.587500
0.583333
0.587500
0.595833
0.591667
0.583333
0.583333
0.604167
0.587500
0.587500
0.587500
0.595833
0.587500
0.587500
0.587500
0.591667
0.587500
0.587500
0.587500
0.591667
0.591667
0.591667
0.587500
0.587500
0.591667
0.587500
0.591667
0.583333
0.587500
0.579167
0.579167
0.579167
0.612500
0.583333
0.583333
0.587500
0.587500
0.583333
0.587500
0.583333
0.587500
0.591667
0.587500
0.591667
0.591667
0.587500
0.591667
0.591667
0.583333
0.575000
0.608333
0.595833
0.595833
0.595833
0.587500
0.595833
0.587500
0.595833
0.591667
0.591667
0.591667
0.587500
0.587500
0.595833
0.587500
0.587500
0.591667
0.595833
0.591667
0.587500
0.595833
0.591667
0.595833
0.595833
0.591667
0.591667
1.187500
0.591667
0.595833
0.587500
0.591667
0.595833
0.591667
0.595833
0.587500
0.591667
0.591667
0.591667
0.591667
0.587500
0.591667
0.591667
0.587500
0.591667
0.587500
0.591667
0.587500
0.591667
0.583333
0.587500
0.587500
0.595833
0.591667
0.583333
0.591667
0.587500
0.608333
0.587500
0.591667
0.591667
0.591667
0.587500
0.587500
0.595833
0.591667
0.591667
0.591667
0.591667
0.591667
0.591667
0.595833
0.595833
0.595833
0.595833
0.591667
0.595833
0.595833
0.595833
0.595833
0.591667
0.587500
0.579167
0.591667
0.616667
0.604167
0.595833
0.591667
0.595833
0.595833
0.595833
0.595833
0.591667
0.595833
0.600000
0.595833
0.587500
0.583333
0.587500
0.595833
0.616667
0.537500
0.650000
0.587500
0.595833
0.591667
0.591667
0.587500
0.591667
0.595833
0.587500
0.591667
0.587500
0.591667
0.591667
0.591667
0.583333
0.591667
0.591667
0.583333
0.587500
0.583333
0.587500
0.583333
0.583333
0.591667
0.587500
0.591667
0.583333
0.583333
0.587500
0.587500
0.583333
0.579167
0.583333
0.600000
0.591667
0.583333
0.587500
0.587500
0.583333
0.587500
0.591667
0.587500
0.587500
0.587500
0.587500
0.591667
0.591667
0.587500
0.587500
0.591667
0.591667
0.587500
0.579167
0.587500
0.591667
0.587500
0.595833
0.591667
0.595833
0.595833
0.587500
0.587500
0.583333
0.591667
0.591667
0.587500
0.575000
0.616667
0.591667
0.591667
0.591667
0.591667
0.591667
0.591667
0.591667
0.591667
0.595833
0.591667
0.591667
0.591667
0.595833
0.591667
0.583333
0.587500
0.608333
0.600000
0.591667
0.595833
0.595833
0.591667
0.591667
0.595833
0.591667
0.591667
0.587500
0.595833
0.591667
0.587500
0.591667
0.591667
0.591667
0.591667
0.591667
0.587500
0.587500
0.587500
0.587500
0.591667
0.587500
0.587500
0.591667
0.587500
0.583333
0.579167
0.608333
0.587500
0.587500
0.591667
0.591667
0.591667
0.587500
0.587500
0.445833
0.741667
0.595833
0.587500
0.595833
0.583333
0.279167
0.487500
0.437500
0.525000
0.675000
0.591667
0.604167
0.604167
0.595833
0.600000
0.600000
0.591667
0.591667
0.604167
0.595833
0.600000
0.591667
0.595833
0.595833
0.583333
0.591667
0.616667
0.600000
0.595833
0.600000
0.600000
0.595833
0.600000
0.600000
0.595833
0.604167
0.604167
0.600000
0.600000
0.583333
0.591667
0.591667
0.612500
0.612500
0.595833
0.591667
0.595833
0.595833
0.595833
0.595833
0.591667
0.595833
0.595833
0.591667
0.591667
0.279167
0.300000
0.587500
0.612500
0.604167
0.312500
0.283333
0.608333
0.600000
0.600000
0.595833
0.600000
0.604167
0.595833
0.600000
0.600000
0.595833
0.600000
0.591667
0.587500
0.591667
0.604167
0.325000
0.275000
0.591667
0.591667
0.587500
0.587500
0.533333
0.579167
0.620833
0.625000
0.620833
0.591667
0.591667
0.587500
0.254167
0.337500
0.325000
1.079167
0.362500
0.412500
0.466667
0.245833
0.800000
1.008333
1.170833
1.179167
0.583333
0.587500
0.591667
0.591667
0.587500
0.583333
0.587500
0.570833
0.612500
0.587500
0.587500
0.583333
0.583333
0.587500
0.587500
0.587500
0.583333
0.587500
0.587500
0.483333
0.104167
0.345833
0.408333
0.420833
0.587500
0.583333
0.579167
0.583333
0.570833
0.595833
0.612500
0.587500
0.591667
0.587500
0.591667
0.583333
0.591667
0.591667
0.587500
0.591667
0.587500
0.591667
0.591667
0.591667
0.591667
0.591667
0.591667
0.395833
0.200000
0.595833
0.583333
0.587500
0.591667
0.600000
0.591667
0.591667
0.591667
0.591667
0.595833
0.595833
0.583333
0.587500
0.587500
0.591667
0.591667
0.587500
0.587500
0.591667
0.600000
0.595833
0.229167
0.358333
0.587500
0.595833
0.695833
0.466667
0.379167
0.320833
0.350000
0.691667
0.579167
0.620833
0.583333
0.587500
0.583333
0.583333
0.583333
0.587500
0.583333
0.587500
0.587500
0.587500
0.583333
0.587500
0.570833
0.583333
0.608333
0.591667
0.587500
0.587500
0.583333
0.587500
0.587500
0.583333
0.191667
0.391667
0.583333
0.579167
0.583333
0.312500
0.270833
0.583333
0.300000
0.370833
0.445833
0.612500
0.587500
0.408333
0.750000
0.583333
0.575000
0.229167
0.345833
0.579167
0.575000
0.429167
0.779167
0.520833
0.429167
0.733333
0.579167
0.575000
0.583333
0.579167
0.583333
0.575000
0.583333
0.579167
0.579167
0.575000
0.579167
0.575000
0.575000
0.575000
0.483333
0.650000
0.579167
0.566667
0.587500
0.575000
0.575000
0.583333
0.579167
0.579167
0.579167
0.583333
0.583333
0.575000
0.579167
0.575000
0.575000
0.579167
0.579167
0.575000
0.516667
0.637500
0.575000
0.575000
0.575000
0.579167
0.575000
0.579167
0.579167
0.579167
0.579167
0.575000
0.579167
0.579167
0.591667
0.591667
0.591667
0.591667
0.575000
0.591667
0.587500
0.583333
0.591667
0.583333
0.587500
0.583333
0.587500
0.579167
0.583333
0.587500
0.583333
0.587500
0.579167
0.587500
0.587500
0.287500
0.295833
0.287500
0.291667
0.587500
0.583333
0.587500
0.583333
0.583333
0.600000
0.275000
0.208333
0.679167
0.587500
0.579167
0.316667
0.275000
0.587500
0.587500
0.583333
0.541667
0.629167
0.579167
0.583333
0.575000
0.575000
0.575000
0.575000
0.575000
0.579167
0.579167
0.579167
0.575000
0.583333
0.570833
0.575000
0.604167
0.583333
0.587500
0.750000
0.420833
0.754167
0.412500
0.587500
0.587500
0.583333
0.583333
0.579167
0.579167
0.579167
0.579167
0.575000
0.604167
0.587500
