1.087500
0.775000
1.116667
1.091667
0.770833
1.129167
0.800000
1.120833
1.091667
0.704167
1.195833
0.795833
1.116667
0.725000
2.279167
1.091667
1.083333
0.895833
1.116667
1.087500
0.733333
1.191667
1.087500
1.091667
1.087500
1.083333
0.966667
1.125000
1.087500
1.087500
0.945833
1.208333
1.087500
1.087500
0.933333
1.191667
1.091667
1.087500
1.087500
1.091667
1.083333
1.087500
1.087500
1.087500
1.087500
1.087500
1.087500
1.091667
1.087500
1.087500
1.083333
1.091667
1.087500
1.087500
1.091667
1.083333
0.554167
1.191667
1.087500
0.691667
0.583333
1.179167
1.091667
0.675000
1.195833
1.087500
0.687500
1.187500
0.537500
1.191667
1.079167
0.712500
1.191667
0.533333
1.191667
1.087500
1.091667
1.083333
1.087500
1.087500
1.091667
1.083333
1.091667
1.087500
1.087500
1.087500
1.087500
1.087500
1.087500
1.087500
1.095833
1.079167
1.091667
1.087500
1.087500
1.087500
1.087500
1.087500
1.087500
1.087500
1.091667
1.083333
1.087500
1.091667
1.083333
1.091667
1.087500
1.087500
1.087500
1.087500
1.095833
1.079167
1.087500
1.091667
1.087500
1.087500
1.087500
1.658333
1.091667
0.691667
1.187500
0.620833
1.187500
1.087500
0.679167
0.608333
1.183333
0.716667
1.191667
1.083333
0.775000
1.116667
1.087500
0.683333
1.187500
1.087500
0.687500
1.191667
1.091667
0.758333
1.116667
1.091667
0.700000
1.195833
0.745833
0.558333
2.279167
0.700000
1.195833
2.175000
1.087500
1.087500
1.012500
0.445833
1.145833
1.095833
0.791667
1.116667
1.087500
1.087500
1.087500
1.087500
1.091667
1.087500
1.087500
1.087500
1.087500
1.087500
0.500000
0.679167
1.195833
1.091667
1.087500
1.087500
1.087500
1.087500
1.087500
0.858333
1.195833
0.725000
1.187500
1.087500
1.087500
0.958333
1.212500
0.758333
0.608333
1.120833
0.716667
1.204167
0.733333
1.929167
2.070833
0.554167
2.279167
2.179167
2.058333
0.491667
3.291667
3.133333
3.300000
1.087500
1.087500
1.087500
1.091667
1.087500
1.091667
1.008333
1.116667
1.091667
1.083333
1.091667
1.091667
1.087500
1.083333
1.091667
1.087500
1.091667
0.683333
1.195833
1.087500
0.800000
1.116667
0.729167
1.200000
1.087500
0.766667
1.120833
1.087500
1.087500
1.091667
1.087500
1.083333
1.087500
1.087500
0.950000
1.195833
1.087500
1.087500
1.033333
0.562500
1.187500
0.508333
1.187500
1.087500
0.700000
1.195833
0.833333
0.537500
1.116667
1.091667
0.700000
1.195833
1.087500
0.795833
1.116667
1.087500
0.779167
1.116667
1.087500
0.716667
1.195833
1.087500
1.087500
1.087500
1.087500
1.087500
1.091667
0.712500
1.200000
1.083333
1.087500
1.087500
0.783333
0.429167
1.125000
0.891667
1.116667
1.087500
1.083333
1.091667
1.087500
1.091667
0.691667
1.191667
1.091667
1.087500
1.087500
0.687500
1.191667
1.091667
0.712500
1.195833
0.729167
1.200000
1.087500
0.925000
1.120833
1.087500
0.700000
1.195833
0.804167
1.125000
1.087500
1.091667
1.083333
1.087500
1.091667
1.087500
1.087500
1.087500
1.087500
0.679167
1.204167
1.091667
0.708333
0.791667
1.120833
1.087500
1.083333
0.954167
1.191667
1.083333
1.091667
1.083333
1.091667
1.087500
1.087500
0.908333
1.183333
1.095833
1.083333
1.020833
0.491667
1.120833
1.087500
0.766667
1.112500
1.087500
0.683333
0.600000
1.837500
1.191667
0.720833
2.279167
0.762500
2.204167
0.783333
2.208333
0.766667
1.116667
1.083333
0.695833
1.195833
1.091667
0.920833
1.112500
1.091667
0.770833
1.112500
1.087500
1.087500
1.087500
1.091667
1.083333
0.879167
0.220833
0.983333
1.112500
1.087500
1.087500
1.104167
1.075000
1.087500
1.087500
0.929167
1.200000
1.087500
1.095833
1.008333
0.450000
1.066667
1.170833
1.087500
1.087500
1.087500
0.945833
1.141667
0.525000
1.091667
0.466667
0.229167
1.187500
1.091667
0.779167
1.195833
1.091667
0.804167
1.129167
1.087500
0.679167
1.191667
1.087500
0.783333
1.212500
1.083333
0.833333
1.129167
1.087500
0.687500
1.191667
1.087500
0.841667
1.116667
1.091667
0.775000
1.191667
1.083333
0.804167
1.120833
1.087500
0.737500
1.191667
1.091667
0.487500
0.262500
0.541667
0.587500
1.087500
1.095833
2.137500
1.087500
0.691667
1.191667
1.087500
0.754167
1.116667
1.091667
0.670833
1.195833
1.087500
0.683333
1.187500
0.533333
1.191667
0.550000
0.666667
1.200000
0.712500
1.191667
1.091667
0.775000
1.112500
1.087500
0.762500
1.191667
1.087500
0.708333
1.191667
1.091667
0.704167
1.191667
1.087500
0.733333
1.191667
1.087500
0.845833
1.200000
1.087500
1.083333
1.033333
0.445833
2.237500
1.083333
1.091667
0.929167
1.195833
1.091667
1.083333
0.525000
0.433333
1.191667
1.091667
0.695833
1.191667
1.087500
1.091667
1.083333
1.087500
1.091667
1.087500
0.558333
0.258333
1.250000
1.083333
1.091667
1.087500
1.083333
0.841667
1.195833
1.087500
1.083333
1.091667
1.087500
1.062500
1.112500
1.087500
1.087500
1.054167
0.687500
0.516667
0.250000
0.491667
2.208333
2.175000
2.175000
2.175000
1.091667
1.000000
1.116667
1.091667
1.083333
1.087500
1.091667
0.500000
1.187500
0.529167
1.187500
1.091667
0.758333
1.108333
1.091667
0.687500
1.191667
1.087500
0.687500
1.191667
1.087500
0.691667
1.200000
1.083333
0.766667
1.116667
1.087500
0.908333
0.466667
0.475000
1.929167
2.283333
0.733333
2.208333
0.754167
2.975000
0.745833
2.208333
0.737500
2.204167
0.675000
2.291667
3.266667
0.891667
1.112500
1.091667
1.091667
1.083333
1.083333
0.987500
1.191667
1.087500
1.091667
1.083333
1.087500
0.704167
0.645833
1.120833
1.091667
0.683333
1.191667
1.091667
0.691667
2.283333
0.662500
1.212500
1.091667
0.541667
1.187500
1.091667
