0.900000
0.908333
0.912500
0.891667
0.875000
0.895833
0.904167
0.916667
0.908333
0.900000
0.916667
0.912500
0.908333
0.895833
0.891667
0.900000
0.912500
0.895833
0.895833
0.875000
0.875000
0.887500
0.887500
0.858333
0.850000
0.850000
0.862500
0.866667
0.854167
0.850000
0.845833
0.858333
0.858333
0.854167
0.837500
0.850000
0.870833
0.883333
0.875000
0.866667
0.879167
0.887500
0.891667
0.883333
0.875000
0.887500
0.904167
0.887500
0.862500
0.850000
0.858333
0.854167
0.854167
0.854167
0.841667
0.845833
0.850000
0.854167
0.858333
0.837500
0.854167
0.854167
0.870833
0.854167
0.837500
0.891667
0.862500
0.862500
0.854167
0.850000
0.850000
0.854167
0.845833
0.833333
0.833333
0.850000
0.841667
0.862500
0.850000
0.870833
0.879167
0.879167
0.870833
0.854167
0.862500
0.870833
0.887500
0.879167
0.875000
0.891667
0.895833
0.912500
0.879167
0.870833
0.875000
0.887500
0.895833
0.879167
0.862500
0.887500
0.879167
0.883333
0.891667
0.870833
0.883333
0.891667
0.891667
0.879167
0.875000
0.887500
0.891667
0.883333
0.883333
0.879167
0.904167
0.904167
0.904167
0.879167
0.895833
0.891667
0.912500
0.891667
0.887500
0.875000
0.887500
0.866667
0.870833
0.854167
0.841667
0.841667
0.862500
0.854167
0.850000
0.837500
0.845833
0.854167
0.850000
0.850000
0.845833
0.845833
0.866667
0.845833
0.816667
0.795833
0.812500
0.829167
0.875000
0.875000
0.883333
0.870833
0.891667
0.916667
0.920833
0.887500
0.883333
0.895833
0.895833
0.900000
0.900000
0.887500
0.891667
0.891667
0.875000
0.854167
0.841667
0.850000
0.870833
0.862500
0.850000
0.845833
0.875000
0.887500
0.870833
0.870833
0.858333
0.879167
0.900000
0.908333
0.904167
0.900000
0.904167
0.908333
0.895833
0.887500
0.875000
0.904167
0.904167
0.912500
0.920833
0.904167
0.920833
0.929167
0.933333
0.925000
0.904167
0.908333
0.916667
0.920833
0.920833
0.916667
0.925000
0.937500
0.941667
0.929167
0.920833
0.920833
0.929167
0.916667
0.916667
0.900000
0.904167
0.908333
0.891667
0.862500
0.850000
0.858333
0.875000
0.866667
0.854167
0.866667
0.866667
0.845833
0.829167
0.841667
0.858333
0.854167
0.845833
0.845833
0.850000
0.887500
0.879167
0.870833
0.870833
0.891667
0.891667
0.879167
0.875000
0.904167
0.916667
0.908333
0.887500
0.870833
0.845833
0.820833
0.841667
0.870833
0.870833
0.879167
0.887500
0.916667
0.929167
0.904167
0.883333
0.916667
0.912500
0.912500
0.900000
0.891667
0.908333
0.875000
0.866667
0.875000
0.895833
0.891667
0.887500
0.870833
0.887500
0.875000
0.887500
0.870833
0.841667
0.858333
0.887500
0.900000
0.937500
0.920833
0.925000
0.920833
0.900000
0.912500
0.916667
0.937500
0.929167
0.925000
0.929167
0.925000
0.904167
0.891667
0.895833
0.908333
0.916667
0.904167
0.883333
0.858333
0.866667
0.854167
0.862500
0.845833
0.833333
0.833333
0.850000
0.866667
0.858333
0.850000
0.845833
0.854167
0.854167
0.841667
0.833333
0.845833
0.858333
0.866667
0.858333
0.866667
0.895833
0.895833
0.887500
0.870833
0.875000
0.883333
0.887500
0.891667
0.866667
0.875000
0.883333
0.887500
0.883333
0.883333
0.904167
0.925000
0.929167
0.895833
0.875000
0.879167
0.904167
0.920833
0.908333
0.908333
0.916667
0.900000
0.887500
0.879167
0.875000
0.879167
0.883333
0.862500
0.845833
0.854167
0.845833
0.862500
0.866667
0.854167
0.850000
0.866667
0.870833
0.879167
0.858333
0.883333
0.870833
0.862500
0.845833
0.850000
0.866667
0.887500
0.887500
0.862500
0.854167
0.854167
0.850000
1.687500
0.837500
0.845833
0.841667
0.854167
0.850000
0.870833
0.891667
0.883333
0.866667
0.883333
0.875000
0.887500
0.870833
0.870833
0.879167
0.895833
0.900000
0.908333
0.879167
0.904167
0.925000
0.900000
0.887500
0.891667
0.912500
0.920833
0.925000
0.929167
0.908333
0.920833
0.916667
0.920833
0.920833
0.900000
0.887500
0.887500
0.908333
0.887500
0.875000
0.862500
0.870833
0.875000
0.875000
0.854167
0.850000
0.854167
0.870833
0.870833
0.850000
0.858333
0.866667
0.862500
0.858333
0.854167
0.875000
0.904167
0.900000
0.883333
0.879167
0.887500
0.891667
0.891667
0.879167
0.887500
0.908333
0.912500
0.887500
0.875000
0.883333
0.887500
0.891667
0.883333
0.883333
0.900000
0.887500
0.887500
0.883333
0.900000
0.908333
0.895833
0.895833
0.883333
0.912500
0.929167
0.950000
0.958333
0.950000
0.941667
0.962500
0.962500
0.950000
0.937500
0.958333
0.970833
0.987500
0.995833
0.991667
0.983333
0.983333
0.987500
0.958333
0.925000
0.937500
0.920833
0.912500
0.583333
0.312500
0.858333
0.858333
1.700000
0.833333
0.825000
0.837500
0.845833
0.841667
0.829167
0.841667
0.858333
0.875000
0.866667
0.858333
0.862500
0.887500
0.879167
0.854167
0.829167
0.787500
0.816667
0.858333
0.900000
0.920833
0.925000
0.912500
0.904167
0.883333
0.858333
0.816667
0.841667
0.845833
0.895833
0.895833
0.912500
0.925000
0.925000
0.950000
0.941667
0.908333
0.912500
0.916667
0.916667
0.925000
0.925000
0.933333
0.929167
0.900000
0.891667
0.883333
0.870833
0.870833
0.895833
0.912500
0.883333
0.879167
0.866667
0.754167
1.137500
0.708333
0.845833
0.862500
0.779167
0.979167
0.875000
0.883333
0.912500
0.920833
0.908333
0.883333
0.920833
0.858333
0.920833
0.887500
0.862500
0.854167
0.866667
0.862500
0.858333
0.841667
0.825000
0.837500
0.841667
0.837500
0.833333
0.845833
0.879167
0.866667
0.870833
0.866667
0.862500
0.904167
0.883333
0.887500
0.912500
0.916667
0.904167
0.895833
0.900000
0.904167
0.895833
0.875000
0.883333
0.895833
0.900000
0.904167
0.887500
0.895833
0.900000
0.891667
0.887500
0.887500
0.887500
0.866667
0.862500
0.879167
0.904167
0.912500
0.912500
0.904167
0.916667
0.925000
0.904167
0.912500
0.916667
0.920833
0.908333
0.904167
0.920833
0.908333
0.908333
0.900000
0.883333
0.895833
0.887500
0.866667
0.862500
0.854167
0.879167
1.029167
0.666667
0.870833
0.891667
0.900000
0.887500
0.887500
0.895833
0.883333
0.887500
0.895833
0.883333
0.895833
0.879167
0.862500
0.870833
0.870833
0.866667
0.858333
0.862500
0.887500
0.904167
0.916667
0.891667
0.883333
0.908333
0.895833
0.883333
0.866667
0.879167
0.895833
0.895833
0.875000
0.866667
0.870833
0.870833
0.866667
0.858333
0.845833
0.858333
0.875000
0.879167
0.862500
0.862500
0.870833
0.866667
0.862500
0.845833
0.850000
0.858333
0.883333
0.879167
0.862500
0.870833
0.870833
0.883333
0.870833
0.866667
0.875000
0.887500
0.883333
0.879167
0.866667
0.887500
0.870833
0.854167
0.854167
0.862500
0.862500
0.875000
0.870833
0.866667
0.883333
0.895833
0.862500
0.854167
0.854167
0.854167
0.866667
0.858333
0.845833
0.858333
0.887500
0.883333
0.850000
0.845833
0.850000
0.841667
0.841667
0.833333
