0.737500
0.729167
0.729167
0.745833
0.745833
0.741667
0.733333
0.758333
0.754167
0.750000
0.566667
0.929167
0.750000
0.612500
0.895833
0.520833
0.995833
0.741667
0.670833
0.800000
0.729167
0.737500
0.737500
0.716667
0.729167
0.745833
0.745833
0.750000
0.758333
0.716667
0.762500
0.762500
0.554167
0.987500
0.758333
0.754167
0.562500
0.954167
0.720833
0.762500
0.745833
0.733333
0.745833
0.758333
0.741667
0.750000
0.745833
0.758333
0.754167
0.583333
0.870833
0.754167
0.775000
0.741667
0.737500
0.762500
0.733333
0.766667
0.704167
0.750000
0.770833
0.745833
0.733333
0.750000
0.754167
0.745833
0.733333
0.754167
0.754167
0.758333
0.745833
0.754167
0.762500
0.762500
0.737500
0.758333
0.758333
0.754167
0.745833
0.762500
0.762500
0.762500
0.754167
0.770833
0.775000
0.779167
0.762500
0.783333
0.779167
0.783333
0.766667
0.775000
0.783333
0.779167
0.762500
0.775000
0.779167
0.775000
0.762500
0.783333
0.779167
0.766667
0.762500
0.783333
0.783333
0.775000
0.766667
0.779167
0.775000
0.766667
0.750000
0.766667
0.766667
0.750000
0.745833
0.758333
0.762500
0.741667
0.750000
0.766667
0.762500
0.754167
0.745833
0.762500
0.766667
0.745833
0.741667
0.762500
0.754167
0.754167
0.737500
0.758333
0.754167
0.762500
0.745833
0.754167
0.758333
0.766667
0.520833
1.004167
0.754167
0.754167
0.737500
0.737500
0.754167
0.758333
0.758333
0.745833
0.762500
0.762500
0.754167
0.745833
0.762500
0.766667
0.770833
0.750000
0.754167
0.554167
1.000000
0.762500
0.741667
0.762500
0.754167
0.754167
0.741667
0.745833
0.750000
0.750000
0.741667
0.741667
0.750000
0.754167
0.737500
0.566667
0.954167
0.620833
0.883333
0.733333
0.750000
0.745833
0.741667
0.741667
0.733333
0.750000
0.754167
0.745833
0.741667
0.758333
0.758333
0.754167
0.741667
0.754167
0.754167
0.750000
0.741667
0.745833
0.754167
0.758333
0.741667
0.745833
0.762500
0.766667
0.758333
0.754167
0.770833
0.766667
0.770833
0.754167
0.766667
0.779167
0.775000
0.754167
0.787500
0.779167
0.762500
0.758333
0.770833
0.758333
0.750000
0.750000
0.766667
0.779167
0.750000
0.750000
0.766667
0.766667
0.762500
0.750000
0.762500
0.766667
0.758333
0.745833
0.750000
0.758333
0.758333
0.737500
0.741667
0.754167
0.754167
0.750000
0.745833
0.754167
0.750000
0.741667
0.762500
0.766667
0.754167
0.545833
1.008333
0.612500
0.433333
0.529167
0.695833
0.754167
0.679167
0.845833
0.745833
0.762500
0.762500
0.754167
0.566667
0.954167
0.758333
0.750000
0.733333
0.745833
0.745833
0.754167
0.741667
0.745833
0.750000
0.750000
0.737500
0.741667
0.750000
0.750000
0.733333
0.733333
0.750000
0.750000
0.741667
0.733333
0.495833
0.633333
0.479167
0.679167
0.720833
0.741667
0.737500
0.741667
0.737500
0.645833
0.854167
0.745833
0.733333
0.741667
0.754167
0.758333
0.745833
0.762500
0.762500
0.762500
0.750000
0.770833
0.775000
0.779167
0.758333
0.754167
0.770833
0.775000
0.766667
0.754167
0.783333
0.779167
0.762500
0.758333
0.750000
0.758333
0.550000
0.987500
0.591667
0.916667
0.733333
0.729167
0.733333
0.708333
0.704167
0.600000
0.625000
0.658333
0.670833
0.704167
0.658333
0.704167
0.491667
0.870833
0.570833
0.795833
0.650000
0.704167
0.662500
0.708333
0.650000
0.662500
0.700000
0.658333
0.708333
0.683333
0.720833
0.687500
0.687500
0.679167
0.687500
0.733333
0.691667
0.700000
0.695833
0.741667
0.729167
0.729167
0.725000
0.729167
0.587500
0.908333
0.529167
0.195833
0.250000
0.558333
0.741667
0.708333
0.712500
0.716667
0.695833
0.683333
0.666667
0.687500
0.645833
0.650000
0.637500
0.637500
0.629167
0.625000
0.612500
0.604167
0.783333
0.433333
0.604167
0.600000
0.200000
0.404167
0.583333
0.595833
1.208333
0.604167
0.604167
0.608333
0.595833
0.608333
0.612500
0.608333
0.600000
0.608333
1.200000
0.600000
0.612500
0.608333
0.612500
0.604167
0.608333
0.608333
0.608333
0.612500
0.604167
0.608333
0.625000
0.620833
0.616667
0.637500
0.633333
0.616667
0.620833
0.633333
0.612500
0.625000
0.616667
0.620833
0.633333
0.637500
0.625000
0.625000
0.658333
0.645833
0.650000
0.629167
0.654167
0.637500
0.583333
0.054167
0.616667
0.637500
0.625000
0.629167
0.625000
0.620833
0.616667
0.633333
0.633333
0.637500
0.645833
0.641667
0.650000
0.666667
0.666667
0.666667
0.675000
0.670833
0.654167
0.675000
0.679167
0.675000
0.675000
0.675000
0.683333
0.691667
0.687500
0.687500
0.687500
0.708333
0.708333
0.695833
0.704167
0.712500
0.716667
0.704167
0.720833
0.725000
0.708333
0.704167
0.725000
0.712500
0.579167
0.845833
0.695833
0.691667
0.691667
0.679167
1.425000
0.700000
0.691667
0.683333
0.704167
0.700000
0.691667
0.691667
0.704167
0.704167
0.708333
0.708333
0.691667
0.695833
0.708333
0.700000
0.687500
0.704167
0.700000
0.691667
0.691667
0.687500
0.683333
0.670833
0.687500
0.691667
0.683333
0.683333
0.700000
0.700000
0.687500
0.695833
0.500000
0.904167
0.691667
0.704167
0.695833
0.679167
0.695833
0.695833
0.679167
0.679167
0.691667
0.691667
0.679167
0.691667
0.695833
0.687500
0.687500
0.691667
0.691667
0.683333
0.683333
0.679167
0.666667
0.683333
0.683333
0.679167
0.666667
0.687500
0.687500
0.670833
0.670833
0.691667
0.687500
0.675000
0.687500
0.695833
0.483333
0.929167
0.708333
0.658333
0.687500
0.695833
0.679167
0.691667
0.691667
0.679167
0.687500
0.691667
0.683333
0.658333
0.691667
0.641667
0.387500
0.295833
0.650000
0.695833
0.637500
0.700000
0.666667
0.641667
0.679167
0.666667
0.679167
0.658333
0.670833
0.670833
0.670833
0.645833
0.670833
0.670833
0.654167
0.654167
0.658333
0.670833
0.662500
0.666667
0.675000
0.658333
0.658333
0.658333
0.654167
0.637500
0.658333
0.662500
0.645833
0.658333
0.666667
0.662500
0.675000
0.658333
0.666667
0.675000
0.662500
0.666667
0.683333
0.675000
0.662500
0.683333
1.350000
0.666667
0.683333
0.683333
0.670833
0.533333
0.845833
0.679167
0.666667
0.670833
0.679167
0.675000
0.616667
0.729167
0.675000
0.670833
0.670833
0.679167
0.687500
0.666667
0.687500
0.687500
0.687500
0.670833
0.683333
0.687500
0.683333
0.679167
0.695833
0.691667
0.687500
0.683333
0.704167
0.700000
0.687500
0.695833
0.708333
0.691667
0.695833
0.708333
0.708333
0.700000
0.691667
0.695833
0.375000
0.329167
0.687500
0.425000
0.266667
0.695833
0.691667
0.254167
0.441667
0.670833
0.708333
0.687500
0.691667
0.675000
0.691667
0.687500
0.670833
0.695833
0.687500
0.666667
0.266667
0.425000
0.687500
0.691667
0.687500
0.666667
0.679167
0.679167
0.683333
0.679167
0.662500
0.683333
0.675000
0.658333
0.675000
0.675000
0.654167
0.675000
0.666667
0.666667
0.662500
0.650000
0.662500
0.662500
0.662500
0.666667
0.670833
0.679167
0.662500
0.679167
0.679167
0.679167
0.695833
0.670833
0.683333
0.683333
0.687500
0.575000
0.804167
0.700000
0.683333
0.670833
0.691667
0.687500
0.675000
0.679167
0.687500
0.695833
0.683333
0.662500
0.670833
0.662500
0.683333
0.654167
0.662500
0.679167
0.670833
0.679167
0.650000
0.691667
0.695833
0.691667
0.683333
0.691667
0.691667
0.679167
0.683333
0.687500
0.662500
0.679167
0.675000
0.683333
0.691667
0.670833
0.691667
0.683333
0.700000
0.666667
0.700000
0.687500
0.708333
0.700000
0.708333
0.704167
0.704167
0.720833
0.691667
0.716667
0.704167
0.695833
0.691667
0.608333
0.800000
0.616667
0.770833
0.691667
0.679167
0.666667
0.712500
0.675000
0.675000
0.687500
0.620833
0.733333
0.687500
0.679167
0.675000
0.662500
0.675000
0.675000
0.675000
0.670833
0.662500
0.666667
0.683333
0.666667
0.675000
0.687500
0.679167
0.675000
0.695833
0.691667
0.683333
0.704167
0.700000
0.687500
0.704167
0.704167
0.695833
0.700000
0.708333
0.695833
0.700000
0.716667
0.708333
0.695833
0.716667
0.716667
0.700000
0.716667
0.716667
0.704167
0.716667
0.716667
0.704167
0.708333
0.720833
0.704167
0.708333
0.716667
0.712500
0.704167
0.725000
0.712500
0.708333
0.716667
0.716667
0.700000
0.716667
0.716667
0.700000
0.704167
0.720833
0.708333
0.708333
0.720833
0.716667
0.712500
0.720833
0.725000
0.712500
0.716667
0.720833
0.716667
0.708333
0.695833
0.704167
0.716667
0.712500
0.695833
0.708333
0.712500
0.700000
0.700000
0.720833
0.712500
0.704167
0.725000
0.720833
0.708333
0.712500
0.716667
0.708333
0.716667
0.687500
0.712500
0.708333
0.708333
0.708333
0.712500
0.695833
0.708333
0.708333
0.708333
0.704167
0.695833
0.700000
0.725000
