0.841667
0.733333
0.504167
0.833333
0.733333
0.466667
0.866667
0.733333
0.500000
0.829167
0.725000
0.500000
0.829167
0.725000
0.470833
0.850000
0.729167
0.495833
0.833333
0.729167
0.504167
0.837500
0.729167
0.504167
0.837500
0.737500
0.504167
0.850000
0.733333
0.500000
0.837500
0.733333
0.504167
0.841667
0.733333
0.504167
0.833333
0.733333
0.495833
0.841667
0.729167
0.500000
0.837500
0.733333
0.495833
0.837500
0.729167
0.504167
0.837500
0.720833
0.500000
0.570833
0.820833
0.475000
0.850000
0.737500
0.504167
0.845833
0.733333
0.504167
0.841667
0.733333
0.500000
0.841667
0.729167
0.495833
0.845833
0.737500
0.470833
0.762500
0.816667
0.495833
0.833333
0.729167
0.495833
0.833333
0.729167
0.495833
0.837500
0.729167
0.495833
0.837500
0.737500
0.495833
0.841667
0.729167
0.495833
0.833333
0.725000
0.470833
0.850000
0.725000
0.495833
0.841667
0.729167
0.504167
0.829167
0.729167
0.495833
0.841667
0.729167
0.491667
0.837500
0.733333
0.479167
0.858333
0.733333
0.500000
0.841667
0.733333
0.500000
0.845833
0.733333
0.491667
0.845833
0.737500
0.495833
0.850000
0.737500
0.495833
0.579167
0.837500
0.475000
0.858333
0.750000
0.508333
0.858333
0.745833
0.508333
0.854167
0.745833
0.508333
0.854167
0.745833
0.504167
0.858333
0.745833
0.504167
0.854167
0.741667
0.504167
0.854167
0.737500
0.495833
0.850000
0.737500
0.495833
0.854167
0.733333
0.500000
0.841667
0.729167
0.500000
0.829167
0.720833
0.504167
0.825000
0.729167
0.491667
0.837500
0.725000
0.500000
0.837500
0.733333
0.504167
0.837500
0.733333
0.500000
0.583333
0.837500
0.737500
0.679167
0.754167
0.716667
0.425000
0.908333
0.741667
0.437500
0.908333
0.741667
0.508333
0.845833
0.737500
0.500000
0.845833
0.733333
0.491667
0.841667
0.733333
0.500000
0.841667
0.733333
0.500000
0.812500
0.741667
0.500000
0.829167
0.725000
0.491667
0.833333
0.716667
0.491667
0.825000
0.725000
0.495833
0.829167
0.716667
0.491667
0.829167
0.720833
0.491667
0.791667
0.750000
0.500000
0.825000
0.716667
0.491667
0.612500
0.808333
0.716667
0.708333
0.708333
0.537500
0.808333
0.716667
0.525000
0.820833
0.725000
0.508333
0.829167
0.720833
0.500000
0.825000
0.720833
0.500000
0.820833
0.712500
0.500000
0.808333
0.708333
0.500000
0.820833
0.708333
0.504167
0.812500
0.712500
0.504167
0.820833
0.716667
0.487500
0.833333
0.725000
0.495833
0.837500
0.725000
0.504167
0.837500
0.733333
0.500000
0.845833
0.729167
0.500000
0.841667
0.733333
0.500000
0.845833
0.733333
0.508333
0.850000
0.741667
0.500000
0.858333
0.741667
0.495833
0.858333
0.741667
0.500000
0.862500
0.741667
0.500000
0.858333
0.741667
0.487500
0.862500
0.741667
0.495833
0.850000
0.741667
0.500000
0.800000
0.787500
0.500000
0.854167
0.737500
0.495833
0.845833
0.729167
0.491667
0.841667
0.733333
0.504167
0.845833
0.733333
0.504167
0.854167
0.737500
0.504167
0.862500
0.745833
0.500000
0.845833
0.737500
0.495833
0.845833
0.737500
0.470833
0.870833
0.737500
0.500000
0.850000
0.737500
0.500000
0.850000
0.741667
0.504167
0.845833
0.745833
0.512500
0.862500
0.741667
0.516667
0.870833
0.754167
0.500000
0.870833
0.758333
0.500000
0.870833
0.758333
0.504167
0.870833
0.750000
0.495833
0.612500
0.858333
0.470833
0.879167
0.754167
0.495833
0.870833
0.758333
0.495833
0.862500
0.741667
0.491667
0.854167
0.741667
0.500000
0.845833
0.729167
0.500000
0.766667
0.795833
0.504167
0.837500
0.729167
0.491667
0.837500
0.733333
0.500000
0.837500
0.729167
0.495833
0.850000
0.733333
0.495833
0.850000
0.733333
0.495833
0.850000
0.737500
0.504167
0.850000
0.737500
0.504167
0.845833
0.733333
0.495833
0.845833
0.733333
0.500000
0.837500
0.733333
0.500000
0.612500
0.829167
0.475000
0.854167
0.741667
0.512500
0.850000
0.741667
0.508333
0.850000
0.741667
0.500000
0.854167
0.741667
0.495833
0.862500
0.741667
0.495833
0.612500
0.850000
0.479167
0.866667
0.758333
0.500000
0.862500
0.750000
0.495833
0.870833
0.745833
0.475000
0.879167
0.737500
0.504167
0.841667
0.729167
0.500000
0.620833
0.829167
0.733333
0.475000
0.900000
0.495833
0.862500
0.745833
0.500000
0.591667
0.837500
0.741667
0.620833
0.804167
0.729167
0.529167
0.862500
0.762500
0.491667
0.887500
0.758333
0.495833
0.883333
0.762500
0.495833
0.879167
0.750000
0.491667
0.866667
0.754167
0.491667
0.866667
0.745833
0.504167
0.862500
0.745833
0.487500
0.866667
0.745833
0.491667
0.866667
0.754167
0.491667
0.883333
0.754167
0.487500
0.879167
0.754167
0.487500
0.891667
0.762500
0.487500
0.887500
0.762500
0.495833
0.883333
0.754167
0.495833
0.866667
0.745833
0.491667
0.862500
0.745833
0.504167
0.850000
0.737500
0.500000
0.845833
0.733333
0.508333
0.845833
0.733333
0.508333
0.850000
0.745833
0.500000
0.862500
0.745833
0.500000
0.858333
0.741667
0.500000
0.862500
0.741667
0.508333
0.858333
0.437500
0.912500
0.741667
0.495833
0.845833
0.733333
0.500000
0.841667
0.733333
0.504167
0.779167
0.820833
0.504167
0.875000
0.750000
0.504167
0.870833
0.758333
0.508333
0.875000
0.758333
0.500000
0.879167
0.758333
0.500000
0.875000
0.754167
0.504167
0.862500
0.741667
0.508333
0.858333
0.741667
0.512500
0.850000
0.741667
0.500000
0.575000
0.841667
0.475000
0.854167
0.741667
0.512500
0.841667
0.745833
0.512500
0.854167
0.741667
0.520833
0.858333
0.745833
0.525000
0.858333
0.750000
0.520833
0.870833
0.750000
0.512500
0.858333
0.741667
0.508333
0.858333
0.741667
0.508333
0.858333
0.741667
0.508333
0.850000
0.733333
0.500000
0.850000
0.741667
0.508333
0.850000
0.737500
0.475000
0.879167
0.745833
0.508333
0.854167
0.741667
0.500000
0.862500
0.750000
0.504167
0.875000
0.754167
0.500000
0.875000
0.762500
0.500000
0.883333
0.754167
0.475000
0.895833
0.754167
0.504167
0.870833
0.745833
0.491667
0.866667
0.745833
0.487500
0.866667
0.741667
0.495833
0.850000
0.737500
0.504167
0.841667
0.733333
0.491667
0.858333
0.741667
0.504167
0.858333
0.741667
0.504167
0.862500
0.745833
0.495833
0.875000
0.750000
0.491667
0.870833
0.745833
0.495833
0.595833
0.862500
0.754167
0.608333
0.837500
0.750000
0.508333
0.891667
0.762500
0.495833
0.887500
0.750000
0.495833
0.587500
0.862500
0.750000
0.445833
0.791667
0.583333
0.879167
0.754167
0.520833
0.891667
0.466667
0.708333
0.933333
0.462500
0.908333
0.750000
0.495833
0.850000
0.733333
0.495833
0.841667
0.729167
0.495833
0.841667
0.729167
0.500000
0.845833
0.741667
0.495833
0.854167
0.741667
0.487500
0.858333
0.745833
0.500000
0.858333
0.741667
0.495833
0.866667
0.754167
0.491667
0.870833
0.750000
0.500000
0.879167
0.754167
0.491667
0.866667
0.741667
0.495833
0.850000
0.733333
0.495833
0.837500
0.725000
0.475000
0.745833
0.816667
0.508333
0.833333
0.720833
0.483333
0.833333
0.729167
0.495833
0.841667
0.733333
0.500000
0.845833
0.737500
0.495833
0.854167
0.745833
0.500000
0.862500
0.745833
0.495833
0.858333
0.741667
0.508333
0.858333
0.741667
0.500000
0.866667
0.754167
0.504167
0.875000
0.754167
0.495833
0.862500
0.745833
0.500000
0.858333
0.741667
0.500000
0.858333
0.737500
0.508333
0.858333
0.745833
0.495833
0.633333
0.845833
0.754167
0.687500
0.779167
0.737500
0.433333
0.708333
0.937500
0.462500
0.908333
0.754167
0.470833
0.837500
0.820833
0.500000
0.866667
0.745833
0.500000
0.862500
0.745833
0.495833
0.858333
0.741667
0.491667
0.862500
0.741667
0.495833
0.866667
0.737500
0.491667
0.854167
0.745833
0.495833
0.854167
0.733333
0.500000
0.845833
0.737500
0.495833
0.858333
0.733333
0.504167
0.850000
0.741667
0.495833
0.616667
0.841667
0.741667
0.441667
0.912500
0.745833
0.512500
0.866667
0.745833
0.500000
0.858333
0.737500
0.500000
0.858333
0.741667
0.500000
0.850000
0.733333
0.475000
0.666667
0.887500
0.491667
0.862500
0.745833
0.504167
0.862500
0.741667
0.500000
0.866667
0.745833
0.491667
0.870833
0.754167
0.500000
0.870833
0.745833
0.495833
0.862500
0.745833
0.504167
0.866667
0.745833
0.491667
0.858333
0.741667
0.500000
0.845833
0.733333
0.500000
0.845833
0.733333
0.479167
0.862500
0.741667
0.495833
0.862500
0.745833
0.500000
0.870833
0.754167
0.491667
0.875000
0.750000
0.504167
0.858333
0.737500
0.508333
0.858333
0.741667
0.495833
0.866667
0.750000
0.495833
0.870833
0.750000
0.491667
0.870833
0.754167
0.495833
0.879167
0.758333
0.491667
0.879167
0.758333
0.491667
0.879167
0.762500
0.495833
0.883333
0.758333
0.500000
0.875000
0.754167
0.483333
