0.470833
0.337500
0.304167
0.541667
0.725000
0.508333
0.450000
0.950000
0.941667
0.941667
0.958333
0.950000
0.954167
0.995833
1.066667
1.100000
1.033333
1.066667
1.095833
1.070833
1.016667
1.025000
1.033333
1.000000
1.004167
1.033333
1.033333
0.987500
0.987500
0.983333
0.983333
0.991667
1.008333
0.987500
1.041667
1.075000
1.133333
1.100000
0.712500
1.370833
1.166667
1.166667
1.150000
1.158333
1.079167
1.058333
1.008333
0.962500
1.016667
1.033333
1.029167
0.983333
0.987500
1.045833
1.095833
1.145833
1.129167
1.070833
1.116667
1.170833
1.175000
1.145833
1.108333
1.162500
1.175000
1.195833
1.120833
1.154167
1.158333
1.158333
1.091667
1.125000
1.133333
1.129167
1.100000
1.070833
1.100000
1.108333
1.116667
1.108333
1.041667
1.083333
1.112500
1.166667
1.133333
1.087500
1.129167
1.179167
1.150000
1.116667
1.162500
1.162500
1.154167
1.108333
1.154167
1.150000
1.120833
1.058333
1.100000
1.170833
1.166667
1.087500
1.070833
1.095833
1.112500
1.062500
0.645833
1.275000
0.666667
0.220833
0.766667
0.079167
0.816667
0.725000
0.362500
0.437500
1.541667
1.250000
1.758333
1.845833
2.112500
1.008333
1.012500
1.058333
1.120833
1.116667
1.054167
1.075000
1.095833
1.100000
1.100000
1.045833
1.083333
1.108333
0.675000
0.445833
0.912500
0.179167
1.016667
1.045833
1.079167
1.137500
1.083333
1.050000
1.054167
1.066667
1.066667
1.041667
0.987500
0.979167
1.004167
1.050000
1.037500
1.008333
1.033333
1.050000
1.025000
0.400000
0.591667
0.987500
0.979167
0.404167
0.600000
0.737500
0.208333
0.941667
0.916667
0.887500
0.862500
0.829167
0.833333
0.829167
0.858333
0.883333
0.854167
0.858333
0.850000
0.816667
0.800000
0.795833
0.262500
0.516667
0.791667
0.791667
0.787500
0.795833
0.812500
0.841667
0.858333
0.850000
0.829167
0.812500
0.804167
0.825000
0.862500
0.875000
0.866667
0.850000
0.854167
0.854167
0.829167
0.845833
0.829167
0.804167
0.829167
0.837500
0.854167
0.891667
0.966667
1.037500
1.062500
0.958333
0.950000
0.704167
0.425000
0.570833
0.091667
1.112500
0.345833
0.383333
0.783333
0.420833
0.250000
0.300000
0.500000
0.233333
0.537500
0.170833
0.483333
0.150000
0.491667
0.250000
0.479167
0.183333
0.562500
0.254167
0.491667
0.362500
0.491667
0.729167
0.979167
0.816667
0.520833
0.954167
0.216667
0.891667
0.925000
0.929167
0.925000
0.916667
0.920833
0.920833
0.916667
0.908333
0.925000
0.929167
0.941667
1.008333
1.050000
1.112500
1.158333
1.062500
1.000000
0.983333
0.933333
0.962500
0.991667
1.025000
1.037500
0.962500
0.962500
0.987500
1.016667
1.029167
1.008333
0.975000
0.995833
1.025000
1.033333
1.033333
1.025000
1.004167
1.000000
1.016667
1.054167
1.070833
1.083333
1.091667
1.025000
1.054167
1.087500
1.029167
1.050000
1.083333
1.025000
1.033333
1.062500
1.033333
0.262500
0.283333
0.387500
0.591667
0.162500
0.295833
0.558333
0.950000
0.350000
0.345833
0.362500
0.629167
1.150000
0.854167
1.675000
0.816667
0.816667
0.804167
0.829167
0.887500
0.916667
0.925000
0.954167
0.991667
1.016667
1.025000
0.979167
0.995833
1.016667
1.037500
1.050000
1.041667
1.004167
1.020833
1.025000
0.950000
0.979167
1.037500
1.012500
0.975000
0.991667
1.062500
1.091667
1.104167
1.037500
1.016667
1.016667
0.995833
0.770833
0.212500
0.937500
0.937500
0.954167
0.945833
0.958333
0.979167
0.983333
0.979167
0.995833
1.008333
1.016667
0.975000
0.987500
0.983333
0.979167
0.962500
0.966667
0.962500
0.933333
0.970833
1.016667
1.062500
1.004167
1.012500
1.008333
1.016667
1.004167
0.979167
1.004167
1.012500
1.054167
1.000000
1.008333
1.025000
1.033333
1.041667
0.991667
0.991667
0.995833
1.012500
1.016667
1.016667
1.008333
0.970833
1.008333
1.025000
1.050000
1.025000
1.112500
1.104167
1.091667
1.079167
1.058333
1.000000
1.008333
1.016667
1.025000
0.970833
0.941667
0.925000
0.912500
0.962500
0.970833
0.962500
0.991667
0.979167
1.004167
1.020833
1.029167
1.008333
1.016667
1.008333
1.008333
1.004167
1.004167
0.991667
1.029167
1.095833
1.145833
1.154167
1.095833
1.120833
1.137500
1.137500
1.066667
1.058333
1.066667
1.079167
1.075000
1.016667
1.033333
1.045833
1.066667
1.070833
1.058333
1.012500
1.041667
1.066667
1.079167
1.091667
1.050000
1.083333
1.112500
1.145833
1.108333
1.062500
1.075000
1.070833
1.079167
1.075000
1.016667
1.045833
1.058333
1.070833
1.070833
1.020833
1.033333
1.041667
1.045833
1.070833
1.004167
1.016667
1.033333
1.066667
1.066667
1.016667
1.033333
1.062500
1.079167
1.075000
1.020833
1.054167
1.045833
1.075000
1.075000
1.025000
1.041667
1.091667
1.141667
1.129167
1.058333
1.083333
1.087500
1.091667
1.100000
1.045833
1.100000
1.100000
1.116667
1.112500
1.050000
0.933333
1.295833
1.175000
1.104167
1.112500
1.100000
1.079167
1.029167
1.058333
1.062500
1.070833
1.050000
1.016667
1.041667
1.066667
1.070833
1.066667
1.012500
1.062500
1.070833
1.075000
1.045833
1.066667
1.075000
1.033333
1.054167
1.045833
1.058333
1.050000
1.041667
0.987500
1.000000
1.016667
1.025000
1.033333
1.029167
0.991667
1.012500
1.041667
1.075000
1.091667
1.037500
1.062500
1.066667
1.087500
1.075000
1.029167
1.066667
1.075000
1.125000
1.066667
1.004167
1.008333
1.037500
1.058333
1.054167
0.991667
1.004167
1.012500
1.050000
1.058333
1.025000
1.037500
1.058333
1.066667
1.066667
1.008333
1.025000
1.054167
1.062500
1.062500
1.016667
1.033333
1.066667
1.079167
1.079167
1.033333
1.050000
1.050000
1.058333
1.070833
1.016667
1.029167
1.062500
1.091667
1.079167
1.016667
1.029167
1.054167
1.058333
1.058333
1.025000
1.058333
1.075000
1.091667
1.083333
1.041667
1.083333
1.104167
1.095833
1.083333
1.025000
1.054167
1.066667
1.070833
1.054167
1.016667
1.062500
1.075000
1.075000
1.029167
1.020833
1.058333
1.070833
1.075000
1.012500
1.033333
1.058333
1.070833
1.045833
0.991667
0.991667
1.000000
1.012500
1.037500
0.983333
0.983333
1.008333
1.054167
1.058333
1.029167
0.991667
1.008333
1.029167
1.041667
1.045833
0.991667
1.012500
1.041667
1.091667
1.100000
1.033333
1.041667
