1.245833
1.258333
1.254167
1.245833
1.266667
1.250000
1.250000
1.270833
1.254167
1.250000
1.270833
1.258333
1.254167
1.270833
1.258333
1.254167
1.270833
1.262500
1.254167
1.275000
1.262500
1.250000
1.275000
1.258333
1.266667
1.233333
0.991667
0.945833
1.150000
1.158333
1.054167
1.337500
1.270833
1.283333
1.266667
1.141667
0.725000
0.704167
0.008333
0.612500
0.287500
0.429167
0.325000
0.316667
0.245833
0.404167
0.625000
0.329167
0.291667
0.608333
0.616667
0.208333
0.516667
0.500000
0.516667
0.112500
0.625000
0.625000
0.641667
0.283333
0.354167
0.462500
0.179167
0.337500
0.304167
0.645833
0.650000
0.645833
0.512500
0.154167
0.645833
0.662500
0.425000
0.258333
0.262500
0.712500
0.620833
0.366667
0.283333
0.225000
0.737500
0.304167
0.279167
0.675000
0.641667
0.700000
0.712500
0.733333
1.429167
0.725000
0.741667
0.733333
0.720833
1.187500
0.320833
0.762500
0.762500
0.741667
1.370833
0.145833
0.783333
0.775000
0.766667
1.608333
0.829167
0.762500
0.808333
0.791667
0.804167
0.508333
0.275000
0.816667
0.816667
1.025000
0.375000
0.575000
0.308333
0.775000
0.800000
0.795833
0.804167
0.816667
0.837500
0.791667
0.308333
0.462500
0.795833
0.866667
0.829167
0.841667
0.908333
0.929167
0.879167
0.862500
0.975000
0.920833
0.850000
1.333333
1.145833
0.858333
0.312500
0.404167
0.733333
0.770833
0.883333
0.870833
1.345833
1.141667
0.662500
0.091667
0.966667
0.770833
0.754167
0.837500
0.787500
0.770833
0.779167
0.233333
0.595833
1.329167
0.875000
0.854167
0.833333
0.816667
1.658333
0.854167
0.845833
0.858333
0.912500
0.883333
0.862500
0.866667
0.887500
0.912500
0.966667
0.612500
0.775000
0.791667
1.287500
0.875000
0.300000
1.245833
0.800000
0.812500
0.812500
0.850000
1.316667
1.129167
0.987500
0.912500
0.916667
0.837500
0.837500
0.516667
0.266667
0.770833
0.591667
0.225000
0.841667
0.479167
0.300000
0.758333
0.775000
0.854167
0.375000
1.000000
0.554167
0.820833
0.870833
0.612500
0.225000
0.362500
0.120833
0.745833
0.733333
1.633333
0.933333
0.812500
0.866667
0.845833
0.829167
0.800000
0.854167
0.862500
0.879167
0.837500
0.879167
0.891667
0.925000
0.845833
0.929167
0.916667
0.900000
0.854167
1.062500
0.920833
0.858333
0.966667
1.041667
0.908333
0.883333
0.895833
0.975000
0.941667
0.795833
0.387500
0.375000
0.837500
1.383333
0.950000
0.908333
0.858333
0.841667
1.291667
1.166667
0.900000
0.900000
0.916667
0.912500
0.900000
0.958333
0.987500
0.983333
0.958333
0.966667
1.025000
1.025000
0.966667
1.037500
1.008333
0.958333
1.029167
1.016667
0.966667
1.008333
1.020833
0.966667
1.020833
1.037500
0.987500
1.025000
1.045833
0.991667
1.012500
1.058333
1.004167
1.062500
1.070833
1.008333
1.112500
1.087500
1.020833
1.083333
1.108333
1.020833
1.075000
1.091667
1.033333
1.120833
1.116667
1.033333
1.137500
1.162500
1.087500
1.091667
1.104167
1.016667
1.070833
1.070833
1.016667
1.075000
1.100000
1.025000
1.141667
1.233333
1.091667
1.145833
1.100000
1.050000
1.100000
1.066667
1.008333
1.079167
1.125000
1.037500
1.200000
1.191667
1.133333
1.229167
1.150000
1.083333
1.225000
1.229167
1.183333
1.187500
1.095833
1.058333
1.470833
1.400000
1.395833
1.329167
1.220833
1.104167
1.037500
1.000000
1.083333
1.087500
1.054167
1.116667
1.154167
1.075000
1.170833
1.454167
1.416667
1.387500
1.329167
1.195833
1.079167
0.987500
1.037500
1.066667
1.037500
1.166667
1.245833
1.137500
1.462500
1.383333
1.370833
1.341667
1.312500
1.275000
1.083333
1.004167
1.095833
1.112500
1.041667
1.125000
1.175000
1.129167
1.445833
1.366667
1.383333
1.354167
1.354167
1.341667
1.325000
1.241667
1.183333
1.070833
0.995833
1.062500
1.129167
1.075000
1.154167
1.179167
1.120833
1.408333
1.333333
1.350000
1.325000
1.312500
1.300000
1.166667
1.062500
1.000000
1.129167
1.133333
1.062500
1.404167
1.316667
1.325000
1.316667
1.304167
1.329167
1.300000
1.316667
1.304167
1.287500
1.270833
1.154167
1.025000
1.000000
1.079167
1.120833
1.045833
1.375000
1.295833
1.308333
1.291667
1.283333
1.312500
1.283333
1.275000
1.154167
1.033333
1.020833
1.016667
1.229167
1.354167
1.295833
1.283333
1.275000
1.295833
1.283333
1.266667
1.291667
1.266667
1.275000
1.270833
1.254167
1.287500
1.258333
1.204167
1.062500
1.050000
1.016667
1.108333
1.133333
1.066667
1.350000
1.275000
1.287500
1.275000
1.262500
1.295833
1.266667
1.258333
1.287500
1.258333
1.100000
0.966667
1.029167
1.087500
1.016667
1.150000
1.129167
1.058333
1.354167
1.275000
1.291667
1.279167
1.270833
1.295833
1.275000
1.262500
1.287500
1.262500
1.258333
1.270833
1.250000
1.266667
1.250000
1.241667
1.270833
1.250000
1.029167
0.966667
1.062500
1.083333
1.012500
1.095833
1.112500
1.075000
1.150000
1.195833
1.091667
1.225000
1.137500
1.079167
1.120833
1.079167
1.050000
1.154167
1.154167
1.137500
1.304167
1.370833
1.295833
1.279167
1.279167
1.287500
1.262500
1.283333
1.266667
1.258333
1.287500
1.183333
1.012500
0.995833
1.045833
1.008333
1.083333
1.120833
1.050000
1.354167
1.270833
1.287500
1.270833
1.266667
1.291667
1.191667
0.995833
1.008333
1.037500
0.983333
1.054167
1.112500
1.079167
1.345833
1.275000
1.291667
1.275000
1.279167
1.283333
1.258333
1.283333
1.125000
0.979167
0.958333
1.020833
1.037500
1.008333
1.120833
1.075000
1.079167
1.170833
1.104167
1.025000
1.204167
1.316667
1.225000
1.195833
1.091667
1.020833
1.033333
1.070833
1.045833
1.070833
1.083333
1.054167
1.070833
1.116667
1.058333
1.116667
1.100000
1.054167
1.383333
1.300000
1.316667
1.300000
1.287500
1.262500
1.133333
1.008333
1.029167
1.070833
1.000000
1.062500
1.162500
1.083333
1.133333
1.129167
1.091667
1.133333
1.116667
1.083333
1.120833
1.150000
1.087500
1.187500
1.170833
1.075000
1.150000
1.116667
1.066667
1.137500
1.112500
1.025000
