0.779167
0.691667
0.691667
0.645833
0.733333
0.675000
0.675000
0.679167
0.687500
0.687500
0.683333
0.691667
0.691667
0.683333
0.679167
0.683333
0.679167
0.683333
0.541667
0.845833
0.695833
0.687500
0.508333
0.875000
0.687500
0.675000
0.633333
0.712500
0.675000
0.683333
0.679167
0.479167
0.883333
0.679167
0.675000
0.604167
0.758333
0.675000
0.683333
0.679167
0.670833
0.666667
0.675000
0.670833
0.675000
0.679167
0.675000
0.679167
0.666667
0.675000
0.512500
0.833333
0.679167
0.687500
0.687500
0.683333
0.679167
0.675000
0.687500
0.466667
0.904167
0.691667
0.683333
0.541667
0.833333
0.687500
0.683333
0.512500
0.866667
0.691667
0.687500
0.516667
0.854167
0.691667
0.683333
0.491667
0.879167
0.687500
0.683333
0.516667
0.858333
0.691667
0.691667
0.479167
0.900000
0.691667
0.683333
0.550000
0.808333
0.675000
0.675000
0.554167
0.825000
0.691667
0.687500
0.508333
0.866667
0.683333
0.683333
0.520833
0.858333
0.695833
0.691667
0.504167
0.870833
0.683333
0.679167
0.537500
0.833333
0.691667
0.687500
0.512500
0.879167
0.637500
0.366667
1.062500
0.695833
0.691667
0.687500
0.683333
0.495833
0.879167
0.691667
0.695833
0.504167
0.887500
0.675000
0.379167
1.029167
0.695833
0.679167
0.683333
0.641667
0.745833
0.695833
0.691667
0.695833
0.687500
0.679167
0.683333
0.487500
0.870833
0.600000
0.387500
1.087500
0.700000
0.679167
0.687500
0.679167
0.687500
0.687500
0.695833
0.462500
0.925000
0.562500
0.825000
0.687500
0.679167
0.441667
0.941667
0.491667
0.895833
0.462500
0.916667
0.441667
0.925000
0.600000
0.775000
0.691667
0.645833
0.733333
0.683333
0.683333
0.683333
0.691667
0.700000
0.687500
0.720833
0.704167
0.700000
0.695833
0.691667
0.691667
0.687500
0.575000
0.808333
0.700000
0.695833
0.700000
0.695833
0.683333
0.675000
0.695833
0.483333
0.904167
0.708333
0.695833
0.529167
0.862500
0.600000
0.395833
1.070833
0.695833
0.683333
0.691667
0.691667
0.475000
0.895833
0.687500
0.679167
0.550000
0.866667
0.695833
0.691667
0.541667
0.845833
0.679167
0.683333
0.575000
0.816667
0.695833
0.695833
0.525000
0.866667
0.687500
0.683333
0.620833
0.758333
0.612500
0.416667
1.050000
0.658333
0.741667
0.687500
0.691667
0.483333
0.916667
0.704167
0.691667
0.700000
0.691667
0.508333
0.870833
0.687500
0.683333
0.633333
0.745833
0.700000
0.708333
0.641667
0.766667
0.691667
0.425000
0.962500
0.462500
0.937500
0.437500
0.954167
0.704167
0.691667
0.683333
0.683333
0.658333
0.729167
0.700000
0.704167
0.700000
0.691667
0.687500
0.695833
0.700000
0.704167
0.700000
0.700000
0.695833
0.570833
0.816667
0.683333
0.683333
0.679167
0.683333
0.691667
0.700000
0.695833
0.695833
0.679167
0.683333
0.683333
0.687500
0.562500
0.820833
0.687500
0.691667
0.687500
0.537500
0.820833
0.633333
0.383333
1.025000
0.687500
0.675000
0.666667
0.666667
0.658333
0.666667
0.595833
0.741667
0.670833
0.666667
0.670833
0.662500
0.612500
0.720833
0.666667
0.666667
0.662500
0.662500
0.658333
0.654167
0.658333
0.666667
0.658333
0.658333
0.608333
0.708333
0.654167
0.654167
0.654167
0.466667
0.850000
0.658333
0.658333
0.658333
0.654167
0.662500
0.662500
0.662500
0.570833
0.754167
0.650000
0.637500
0.641667
0.587500
0.733333
0.662500
0.666667
0.666667
0.662500
0.658333
0.662500
0.658333
0.658333
0.662500
0.620833
0.695833
0.595833
0.737500
0.587500
0.737500
0.658333
0.658333
0.658333
0.437500
0.891667
0.666667
0.662500
0.662500
0.654167
0.662500
0.658333
0.662500
0.662500
0.670833
0.541667
0.787500
0.666667
0.658333
0.658333
0.441667
0.883333
0.670833
0.658333
0.666667
0.662500
0.670833
0.666667
0.662500
0.658333
0.662500
0.658333
0.662500
0.654167
0.654167
0.658333
0.666667
0.662500
0.658333
0.662500
0.654167
0.658333
0.654167
0.654167
0.650000
0.650000
0.654167
0.650000
0.654167
0.650000
0.645833
0.533333
0.779167
0.654167
0.654167
0.645833
0.608333
0.700000
0.654167
0.658333
0.654167
0.650000
0.658333
0.654167
0.666667
0.654167
0.670833
0.662500
0.658333
0.587500
0.729167
0.658333
0.662500
0.654167
0.658333
0.662500
0.662500
0.666667
0.670833
0.666667
0.658333
0.662500
0.662500
0.654167
0.658333
0.658333
0.645833
0.658333
0.570833
0.741667
0.654167
0.654167
0.591667
0.712500
0.645833
0.645833
0.650000
0.508333
0.800000
0.654167
0.654167
0.654167
0.487500
0.829167
0.654167
0.650000
0.654167
0.487500
0.816667
0.654167
0.650000
0.650000
0.654167
0.654167
0.654167
0.741667
0.583333
0.662500
0.658333
0.658333
0.658333
0.541667
0.783333
0.658333
0.658333
0.658333
0.654167
0.662500
0.658333
0.662500
0.616667
0.704167
0.658333
0.658333
0.662500
0.437500
0.883333
0.666667
0.658333
0.654167
0.658333
0.654167
0.658333
0.658333
0.654167
0.650000
0.650000
0.654167
0.654167
0.654167
0.662500
0.658333
0.658333
0.658333
0.654167
0.654167
0.658333
0.654167
0.650000
0.658333
0.658333
0.658333
0.658333
0.595833
0.712500
0.654167
0.654167
0.650000
0.650000
0.545833
0.741667
0.645833
0.641667
0.641667
0.641667
0.645833
0.641667
0.637500
0.637500
0.641667
0.641667
0.641667
0.650000
0.641667
0.650000
0.654167
0.654167
0.658333
0.658333
0.662500
0.641667
0.675000
0.658333
0.654167
0.658333
0.658333
0.650000
0.650000
0.654167
0.654167
0.654167
0.650000
0.645833
0.645833
0.650000
0.650000
0.650000
0.654167
0.645833
0.645833
0.650000
0.645833
0.616667
0.687500
0.650000
0.650000
0.645833
0.654167
0.650000
0.658333
0.650000
0.570833
0.725000
0.650000
0.650000
0.645833
0.645833
0.645833
0.641667
0.645833
0.650000
0.650000
0.645833
0.645833
0.641667
0.650000
0.645833
0.645833
0.650000
0.645833
0.645833
0.583333
0.712500
0.650000
0.650000
0.650000
0.645833
0.641667
0.654167
0.645833
0.654167
0.658333
0.654167
0.650000
0.654167
0.533333
0.791667
0.658333
0.658333
0.654167
0.654167
0.616667
0.700000
0.662500
0.658333
0.654167
0.654167
0.662500
0.591667
0.741667
0.658333
0.654167
0.654167
0.654167
0.654167
0.658333
0.654167
0.620833
0.383333
0.958333
0.537500
0.787500
0.654167
0.658333
0.595833
0.712500
0.654167
0.654167
0.658333
0.658333
0.654167
0.650000
0.654167
0.654167
0.658333
0.658333
0.662500
0.658333
0.650000
0.658333
0.650000
0.654167
0.650000
0.650000
0.645833
0.641667
0.650000
0.650000
0.645833
0.650000
0.641667
0.641667
0.645833
0.650000
0.645833
0.650000
0.641667
0.641667
0.641667
0.645833
0.641667
0.637500
0.641667
0.558333
0.725000
0.637500
0.641667
0.637500
0.591667
0.679167
0.633333
0.633333
0.633333
0.629167
0.633333
0.625000
0.633333
0.487500
0.783333
0.629167
0.612500
0.629167
0.625000
0.616667
0.616667
0.612500
0.612500
0.612500
0.616667
0.620833
0.620833
0.616667
0.625000
0.629167
0.629167
0.641667
0.537500
0.745833
0.637500
0.637500
0.495833
0.804167
0.654167
0.650000
0.650000
0.650000
0.479167
0.808333
0.645833
0.641667
0.641667
0.641667
0.637500
0.637500
0.637500
0.641667
0.637500
0.645833
0.641667
0.637500
0.637500
0.641667
0.641667
0.645833
0.641667
0.641667
0.641667
0.645833
0.591667
0.700000
0.600000
0.695833
0.637500
0.654167
0.612500
0.683333
0.645833
0.650000
0.645833
0.658333
0.650000
0.650000
0.645833
0.645833
0.645833
0.645833
0.645833
0.645833
0.645833
0.645833
0.645833
0.575000
0.729167
0.650000
0.658333
0.650000
0.650000
0.645833
0.654167
0.658333
0.654167
0.654167
0.650000
0.654167
0.650000
0.654167
0.654167
0.654167
0.637500
0.675000
0.641667
0.645833
0.645833
0.466667
0.833333
0.650000
0.645833
0.645833
0.645833
0.654167
0.650000
0.654167
0.650000
0.650000
0.641667
0.445833
0.850000
0.650000
0.645833
0.645833
0.633333
0.654167
0.645833
0.645833
0.645833
0.650000
0.645833
0.645833
0.645833
0.645833
0.650000
0.645833
0.650000
0.645833
0.645833
0.645833
0.650000
0.650000
0.650000
0.645833
0.637500
0.658333
0.637500
0.662500
0.595833
0.704167
0.616667
0.683333
0.570833
0.733333
0.654167
0.645833
0.650000
0.645833
0.645833
0.654167
0.650000
0.650000
0.654167
0.645833
0.645833
0.654167
0.650000
0.650000
0.654167
0.645833
0.645833
0.650000
0.650000
0.587500
0.708333
0.645833
0.637500
0.641667
0.645833
0.645833
0.645833
0.641667
0.641667
0.645833
0.654167
0.658333
0.658333
0.612500
0.695833
0.654167
0.650000
0.650000
0.541667
0.766667
0.658333
0.654167
0.654167
0.658333
0.650000
0.641667
0.650000
0.650000
0.654167
0.650000
0.650000
0.654167
0.650000
0.645833
0.641667
0.645833
0.645833
0.645833
0.641667
0.645833
0.645833
0.650000
0.650000
0.654167
0.654167
0.650000
0.558333
0.754167
0.654167
0.654167
0.570833
0.733333
0.650000
0.654167
0.529167
0.795833
0.654167
0.658333
0.604167
0.704167
0.654167
0.645833
0.645833
0.641667
0.645833
0.641667
0.637500
0.633333
0.641667
0.633333
0.641667
0.645833
0.645833
0.641667
0.645833
0.645833
0.641667
0.641667
0.637500
0.645833
0.641667
0.637500
