1.016667
1.020833
1.016667
1.020833
1.016667
1.016667
1.016667
1.016667
1.020833
1.016667
1.020833
1.020833
1.012500
1.016667
1.020833
1.020833
1.016667
1.025000
1.016667
1.020833
1.020833
1.012500
1.020833
1.020833
1.016667
1.020833
1.016667
1.016667
1.016667
1.020833
1.016667
1.020833
1.029167
1.016667
1.020833
1.025000
1.020833
1.020833
1.025000
1.020833
1.020833
1.020833
1.020833
1.020833
1.020833
1.020833
1.016667
1.016667
1.020833
1.016667
1.016667
1.020833
1.016667
1.020833
1.016667
1.020833
1.020833
1.020833
1.012500
1.016667
1.016667
1.016667
1.016667
1.020833
1.012500
1.020833
1.016667
1.016667
1.020833
1.016667
1.016667
1.020833
1.020833
1.012500
1.020833
1.020833
1.020833
1.025000
1.025000
1.016667
1.020833
1.029167
1.016667
1.025000
1.020833
1.025000
1.020833
1.025000
1.016667
1.020833
1.025000
1.016667
1.025000
1.020833
1.016667
1.025000
1.025000
1.016667
1.020833
1.025000
1.020833
1.020833
1.020833
1.025000
1.025000
1.025000
1.020833
1.025000
1.025000
1.020833
1.025000
1.025000
1.025000
1.025000
1.025000
1.025000
1.025000
1.020833
1.020833
1.029167
1.029167
1.020833
1.029167
1.025000
1.012500
1.220833
0.204167
0.587500
0.995833
0.804167
0.795833
0.787500
0.766667
0.733333
0.720833
0.783333
0.991667
0.991667
0.995833
0.995833
0.995833
0.991667
1.000000
0.995833
1.000000
1.000000
1.000000
1.000000
1.004167
1.004167
1.000000
1.008333
1.004167
1.008333
1.008333
1.008333
1.004167
1.012500
1.008333
1.016667
1.012500
1.016667
1.016667
1.016667
1.016667
1.016667
1.020833
1.020833
1.020833
1.020833
1.025000
1.025000
1.025000
1.025000
1.025000
1.029167
1.029167
1.025000
1.029167
1.025000
1.020833
1.029167
1.025000
1.025000
1.025000
1.029167
1.020833
1.029167
1.025000
1.020833
1.020833
1.025000
1.025000
1.025000
1.020833
1.025000
1.025000
1.025000
1.025000
1.020833
1.025000
1.020833
1.020833
1.025000
1.020833
1.020833
1.025000
1.016667
1.029167
1.025000
1.025000
1.029167
1.025000
1.025000
1.033333
1.029167
1.025000
1.033333
1.033333
1.025000
1.033333
1.033333
1.029167
1.037500
1.037500
1.025000
1.037500
1.029167
1.008333
1.016667
1.016667
1.008333
1.004167
1.000000
1.008333
1.004167
1.008333
1.004167
0.995833
0.991667
1.116667
0.862500
0.795833
0.750000
0.729167
0.754167
0.766667
0.833333
0.854167
0.983333
0.983333
0.987500
0.987500
0.987500
0.991667
0.987500
0.987500
0.991667
0.991667
0.987500
0.991667
0.991667
1.000000
0.995833
0.991667
1.000000
0.991667
0.991667
0.991667
0.987500
0.995833
0.987500
0.937500
0.904167
0.945833
0.887500
0.962500
1.000000
0.975000
0.962500
1.008333
0.912500
0.895833
1.020833
0.775000
0.895833
0.508333
0.791667
0.808333
0.737500
0.716667
0.783333
0.816667
0.741667
0.804167
0.908333
0.845833
0.837500
0.812500
0.845833
0.991667
0.962500
0.879167
0.995833
0.991667
1.000000
1.000000
0.995833
0.983333
0.816667
0.816667
0.725000
0.758333
0.733333
0.700000
0.700000
0.708333
0.704167
0.737500
0.729167
0.720833
0.779167
0.916667
0.766667
0.829167
0.933333
0.795833
0.925000
1.004167
1.012500
0.875000
0.858333
0.804167
0.858333
0.875000
0.816667
0.837500
0.845833
0.808333
0.845833
0.858333
0.804167
0.791667
0.787500
0.741667
0.750000
0.708333
0.733333
0.733333
0.745833
0.716667
0.737500
0.733333
0.691667
0.725000
0.712500
0.679167
0.700000
0.708333
0.700000
0.666667
0.704167
0.695833
0.662500
0.712500
0.687500
0.662500
0.691667
0.700000
0.670833
0.670833
0.700000
0.700000
0.670833
0.720833
0.720833
0.683333
0.716667
0.729167
0.695833
0.716667
0.750000
0.720833
0.691667
0.920833
0.558333
0.683333
0.741667
0.737500
0.708333
0.675000
0.687500
0.658333
0.637500
0.629167
0.616667
0.616667
0.600000
0.583333
0.612500
0.600000
0.600000
0.600000
0.650000
0.662500
0.666667
0.729167
0.725000
0.700000
0.770833
0.745833
0.720833
0.754167
0.729167
0.745833
0.737500
0.708333
0.754167
0.750000
0.700000
0.745833
0.737500
0.712500
0.758333
0.716667
0.720833
0.745833
0.700000
0.737500
0.729167
0.695833
0.750000
0.733333
0.691667
0.900000
0.512500
0.670833
0.704167
0.708333
0.679167
0.737500
0.733333
0.704167
0.745833
0.704167
0.716667
0.745833
0.687500
0.745833
0.725000
0.695833
0.729167
0.750000
0.712500
0.758333
0.750000
0.725000
0.775000
0.725000
0.741667
0.750000
0.691667
0.733333
0.691667
0.708333
0.712500
0.670833
1.400000
0.654167
0.700000
0.679167
0.662500
0.695833
0.666667
0.670833
0.704167
0.666667
0.683333
0.700000
0.670833
0.683333
0.658333
0.641667
0.666667
0.658333
0.637500
0.700000
0.704167
0.675000
0.725000
0.695833
0.700000
0.720833
0.691667
0.712500
0.720833
0.695833
0.720833
0.720833
0.695833
0.720833
0.712500
0.695833
0.716667
0.704167
0.704167
0.729167
0.725000
0.704167
0.712500
0.708333
0.683333
0.720833
0.708333
0.691667
0.720833
0.700000
0.691667
0.670833
0.691667
0.695833
0.683333
0.716667
0.720833
0.704167
0.741667
0.750000
0.716667
0.762500
0.762500
0.729167
0.783333
0.775000
0.729167
0.770833
0.791667
0.750000
0.791667
0.729167
0.787500
0.791667
0.754167
0.791667
0.754167
0.758333
0.750000
0.704167
0.729167
0.716667
0.683333
0.708333
0.695833
0.666667
0.729167
0.712500
0.687500
0.679167
0.683333
0.683333
0.658333
0.645833
0.658333
0.637500
0.633333
0.645833
0.666667
0.658333
0.658333
0.712500
0.695833
0.687500
0.741667
0.758333
0.733333
0.766667
0.750000
0.745833
0.787500
0.745833
0.741667
0.775000
0.775000
0.745833
0.795833
0.779167
0.754167
0.858333
0.783333
0.791667
0.816667
0.770833
0.787500
0.808333
0.762500
0.779167
0.837500
0.783333
0.791667
0.795833
0.783333
0.758333
0.800000
0.758333
0.716667
0.729167
0.691667
0.666667
0.695833
0.679167
0.662500
0.750000
0.787500
0.745833
0.866667
0.791667
0.795833
0.825000
0.791667
0.812500
0.812500
0.754167
0.779167
0.750000
0.779167
0.750000
0.741667
0.700000
0.675000
0.679167
0.670833
0.658333
0.704167
0.741667
0.716667
0.770833
0.816667
0.758333
0.837500
0.812500
0.791667
0.845833
0.804167
0.820833
0.870833
0.808333
0.825000
0.850000
0.787500
0.858333
0.812500
0.812500
0.754167
0.779167
0.766667
0.729167
0.808333
0.795833
0.770833
0.745833
0.804167
0.795833
0.737500
0.812500
0.812500
0.758333
0.750000
1.245833
0.854167
0.662500
0.658333
0.662500
0.650000
0.654167
0.650000
0.666667
0.683333
0.695833
0.704167
0.733333
0.779167
0.758333
0.804167
0.795833
0.887500
0.462500
0.950000
0.783333
0.575000
0.895833
0.729167
0.729167
0.729167
0.750000
0.700000
0.679167
0.679167
0.679167
0.670833
0.675000
0.700000
0.737500
0.750000
0.775000
0.804167
0.762500
0.795833
0.775000
0.741667
0.779167
0.795833
0.766667
0.791667
0.787500
0.775000
0.791667
0.762500
0.745833
0.754167
0.770833
0.741667
0.775000
0.812500
0.775000
0.795833
0.745833
0.779167
0.804167
0.775000
0.766667
0.737500
0.716667
0.712500
0.687500
0.687500
0.687500
0.687500
0.695833
0.725000
0.775000
0.762500
