0.575000
0.575000
0.562500
0.579167
0.570833
0.425000
0.554167
0.733333
0.562500
0.579167
0.575000
0.570833
0.566667
0.579167
0.575000
0.562500
0.579167
0.566667
0.566667
0.575000
0.575000
0.562500
0.566667
0.579167
0.566667
0.566667
0.579167
0.562500
0.566667
0.579167
0.570833
0.566667
0.566667
0.579167
0.562500
0.575000
0.575000
0.562500
0.570833
0.570833
0.562500
0.566667
0.575000
0.562500
0.566667
0.570833
0.575000
0.566667
0.566667
0.575000
0.575000
0.566667
0.570833
0.575000
0.575000
0.566667
0.579167
0.570833
0.566667
0.579167
0.566667
0.566667
0.579167
0.566667
0.562500
0.579167
0.570833
0.566667
0.566667
0.579167
0.566667
0.566667
0.579167
0.566667
0.566667
0.575000
0.579167
0.562500
0.570833
0.579167
0.575000
0.562500
0.570833
0.579167
0.575000
0.566667
0.575000
0.575000
0.570833
0.566667
0.579167
0.566667
0.575000
0.570833
0.566667
0.575000
0.570833
0.562500
0.570833
0.570833
0.562500
0.570833
0.570833
0.562500
0.575000
0.562500
0.562500
0.575000
0.575000
0.558333
0.575000
0.566667
0.562500
0.575000
0.562500
0.570833
0.570833
0.562500
0.570833
0.562500
0.575000
0.566667
0.566667
0.579167
0.562500
0.570833
0.579167
0.562500
0.570833
0.570833
0.579167
0.566667
0.575000
0.575000
0.562500
0.575000
0.575000
0.562500
0.562500
0.575000
0.570833
0.562500
0.570833
0.579167
0.562500
0.570833
0.579167
0.566667
0.570833
0.575000
0.575000
0.575000
0.566667
0.575000
0.570833
0.562500
0.575000
0.570833
0.566667
0.570833
0.575000
0.558333
0.570833
0.579167
0.562500
0.566667
0.579167
0.562500
0.570833
0.579167
0.566667
0.575000
0.575000
0.575000
0.566667
0.575000
0.570833
0.566667
0.575000
0.570833
0.566667
0.575000
0.570833
0.566667
0.566667
0.575000
0.575000
0.566667
0.570833
0.575000
0.575000
0.566667
0.566667
0.579167
0.575000
0.570833
0.566667
0.575000
0.566667
0.575000
0.566667
0.566667
0.579167
0.570833
0.566667
0.579167
0.570833
0.570833
0.583333
0.566667
0.570833
0.587500
0.575000
0.570833
0.579167
0.579167
0.575000
0.587500
0.570833
0.587500
0.570833
0.575000
0.579167
0.566667
0.583333
0.570833
0.575000
0.583333
0.566667
0.583333
0.583333
0.570833
0.579167
0.591667
0.579167
0.587500
0.583333
0.566667
0.579167
0.583333
0.566667
0.587500
0.570833
0.583333
0.570833
0.579167
0.587500
0.566667
0.575000
0.583333
0.566667
0.579167
0.587500
0.570833
0.583333
0.587500
0.575000
0.583333
0.591667
0.570833
0.587500
0.587500
0.575000
0.583333
0.591667
0.575000
0.579167
0.591667
0.575000
0.587500
0.587500
0.570833
0.587500
0.587500
0.570833
0.579167
0.587500
0.570833
0.575000
0.591667
0.575000
0.575000
0.591667
0.575000
0.575000
0.583333
0.583333
0.570833
0.587500
0.575000
0.575000
0.583333
0.575000
0.570833
0.583333
0.579167
0.570833
0.575000
0.583333
0.570833
0.570833
0.579167
0.579167
0.566667
0.579167
0.583333
0.570833
0.575000
0.583333
0.570833
0.570833
0.583333
0.579167
0.570833
0.575000
0.583333
0.575000
0.570833
0.579167
0.583333
0.566667
0.575000
0.583333
0.579167
0.575000
0.579167
0.591667
0.570833
0.575000
0.583333
0.583333
0.575000
0.570833
0.587500
0.579167
0.575000
0.587500
0.579167
0.575000
0.583333
0.591667
0.575000
0.579167
0.587500
0.587500
0.575000
0.591667
0.583333
0.575000
0.583333
0.591667
0.575000
0.575000
0.591667
0.575000
0.575000
0.587500
0.583333
0.575000
0.583333
0.591667
0.575000
0.579167
0.587500
0.579167
0.570833
0.583333
0.579167
0.283333
0.862500
0.575000
0.562500
0.575000
0.566667
0.566667
0.579167
0.562500
0.575000
0.579167
0.562500
0.583333
0.570833
0.575000
0.583333
0.566667
0.587500
0.575000
0.575000
0.583333
0.566667
0.587500
0.579167
0.570833
0.587500
0.575000
0.575000
0.587500
0.570833
0.579167
0.583333
0.570833
0.583333
0.583333
0.575000
0.583333
0.579167
0.575000
0.587500
0.587500
0.575000
0.579167
0.587500
0.583333
0.579167
0.591667
0.579167
0.587500
0.587500
0.575000
0.583333
0.583333
0.566667
0.587500
0.575000
0.570833
0.583333
0.583333
0.570833
0.583333
0.583333
0.575000
0.587500
0.587500
0.575000
0.587500
0.595833
0.579167
0.583333
0.595833
0.583333
0.579167
0.600000
0.587500
0.583333
0.591667
0.600000
0.583333
0.591667
0.604167
0.591667
0.579167
0.600000
0.583333
0.583333
0.600000
0.587500
0.591667
0.600000
0.583333
0.591667
0.600000
0.579167
0.595833
0.591667
0.583333
0.591667
0.591667
0.579167
0.591667
0.583333
0.579167
0.595833
0.579167
0.587500
0.595833
0.575000
0.587500
0.595833
0.575000
0.583333
0.591667
0.575000
0.587500
0.587500
0.575000
0.587500
0.587500
0.575000
0.587500
0.587500
0.575000
0.587500
0.587500
0.575000
0.583333
0.591667
0.575000
0.579167
0.591667
0.575000
0.591667
0.591667
0.579167
0.591667
0.591667
0.587500
0.591667
0.591667
0.583333
0.595833
0.583333
0.591667
0.591667
0.583333
0.583333
0.595833
0.583333
0.583333
0.591667
0.595833
0.579167
0.591667
0.587500
0.583333
0.591667
0.595833
0.579167
0.583333
0.595833
0.595833
0.583333
0.595833
0.600000
0.583333
0.595833
0.600000
0.587500
0.600000
0.600000
0.587500
0.600000
0.600000
0.591667
0.600000
0.600000
0.587500
0.600000
0.600000
0.587500
0.600000
0.600000
0.587500
0.604167
0.591667
0.591667
0.604167
0.587500
0.587500
0.600000
0.587500
0.591667
0.595833
0.583333
0.591667
0.591667
0.579167
0.591667
0.583333
0.579167
0.591667
0.587500
0.579167
0.587500
0.591667
0.579167
0.587500
0.579167
0.587500
0.579167
0.587500
0.570833
0.591667
0.570833
0.583333
0.583333
0.579167
0.575000
0.579167
0.579167
0.579167
0.583333
0.575000
0.579167
0.587500
0.570833
0.587500
0.575000
0.575000
0.579167
0.583333
0.575000
0.583333
0.575000
0.583333
0.583333
0.570833
0.587500
0.579167
0.583333
0.587500
0.570833
0.579167
0.579167
0.579167
0.562500
0.575000
0.583333
0.579167
0.570833
0.579167
0.566667
0.570833
0.583333
0.570833
0.583333
0.570833
0.562500
0.570833
0.583333
0.570833
0.579167
0.566667
0.583333
0.570833
0.579167
0.579167
0.570833
0.575000
0.575000
0.579167
0.566667
0.579167
0.583333
0.566667
0.579167
0.583333
0.566667
0.579167
0.583333
0.575000
0.575000
0.583333
0.579167
0.579167
0.570833
0.579167
0.583333
0.566667
0.587500
0.570833
0.579167
0.566667
0.570833
0.583333
0.575000
0.579167
0.583333
0.566667
0.579167
0.475000
0.654167
0.587500
0.570833
0.570833
0.583333
0.575000
0.579167
0.583333
0.570833
0.583333
0.583333
0.570833
0.583333
0.587500
0.575000
0.579167
0.587500
0.575000
0.575000
0.591667
0.579167
0.575000
0.587500
0.570833
0.575000
0.587500
0.575000
0.575000
0.587500
0.575000
0.570833
0.587500
0.583333
0.570833
0.587500
0.579167
0.575000
0.587500
0.583333
0.570833
0.583333
0.587500
0.570833
0.583333
0.583333
0.570833
0.583333
0.583333
0.570833
0.579167
0.583333
0.570833
0.579167
0.583333
0.583333
0.575000
0.579167
0.587500
0.583333
0.579167
0.579167
0.595833
0.583333
0.579167
0.583333
0.591667
0.579167
0.579167
0.591667
0.583333
0.583333
0.591667
0.579167
0.583333
0.595833
0.579167
0.583333
0.595833
0.595833
0.583333
0.591667
0.600000
0.587500
0.591667
0.600000
0.595833
0.591667
0.600000
0.595833
0.587500
0.600000
0.604167
0.591667
0.591667
0.604167
0.600000
0.587500
0.595833
0.604167
0.587500
0.591667
0.604167
0.591667
0.587500
0.591667
0.604167
0.591667
0.587500
0.600000
0.595833
0.591667
0.600000
0.600000
0.587500
0.595833
0.600000
0.591667
0.591667
0.595833
0.600000
0.587500
0.591667
0.595833
0.600000
0.591667
0.591667
0.600000
0.604167
0.587500
0.591667
0.600000
0.604167
0.587500
0.591667
0.604167
0.587500
0.591667
0.604167
0.595833
0.591667
0.604167
0.600000
0.591667
0.600000
0.608333
0.591667
0.595833
0.604167
0.600000
0.591667
0.600000
0.608333
0.591667
0.595833
0.612500
0.600000
0.595833
0.604167
0.604167
0.595833
0.595833
0.604167
0.604167
0.604167
0.595833
0.608333
0.608333
0.595833
0.600000
0.608333
0.608333
0.591667
0.600000
0.608333
0.591667
0.595833
0.600000
0.604167
0.587500
0.595833
0.608333
0.587500
0.591667
0.600000
0.595833
0.591667
0.595833
0.591667
0.587500
0.595833
0.595833
0.587500
0.587500
0.595833
0.600000
0.583333
0.591667
0.591667
0.604167
0.587500
0.587500
0.591667
0.595833
0.600000
0.587500
0.587500
0.600000
0.591667
0.587500
0.595833
0.595833
0.583333
0.591667
0.600000
0.591667
0.587500
0.604167
0.595833
0.587500
0.591667
0.604167
0.600000
0.587500
0.600000
0.608333
0.591667
0.591667
0.600000
0.604167
0.587500
0.591667
0.604167
0.604167
0.587500
0.595833
0.604167
0.604167
0.591667
0.604167
0.604167
0.591667
0.608333
0.608333
0.591667
0.608333
0.608333
0.591667
0.604167
0.612500
0.595833
0.595833
0.608333
0.604167
0.600000
0.608333
0.612500
0.600000
0.612500
0.608333
0.595833
0.616667
0.595833
0.616667
0.608333
0.595833
0.604167
0.595833
0.608333
0.604167
0.591667
0.608333
0.595833
0.600000
0.604167
0.591667
0.600000
0.604167
0.591667
0.600000
0.608333
0.600000
0.595833
0.608333
0.595833
0.600000
0.608333
0.591667
0.595833
0.608333
0.608333
0.591667
0.600000
0.612500
0.604167
0.600000
0.616667
0.600000
0.604167
0.620833
0.600000
0.604167
0.616667
0.608333
0.612500
0.600000
0.616667
0.600000
0.612500
0.604167
0.608333
0.595833
0.608333
0.600000
0.608333
0.591667
0.608333
0.595833
0.587500
0.600000
0.575000
0.595833
0.579167
0.591667
0.595833
0.583333
0.595833
0.591667
0.583333
0.595833
0.600000
0.587500
0.587500
0.604167
0.595833
0.583333
0.600000
0.600000
0.583333
0.600000
0.595833
0.587500
0.600000
0.587500
0.583333
0.595833
0.583333
0.591667
0.583333
0.583333
0.591667
0.575000
0.587500
0.575000
0.591667
0.583333
0.575000
0.587500
0.591667
0.575000
0.587500
0.595833
0.583333
0.587500
0.595833
0.579167
0.595833
0.595833
0.583333
0.600000
0.595833
0.583333
0.600000
0.600000
0.583333
0.595833
0.595833
0.587500
0.600000
0.587500
0.595833
0.600000
0.583333
0.600000
0.600000
0.583333
0.604167
0.595833
0.587500
0.604167
0.591667
0.587500
0.600000
0.591667
0.587500
0.595833
0.583333
0.591667
0.595833
