0.641667
0.633333
0.633333
0.625000
0.637500
0.633333
0.629167
0.629167
0.629167
0.637500
0.633333
0.625000
0.629167
0.633333
0.637500
0.633333
0.629167
0.633333
0.637500
0.633333
0.470833
0.370833
0.283333
0.854167
0.562500
0.633333
0.629167
0.650000
0.629167
0.637500
0.629167
0.637500
0.645833
0.633333
0.637500
0.629167
0.645833
0.637500
0.633333
0.637500
0.641667
0.633333
0.629167
0.637500
0.637500
0.637500
0.633333
0.629167
0.641667
0.637500
0.633333
0.633333
0.629167
0.641667
0.229167
0.408333
0.641667
0.479167
0.787500
0.641667
0.637500
0.637500
0.633333
0.637500
0.645833
0.633333
0.641667
0.641667
0.641667
0.641667
0.291667
0.345833
0.641667
0.641667
0.641667
0.637500
0.637500
0.645833
0.650000
0.637500
0.637500
0.641667
0.645833
0.637500
0.637500
0.637500
0.641667
0.650000
0.637500
0.637500
0.633333
0.645833
0.641667
0.641667
0.637500
0.637500
0.641667
0.641667
0.633333
0.633333
0.637500
0.637500
0.633333
0.633333
0.633333
0.637500
0.641667
0.633333
0.633333
0.633333
0.637500
0.637500
0.629167
0.625000
0.633333
0.629167
0.629167
0.629167
0.629167
0.637500
0.633333
0.625000
0.625000
0.629167
0.637500
0.629167
0.629167
0.620833
0.637500
0.629167
0.208333
0.420833
0.625000
0.633333
0.633333
0.629167
0.625000
0.633333
0.633333
0.625000
0.625000
0.629167
0.637500
0.629167
0.625000
0.625000
0.637500
0.625000
0.625000
0.629167
0.633333
0.625000
0.625000
0.625000
0.633333
0.629167
0.629167
0.629167
0.629167
0.633333
0.637500
0.629167
0.625000
0.629167
0.637500
0.633333
0.625000
0.629167
0.633333
0.633333
0.629167
0.629167
0.625000
0.637500
0.633333
0.629167
0.633333
0.629167
0.633333
0.633333
0.629167
0.629167
0.625000
0.637500
0.629167
0.629167
0.625000
0.629167
0.320833
0.316667
0.141667
0.479167
0.195833
0.508333
0.541667
0.625000
0.629167
0.520833
0.716667
0.629167
0.620833
0.620833
0.625000
0.629167
0.412500
0.212500
0.625000
0.620833
0.629167
0.629167
0.629167
0.625000
0.625000
0.633333
0.629167
0.625000
0.625000
0.629167
0.629167
0.629167
0.625000
0.625000
0.633333
0.629167
0.625000
0.625000
0.629167
0.629167
0.625000
0.625000
0.625000
0.629167
0.629167
0.620833
0.625000
0.616667
0.629167
0.629167
0.620833
0.620833
0.625000
0.629167
0.620833
0.620833
0.625000
0.625000
0.620833
0.620833
0.625000
0.625000
0.625000
0.620833
0.625000
0.633333
0.620833
0.625000
0.620833
0.629167
0.629167
0.625000
0.516667
0.650000
0.437500
0.266667
0.704167
0.550000
0.779167
0.470833
0.620833
0.625000
0.208333
0.416667
0.625000
0.616667
0.504167
0.120833
0.316667
0.312500
0.625000
0.620833
0.620833
0.629167
0.629167
0.637500
0.629167
0.620833
0.625000
0.625000
0.625000
0.625000
0.629167
0.633333
0.620833
0.625000
0.625000
0.629167
0.625000
0.620833
0.625000
0.633333
0.616667
0.625000
0.620833
0.625000
0.625000
0.629167
0.620833
0.620833
0.625000
0.637500
0.620833
0.616667
0.629167
0.629167
0.625000
0.625000
0.625000
1.216667
0.479167
0.308333
0.350000
0.595833
0.179167
0.404167
0.233333
0.325000
0.308333
0.620833
0.408333
0.216667
0.566667
0.912500
0.270833
0.200000
0.458333
0.437500
0.300000
0.329167
0.295833
0.633333
0.637500
0.608333
0.629167
0.400000
0.237500
0.625000
0.625000
0.629167
0.629167
0.629167
0.629167
0.625000
0.629167
0.375000
0.241667
1.266667
1.104167
0.137500
0.337500
0.283333
0.633333
0.633333
0.629167
0.625000
1.262500
0.633333
1.341667
1.183333
0.633333
0.616667
1.266667
0.625000
1.262500
0.316667
0.362500
0.441667
0.679167
0.733333
0.625000
0.633333
0.637500
0.450000
0.812500
0.633333
0.629167
0.633333
0.625000
0.141667
0.662500
0.583333
0.504167
0.341667
0.770833
0.520833
0.879167
1.262500
1.270833
1.200000
1.329167
0.637500
0.633333
0.633333
0.637500
0.641667
0.637500
0.637500
0.641667
0.641667
0.637500
0.633333
0.633333
0.641667
0.633333
0.633333
0.629167
0.633333
0.633333
0.629167
0.625000
0.629167
0.637500
0.629167
0.629167
0.625000
0.629167
0.633333
0.629167
0.633333
0.625000
0.633333
0.633333
0.633333
0.629167
0.633333
0.641667
0.633333
0.633333
0.633333
0.633333
0.641667
0.637500
0.325000
0.304167
0.633333
0.637500
0.629167
0.633333
0.633333
0.637500
0.633333
0.641667
0.633333
0.637500
0.633333
0.641667
0.637500
0.633333
0.633333
0.641667
0.637500
0.633333
0.633333
0.629167
0.637500
0.637500
0.633333
0.629167
0.633333
0.637500
0.633333
0.629167
0.633333
0.637500
0.637500
0.633333
0.400000
0.875000
0.633333
0.633333
0.641667
0.637500
0.633333
0.475000
0.791667
0.637500
0.633333
0.629167
0.633333
0.637500
0.629167
0.629167
0.625000
0.633333
0.629167
0.629167
0.625000
0.629167
0.637500
0.629167
0.625000
0.629167
0.633333
0.633333
0.629167
0.629167
0.629167
0.641667
0.629167
0.633333
0.629167
0.637500
0.629167
0.629167
0.629167
0.633333
0.633333
0.629167
0.629167
0.629167
0.637500
0.633333
0.629167
0.629167
0.629167
0.633333
0.629167
0.633333
0.625000
0.629167
0.633333
0.625000
0.629167
0.625000
0.629167
0.633333
0.629167
0.629167
0.625000
0.279167
0.362500
0.633333
0.629167
0.633333
0.637500
0.637500
0.637500
0.637500
0.633333
0.645833
0.633333
0.633333
0.633333
0.637500
0.637500
0.637500
0.629167
0.629167
0.637500
0.633333
0.629167
0.629167
0.633333
0.637500
0.612500
0.120833
0.533333
0.629167
0.633333
0.633333
0.633333
0.629167
0.641667
0.633333
0.625000
0.637500
0.633333
0.633333
0.629167
0.637500
0.637500
0.629167
0.637500
0.637500
0.633333
0.633333
0.637500
0.637500
0.629167
0.633333
0.637500
0.633333
0.633333
0.629167
0.633333
0.637500
0.637500
0.637500
0.633333
0.633333
0.641667
0.637500
0.633333
0.633333
0.629167
0.637500
0.633333
0.633333
0.625000
0.633333
0.637500
0.629167
0.633333
0.629167
0.629167
0.637500
0.629167
0.633333
0.629167
0.633333
0.637500
0.633333
0.633333
0.633333
0.633333
0.491667
0.783333
0.804167
0.470833
0.616667
0.491667
0.787500
0.175000
0.445833
0.633333
0.637500
0.404167
0.225000
0.633333
0.620833
0.233333
0.183333
0.216667
0.637500
0.625000
0.625000
0.629167
0.637500
0.625000
0.625000
0.629167
0.625000
0.637500
0.620833
0.625000
0.633333
0.629167
0.616667
0.625000
0.629167
1.095833
0.158333
0.616667
0.629167
0.629167
0.625000
0.616667
1.250000
0.625000
0.620833
0.620833
0.625000
0.637500
0.725000
0.525000
0.633333
0.629167
0.641667
0.633333
0.633333
0.633333
0.291667
0.354167
0.629167
0.625000
0.633333
0.641667
0.637500
0.625000
0.629167
0.629167
0.645833
0.625000
0.629167
0.229167
0.395833
0.633333
0.633333
0.425000
0.204167
0.625000
0.629167
0.637500
0.637500
0.620833
0.625000
0.633333
0.637500
0.466667
0.450000
0.341667
0.625000
0.629167
0.633333
0.400000
0.233333
0.625000
0.633333
0.633333
0.629167
0.629167
0.629167
0.629167
0.641667
0.629167
0.633333
0.620833
0.291667
0.350000
0.562500
0.079167
0.479167
0.145833
0.470833
0.645833
0.766667
0.620833
0.704167
0.558333
0.612500
0.408333
0.220833
0.629167
0.637500
0.545833
0.241667
0.379167
0.637500
0.795833
0.508333
0.545833
0.650000
0.670833
0.366667
0.487500
0.404167
0.541667
0.700000
0.620833
0.625000
0.625000
0.620833
0.620833
0.620833
0.620833
0.625000
0.620833
0.625000
0.625000
0.625000
0.629167
0.620833
0.629167
0.637500
0.625000
0.629167
0.629167
0.629167
0.641667
0.629167
0.625000
0.629167
0.625000
0.637500
0.629167
0.629167
0.629167
0.629167
0.637500
0.633333
0.633333
0.633333
0.625000
0.637500
0.637500
0.620833
0.629167
0.629167
0.625000
0.625000
0.625000
0.629167
0.625000
0.625000
0.625000
0.629167
0.629167
0.625000
0.625000
0.625000
0.629167
0.620833
0.625000
0.245833
0.379167
0.629167
0.625000
0.633333
0.625000
0.633333
0.625000
0.625000
0.633333
0.629167
0.629167
0.629167
0.625000
0.637500
0.633333
0.629167
0.633333
0.637500
0.633333
0.633333
0.633333
0.633333
0.637500
0.633333
0.633333
0.629167
0.637500
0.350000
0.283333
0.629167
0.629167
0.633333
0.637500
0.633333
0.633333
0.633333
0.637500
0.641667
0.637500
0.637500
0.637500
0.645833
0.641667
0.637500
0.641667
0.637500
0.645833
0.641667
0.633333
0.637500
0.637500
0.641667
0.633333
0.637500
0.637500
0.637500
0.641667
0.633333
0.633333
0.629167
0.629167
0.641667
0.629167
0.633333
0.629167
0.633333
0.633333
0.629167
0.633333
0.629167
0.629167
0.629167
0.629167
0.625000
0.637500
0.625000
0.395833
0.233333
0.633333
0.625000
0.629167
0.620833
0.629167
0.629167
0.625000
0.620833
0.629167
0.408333
0.212500
0.637500
0.616667
0.625000
0.629167
0.625000
0.616667
0.620833
0.629167
0.625000
0.620833
0.620833
0.629167
0.625000
0.625000
0.616667
0.629167
0.625000
0.620833
0.625000
0.616667
0.633333
0.620833
0.620833
0.620833
0.625000
0.625000
0.620833
0.620833
0.620833
0.620833
0.629167
0.625000
0.625000
0.625000
0.625000
0.629167
0.629167
0.629167
0.625000
0.270833
0.358333
0.633333
0.629167
0.629167
0.625000
0.637500
0.629167
0.633333
0.629167
0.629167
0.637500
0.633333
0.633333
0.629167
0.637500
0.641667
0.633333
0.633333
0.708333
0.287500
0.287500
0.633333
0.633333
0.637500
0.637500
0.637500
0.633333
0.641667
0.637500
0.633333
0.629167
0.637500
0.637500
0.637500
0.629167
0.633333
0.633333
0.641667
0.633333
0.633333
0.637500
0.641667
0.637500
0.633333
0.633333
0.637500
0.641667
0.637500
0.633333
0.637500
0.641667
0.633333
0.629167
0.637500
0.633333
0.629167
0.633333
0.629167
0.633333
0.633333
0.633333
0.633333
0.629167
0.633333
0.633333
0.637500
0.629167
0.633333
0.637500
0.637500
0.629167
0.362500
0.270833
0.641667
0.362500
0.404167
0.500000
0.637500
0.287500
0.350000
0.633333
0.637500
0.629167
0.629167
0.637500
0.333333
0.300000
