0.850000
0.812500
0.870833
0.833333
0.841667
0.833333
0.841667
0.833333
0.825000
0.825000
0.816667
0.820833
0.816667
0.820833
0.733333
0.941667
0.837500
0.825000
0.595833
1.000000
0.845833
0.820833
0.816667
0.816667
0.816667
0.820833
0.812500
0.633333
0.979167
0.591667
0.995833
0.608333
0.987500
0.825000
0.804167
0.825000
0.816667
0.808333
0.808333
0.812500
0.833333
0.600000
0.995833
0.845833
0.829167
0.825000
0.833333
0.829167
0.829167
0.820833
0.829167
0.833333
0.825000
0.825000
0.820833
0.825000
0.829167
0.825000
0.816667
0.808333
0.812500
0.625000
0.991667
0.579167
1.008333
0.850000
0.820833
0.841667
0.829167
0.825000
0.825000
0.825000
0.850000
0.837500
0.833333
0.837500
0.841667
0.841667
0.837500
0.837500
0.845833
0.837500
0.841667
0.841667
0.833333
0.829167
1.662500
0.820833
0.812500
0.616667
0.987500
0.820833
0.812500
0.804167
0.825000
0.820833
0.812500
0.812500
0.808333
0.820833
0.812500
0.816667
0.812500
0.820833
0.829167
0.825000
0.816667
0.820833
0.816667
0.795833
0.816667
0.820833
0.820833
0.825000
0.783333
0.820833
0.829167
0.825000
0.833333
0.795833
0.833333
0.833333
0.833333
0.812500
0.812500
0.833333
0.825000
0.829167
0.825000
0.800000
0.812500
0.820833
0.816667
0.825000
0.791667
0.795833
0.825000
0.825000
0.825000
0.795833
0.816667
0.829167
0.800000
0.820833
0.833333
0.825000
0.812500
0.816667
0.816667
0.829167
0.829167
0.825000
0.804167
0.837500
0.804167
0.825000
0.825000
0.820833
0.820833
0.808333
0.825000
0.825000
0.816667
0.820833
0.820833
0.804167
0.812500
0.808333
0.820833
0.825000
0.825000
0.804167
0.787500
0.825000
0.829167
0.833333
0.816667
0.787500
0.812500
0.829167
0.820833
0.825000
0.795833
0.829167
0.833333
0.841667
0.795833
0.829167
0.841667
0.841667
0.850000
0.795833
0.845833
0.845833
0.854167
0.841667
0.795833
0.841667
0.841667
0.837500
0.820833
0.825000
0.829167
0.837500
0.820833
0.816667
0.825000
0.833333
0.829167
0.820833
0.825000
0.820833
0.833333
0.825000
0.829167
0.825000
0.825000
0.829167
0.837500
0.833333
0.833333
0.829167
0.829167
0.845833
1.658333
0.837500
0.820833
0.829167
0.816667
0.816667
0.816667
0.825000
0.837500
0.833333
0.837500
0.837500
0.837500
0.841667
0.833333
0.833333
0.854167
0.841667
0.783333
0.841667
0.854167
0.808333
0.820833
0.837500
0.841667
0.808333
0.783333
0.820833
0.795833
0.787500
0.808333
0.791667
0.791667
0.783333
0.787500
0.795833
0.791667
0.795833
0.787500
0.787500
0.791667
0.787500
0.808333
0.795833
0.795833
0.812500
0.783333
0.795833
0.800000
0.808333
0.770833
0.691667
0.916667
0.820833
0.783333
0.783333
0.787500
0.791667
0.787500
0.791667
0.787500
0.804167
0.766667
0.791667
0.787500
0.791667
0.783333
0.791667
0.804167
0.800000
0.787500
0.787500
0.766667
0.783333
0.800000
0.779167
0.787500
0.770833
0.791667
0.791667
0.783333
0.787500
0.783333
0.795833
0.804167
0.795833
0.795833
0.791667
0.787500
0.812500
0.812500
0.812500
0.800000
0.808333
0.800000
0.800000
0.791667
0.804167
0.808333
0.808333
0.800000
0.804167
0.804167
0.808333
0.800000
0.791667
0.800000
0.800000
0.800000
0.800000
0.804167
0.791667
0.808333
0.816667
0.816667
0.816667
0.812500
0.820833
0.812500
0.829167
0.820833
0.816667
0.820833
0.808333
0.820833
0.808333
0.808333
0.812500
0.808333
0.808333
0.816667
0.808333
0.808333
0.808333
0.808333
0.816667
0.812500
0.808333
0.816667
0.820833
0.816667
0.833333
0.820833
0.808333
0.808333
0.808333
0.800000
0.804167
0.800000
0.800000
0.804167
0.795833
0.808333
0.812500
0.800000
0.804167
0.812500
0.804167
0.512500
1.100000
0.812500
0.800000
0.795833
0.787500
0.804167
0.791667
0.783333
0.804167
0.791667
0.783333
0.787500
0.795833
0.791667
0.791667
0.791667
0.791667
0.808333
0.800000
0.800000
0.800000
0.791667
0.795833
0.800000
0.787500
0.791667
0.800000
0.800000
0.795833
0.791667
0.795833
0.787500
0.804167
0.795833
0.795833
0.795833
0.800000
0.804167
0.804167
0.800000
0.800000
0.804167
0.800000
0.820833
0.812500
0.812500
0.816667
0.808333
0.812500
0.820833
0.816667
0.816667
0.816667
0.820833
0.812500
0.820833
0.825000
0.820833
0.825000
0.825000
0.825000
0.816667
0.825000
0.825000
0.820833
0.825000
0.820833
0.833333
0.841667
0.833333
0.837500
0.833333
0.845833
0.837500
0.808333
0.841667
0.845833
0.845833
0.833333
0.829167
0.833333
0.833333
0.837500
0.837500
0.845833
0.816667
0.829167
0.845833
0.845833
0.850000
0.837500
0.816667
0.845833
0.850000
0.854167
0.854167
0.808333
0.850000
0.854167
0.866667
0.837500
0.829167
0.804167
0.829167
0.875000
0.825000
0.800000
0.808333
0.858333
0.825000
0.787500
0.812500
0.825000
0.820833
0.816667
0.791667
0.812500
0.829167
0.829167
0.820833
0.812500
0.816667
0.829167
0.837500
0.816667
0.816667
0.837500
0.841667
0.845833
0.812500
0.837500
0.850000
0.862500
0.833333
0.816667
0.820833
0.850000
0.837500
0.829167
0.820833
0.770833
0.658333
1.008333
0.533333
1.104167
0.883333
0.812500
0.829167
0.829167
0.816667
0.804167
0.800000
0.808333
0.820833
0.820833
0.787500
0.816667
0.820833
0.816667
0.820833
0.800000
0.808333
0.883333
0.762500
0.829167
0.833333
0.791667
0.812500
0.833333
0.837500
0.783333
0.820833
0.870833
0.754167
0.866667
0.845833
0.795833
0.833333
0.812500
0.808333
0.808333
0.812500
0.808333
0.820833
0.804167
0.854167
0.783333
0.879167
0.770833
0.825000
0.825000
0.833333
0.820833
0.837500
0.833333
0.829167
0.829167
0.845833
0.829167
0.812500
0.791667
0.783333
0.791667
0.808333
0.833333
0.791667
0.812500
0.820833
0.820833
0.829167
0.820833
0.808333
0.770833
0.812500
0.820833
0.825000
0.841667
0.833333
0.812500
0.791667
0.812500
0.816667
0.820833
0.829167
0.875000
0.820833
0.795833
0.816667
0.900000
0.820833
0.816667
0.791667
0.808333
0.816667
0.908333
0.829167
0.625000
1.008333
0.800000
0.791667
0.816667
0.829167
0.845833
0.825000
0.808333
0.816667
0.825000
0.908333
0.804167
0.775000
0.800000
0.929167
0.808333
0.766667
0.820833
0.829167
0.825000
0.841667
0.883333
0.820833
0.783333
0.795833
0.816667
0.825000
0.883333
0.808333
0.783333
0.779167
0.841667
0.825000
0.845833
0.833333
0.808333
0.762500
0.804167
0.858333
0.816667
0.862500
0.829167
0.775000
0.779167
0.908333
0.766667
0.816667
0.816667
0.900000
0.820833
0.770833
0.808333
0.845833
0.854167
0.837500
0.808333
0.779167
0.791667
0.858333
0.829167
0.812500
0.829167
0.841667
0.829167
0.804167
0.795833
0.775000
0.841667
0.837500
0.825000
0.833333
0.812500
0.775000
0.812500
0.841667
0.833333
0.825000
0.841667
0.820833
0.779167
0.795833
0.825000
0.833333
0.858333
0.804167
0.770833
0.829167
0.837500
0.858333
0.829167
0.800000
0.766667
0.850000
0.816667
0.862500
0.825000
0.800000
0.758333
0.854167
0.829167
0.862500
0.841667
0.795833
0.791667
0.825000
0.854167
0.841667
0.866667
0.825000
0.812500
0.783333
0.812500
0.841667
0.837500
0.850000
0.845833
0.783333
0.812500
0.850000
0.854167
0.879167
0.854167
0.775000
0.816667
0.862500
0.870833
0.862500
0.800000
0.795833
0.870833
0.845833
0.883333
0.837500
0.804167
0.812500
0.887500
0.841667
0.879167
0.833333
0.795833
