0.750000
0.754167
0.779167
0.745833
0.754167
0.745833
0.800000
0.779167
0.766667
0.775000
0.750000
0.766667
0.741667
0.754167
0.737500
0.733333
0.725000
0.750000
0.741667
0.758333
0.733333
0.729167
0.729167
0.733333
0.729167
0.733333
0.729167
0.737500
0.741667
0.750000
0.750000
0.754167
0.745833
0.608333
1.979167
0.912500
0.925000
0.937500
1.508333
0.491667
0.904167
0.820833
0.779167
0.729167
0.725000
1.416667
0.716667
0.704167
0.700000
0.695833
0.700000
0.704167
0.700000
0.700000
0.700000
0.700000
0.700000
0.704167
1.400000
0.704167
0.700000
0.695833
0.704167
0.700000
0.700000
0.695833
0.700000
0.691667
0.691667
0.691667
0.691667
0.691667
0.687500
0.687500
0.687500
0.687500
0.691667
0.700000
0.591667
0.870833
0.704167
0.716667
0.720833
0.720833
0.712500
0.712500
0.708333
0.712500
0.720833
0.716667
0.725000
0.729167
0.729167
0.729167
0.750000
0.737500
0.741667
0.741667
0.741667
0.737500
0.729167
0.737500
0.720833
1.383333
0.675000
0.675000
0.683333
0.691667
0.695833
0.679167
0.675000
0.679167
0.687500
0.679167
0.666667
0.670833
0.687500
0.691667
0.695833
0.712500
0.716667
0.725000
0.729167
0.745833
0.741667
0.750000
0.741667
0.745833
0.770833
0.745833
0.775000
0.737500
0.758333
0.758333
0.762500
0.754167
0.750000
1.491667
0.758333
0.745833
0.758333
0.733333
0.758333
0.766667
0.766667
0.783333
0.779167
0.766667
0.766667
0.758333
0.791667
0.754167
0.762500
0.741667
0.745833
0.729167
0.787500
0.737500
0.779167
0.737500
0.633333
1.145833
0.975000
0.979167
1.016667
1.708333
0.620833
1.675000
0.529167
0.895833
0.891667
0.854167
0.916667
0.679167
0.716667
0.712500
1.412500
0.741667
0.716667
0.579167
1.091667
0.920833
0.937500
0.954167
0.966667
0.979167
1.016667
0.350000
0.366667
0.387500
0.375000
0.508333
0.770833
0.804167
0.787500
0.795833
0.762500
0.766667
0.737500
0.737500
0.733333
0.779167
1.479167
0.766667
0.733333
0.762500
0.737500
0.766667
0.741667
0.758333
0.741667
0.750000
0.733333
0.729167
0.716667
0.716667
0.725000
0.716667
0.712500
1.404167
0.729167
0.691667
0.716667
2.112500
0.733333
0.712500
0.720833
0.725000
1.441667
0.729167
0.716667
0.708333
0.716667
0.716667
0.716667
0.708333
0.704167
0.704167
0.720833
0.720833
0.712500
0.712500
0.708333
0.712500
0.708333
0.712500
1.316667
0.804167
0.708333
0.700000
1.404167
0.700000
0.700000
0.704167
0.700000
0.700000
0.700000
0.704167
0.704167
0.712500
0.720833
0.512500
1.008333
0.900000
0.887500
0.891667
0.908333
0.945833
0.962500
0.958333
0.983333
0.987500
1.004167
0.970833
0.862500
0.845833
0.825000
0.779167
0.733333
0.725000
0.712500
0.708333
0.704167
0.704167
0.708333
0.720833
0.712500
0.725000
0.725000
1.429167
0.729167
0.720833
0.737500
0.725000
0.716667
0.725000
0.712500
0.712500
0.729167
0.725000
1.458333
0.733333
0.704167
0.704167
0.700000
0.712500
0.708333
0.708333
0.704167
1.166667
1.000000
0.662500
0.700000
1.400000
0.708333
0.695833
0.704167
0.708333
0.708333
0.695833
0.695833
0.704167
0.704167
0.708333
0.708333
0.708333
1.404167
0.716667
0.712500
0.716667
0.716667
0.712500
1.404167
0.704167
0.704167
0.704167
0.704167
0.570833
0.991667
0.925000
0.883333
0.833333
0.816667
0.766667
0.733333
0.720833
0.708333
0.579167
0.870833
1.004167
0.879167
0.812500
0.745833
0.720833
0.704167
0.700000
0.695833
0.691667
0.687500
0.679167
0.666667
0.650000
0.658333
0.654167
0.670833
0.683333
0.704167
0.700000
0.716667
0.729167
0.729167
1.458333
0.733333
0.733333
0.737500
0.733333
1.225000
0.975000
0.750000
0.720833
0.741667
0.716667
0.637500
0.770833
0.704167
0.708333
1.862500
1.300000
1.129167
0.616667
0.683333
0.700000
0.708333
0.708333
0.712500
0.566667
1.016667
0.916667
0.870833
0.833333
0.758333
0.687500
0.679167
0.675000
1.329167
0.683333
0.683333
0.687500
0.695833
0.691667
0.695833
0.695833
0.704167
0.712500
0.708333
0.716667
0.712500
0.733333
0.729167
0.733333
0.737500
0.725000
0.733333
0.737500
0.737500
0.737500
0.729167
0.712500
0.729167
0.729167
0.725000
0.716667
0.716667
0.712500
0.733333
0.733333
0.737500
0.741667
0.733333
0.720833
0.729167
0.737500
0.737500
0.741667
1.462500
0.729167
0.720833
0.733333
1.475000
0.733333
0.729167
0.725000
0.712500
0.704167
0.708333
0.712500
0.716667
0.716667
0.716667
0.720833
0.720833
0.737500
0.750000
0.758333
0.758333
0.745833
0.745833
0.691667
0.854167
0.750000
0.758333
0.733333
0.737500
0.737500
0.741667
0.741667
0.729167
0.725000
0.733333
0.729167
0.741667
0.741667
0.566667
1.116667
0.991667
0.950000
0.912500
1.520833
1.779167
0.758333
0.733333
0.720833
0.712500
1.433333
0.725000
0.720833
0.725000
0.708333
0.591667
1.062500
0.983333
0.954167
0.895833
0.850000
0.850000
0.833333
0.808333
0.770833
0.750000
0.616667
1.908333
0.870833
0.829167
0.795833
0.750000
0.720833
0.695833
0.700000
0.695833
0.700000
0.695833
0.708333
0.704167
0.700000
0.695833
0.691667
0.704167
0.708333
0.712500
0.700000
0.700000
0.708333
0.708333
0.708333
0.704167
0.700000
0.712500
0.716667
0.533333
1.045833
0.900000
0.850000
0.812500
0.779167
0.729167
0.720833
0.725000
0.720833
0.704167
0.695833
0.695833
0.708333
0.704167
0.554167
1.425000
0.808333
0.700000
0.700000
0.691667
0.695833
0.704167
0.708333
0.700000
1.408333
0.712500
0.712500
0.700000
0.704167
0.700000
0.704167
0.712500
0.716667
0.716667
0.700000
0.704167
0.712500
0.716667
0.712500
1.408333
0.716667
0.700000
0.708333
0.704167
0.712500
0.720833
0.716667
0.729167
0.733333
0.733333
0.733333
0.737500
0.733333
0.729167
0.720833
1.429167
0.716667
0.704167
0.712500
0.708333
0.712500
0.720833
0.695833
0.733333
0.716667
0.720833
0.729167
0.729167
0.729167
1.441667
0.716667
1.383333
0.708333
0.691667
0.704167
0.708333
0.708333
0.708333
0.716667
0.716667
0.725000
0.708333
0.712500
0.708333
0.700000
0.716667
0.716667
0.712500
0.708333
0.512500
1.000000
0.945833
0.887500
0.825000
0.787500
0.762500
1.529167
0.637500
0.687500
0.683333
0.695833
0.695833
0.695833
0.695833
1.379167
0.700000
0.700000
0.695833
0.683333
0.687500
0.687500
0.695833
0.691667
0.595833
1.887500
0.854167
0.816667
0.758333
0.720833
0.700000
0.675000
0.675000
0.670833
0.658333
0.650000
0.666667
0.675000
0.687500
0.700000
0.712500
0.712500
0.712500
0.708333
0.716667
0.729167
0.729167
0.733333
0.729167
0.716667
0.733333
0.741667
1.441667
0.745833
0.741667
0.750000
0.737500
0.737500
0.750000
0.725000
0.733333
0.716667
0.729167
0.725000
0.741667
0.750000
0.758333
0.737500
0.741667
0.720833
0.725000
0.716667
0.712500
0.716667
0.725000
0.729167
0.733333
0.729167
0.720833
0.658333
0.783333
0.725000
0.745833
0.762500
0.741667
0.754167
0.762500
0.766667
0.745833
0.750000
0.741667
0.741667
0.737500
0.737500
0.733333
0.725000
0.712500
0.716667
0.725000
0.720833
0.712500
0.537500
1.029167
0.745833
1.070833
0.862500
0.645833
0.987500
0.770833
0.758333
0.750000
0.491667
1.645833
1.400000
0.704167
0.700000
0.700000
0.691667
0.700000
0.695833
0.679167
0.725000
0.562500
0.845833
0.700000
0.687500
0.679167
0.683333
0.700000
0.716667
0.729167
0.712500
0.708333
0.708333
0.720833
0.758333
0.758333
0.758333
0.737500
0.729167
0.708333
0.712500
0.712500
0.704167
0.704167
0.695833
0.687500
0.691667
0.679167
0.675000
0.670833
0.662500
0.654167
0.662500
0.658333
0.658333
0.666667
0.662500
0.666667
0.662500
0.658333
0.641667
0.650000
0.666667
0.670833
0.683333
0.700000
0.700000
0.708333
0.725000
0.720833
0.462500
0.962500
0.729167
0.712500
