1.033333
0.933333
0.791667
1.025000
0.983333
0.941667
0.920833
0.862500
1.054167
0.941667
0.820833
1.004167
0.629167
1.008333
0.929167
0.937500
1.050000
0.937500
0.920833
1.025000
0.841667
0.966667
0.941667
0.970833
1.000000
0.912500
0.904167
0.804167
1.041667
0.925000
0.904167
0.904167
0.958333
0.758333
0.941667
0.850000
0.833333
0.845833
0.804167
0.750000
0.745833
0.729167
0.658333
0.741667
0.754167
0.754167
0.704167
0.704167
0.737500
0.758333
0.766667
0.750000
0.770833
0.808333
0.679167
0.837500
0.679167
0.845833
0.670833
0.858333
0.795833
0.779167
0.783333
0.725000
0.820833
0.800000
0.837500
0.837500
0.825000
0.829167
0.841667
0.858333
0.858333
0.841667
0.850000
0.854167
0.833333
0.837500
0.833333
0.808333
0.808333
0.804167
0.795833
0.804167
0.820833
0.825000
0.837500
0.820833
0.833333
0.845833
0.841667
0.866667
0.858333
0.845833
0.879167
0.879167
0.875000
0.912500
0.900000
0.895833
0.904167
0.925000
0.887500
0.887500
0.904167
0.879167
0.866667
0.887500
0.883333
0.862500
0.862500
0.866667
0.850000
0.866667
0.858333
0.854167
0.850000
0.887500
0.875000
0.841667
0.837500
0.850000
0.833333
0.808333
0.804167
0.812500
0.800000
0.800000
0.791667
0.675000
0.841667
0.816667
0.841667
0.841667
0.833333
0.854167
0.975000
0.950000
0.916667
0.937500
0.937500
0.908333
0.887500
0.929167
0.925000
0.916667
0.904167
0.916667
0.933333
0.887500
0.883333
0.762500
0.979167
0.691667
0.941667
0.920833
0.925000
0.925000
0.879167
0.862500
0.791667
0.891667
0.808333
0.879167
0.712500
0.925000
0.675000
0.929167
0.650000
0.929167
0.883333
0.891667
0.633333
0.962500
0.887500
0.854167
0.920833
0.870833
0.858333
0.887500
0.870833
0.858333
0.875000
0.891667
0.904167
0.891667
0.908333
0.925000
0.920833
0.912500
0.929167
0.925000
0.916667
0.904167
0.916667
0.929167
0.929167
0.920833
0.925000
0.937500
0.941667
0.912500
0.966667
0.745833
0.975000
0.625000
0.995833
0.929167
0.729167
0.970833
0.891667
0.779167
0.950000
0.650000
0.954167
0.883333
0.866667
0.900000
0.891667
0.904167
0.920833
0.929167
0.900000
0.891667
0.908333
0.895833
0.912500
0.937500
0.895833
0.887500
0.887500
0.920833
0.904167
0.895833
0.900000
0.941667
0.762500
0.962500
0.925000
0.737500
0.966667
0.883333
0.866667
0.870833
0.854167
0.870833
0.716667
0.941667
0.812500
0.908333
0.675000
0.941667
0.658333
0.941667
0.904167
0.916667
0.650000
1.004167
0.891667
0.945833
0.733333
1.033333
0.975000
0.991667
1.045833
0.895833
0.987500
0.941667
0.945833
0.987500
0.850000
1.050000
0.933333
0.908333
1.000000
0.891667
0.941667
0.670833
0.991667
0.941667
0.787500
0.991667
0.941667
0.920833
0.920833
0.875000
0.979167
0.775000
0.979167
0.945833
0.950000
0.945833
0.945833
0.945833
0.941667
0.916667
0.695833
1.008333
0.933333
0.916667
0.920833
0.833333
0.970833
0.708333
0.970833
0.937500
0.908333
0.933333
0.758333
0.970833
0.895833
0.904167
0.954167
0.925000
0.912500
0.941667
0.954167
0.929167
0.929167
0.916667
0.925000
0.925000
0.929167
0.912500
0.908333
0.925000
0.929167
0.920833
0.895833
0.904167
0.729167
0.958333
0.704167
0.908333
0.850000
0.875000
0.937500
0.883333
0.841667
0.737500
0.895833
0.812500
0.850000
0.791667
0.854167
0.737500
0.862500
0.741667
0.845833
0.675000
0.875000
0.829167
0.845833
0.820833
0.791667
0.800000
0.841667
0.820833
0.829167
0.816667
0.783333
0.762500
0.820833
0.808333
0.745833
0.770833
0.787500
0.737500
0.670833
0.812500
0.779167
0.795833
0.775000
0.741667
0.770833
0.775000
0.745833
0.704167
0.766667
0.770833
0.754167
0.750000
0.775000
0.762500
0.766667
0.804167
0.800000
0.791667
0.770833
0.787500
0.833333
0.816667
0.825000
0.829167
0.820833
0.812500
0.804167
0.804167
0.795833
0.762500
0.795833
0.800000
0.820833
0.808333
0.804167
0.841667
0.837500
0.850000
0.845833
0.875000
0.862500
0.870833
0.841667
0.845833
0.837500
0.829167
0.816667
0.820833
0.820833
0.812500
0.808333
0.820833
0.825000
0.833333
0.825000
0.604167
0.900000
0.725000
0.895833
0.770833
0.879167
0.858333
0.891667
0.866667
0.858333
0.875000
0.895833
0.870833
0.866667
0.916667
0.929167
0.904167
0.904167
0.920833
0.933333
0.908333
0.900000
0.908333
0.941667
0.925000
0.891667
0.912500
0.908333
0.895833
0.904167
0.891667
0.937500
0.812500
0.987500
0.920833
0.933333
0.916667
0.925000
0.950000
0.954167
0.929167
0.925000
0.925000
0.895833
0.895833
0.887500
0.883333
0.866667
0.866667
0.879167
0.879167
0.870833
0.895833
0.758333
0.991667
0.762500
1.029167
0.695833
1.066667
0.691667
1.066667
1.008333
1.000000
0.970833
0.975000
1.058333
0.737500
1.083333
0.970833
0.983333
0.966667
0.800000
1.120833
0.979167
0.770833
1.116667
1.008333
0.837500
1.091667
0.991667
1.008333
0.975000
0.850000
1.100000
0.975000
0.766667
1.066667
0.962500
0.850000
1.100000
0.962500
1.079167
0.983333
0.854167
1.133333
1.037500
0.966667
0.954167
0.791667
1.175000
0.987500
0.787500
1.179167
1.050000
0.775000
1.137500
1.054167
0.708333
1.154167
1.045833
0.687500
1.212500
1.058333
0.679167
1.233333
1.054167
1.058333
0.745833
1.216667
1.050000
1.050000
0.700000
1.158333
1.020833
1.016667
0.950000
0.745833
1.154167
1.020833
0.987500
0.933333
0.937500
0.695833
1.154167
1.037500
0.941667
0.804167
1.137500
0.979167
0.837500
1.175000
1.037500
0.958333
1.116667
1.041667
0.937500
0.925000
0.904167
0.925000
0.866667
1.129167
1.000000
0.933333
1.000000
0.933333
0.912500
0.812500
1.041667
0.962500
0.708333
1.008333
0.920833
0.933333
0.733333
0.991667
0.900000
0.900000
0.962500
0.908333
0.891667
0.887500
0.970833
0.945833
0.929167
0.916667
1.020833
0.983333
0.933333
0.916667
1.125000
1.041667
0.683333
1.075000
1.000000
1.016667
0.925000
0.908333
0.725000
1.112500
1.008333
0.870833
1.083333
0.979167
0.950000
0.929167
1.154167
1.020833
0.829167
1.079167
1.004167
1.000000
0.916667
0.954167
0.929167
1.095833
0.829167
1.050000
0.929167
1.033333
0.945833
0.925000
0.966667
1.095833
1.008333
0.866667
1.083333
1.000000
0.716667
1.112500
0.987500
1.000000
0.733333
1.066667
0.925000
1.012500
0.708333
1.033333
0.920833
0.983333
1.037500
1.012500
0.925000
0.933333
0.708333
1.100000
0.970833
0.804167
1.083333
1.029167
0.708333
1.100000
1.012500
1.050000
0.750000
1.079167
1.012500
1.041667
0.758333
1.083333
0.966667
1.079167
0.733333
1.066667
1.025000
0.691667
1.112500
0.937500
1.054167
1.004167
0.754167
1.066667
0.979167
1.008333
0.895833
0.995833
0.933333
0.975000
0.745833
1.025000
0.937500
0.808333
1.054167
