0.720833
0.695833
0.700000
0.725000
0.587500
0.708333
0.666667
0.729167
0.829167
0.470833
0.833333
0.850000
0.562500
0.866667
0.712500
0.529167
0.887500
0.566667
1.562500
0.712500
0.708333
1.275000
0.637500
0.687500
0.929167
0.587500
0.845833
0.695833
0.562500
0.866667
0.720833
0.704167
0.720833
0.566667
0.866667
0.704167
0.729167
0.566667
0.720833
0.837500
0.558333
0.862500
0.720833
0.708333
0.579167
0.604167
0.845833
1.558333
1.279167
0.700000
0.720833
1.395833
1.433333
1.416667
1.391667
1.333333
0.775000
0.862500
1.291667
1.412500
1.558333
1.275000
1.420833
1.420833
1.420833
1.412500
1.420833
1.425000
1.433333
1.445833
1.433333
1.445833
1.445833
1.437500
1.341667
0.708333
0.833333
0.633333
0.825000
0.662500
0.900000
0.570833
0.725000
0.687500
0.895833
0.712500
0.737500
0.566667
0.862500
0.575000
0.725000
0.712500
0.725000
0.679167
0.720833
0.870833
0.725000
0.712500
0.670833
0.766667
0.562500
0.720833
0.708333
0.687500
0.879167
0.733333
0.700000
0.679167
0.770833
0.566667
0.854167
0.704167
0.741667
0.708333
0.725000
0.708333
0.504167
0.708333
0.908333
0.525000
0.791667
0.583333
1.016667
0.700000
0.525000
0.720833
0.929167
0.616667
0.725000
0.866667
0.725000
0.729167
0.725000
0.716667
0.591667
0.720833
1.466667
0.716667
0.720833
0.729167
0.850000
0.495833
0.954167
0.729167
0.720833
0.579167
0.725000
0.725000
0.858333
0.500000
0.962500
0.716667
0.733333
0.720833
0.579167
0.720833
0.725000
0.854167
0.712500
1.475000
0.654167
0.516667
0.658333
0.958333
0.579167
0.850000
0.708333
0.745833
0.687500
0.595833
0.700000
0.854167
0.712500
0.662500
0.466667
0.991667
0.733333
0.704167
0.662500
0.766667
0.558333
0.729167
0.858333
0.550000
0.654167
1.650000
0.579167
0.579167
0.845833
0.679167
0.891667
0.716667
0.512500
1.445833
0.720833
0.870833
0.791667
0.695833
0.520833
0.683333
0.954167
0.491667
0.745833
0.683333
0.929167
0.625000
0.704167
0.841667
0.550000
0.883333
0.558333
0.879167
0.687500
1.362500
0.695833
1.400000
0.908333
0.475000
0.937500
0.529167
0.929167
0.708333
0.708333
0.683333
0.608333
0.650000
0.700000
0.895833
0.583333
0.904167
0.579167
0.829167
0.691667
0.754167
0.570833
0.837500
0.695833
0.562500
0.908333
0.700000
0.691667
0.695833
0.537500
0.695833
0.904167
0.716667
0.729167
0.591667
0.704167
0.691667
0.720833
0.712500
0.875000
0.704167
0.554167
1.445833
0.712500
0.833333
0.558333
0.716667
0.883333
0.704167
0.695833
0.720833
0.508333
0.700000
0.887500
0.620833
0.729167
1.408333
0.633333
0.783333
0.850000
0.708333
0.729167
0.579167
0.729167
0.708333
0.695833
0.733333
1.570833
1.300000
1.420833
1.325000
1.516667
1.416667
1.437500
1.341667
1.433333
1.516667
1.408333
1.416667
1.408333
1.412500
1.429167
1.379167
1.454167
1.420833
1.429167
1.412500
1.433333
0.608333
0.950000
0.487500
0.804167
0.870833
0.558333
0.729167
0.708333
0.850000
0.583333
0.725000
0.679167
0.675000
0.700000
0.941667
0.595833
0.862500
0.575000
0.733333
0.716667
0.733333
0.712500
0.733333
0.712500
0.729167
0.708333
0.729167
0.704167
0.729167
0.712500
0.725000
0.708333
0.645833
0.800000
0.825000
0.512500
0.716667
0.633333
1.033333
0.708333
0.579167
0.741667
0.687500
0.733333
0.704167
0.720833
0.708333
0.866667
0.520833
0.891667
0.708333
0.725000
0.683333
0.704167
0.745833
0.562500
0.833333
0.691667
0.541667
0.895833
0.704167
0.683333
0.691667
0.508333
0.729167
0.629167
0.995833
0.691667
0.591667
0.729167
0.704167
0.695833
0.725000
0.754167
0.700000
0.700000
0.700000
0.666667
0.691667
0.666667
1.000000
0.720833
0.708333
0.729167
0.558333
0.708333
0.716667
0.725000
0.675000
0.716667
0.858333
0.725000
0.566667
0.641667
0.687500
0.925000
0.720833
0.587500
0.837500
0.545833
0.866667
0.725000
0.695833
0.587500
0.725000
0.645833
0.670833
0.800000
0.729167
0.720833
0.708333
0.645833
1.491667
0.729167
0.641667
0.704167
0.783333
0.587500
1.016667
0.687500
0.733333
0.575000
0.854167
0.725000
0.587500
0.712500
0.725000
0.704167
0.695833
0.879167
0.733333
0.579167
0.695833
0.745833
0.716667
0.841667
0.537500
0.895833
0.700000
0.558333
0.866667
0.516667
0.695833
0.929167
0.612500
0.858333
0.529167
0.608333
0.975000
0.737500
0.566667
0.725000
0.850000
0.587500
0.708333
0.654167
0.700000
0.941667
0.595833
0.729167
0.708333
0.729167
0.712500
0.725000
0.708333
0.729167
0.708333
0.866667
0.533333
0.912500
0.700000
0.508333
0.708333
0.933333
0.691667
0.741667
0.700000
0.583333
0.704167
0.691667
0.800000
0.475000
0.975000
0.479167
0.700000
0.929167
0.595833
0.687500
0.650000
0.725000
0.633333
0.987500
1.312500
0.845833
0.716667
0.700000
0.504167
0.712500
0.941667
0.716667
0.691667
0.591667
0.729167
0.695833
0.845833
0.575000
0.733333
0.704167
0.858333
0.683333
0.750000
0.570833
0.837500
0.558333
0.725000
0.729167
0.704167
0.691667
0.616667
0.820833
1.520833
1.320833
1.420833
1.425000
0.729167
0.695833
1.345833
1.654167
1.629167
1.179167
0.491667
0.841667
0.704167
0.729167
0.712500
0.716667
0.725000
0.654167
0.612500
0.975000
0.737500
0.708333
0.504167
0.720833
0.925000
0.612500
0.708333
0.725000
0.720833
0.700000
0.887500
0.508333
0.712500
0.658333
0.875000
0.716667
0.837500
0.679167
0.770833
0.708333
0.691667
0.512500
0.891667
0.745833
0.691667
0.691667
0.675000
0.725000
0.754167
0.554167
0.837500
0.545833
0.720833
0.883333
0.550000
0.687500
0.812500
0.570833
0.725000
0.870833
0.645833
0.725000
0.725000
0.591667
0.687500
0.716667
0.691667
0.687500
0.691667
1.604167
0.558333
1.404167
0.837500
0.716667
0.529167
0.887500
0.725000
0.566667
0.804167
0.754167
0.566667
0.833333
0.716667
0.558333
0.870833
0.583333
0.700000
0.662500
0.904167
0.725000
0.691667
0.704167
0.683333
0.758333
0.575000
0.845833
0.558333
0.650000
0.804167
0.550000
0.995833
0.708333
0.754167
0.700000
0.704167
0.687500
0.583333
0.733333
0.675000
0.854167
0.733333
0.750000
0.691667
0.695833
0.687500
0.508333
0.729167
0.741667
0.708333
0.879167
0.741667
0.700000
0.691667
0.695833
0.712500
0.520833
0.687500
0.883333
0.725000
0.545833
0.675000
0.687500
0.883333
0.504167
0.720833
0.645833
1.000000
0.512500
0.895833
0.741667
0.695833
0.670833
0.704167
0.712500
0.733333
0.700000
0.700000
0.704167
0.595833
0.712500
0.850000
0.516667
0.904167
0.720833
0.704167
0.695833
0.708333
0.600000
0.845833
0.708333
0.566667
1.437500
0.720833
0.704167
0.683333
0.870833
0.741667
0.704167
0.683333
0.725000
0.591667
0.704167
1.400000
0.641667
0.695833
0.912500
0.741667
0.695833
0.558333
0.745833
0.704167
0.633333
0.466667
0.937500
1.512500
0.845833
1.166667
0.604167
0.833333
0.808333
0.700000
0.500000
1.066667
1.445833
1.295833
1.537500
1.304167
1.425000
1.412500
1.400000
1.433333
1.433333
1.045833
1.212500
0.733333
0.687500
0.716667
0.704167
0.745833
0.562500
0.695833
0.691667
0.720833
0.654167
0.700000
0.887500
0.616667
0.741667
0.695833
0.708333
1.345833
0.712500
1.504167
0.708333
0.733333
0.716667
0.708333
0.704167
0.720833
0.720833
0.383333
1.000000
0.758333
1.433333
0.850000
0.554167
0.654167
0.820833
0.533333
0.866667
0.700000
0.695833
0.716667
0.900000
0.658333
0.745833
0.562500
0.837500
0.587500
0.716667
0.662500
0.900000
0.700000
0.720833
0.570833
0.716667
0.837500
0.733333
0.545833
0.891667
0.533333
0.879167
0.679167
0.729167
0.720833
0.570833
0.829167
0.720833
0.600000
