1.475000
1.745833
0.933333
1.029167
2.137500
2.066667
1.808333
0.850000
1.183333
1.000000
1.125000
0.937500
1.079167
1.808333
1.070833
1.004167
1.350000
1.495833
1.308333
1.237500
1.883333
1.295833
1.104167
1.112500
1.137500
1.308333
0.975000
1.250000
2.262500
1.179167
1.570833
1.620833
1.658333
1.533333
1.504167
1.062500
1.037500
1.070833
1.291667
1.637500
1.141667
1.029167
1.516667
1.325000
1.191667
0.945833
0.937500
1.216667
1.187500
2.270833
1.783333
1.975000
1.779167
1.504167
1.512500
1.429167
0.854167
1.516667
1.316667
1.050000
0.962500
1.158333
1.020833
0.908333
1.266667
1.195833
1.070833
0.716667
1.216667
2.004167
2.287500
1.695833
1.975000
1.062500
1.245833
1.475000
1.779167
1.575000
1.562500
1.700000
0.962500
0.895833
1.545833
1.808333
1.595833
1.566667
1.062500
1.145833
0.975000
1.104167
1.804167
1.204167
1.208333
0.904167
1.820833
1.966667
1.145833
0.979167
0.920833
1.575000
2.100000
1.112500
1.741667
1.191667
0.991667
1.737500
0.883333
1.695833
1.258333
1.316667
1.466667
0.987500
1.191667
1.320833
1.158333
1.270833
2.062500
1.325000
1.925000
1.333333
1.787500
2.070833
1.908333
1.425000
1.450000
1.700000
1.287500
0.858333
1.450000
1.637500
0.854167
1.233333
1.312500
1.366667
1.050000
0.925000
1.795833
1.679167
0.804167
2.195833
1.241667
1.537500
0.929167
1.529167
1.420833
0.754167
1.229167
1.816667
1.579167
1.320833
1.887500
1.420833
1.350000
1.825000
1.016667
1.170833
0.933333
1.925000
1.720833
0.900000
1.212500
1.279167
1.900000
0.895833
2.041667
1.687500
1.970833
1.745833
0.850000
1.004167
1.420833
1.104167
1.375000
1.520833
1.383333
0.912500
2.033333
1.000000
1.320833
1.612500
1.212500
1.916667
1.245833
1.137500
1.066667
1.891667
1.762500
1.604167
1.845833
1.079167
2.000000
1.100000
1.195833
1.429167
0.691667
1.770833
0.933333
1.491667
1.404167
1.429167
1.333333
1.475000
1.883333
1.808333
1.020833
1.608333
1.966667
1.558333
1.750000
1.116667
1.750000
1.875000
1.304167
0.887500
1.387500
1.150000
1.983333
1.754167
0.850000
1.162500
1.150000
1.466667
1.491667
0.841667
1.900000
1.195833
1.783333
1.300000
0.891667
0.950000
1.950000
1.008333
1.170833
1.037500
1.016667
0.929167
1.945833
0.983333
1.329167
1.145833
0.850000
2.104167
1.550000
0.966667
1.400000
1.791667
1.354167
0.929167
1.604167
1.133333
1.708333
1.829167
1.937500
1.470833
1.929167
1.637500
1.333333
1.770833
1.375000
1.220833
1.416667
1.487500
1.379167
1.320833
1.966667
1.800000
1.279167
1.075000
1.733333
1.695833
1.154167
1.562500
1.700000
1.766667
2.000000
1.354167
1.129167
1.695833
1.716667
1.345833
1.162500
1.725000
1.183333
2.025000
1.941667
0.879167
1.604167
1.108333
1.266667
1.975000
1.550000
1.733333
1.175000
1.875000
1.566667
1.537500
1.241667
1.716667
2.008333
1.883333
2.000000
1.625000
1.033333
0.929167
1.316667
0.791667
0.962500
1.791667
0.950000
0.916667
1.037500
1.658333
1.279167
1.008333
0.966667
1.162500
2.233333
1.637500
1.041667
0.950000
1.666667
1.195833
0.904167
1.579167
1.166667
1.300000
1.158333
1.937500
1.383333
2.116667
0.945833
1.804167
1.083333
1.100000
1.200000
1.604167
1.020833
1.862500
1.175000
2.104167
1.475000
1.312500
1.525000
1.987500
1.416667
1.400000
1.129167
1.495833
0.983333
1.658333
1.483333
1.350000
1.629167
1.275000
1.975000
1.654167
1.070833
1.308333
0.987500
1.216667
2.041667
1.154167
1.941667
1.866667
1.166667
1.837500
1.795833
1.320833
1.325000
0.954167
1.729167
1.762500
1.745833
1.583333
1.654167
1.833333
1.100000
1.162500
1.125000
1.587500
1.933333
1.520833
1.162500
0.737500
1.325000
1.237500
0.975000
0.562500
0.870833
1.808333
1.162500
0.712500
1.675000
1.154167
1.083333
1.500000
0.900000
1.262500
0.925000
1.250000
1.079167
1.195833
1.141667
1.854167
1.029167
1.575000
0.845833
1.054167
1.983333
0.916667
1.525000
1.625000
1.158333
0.933333
1.208333
0.795833
0.787500
0.791667
1.754167
1.470833
0.916667
1.779167
1.008333
0.329167
1.145833
1.029167
1.087500
1.641667
1.725000
1.658333
1.437500
0.979167
0.833333
1.175000
1.287500
0.979167
0.875000
0.875000
0.875000
0.787500
1.337500
0.854167
1.545833
1.166667
0.787500
1.141667
0.979167
0.745833
1.225000
0.962500
0.854167
1.012500
0.758333
1.279167
0.883333
0.895833
