0.662500
0.633333
0.662500
0.658333
0.700000
0.683333
0.733333
0.725000
0.670833
0.708333
0.691667
0.691667
0.637500
0.675000
0.662500
0.662500
0.641667
0.679167
1.354167
0.666667
0.695833
0.729167
0.695833
0.716667
0.700000
0.675000
0.637500
0.658333
0.654167
0.675000
0.666667
0.700000
0.700000
0.712500
0.725000
0.787500
0.716667
0.720833
0.716667
0.716667
0.675000
0.704167
0.683333
0.695833
0.691667
0.733333
0.783333
0.737500
0.770833
0.762500
0.733333
0.750000
0.687500
0.720833
0.708333
0.750000
0.741667
0.800000
0.783333
0.725000
0.695833
0.700000
0.691667
0.700000
0.679167
0.741667
0.850000
0.858333
0.787500
0.812500
0.787500
0.716667
0.712500
0.700000
0.679167
0.670833
0.729167
0.812500
1.004167
0.879167
0.858333
0.829167
0.725000
0.729167
0.716667
0.675000
0.683333
0.679167
0.725000
0.783333
0.804167
0.800000
0.854167
0.833333
0.725000
0.745833
0.729167
0.745833
0.737500
0.791667
0.954167
1.075000
0.912500
0.941667
0.954167
0.858333
0.779167
0.725000
0.683333
0.708333
0.695833
0.741667
0.695833
0.725000
0.712500
0.754167
0.895833
0.800000
0.762500
0.729167
0.687500
0.704167
0.708333
0.808333
0.766667
1.029167
0.950000
0.941667
0.916667
0.870833
0.800000
0.787500
0.750000
0.712500
0.691667
0.754167
0.970833
0.979167
0.833333
0.808333
0.787500
0.695833
0.712500
0.766667
1.045833
0.837500
0.804167
0.741667
0.704167
0.729167
0.795833
1.095833
0.883333
0.895833
1.125000
0.900000
0.829167
0.783333
0.733333
0.695833
0.741667
0.729167
0.745833
0.750000
0.775000
0.737500
0.825000
1.116667
0.920833
0.891667
0.795833
0.741667
0.720833
0.716667
0.770833
0.804167
0.779167
0.825000
0.787500
0.716667
0.733333
0.750000
0.791667
0.787500
0.875000
0.908333
0.795833
0.783333
0.745833
0.729167
0.683333
0.716667
0.787500
0.787500
0.708333
0.741667
0.729167
0.758333
0.820833
1.158333
1.012500
0.920833
0.812500
0.716667
0.695833
0.700000
0.791667
0.950000
0.833333
0.962500
0.900000
0.804167
0.770833
0.783333
0.833333
0.791667
1.179167
0.954167
0.850000
0.783333
0.758333
0.754167
1.158333
1.058333
0.962500
1.079167
1.175000
0.995833
1.095833
1.087500
0.979167
0.870833
0.720833
0.741667
0.733333
0.820833
0.812500
0.841667
0.787500
0.716667
0.741667
0.820833
1.170833
0.995833
1.158333
1.145833
1.233333
1.125000
1.320833
1.016667
1.054167
1.291667
1.045833
1.058333
1.025000
0.791667
0.766667
0.766667
0.762500
0.770833
0.779167
0.766667
0.754167
0.733333
0.750000
0.712500
0.737500
0.750000
0.741667
0.716667
0.750000
0.737500
0.737500
0.700000
0.733333
0.720833
0.758333
0.725000
0.750000
0.729167
0.695833
0.712500
0.700000
1.029167
0.950000
0.895833
1.237500
1.054167
0.883333
0.820833
0.708333
0.687500
0.687500
0.720833
1.041667
0.879167
1.216667
1.100000
1.133333
1.162500
1.041667
1.079167
1.245833
1.150000
1.220833
1.000000
1.033333
1.095833
0.791667
0.779167
0.775000
0.804167
0.750000
0.791667
0.804167
1.187500
0.975000
1.075000
0.883333
0.850000
0.750000
0.745833
0.712500
0.725000
0.704167
0.700000
0.654167
0.662500
0.650000
0.675000
0.650000
0.641667
0.641667
0.629167
0.612500
0.645833
0.670833
0.658333
0.637500
0.683333
0.666667
0.654167
0.633333
0.637500
0.641667
0.637500
0.637500
0.620833
0.633333
0.629167
0.641667
0.633333
0.608333
0.641667
0.633333
0.637500
0.645833
0.633333
0.670833
0.662500
0.670833
0.645833
0.670833
0.658333
0.658333
0.629167
0.662500
0.641667
0.645833
0.650000
0.629167
0.650000
0.637500
0.633333
0.604167
0.629167
0.612500
0.625000
0.633333
0.595833
0.633333
0.629167
0.633333
0.650000
0.650000
0.650000
0.687500
0.679167
0.683333
0.645833
0.679167
0.654167
0.679167
0.675000
0.645833
0.683333
0.670833
0.670833
0.666667
0.633333
0.666667
0.654167
0.658333
0.675000
0.650000
0.683333
0.670833
0.700000
0.720833
0.712500
0.725000
0.704167
0.683333
0.629167
0.654167
0.637500
0.658333
0.691667
0.675000
0.712500
0.708333
0.695833
0.654167
0.679167
0.662500
0.675000
0.645833
0.675000
0.666667
0.675000
0.666667
0.637500
0.679167
0.658333
0.662500
0.670833
0.637500
0.670833
0.670833
0.687500
0.683333
0.712500
0.712500
0.712500
0.666667
0.704167
0.675000
0.691667
0.641667
0.670833
0.641667
0.625000
0.591667
0.616667
0.604167
0.604167
0.612500
0.608333
0.637500
0.629167
0.633333
0.620833
0.595833
0.629167
0.616667
0.612500
0.608333
0.595833
0.633333
0.629167
0.629167
0.608333
0.229167
0.404167
0.625000
0.604167
0.575000
0.583333
0.566667
0.550000
0.541667
0.558333
0.545833
0.541667
0.533333
0.529167
0.533333
0.537500
0.533333
0.529167
0.529167
0.545833
0.541667
0.541667
0.545833
0.533333
0.550000
0.541667
0.545833
0.533333
0.529167
0.550000
0.537500
0.537500
0.525000
0.529167
0.541667
0.537500
0.533333
0.529167
0.541667
0.541667
0.537500
0.529167
0.520833
0.537500
0.529167
0.529167
0.508333
0.529167
0.533333
0.537500
0.525000
0.520833
0.545833
0.537500
0.533333
0.525000
0.533333
0.554167
0.545833
0.550000
0.525000
0.558333
0.554167
0.550000
0.545833
0.541667
0.550000
0.554167
0.558333
0.558333
0.550000
0.566667
0.570833
0.575000
0.541667
0.541667
0.550000
0.541667
0.533333
0.529167
0.525000
0.537500
0.533333
0.541667
0.529167
0.533333
0.550000
0.554167
0.562500
0.541667
0.570833
0.562500
0.562500
0.554167
0.545833
0.554167
0.554167
0.545833
0.533333
0.545833
0.545833
0.550000
0.541667
0.541667
0.562500
0.562500
0.558333
0.550000
0.554167
0.566667
0.566667
0.570833
0.562500
0.566667
0.583333
0.583333
0.591667
0.566667
0.595833
0.595833
0.583333
0.554167
0.570833
0.562500
0.562500
0.554167
0.541667
0.562500
0.554167
0.550000
0.541667
0.529167
0.545833
0.537500
0.529167
0.516667
0.533333
0.529167
0.529167
0.525000
0.512500
0.533333
0.533333
0.537500
0.541667
0.533333
0.558333
0.558333
0.558333
0.550000
0.550000
0.575000
0.570833
0.575000
0.558333
0.591667
0.587500
0.583333
0.558333
0.566667
0.575000
0.570833
0.554167
0.545833
0.562500
0.550000
0.545833
0.529167
0.533333
0.545833
0.545833
0.545833
0.566667
0.566667
0.587500
0.591667
0.608333
0.583333
0.612500
0.608333
0.604167
0.570833
0.591667
0.575000
0.562500
0.554167
0.562500
0.550000
0.533333
0.541667
0.541667
0.541667
0.529167
0.554167
0.554167
0.545833
0.537500
0.541667
0.545833
0.537500
0.533333
0.520833
0.529167
0.516667
0.512500
0.500000
0.495833
0.491667
0.491667
0.495833
0.495833
0.491667
0.487500
0.487500
0.487500
0.491667
0.487500
0.495833
0.500000
0.495833
0.491667
0.479167
0.508333
0.491667
0.495833
0.491667
0.487500
0.504167
0.491667
0.533333
0.520833
0.516667
0.512500
0.520833
0.525000
0.529167
0.550000
0.537500
0.570833
0.562500
0.570833
0.562500
0.554167
0.566667
0.575000
0.554167
0.550000
0.550000
0.550000
0.541667
0.570833
0.541667
0.570833
0.558333
0.545833
0.541667
0.533333
0.537500
0.525000
0.554167
0.554167
0.575000
0.583333
0.583333
0.608333
0.583333
0.600000
0.583333
0.579167
0.562500
0.608333
0.570833
0.604167
0.604167
0.620833
0.612500
0.612500
0.608333
0.600000
0.616667
0.600000
0.591667
0.579167
0.566667
0.583333
0.562500
0.579167
0.583333
0.583333
0.579167
0.600000
0.591667
0.620833
0.616667
0.637500
0.620833
0.662500
0.650000
0.604167
0.633333
0.625000
0.587500
0.620833
0.620833
0.670833
0.641667
0.662500
0.620833
0.645833
0.625000
0.587500
0.566667
0.570833
0.550000
0.545833
0.541667
0.545833
0.591667
0.579167
0.616667
0.616667
0.645833
0.612500
0.645833
0.629167
0.595833
0.612500
0.616667
0.612500
0.629167
0.654167
0.695833
0.679167
0.645833
0.616667
0.633333
0.604167
0.587500
0.583333
0.579167
0.600000
0.641667
0.650000
0.625000
0.666667
0.645833
0.612500
0.604167
0.595833
0.579167
0.550000
0.562500
0.554167
0.545833
0.545833
0.575000
0.650000
0.779167
1.466667
0.737500
0.708333
0.691667
0.700000
0.658333
0.662500
0.616667
0.587500
0.600000
0.595833
0.662500
0.679167
0.708333
0.666667
0.662500
0.650000
0.666667
0.641667
0.654167
0.620833
0.604167
0.591667
0.641667
0.629167
0.662500
0.645833
0.658333
0.645833
0.645833
0.620833
0.620833
0.637500
0.620833
0.591667
0.595833
0.595833
0.579167
0.608333
0.633333
0.654167
0.616667
0.608333
0.650000
0.612500
0.595833
0.587500
0.583333
0.583333
0.591667
0.620833
0.612500
0.437500
0.762500
0.616667
0.620833
0.595833
0.616667
0.608333
0.604167
0.579167
0.591667
0.591667
0.583333
0.620833
0.629167
0.616667
0.583333
0.616667
0.625000
0.591667
0.612500
0.604167
0.633333
0.654167
0.620833
0.625000
0.650000
0.608333
0.591667
0.566667
0.583333
0.587500
0.587500
0.562500
0.595833
0.579167
0.570833
0.558333
0.575000
0.575000
0.591667
0.600000
0.620833
0.608333
0.625000
0.604167
0.604167
0.595833
