0.812500
0.791667
0.791667
0.787500
0.787500
0.779167
0.783333
0.783333
0.795833
0.787500
0.787500
0.787500
0.791667
0.800000
0.804167
0.795833
0.800000
0.800000
0.620833
0.958333
0.820833
0.816667
0.812500
0.816667
0.804167
0.804167
0.804167
0.787500
0.783333
0.808333
0.812500
0.816667
0.791667
0.787500
0.800000
0.816667
0.812500
0.812500
0.800000
0.787500
0.816667
0.829167
0.812500
0.795833
0.816667
0.829167
0.658333
0.962500
0.820833
0.812500
0.829167
0.833333
0.804167
0.795833
0.808333
0.820833
0.825000
0.820833
0.816667
0.783333
0.804167
0.816667
0.820833
0.816667
0.800000
0.612500
0.966667
0.816667
0.820833
0.800000
0.600000
0.966667
0.829167
0.833333
0.804167
0.837500
0.812500
0.820833
0.779167
0.808333
0.825000
0.825000
0.829167
0.812500
0.779167
0.800000
0.825000
0.829167
0.820833
0.812500
0.825000
0.808333
0.804167
0.783333
0.833333
0.833333
0.804167
0.812500
0.800000
0.825000
0.795833
0.825000
0.820833
0.787500
0.816667
0.829167
0.825000
0.825000
0.800000
0.804167
0.804167
0.795833
0.812500
0.825000
0.841667
0.816667
0.783333
0.812500
0.829167
0.829167
0.816667
0.804167
0.812500
0.812500
0.812500
0.804167
0.812500
0.816667
0.825000
0.820833
0.829167
0.808333
0.825000
0.820833
0.808333
0.816667
0.820833
0.820833
0.820833
0.829167
0.816667
0.825000
0.662500
0.958333
0.825000
0.816667
0.816667
0.812500
0.825000
0.820833
0.816667
0.812500
0.800000
0.812500
0.816667
0.816667
0.820833
0.816667
0.816667
0.808333
0.816667
0.820833
0.825000
0.666667
0.966667
0.825000
0.820833
0.820833
0.829167
0.816667
0.608333
0.966667
0.825000
0.820833
0.812500
0.820833
0.816667
0.808333
0.812500
0.812500
0.812500
0.808333
0.812500
0.808333
0.808333
0.808333
0.804167
0.804167
0.800000
0.804167
0.800000
0.804167
0.812500
0.812500
0.804167
0.808333
0.808333
0.804167
0.804167
0.808333
0.812500
0.808333
0.808333
0.804167
0.800000
0.800000
0.808333
0.800000
0.816667
0.804167
0.566667
0.966667
0.825000
0.816667
0.829167
0.820833
0.820833
0.816667
0.812500
0.833333
0.829167
0.825000
0.825000
0.820833
0.812500
0.812500
0.816667
0.812500
0.812500
0.808333
0.808333
0.633333
0.966667
0.829167
0.825000
0.820833
0.820833
0.816667
0.820833
0.825000
0.825000
0.820833
0.812500
0.812500
0.804167
0.812500
0.812500
0.812500
0.816667
0.812500
0.816667
0.812500
0.820833
0.808333
0.808333
0.816667
0.812500
0.808333
0.808333
0.812500
0.816667
0.816667
0.804167
0.808333
0.800000
0.812500
0.808333
0.804167
0.800000
0.795833
0.816667
0.795833
0.808333
0.804167
0.804167
0.808333
0.800000
0.804167
0.804167
0.808333
0.804167
0.825000
0.825000
0.825000
0.829167
0.820833
0.820833
0.825000
0.833333
0.829167
0.825000
0.820833
0.816667
0.812500
0.679167
0.941667
0.816667
0.812500
0.816667
0.820833
0.812500
0.812500
0.808333
0.650000
0.937500
0.800000
0.791667
0.800000
0.808333
0.812500
0.808333
0.808333
0.804167
0.800000
0.825000
0.808333
0.808333
0.804167
0.804167
0.795833
0.812500
0.816667
0.679167
0.937500
0.808333
0.816667
0.804167
0.816667
0.825000
0.833333
0.829167
0.829167
0.820833
0.829167
0.829167
0.825000
0.820833
0.812500
0.808333
0.808333
0.800000
0.804167
0.800000
0.800000
0.795833
0.795833
0.800000
0.808333
0.804167
0.812500
0.808333
0.812500
0.816667
0.812500
0.758333
0.866667
0.820833
0.820833
0.808333
0.570833
0.962500
0.825000
0.816667
0.816667
0.800000
0.804167
0.629167
0.945833
0.804167
0.795833
0.791667
0.800000
0.800000
0.812500
0.808333
0.800000
0.816667
0.816667
0.804167
0.816667
0.820833
0.812500
0.808333
0.812500
0.825000
0.825000
0.812500
0.633333
0.966667
0.675000
0.954167
1.612500
0.816667
0.816667
0.816667
0.812500
0.812500
1.595833
0.858333
0.820833
0.800000
0.808333
0.812500
0.804167
0.820833
0.812500
0.816667
0.808333
0.812500
0.816667
0.816667
0.816667
0.812500
0.804167
0.816667
0.816667
0.820833
0.808333
0.812500
0.816667
0.808333
0.820833
0.820833
0.825000
0.816667
0.808333
0.820833
0.816667
0.808333
0.808333
0.808333
0.808333
0.808333
0.808333
0.812500
0.804167
0.804167
0.800000
0.625000
0.962500
0.816667
0.812500
0.812500
0.812500
0.820833
0.825000
0.820833
0.812500
0.816667
0.808333
0.641667
0.962500
0.683333
0.945833
0.816667
0.812500
0.808333
0.820833
0.820833
0.825000
0.825000
0.816667
0.812500
0.812500
0.812500
0.820833
0.825000
0.820833
0.812500
0.816667
0.808333
0.820833
0.816667
0.820833
0.816667
0.812500
0.812500
0.616667
0.962500
0.833333
0.816667
0.637500
0.950000
0.654167
0.945833
0.600000
0.950000
0.820833
0.791667
0.800000
0.791667
0.795833
0.795833
0.787500
0.795833
0.795833
0.800000
0.795833
0.795833
0.795833
0.804167
0.800000
0.791667
0.783333
0.795833
0.791667
0.800000
0.800000
0.800000
0.795833
0.791667
0.808333
0.800000
0.804167
0.795833
0.791667
0.620833
0.937500
0.795833
0.787500
0.716667
0.875000
0.791667
0.783333
0.791667
0.787500
0.783333
0.791667
0.783333
0.783333
0.787500
0.783333
0.783333
0.787500
0.675000
0.895833
0.791667
0.787500
0.791667
0.795833
0.795833
0.795833
0.795833
0.804167
0.791667
0.795833
0.804167
0.800000
0.795833
0.800000
0.795833
0.595833
0.954167
0.820833
0.816667
0.812500
0.808333
0.804167
0.804167
0.816667
0.812500
0.816667
0.812500
0.645833
0.962500
0.616667
0.970833
0.833333
0.816667
0.812500
0.808333
0.808333
0.812500
0.816667
0.804167
0.804167
0.804167
0.795833
0.804167
0.812500
0.808333
0.808333
0.804167
0.804167
0.804167
0.820833
0.812500
0.812500
0.812500
0.812500
0.820833
0.825000
0.820833
0.612500
0.962500
0.825000
0.808333
0.816667
0.825000
0.812500
0.808333
0.808333
0.804167
0.800000
0.808333
0.808333
0.795833
0.800000
0.795833
0.791667
0.800000
0.804167
0.800000
0.795833
0.795833
0.795833
0.787500
0.791667
0.800000
0.804167
0.795833
0.795833
0.795833
0.787500
0.800000
0.800000
0.800000
0.800000
0.795833
0.795833
0.804167
0.812500
0.812500
0.808333
0.812500
0.812500
0.808333
0.820833
0.820833
0.820833
0.820833
0.816667
0.816667
0.816667
0.654167
0.970833
0.820833
0.816667
0.816667
0.816667
0.812500
0.820833
0.829167
0.641667
0.962500
0.825000
0.820833
0.816667
0.829167
0.833333
0.833333
0.825000
0.820833
0.808333
0.808333
0.808333
0.800000
0.795833
0.787500
0.783333
0.591667
0.945833
0.804167
0.791667
0.800000
0.804167
0.795833
0.791667
0.804167
0.795833
0.800000
0.808333
0.804167
0.800000
0.795833
0.795833
0.791667
0.791667
0.791667
0.787500
0.800000
0.800000
0.791667
0.804167
0.804167
0.804167
0.800000
0.616667
0.954167
0.820833
0.808333
0.808333
0.808333
0.808333
0.812500
0.816667
0.816667
0.812500
0.616667
0.970833
0.812500
0.808333
0.808333
0.812500
0.812500
0.808333
0.812500
0.808333
0.812500
0.812500
0.808333
0.633333
0.962500
0.820833
0.816667
0.812500
0.812500
0.808333
0.804167
0.808333
0.820833
0.820833
0.816667
0.816667
0.816667
0.808333
0.812500
0.825000
0.820833
0.820833
0.816667
0.816667
0.695833
0.937500
0.825000
0.833333
0.825000
0.825000
0.829167
0.825000
0.816667
0.825000
0.833333
0.833333
0.829167
0.829167
0.587500
0.970833
0.833333
0.833333
0.829167
0.829167
0.808333
0.808333
0.808333
0.820833
0.816667
0.816667
0.820833
