0.929167
0.958333
0.954167
0.937500
0.908333
0.929167
0.950000
0.941667
0.887500
0.916667
0.904167
0.870833
0.866667
0.895833
0.900000
0.870833
0.904167
0.941667
0.970833
0.941667
0.950000
0.916667
0.920833
0.929167
0.937500
0.950000
0.908333
0.900000
0.887500
0.895833
0.925000
0.891667
0.895833
0.912500
0.962500
0.975000
0.966667
0.929167
0.937500
0.979167
0.958333
0.920833
0.941667
0.962500
0.958333
0.916667
0.912500
0.929167
0.925000
0.891667
0.916667
0.933333
0.937500
0.904167
0.920833
0.925000
0.925000
0.895833
0.900000
0.941667
0.933333
0.908333
0.933333
0.962500
0.912500
0.933333
0.933333
0.891667
0.900000
0.887500
0.900000
0.937500
0.983333
0.920833
0.945833
0.950000
0.929167
0.920833
0.966667
0.987500
0.970833
0.920833
0.954167
0.962500
0.941667
0.916667
0.950000
0.962500
0.954167
0.925000
0.945833
0.970833
0.912500
0.920833
0.954167
0.975000
0.916667
0.954167
0.970833
0.904167
0.920833
0.895833
0.862500
0.866667
0.862500
0.904167
0.929167
0.895833
0.925000
0.941667
0.933333
0.908333
0.933333
0.958333
0.916667
0.945833
0.958333
0.954167
0.916667
0.929167
0.941667
0.912500
0.912500
0.895833
0.895833
0.870833
0.887500
0.933333
0.954167
0.916667
0.933333
0.950000
0.933333
0.912500
0.941667
0.954167
0.966667
0.925000
0.925000
0.925000
0.954167
0.904167
0.904167
0.933333
0.920833
0.891667
0.916667
0.937500
0.912500
0.920833
0.912500
0.900000
0.895833
0.879167
0.900000
0.916667
0.912500
0.908333
0.920833
0.916667
0.891667
0.879167
0.895833
0.883333
0.887500
0.900000
0.891667
0.887500
0.900000
0.895833
0.895833
0.875000
0.887500
0.879167
0.850000
0.862500
0.866667
0.858333
0.858333
0.883333
0.900000
0.920833
0.929167
0.883333
0.883333
0.900000
0.904167
0.862500
0.887500
0.908333
0.904167
0.933333
0.929167
0.929167
0.941667
0.962500
0.970833
0.933333
0.933333
0.916667
0.891667
0.891667
0.895833
0.879167
0.862500
0.862500
0.879167
0.862500
0.875000
0.904167
0.945833
0.954167
0.975000
0.970833
0.983333
0.933333
0.925000
0.937500
0.983333
0.950000
0.958333
0.950000
0.958333
0.929167
0.945833
0.962500
0.962500
0.958333
0.954167
0.954167
0.933333
0.945833
0.958333
0.962500
0.954167
0.941667
0.954167
0.937500
0.937500
0.954167
0.945833
0.933333
0.929167
0.908333
0.916667
0.366667
0.583333
0.500000
0.379167
0.195833
0.708333
0.904167
0.262500
0.633333
0.470833
0.416667
0.187500
0.708333
0.483333
0.300000
0.175000
0.333333
0.525000
0.537500
0.370833
0.095833
0.679167
0.141667
0.395833
0.516667
0.791667
0.054167
0.554167
0.450000
0.679167
0.150000
0.500000
0.325000
0.208333
0.320833
0.595833
0.616667
0.287500
0.887500
0.495833
0.412500
0.295833
0.704167
0.512500
0.525000
0.412500
0.350000
0.241667
0.337500
0.366667
0.329167
0.695833
0.250000
0.750000
0.704167
0.529167
0.475000
0.166667
0.366667
0.279167
0.604167
0.254167
0.504167
0.283333
0.579167
0.237500
0.216667
0.529167
0.320833
0.633333
0.458333
0.441667
0.320833
0.300000
0.333333
0.383333
0.679167
0.145833
0.591667
0.175000
0.641667
0.370833
0.266667
0.295833
0.329167
0.408333
0.558333
0.625000
0.879167
0.212500
0.700000
0.716667
0.345833
0.904167
0.758333
0.254167
0.658333
0.333333
0.345833
0.566667
0.450000
0.204167
0.291667
0.254167
0.587500
0.320833
0.379167
0.208333
0.662500
0.491667
0.829167
0.500000
0.795833
0.412500
0.325000
0.429167
0.700000
0.908333
0.700000
0.191667
0.320833
0.541667
1.000000
1.570833
1.791667
0.870833
0.987500
0.537500
0.479167
0.216667
0.391667
0.208333
1.316667
0.662500
0.258333
0.304167
0.733333
0.933333
0.937500
0.270833
0.495833
1.033333
0.579167
0.495833
1.187500
0.300000
1.045833
0.841667
0.937500
0.916667
0.933333
0.925000
0.895833
0.891667
0.875000
0.887500
0.908333
0.925000
0.958333
1.000000
0.966667
0.925000
0.929167
0.950000
0.954167
0.950000
0.945833
0.945833
0.954167
0.929167
0.941667
0.958333
0.958333
0.962500
0.920833
0.933333
0.970833
0.904167
0.941667
0.920833
0.883333
0.875000
0.862500
0.862500
0.887500
0.900000
0.912500
0.933333
0.958333
0.950000
0.966667
0.941667
0.937500
0.937500
0.920833
0.945833
0.954167
0.950000
0.945833
0.945833
0.950000
0.950000
0.954167
0.958333
0.950000
0.958333
0.933333
0.945833
0.962500
0.958333
0.945833
0.945833
0.945833
0.954167
0.958333
0.954167
0.950000
0.933333
0.950000
0.966667
0.954167
0.950000
0.954167
0.950000
0.920833
0.933333
0.950000
0.950000
0.941667
0.920833
0.916667
0.925000
0.958333
0.958333
0.945833
0.950000
0.925000
0.950000
0.958333
0.954167
0.954167
0.958333
0.925000
0.404167
0.541667
0.962500
0.954167
0.950000
0.945833
0.937500
0.929167
0.950000
0.945833
0.945833
0.916667
0.925000
0.954167
0.954167
0.954167
0.945833
0.925000
0.941667
0.954167
0.954167
0.954167
0.950000
0.929167
0.958333
0.958333
0.954167
0.954167
0.929167
0.950000
0.950000
0.962500
0.954167
0.929167
0.941667
0.941667
0.929167
0.916667
0.900000
0.929167
0.920833
0.891667
0.912500
0.941667
0.979167
0.987500
0.966667
0.929167
0.975000
0.987500
0.958333
0.958333
0.937500
0.950000
0.970833
0.958333
0.958333
0.933333
0.954167
0.975000
0.966667
0.962500
0.933333
0.958333
0.975000
0.966667
0.962500
0.937500
0.945833
0.962500
0.958333
0.958333
0.929167
0.941667
0.966667
0.954167
0.579167
0.375000
0.920833
0.945833
0.962500
0.958333
0.950000
0.920833
0.950000
0.962500
0.954167
0.950000
0.920833
0.962500
0.958333
0.666667
0.287500
0.275000
0.679167
0.916667
0.929167
0.945833
0.975000
0.950000
0.912500
0.920833
0.925000
0.987500
0.937500
0.900000
0.904167
0.950000
0.958333
0.970833
0.920833
0.916667
0.937500
0.954167
0.970833
0.958333
0.320833
0.591667
0.329167
0.562500
0.275000
0.395833
0.262500
0.650000
0.279167
0.429167
0.504167
0.812500
0.133333
0.916667
0.933333
0.950000
0.979167
0.941667
0.941667
0.954167
0.991667
0.979167
0.929167
0.933333
0.945833
0.966667
0.979167
0.941667
0.937500
0.962500
0.966667
0.962500
0.954167
0.937500
0.962500
0.975000
0.970833
0.962500
0.937500
0.962500
0.979167
0.970833
0.966667
0.950000
0.941667
0.970833
0.970833
0.966667
0.970833
0.933333
0.958333
0.979167
0.966667
0.962500
0.929167
0.937500
0.975000
0.945833
0.937500
0.925000
0.950000
0.950000
0.937500
0.900000
0.941667
0.275000
0.695833
0.266667
0.283333
0.420833
0.833333
1.087500
0.925000
0.837500
0.283333
0.983333
0.308333
0.454167
0.366667
0.579167
0.245833
0.687500
0.354167
0.600000
0.216667
0.445833
0.291667
0.716667
0.245833
0.958333
0.933333
0.945833
0.966667
0.958333
0.954167
0.954167
0.795833
0.583333
0.495833
0.966667
0.958333
0.954167
0.925000
0.950000
0.966667
0.954167
0.962500
0.929167
0.941667
0.500000
0.450000
0.554167
0.395833
0.433333
0.529167
0.470833
0.450000
0.945833
0.954167
0.458333
0.487500
0.929167
0.937500
0.954167
0.941667
0.937500
0.962500
0.958333
0.937500
0.937500
0.800000
1.000000
0.895833
0.920833
0.929167
0.887500
0.887500
0.904167
0.937500
0.941667
0.933333
0.287500
0.379167
0.229167
0.883333
0.870833
0.879167
0.929167
0.950000
1.004167
0.937500
0.945833
1.004167
0.975000
0.970833
0.975000
0.950000
0.970833
0.983333
0.983333
0.750000
0.212500
