0.616667
0.620833
0.616667
0.616667
0.620833
0.616667
0.620833
0.620833
0.620833
0.616667
0.620833
0.620833
0.620833
0.620833
0.620833
0.620833
0.616667
0.620833
0.616667
0.616667
0.616667
0.558333
0.679167
0.616667
0.620833
0.620833
0.620833
0.620833
0.620833
0.616667
0.620833
0.616667
0.608333
0.629167
0.616667
0.616667
0.616667
0.616667
0.612500
0.616667
0.616667
0.616667
0.616667
0.616667
0.612500
0.616667
0.616667
0.616667
0.620833
0.620833
0.616667
0.620833
0.620833
0.620833
0.616667
0.620833
0.620833
0.620833
0.620833
0.620833
0.616667
0.620833
0.620833
0.616667
0.620833
0.616667
0.616667
0.616667
0.620833
0.616667
0.620833
0.616667
0.620833
0.616667
0.616667
0.620833
0.616667
0.616667
0.616667
0.616667
0.616667
0.620833
0.612500
0.616667
0.616667
0.616667
0.620833
0.616667
0.616667
0.616667
0.612500
0.612500
0.616667
0.612500
0.620833
0.616667
0.620833
0.616667
0.620833
0.616667
0.620833
0.616667
0.616667
0.616667
0.616667
0.616667
0.616667
0.616667
0.616667
0.612500
0.433333
0.800000
0.612500
0.620833
0.612500
0.616667
0.612500
0.616667
0.612500
0.616667
0.616667
0.612500
0.616667
0.612500
0.612500
0.616667
0.616667
0.616667
0.616667
0.620833
0.616667
0.616667
0.616667
0.616667
0.616667
0.616667
0.616667
0.616667
0.616667
0.616667
0.612500
0.616667
0.616667
0.612500
0.616667
0.612500
0.616667
0.612500
0.616667
0.612500
0.616667
0.616667
0.612500
0.616667
0.612500
0.616667
0.616667
0.612500
0.616667
0.612500
0.616667
0.616667
0.616667
0.612500
0.616667
0.616667
0.612500
0.616667
0.612500
0.616667
0.616667
0.612500
0.616667
0.612500
0.616667
0.616667
0.612500
0.616667
0.612500
0.612500
0.612500
0.616667
0.612500
0.616667
0.616667
0.616667
0.616667
0.616667
0.612500
0.616667
0.612500
0.616667
0.612500
0.616667
0.612500
0.616667
0.612500
0.616667
0.612500
0.616667
0.612500
0.616667
0.612500
0.616667
0.612500
0.616667
0.616667
0.612500
0.612500
0.616667
0.612500
0.616667
0.612500
0.612500
0.616667
0.616667
0.616667
0.616667
0.616667
0.616667
0.612500
0.616667
0.616667
0.612500
0.612500
0.616667
0.612500
0.612500
0.616667
0.612500
0.612500
0.616667
0.612500
0.612500
0.616667
0.612500
0.612500
0.616667
0.612500
0.612500
0.612500
0.612500
0.612500
0.612500
0.612500
0.612500
0.612500
0.612500
0.612500
0.612500
0.612500
0.608333
0.612500
0.612500
0.612500
0.612500
0.612500
0.612500
0.612500
0.616667
0.612500
0.612500
0.612500
0.612500
0.612500
0.612500
0.608333
0.612500
0.612500
0.612500
0.612500
0.608333
0.612500
0.612500
0.612500
0.612500
0.608333
0.612500
0.612500
0.612500
0.608333
0.612500
0.608333
0.612500
0.608333
0.608333
0.612500
0.608333
0.608333
0.612500
0.608333
0.608333
0.612500
0.608333
0.612500
0.608333
0.612500
0.608333
0.612500
0.608333
0.608333
0.608333
0.604167
0.608333
0.612500
0.612500
0.608333
0.612500
0.612500
0.612500
0.608333
0.612500
0.612500
0.612500
0.608333
0.612500
0.612500
0.612500
0.608333
0.612500
0.612500
0.608333
0.612500
0.612500
0.612500
0.608333
0.608333
0.608333
0.616667
0.612500
0.612500
0.616667
0.612500
0.616667
0.612500
0.616667
0.612500
0.612500
0.612500
0.616667
0.612500
0.612500
0.612500
0.612500
0.612500
0.612500
0.608333
0.612500
0.612500
0.612500
0.608333
0.612500
0.612500
0.612500
0.612500
0.608333
0.612500
0.612500
0.612500
0.612500
0.612500
0.608333
0.612500
0.608333
0.612500
0.608333
0.612500
0.608333
0.612500
0.612500
0.608333
0.612500
0.612500
0.608333
0.612500
0.612500
0.608333
0.612500
0.608333
0.612500
0.608333
0.612500
0.608333
0.612500
0.608333
0.612500
0.608333
0.612500
0.608333
0.612500
0.608333
0.612500
0.608333
0.612500
0.608333
0.608333
0.608333
0.608333
0.612500
0.612500
0.612500
0.608333
0.612500
0.612500
0.608333
0.612500
0.608333
0.612500
0.608333
0.612500
0.608333
0.612500
0.608333
0.608333
0.612500
0.608333
0.608333
0.608333
0.608333
0.608333
0.612500
0.608333
0.608333
0.608333
0.612500
0.608333
0.608333
0.608333
0.608333
0.612500
0.608333
0.604167
0.608333
0.608333
0.612500
0.608333
0.612500
0.612500
0.612500
0.612500
0.612500
0.608333
0.612500
0.612500
0.608333
0.612500
0.608333
0.608333
0.612500
0.608333
0.608333
0.608333
0.608333
0.612500
0.608333
0.608333
0.608333
0.612500
0.608333
0.608333
0.612500
0.608333
0.612500
0.608333
0.612500
0.608333
0.612500
0.608333
0.612500
0.608333
0.608333
0.612500
0.608333
0.612500
0.608333
0.612500
0.608333
0.612500
0.608333
0.608333
0.608333
0.608333
0.608333
0.612500
0.612500
0.612500
0.612500
0.608333
0.612500
0.612500
0.608333
0.612500
0.608333
0.612500
0.608333
0.612500
0.608333
0.608333
0.608333
0.612500
0.608333
0.608333
0.608333
0.608333
0.608333
0.608333
0.608333
0.608333
0.608333
0.608333
0.608333
0.608333
0.608333
0.608333
0.612500
0.608333
0.608333
0.608333
0.608333
0.608333
0.604167
0.608333
0.604167
0.612500
0.608333
0.608333
0.612500
0.608333
0.608333
0.608333
0.612500
0.608333
0.608333
0.608333
0.608333
0.612500
0.608333
0.608333
0.608333
0.608333
0.608333
0.608333
0.612500
0.608333
0.608333
0.612500
0.608333
0.612500
0.612500
0.612500
0.608333
0.612500
0.608333
0.608333
0.612500
0.612500
0.612500
0.616667
0.612500
0.612500
0.612500
0.612500
0.608333
0.612500
0.612500
0.612500
0.608333
0.612500
0.612500
0.608333
0.612500
0.612500
0.608333
0.612500
0.612500
0.608333
0.612500
0.612500
0.608333
0.612500
0.608333
0.612500
0.612500
0.608333
0.608333
0.608333
0.612500
0.612500
0.612500
0.612500
0.616667
0.612500
0.612500
0.612500
0.608333
0.612500
0.612500
0.608333
0.612500
0.608333
0.612500
0.608333
0.608333
0.608333
0.604167
0.608333
0.608333
0.604167
0.608333
0.604167
0.608333
0.604167
0.604167
0.604167
0.604167
0.604167
0.604167
0.604167
0.604167
0.604167
0.604167
0.600000
0.604167
0.600000
0.604167
0.600000
0.604167
0.600000
0.600000
0.600000
0.600000
0.600000
0.600000
0.600000
0.600000
0.595833
0.600000
0.600000
0.600000
0.600000
0.600000
0.600000
0.600000
0.595833
0.600000
0.600000
0.595833
0.595833
0.600000
0.595833
0.595833
0.595833
0.595833
0.595833
0.595833
0.595833
0.595833
0.595833
0.595833
0.591667
0.595833
0.595833
0.591667
0.591667
0.595833
0.591667
0.595833
0.591667
0.595833
0.591667
0.591667
0.595833
0.591667
0.591667
0.587500
0.595833
0.595833
0.595833
0.591667
0.591667
0.595833
0.591667
0.591667
0.591667
0.591667
0.591667
0.591667
0.591667
0.591667
0.587500
0.591667
0.591667
0.591667
0.587500
0.591667
0.587500
0.591667
0.591667
0.587500
0.591667
0.587500
0.591667
0.587500
0.591667
0.587500
0.591667
0.587500
0.591667
0.587500
0.587500
0.591667
0.587500
0.587500
0.591667
0.587500
0.591667
0.587500
0.587500
0.591667
0.587500
0.587500
0.591667
0.587500
0.587500
0.583333
0.587500
0.591667
0.591667
0.587500
0.587500
0.591667
0.587500
0.587500
0.587500
0.587500
0.587500
0.583333
0.587500
0.587500
0.583333
0.587500
0.583333
0.587500
0.583333
0.587500
0.583333
0.587500
0.583333
0.583333
0.583333
0.587500
0.583333
0.583333
0.583333
0.583333
0.587500
0.583333
0.583333
0.583333
0.583333
0.587500
0.583333
0.583333
0.583333
0.583333
0.587500
0.583333
0.583333
0.583333
0.587500
0.583333
0.583333
0.587500
0.583333
0.583333
0.583333
0.587500
0.579167
0.583333
0.583333
0.587500
0.583333
0.587500
0.583333
0.583333
0.587500
0.583333
0.583333
0.583333
0.583333
0.583333
0.579167
0.583333
0.583333
0.579167
0.583333
0.583333
0.579167
0.583333
0.579167
0.583333
0.579167
0.583333
0.579167
0.583333
0.579167
0.579167
0.583333
0.579167
0.583333
0.579167
0.583333
0.579167
0.579167
0.583333
0.579167
0.579167
0.583333
0.579167
0.579167
0.575000
0.579167
0.583333
0.583333
0.583333
0.579167
0.579167
0.583333
0.579167
0.579167
0.579167
0.583333
0.579167
0.579167
0.579167
0.575000
0.583333
0.579167
0.579167
0.579167
0.579167
0.579167
0.579167
0.579167
0.579167
0.583333
0.579167
0.579167
0.579167
0.579167
0.579167
0.579167
0.579167
0.583333
0.579167
0.579167
0.579167
0.579167
0.579167
0.579167
0.583333
0.579167
0.583333
0.579167
0.583333
0.579167
0.579167
0.583333
0.579167
0.579167
0.579167
0.579167
0.579167
0.579167
0.579167
0.579167
0.579167
0.579167
0.579167
0.575000
0.579167
0.579167
0.579167
0.579167
0.579167
0.579167
0.579167
0.579167
0.579167
0.579167
0.579167
0.579167
0.579167
0.579167
0.575000
0.579167
0.579167
0.579167
0.579167
0.579167
0.579167
0.579167
0.579167
0.579167
0.579167
0.575000
0.579167
0.579167
0.579167
0.579167
0.579167
0.579167
0.579167
0.575000
0.579167
0.579167
0.579167
0.575000
0.579167
0.579167
0.575000
0.579167
0.575000
0.579167
0.575000
0.575000
0.575000
0.579167
0.579167
0.579167
0.579167
0.579167
0.579167
0.579167
0.575000
0.579167
0.575000
0.579167
0.575000
0.579167
0.575000
0.575000
0.575000
0.575000
0.579167
0.575000
0.575000
0.575000
0.575000
0.575000
0.575000
0.575000
0.575000
0.575000
0.575000
0.575000
0.575000
0.575000
0.575000
0.575000
0.575000
0.575000
0.575000
0.579167
0.575000
0.575000
0.575000
0.570833
0.575000
0.579167
0.575000
0.575000
0.575000
0.579167
0.575000
0.575000
0.575000
0.575000
0.575000
0.575000
0.570833
0.575000
0.575000
0.575000
0.566667
0.366667
0.787500
0.575000
0.575000
0.570833
0.575000
0.570833
0.575000
0.570833
0.575000
0.575000
0.570833
0.575000
0.570833
0.575000
0.575000
0.570833
0.575000
0.570833
0.570833
0.575000
0.575000
0.575000
0.575000
0.575000
0.575000
0.575000
0.575000
0.570833
0.575000
0.575000
0.570833
0.575000
0.575000
0.570833
0.575000
0.570833
0.575000
0.570833
0.570833
0.575000
0.570833
0.575000
0.570833
0.575000
0.570833
0.575000
0.570833
0.575000
0.575000
0.570833
0.575000
0.570833
