0.870833
0.870833
0.862500
0.858333
0.850000
0.866667
0.858333
0.850000
0.850000
0.854167
0.845833
0.841667
0.841667
0.833333
0.833333
0.841667
0.829167
0.837500
0.841667
0.829167
0.820833
0.829167
0.462500
0.375000
0.329167
0.504167
0.833333
0.825000
0.833333
0.833333
0.837500
0.829167
0.841667
0.845833
0.837500
0.841667
0.333333
0.683333
0.800000
0.729167
0.845833
0.833333
0.833333
0.841667
0.850000
0.858333
0.875000
0.875000
0.866667
0.870833
0.883333
0.879167
0.887500
0.879167
0.883333
0.887500
0.900000
0.900000
0.862500
0.854167
0.862500
0.862500
0.870833
0.862500
0.870833
0.870833
0.879167
0.883333
0.891667
0.875000
0.925000
0.887500
0.904167
0.912500
0.929167
0.916667
0.900000
0.866667
0.875000
0.895833
0.900000
0.900000
0.879167
0.870833
0.883333
0.908333
0.904167
0.929167
0.929167
0.916667
0.900000
0.904167
0.916667
0.908333
0.900000
0.875000
0.879167
0.908333
0.904167
0.900000
0.870833
0.862500
0.879167
0.879167
0.891667
0.904167
0.870833
0.862500
0.883333
0.875000
0.858333
0.862500
0.883333
0.895833
0.900000
0.854167
0.862500
0.870833
0.879167
0.866667
0.850000
0.858333
0.875000
0.883333
0.870833
0.850000
0.858333
0.883333
0.891667
0.895833
0.895833
0.866667
0.870833
0.891667
0.900000
0.895833
0.858333
0.854167
0.870833
0.875000
0.879167
0.858333
0.854167
0.870833
0.879167
0.841667
0.833333
0.820833
0.820833
0.537500
0.287500
0.333333
0.487500
0.329167
0.454167
0.720833
0.679167
0.537500
0.420833
0.245833
0.866667
0.866667
0.904167
1.600000
1.041667
1.095833
0.291667
0.212500
0.741667
0.312500
0.412500
0.454167
0.370833
0.491667
0.862500
0.870833
0.804167
0.937500
0.908333
0.904167
0.879167
0.891667
1.350000
0.433333
1.037500
0.204167
0.670833
0.733333
0.895833
0.866667
0.875000
0.675000
0.200000
0.629167
0.266667
0.958333
0.754167
0.716667
0.341667
0.541667
0.662500
0.566667
0.600000
0.841667
0.833333
0.837500
0.837500
0.820833
0.833333
0.829167
0.841667
0.858333
0.883333
0.695833
0.166667
0.333333
0.387500
0.462500
0.529167
0.891667
0.870833
0.316667
0.554167
0.104167
0.770833
0.250000
0.620833
0.879167
0.883333
0.870833
0.891667
0.908333
0.920833
0.950000
0.945833
0.962500
0.920833
0.929167
0.945833
0.937500
0.945833
0.929167
0.904167
0.912500
0.916667
0.916667
0.883333
0.858333
0.866667
0.870833
0.875000
0.866667
0.850000
0.870833
0.887500
0.891667
0.904167
0.866667
0.879167
0.904167
0.916667
0.925000
0.900000
0.887500
0.904167
0.887500
0.883333
0.854167
0.854167
0.858333
0.862500
0.883333
0.908333
0.912500
0.900000
0.891667
0.908333
0.920833
0.925000
0.904167
0.891667
0.900000
0.920833
0.920833
0.904167
0.883333
0.900000
0.891667
0.891667
0.887500
0.866667
0.879167
0.875000
0.891667
0.900000
0.875000
0.875000
0.862500
0.858333
0.866667
0.858333
0.862500
0.854167
0.866667
0.870833
0.858333
0.866667
0.870833
0.887500
0.875000
0.866667
0.862500
0.850000
0.870833
0.891667
0.904167
0.883333
0.341667
0.562500
0.929167
0.925000
0.920833
0.887500
0.900000
0.887500
0.879167
0.883333
0.900000
0.925000
0.879167
0.883333
0.900000
0.912500
0.937500
0.929167
0.916667
0.912500
0.933333
0.941667
0.933333
0.912500
0.904167
0.920833
0.941667
0.937500
0.908333
0.895833
0.916667
0.937500
0.950000
0.916667
0.895833
0.908333
0.925000
0.937500
0.945833
0.912500
0.895833
0.920833
0.908333
0.875000
0.875000
0.879167
0.891667
0.900000
0.908333
0.891667
0.916667
0.366667
0.562500
0.916667
0.891667
0.895833
0.220833
0.170833
0.512500
0.925000
0.920833
0.887500
0.891667
0.920833
0.920833
0.920833
0.891667
0.900000
0.916667
0.920833
0.912500
0.904167
0.887500
0.904167
0.925000
0.925000
0.900000
0.895833
0.916667
0.937500
0.937500
0.904167
0.900000
0.941667
0.925000
0.891667
0.891667
0.908333
0.925000
0.908333
0.875000
0.900000
0.916667
0.920833
0.891667
0.887500
0.912500
0.925000
0.904167
0.883333
0.908333
0.925000
0.920833
0.891667
0.891667
0.920833
0.925000
0.891667
0.891667
0.912500
0.916667
0.920833
0.883333
0.887500
0.891667
0.883333
0.858333
0.862500
0.870833
0.891667
0.862500
0.862500
0.458333
0.420833
0.887500
0.862500
0.541667
0.295833
0.575000
0.337500
0.262500
0.391667
0.233333
0.500000
0.379167
0.866667
0.466667
0.412500
0.400000
0.475000
0.325000
0.500000
0.037500
0.879167
0.883333
0.904167
0.870833
0.879167
0.562500
0.308333
0.283333
0.579167
0.320833
0.216667
0.337500
0.816667
0.045833
0.558333
0.329167
0.495833
0.350000
0.529167
0.325000
0.312500
0.612500
0.804167
0.850000
0.495833
0.604167
0.658333
0.854167
0.866667
0.887500
0.887500
0.891667
0.908333
0.933333
0.920833
0.900000
0.900000
0.925000
0.933333
0.954167
0.904167
0.900000
0.925000
0.937500
0.937500
0.904167
0.891667
0.925000
0.929167
0.933333
0.908333
0.912500
0.933333
0.941667
0.945833
0.904167
0.908333
0.916667
0.933333
0.929167
0.891667
0.900000
0.933333
0.937500
0.937500
0.904167
0.912500
0.933333
0.950000
0.904167
0.900000
0.908333
0.920833
0.870833
0.304167
0.595833
0.920833
0.954167
0.891667
0.891667
0.908333
0.925000
0.937500
0.908333
0.912500
0.920833
0.929167
0.883333
0.887500
0.908333
0.941667
0.904167
0.895833
0.920833
0.950000
0.950000
0.908333
0.925000
0.945833
0.950000
0.908333
0.908333
0.916667
0.916667
0.895833
0.250000
0.633333
0.912500
0.775000
0.266667
0.441667
0.495833
0.483333
0.133333
0.287500
0.608333
0.191667
0.704167
0.858333
0.862500
0.879167
0.891667
0.870833
0.870833
0.887500
0.920833
0.925000
0.895833
0.895833
0.916667
0.954167
0.958333
0.933333
0.908333
0.941667
0.954167
0.954167
0.916667
0.912500
0.950000
0.970833
0.970833
0.925000
0.920833
0.941667
0.962500
0.941667
0.916667
0.920833
0.950000
0.941667
0.895833
0.908333
0.933333
0.929167
0.908333
0.895833
0.925000
0.950000
0.954167
0.904167
0.895833
0.920833
0.941667
0.895833
0.887500
0.912500
0.941667
0.941667
0.904167
0.904167
0.929167
0.954167
0.945833
0.900000
0.912500
0.945833
0.950000
0.925000
0.887500
0.912500
0.937500
0.941667
0.916667
0.904167
0.945833
0.929167
0.891667
0.895833
0.933333
0.941667
0.920833
0.887500
0.904167
0.933333
0.929167
0.912500
0.895833
0.929167
0.954167
0.950000
0.954167
0.900000
0.933333
0.950000
0.962500
0.900000
0.895833
0.912500
0.920833
0.929167
0.904167
0.887500
0.933333
0.945833
0.954167
0.908333
0.908333
0.937500
0.950000
0.916667
0.900000
0.937500
0.950000
0.945833
0.891667
0.904167
0.925000
0.937500
0.895833
0.895833
0.925000
0.925000
0.908333
0.879167
0.904167
0.925000
0.920833
0.883333
0.887500
0.920833
0.920833
0.916667
0.879167
0.900000
0.920833
0.929167
0.879167
0.883333
0.904167
0.916667
0.908333
0.875000
0.891667
0.912500
0.908333
0.879167
0.883333
0.908333
0.908333
0.862500
0.879167
0.900000
0.879167
0.879167
0.908333
0.916667
0.912500
0.904167
0.879167
0.912500
0.945833
0.950000
0.937500
0.895833
0.925000
0.945833
0.954167
0.954167
0.920833
0.925000
0.941667
0.945833
0.908333
0.895833
0.916667
0.933333
0.883333
0.879167
0.908333
