0.408333
0.925000
0.816667
0.795833
0.612500
0.895833
0.504167
0.879167
0.816667
0.808333
0.791667
0.770833
0.766667
0.770833
0.608333
0.825000
0.762500
0.783333
0.754167
0.750000
0.754167
0.475000
0.404167
0.879167
0.854167
0.804167
0.416667
0.904167
0.833333
0.795833
0.620833
0.875000
0.791667
0.795833
0.625000
0.841667
0.775000
0.779167
0.745833
0.745833
0.404167
0.908333
0.812500
0.791667
0.454167
0.904167
0.800000
0.779167
0.725000
0.820833
0.745833
0.745833
0.554167
0.841667
0.758333
0.758333
0.766667
0.762500
0.675000
0.795833
0.754167
0.754167
0.741667
0.737500
0.745833
0.762500
0.741667
0.475000
0.866667
0.775000
0.762500
0.754167
0.762500
0.754167
0.737500
0.737500
0.454167
0.862500
0.762500
0.766667
0.620833
0.837500
0.762500
0.762500
0.783333
0.754167
0.750000
0.750000
0.762500
0.754167
0.562500
0.837500
0.787500
0.783333
0.766667
0.433333
0.912500
0.837500
0.800000
0.800000
0.808333
0.770833
0.408333
0.900000
0.841667
0.808333
0.791667
0.462500
0.920833
0.820833
0.795833
0.787500
0.787500
0.762500
0.745833
0.741667
0.445833
0.875000
0.766667
0.766667
0.779167
0.750000
0.741667
0.445833
0.912500
0.770833
0.770833
0.766667
0.779167
0.404167
0.870833
0.800000
0.791667
0.775000
0.437500
0.554167
0.887500
0.820833
0.787500
0.420833
0.895833
0.837500
0.791667
0.416667
0.887500
0.825000
0.791667
0.408333
0.883333
0.825000
0.791667
0.437500
0.883333
0.812500
0.783333
0.420833
0.879167
0.804167
0.783333
0.433333
0.875000
0.795833
0.787500
0.420833
0.866667
0.791667
0.775000
0.416667
0.862500
0.787500
0.779167
0.500000
0.404167
0.883333
0.812500
0.779167
0.412500
0.900000
0.804167
0.783333
0.408333
0.420833
0.745833
0.804167
0.800000
0.779167
0.770833
0.800000
0.779167
0.404167
0.900000
0.808333
0.787500
0.408333
0.908333
0.812500
0.791667
0.408333
0.429167
0.750000
0.795833
0.795833
0.783333
