0.583333
0.616667
0.600000
0.616667
0.604167
0.604167
0.612500
0.600000
0.600000
0.579167
0.575000
0.604167
0.587500
0.579167
0.600000
0.616667
0.600000
0.608333
0.583333
0.591667
0.604167
0.608333
0.583333
0.612500
0.595833
0.600000
0.608333
0.583333
0.616667
0.604167
0.583333
0.608333
0.591667
0.583333
0.612500
0.600000
0.587500
0.612500
0.612500
0.587500
0.608333
0.620833
0.579167
0.595833
0.612500
0.625000
0.591667
0.616667
0.608333
0.616667
0.575000
0.595833
0.595833
0.612500
0.616667
0.608333
0.583333
0.591667
0.612500
0.620833
0.600000
0.612500
0.604167
0.608333
0.612500
0.604167
0.608333
0.608333
0.604167
0.620833
0.600000
0.616667
0.600000
0.620833
0.587500
0.616667
0.616667
0.583333
0.612500
0.612500
0.591667
0.616667
0.604167
0.608333
0.625000
0.604167
0.579167
0.600000
0.608333
0.620833
0.600000
0.608333
0.604167
0.587500
0.600000
0.616667
0.579167
0.595833
0.612500
0.600000
0.587500
0.612500
0.604167
0.587500
0.600000
0.612500
0.595833
0.587500
0.600000
0.608333
0.591667
0.595833
0.608333
0.591667
0.600000
0.600000
0.579167
0.608333
0.591667
0.587500
0.604167
0.587500
0.600000
0.591667
0.604167
0.600000
0.579167
0.612500
0.595833
0.587500
0.604167
0.604167
0.583333
0.612500
0.604167
0.579167
0.612500
0.600000
0.587500
0.608333
0.600000
0.612500
0.608333
0.604167
0.612500
0.616667
0.612500
0.608333
0.608333
0.608333
0.608333
0.608333
0.604167
0.608333
0.604167
0.600000
0.612500
0.608333
0.612500
0.600000
0.608333
0.595833
0.600000
0.595833
0.595833
0.595833
0.600000
0.595833
0.600000
0.600000
0.600000
0.595833
0.600000
0.604167
0.608333
0.604167
0.591667
0.583333
0.604167
0.604167
0.604167
0.591667
0.604167
0.600000
0.600000
0.587500
0.608333
0.595833
0.587500
0.604167
0.612500
0.591667
0.600000
0.612500
0.591667
0.595833
0.612500
0.604167
0.587500
0.612500
0.604167
0.587500
0.608333
0.612500
0.600000
0.591667
0.612500
0.604167
0.591667
0.600000
0.612500
0.608333
0.587500
0.604167
0.600000
0.595833
0.600000
0.608333
0.587500
0.604167
0.595833
0.600000
0.600000
0.604167
0.591667
0.591667
0.608333
0.600000
0.579167
0.600000
0.608333
0.583333
0.600000
0.591667
0.608333
0.583333
0.595833
0.608333
0.600000
0.583333
0.595833
0.604167
0.579167
0.600000
0.604167
0.587500
0.595833
0.591667
0.608333
0.608333
0.591667
0.604167
0.604167
0.591667
0.604167
0.600000
0.595833
0.595833
0.608333
0.591667
0.600000
0.612500
0.600000
0.608333
0.616667
0.591667
0.620833
0.612500
0.604167
0.600000
0.616667
0.595833
0.595833
0.616667
0.604167
0.591667
0.612500
0.595833
0.595833
0.616667
0.608333
0.608333
0.579167
0.595833
0.612500
0.600000
0.579167
0.587500
0.612500
0.608333
0.587500
0.604167
0.608333
0.595833
0.583333
0.604167
0.600000
0.595833
0.600000
0.608333
0.587500
0.600000
0.612500
0.595833
0.583333
0.612500
0.591667
0.583333
0.595833
0.604167
0.591667
0.575000
0.600000
0.595833
0.579167
0.595833
0.600000
0.591667
0.583333
0.595833
0.608333
0.579167
0.595833
0.604167
0.595833
0.583333
0.604167
0.608333
0.587500
0.591667
0.604167
0.604167
0.579167
0.600000
0.604167
0.587500
0.591667
0.600000
0.604167
0.583333
0.600000
0.608333
0.583333
0.583333
0.604167
0.612500
0.583333
0.595833
0.612500
0.595833
0.579167
0.608333
0.612500
0.587500
0.591667
0.612500
0.604167
0.583333
0.608333
0.616667
0.591667
0.600000
0.616667
0.587500
0.608333
0.616667
0.608333
0.591667
0.612500
0.600000
0.591667
0.608333
0.612500
0.600000
0.595833
0.612500
0.600000
0.591667
0.612500
0.616667
0.587500
0.595833
0.616667
0.595833
0.587500
0.612500
0.616667
0.587500
0.595833
0.612500
0.608333
0.591667
0.608333
0.612500
0.604167
0.591667
0.620833
0.604167
0.591667
0.612500
0.620833
0.608333
0.591667
0.616667
0.608333
0.595833
0.612500
0.604167
0.604167
0.600000
0.604167
0.604167
0.600000
0.604167
0.604167
0.591667
0.604167
0.604167
0.604167
0.591667
0.600000
0.604167
0.583333
0.600000
0.595833
0.583333
0.579167
0.591667
0.600000
0.583333
0.604167
0.583333
0.595833
0.591667
0.595833
0.587500
0.595833
0.595833
0.591667
0.587500
0.604167
0.587500
0.583333
0.600000
0.587500
0.591667
0.604167
0.608333
0.583333
0.591667
0.608333
0.612500
0.579167
0.604167
0.612500
0.583333
0.591667
0.608333
0.608333
0.583333
0.595833
0.612500
0.587500
0.595833
0.608333
0.604167
0.583333
0.604167
0.604167
0.587500
0.604167
0.612500
0.604167
0.591667
0.612500
0.591667
0.591667
0.608333
0.600000
0.595833
0.591667
0.612500
0.600000
0.579167
0.608333
0.612500
0.600000
0.583333
0.608333
0.608333
0.583333
0.604167
0.608333
0.591667
0.595833
0.604167
0.595833
0.591667
0.608333
0.600000
0.591667
0.608333
0.604167
0.591667
0.608333
0.608333
0.591667
0.608333
0.608333
0.608333
0.587500
0.608333
0.608333
0.591667
0.608333
0.608333
0.595833
0.595833
0.612500
0.608333
0.591667
0.612500
0.608333
0.600000
0.604167
0.608333
0.612500
0.604167
0.608333
0.595833
0.608333
0.604167
0.604167
0.604167
0.604167
0.595833
0.600000
0.575000
0.625000
0.695833
0.195833
0.291667
0.404167
0.291667
0.483333
0.604167
0.687500
0.470833
0.425000
0.175000
0.687500
0.487500
0.700000
0.708333
1.037500
0.487500
0.579167
0.591667
0.579167
0.583333
0.566667
0.575000
0.604167
0.587500
0.583333
0.595833
0.583333
0.595833
0.595833
0.566667
0.600000
0.595833
0.570833
0.591667
0.600000
0.583333
0.579167
0.595833
0.583333
0.591667
0.600000
0.570833
0.591667
0.604167
0.575000
0.595833
0.595833
0.579167
0.595833
0.595833
0.579167
0.595833
0.608333
0.575000
0.587500
0.612500
0.587500
0.579167
0.595833
0.604167
0.558333
0.608333
0.595833
0.600000
0.583333
0.591667
0.600000
0.600000
0.591667
0.595833
0.600000
0.595833
0.595833
0.600000
0.591667
0.604167
0.587500
0.595833
0.587500
0.604167
0.600000
0.570833
0.612500
0.587500
0.591667
0.579167
0.595833
0.579167
0.587500
0.600000
0.591667
0.583333
0.600000
0.566667
0.595833
0.591667
0.579167
0.600000
0.600000
0.583333
0.579167
0.591667
0.604167
0.579167
0.608333
0.591667
0.579167
0.604167
0.591667
0.583333
0.604167
0.591667
0.595833
0.608333
0.595833
0.579167
0.604167
0.595833
0.583333
0.604167
0.595833
0.600000
0.595833
0.587500
0.591667
0.604167
0.583333
0.587500
0.604167
0.591667
0.583333
0.595833
0.608333
0.583333
0.604167
0.604167
0.583333
0.600000
0.604167
0.591667
0.595833
0.604167
0.575000
0.600000
0.604167
0.579167
0.600000
0.600000
0.591667
0.591667
0.608333
0.583333
0.595833
0.608333
0.583333
0.595833
0.608333
0.595833
0.595833
0.575000
0.600000
0.595833
0.575000
0.587500
0.604167
0.612500
0.591667
0.587500
0.587500
0.608333
0.591667
0.583333
0.604167
0.608333
0.579167
0.608333
0.570833
0.579167
0.600000
0.608333
0.595833
0.595833
0.604167
0.579167
0.591667
0.595833
0.612500
0.595833
0.591667
0.587500
0.612500
0.591667
0.587500
0.612500
0.604167
0.587500
0.612500
0.600000
0.587500
0.612500
0.604167
0.591667
0.616667
0.612500
0.591667
0.591667
0.608333
0.612500
0.620833
0.591667
0.612500
0.616667
0.595833
0.608333
0.616667
0.604167
0.600000
0.591667
0.583333
0.604167
0.604167
0.625000
0.579167
0.600000
0.616667
0.608333
0.591667
0.616667
0.612500
0.587500
0.620833
0.608333
0.591667
0.616667
0.620833
0.591667
0.604167
0.625000
0.595833
0.612500
0.608333
0.600000
0.612500
0.604167
0.600000
0.575000
0.583333
0.600000
0.612500
0.595833
0.575000
0.591667
0.600000
0.608333
0.579167
0.608333
0.608333
0.583333
0.604167
0.604167
0.579167
0.608333
0.595833
0.587500
0.612500
0.604167
0.595833
0.591667
0.608333
0.595833
0.591667
0.608333
0.616667
0.604167
0.587500
0.616667
0.608333
0.587500
0.612500
0.604167
0.587500
0.612500
0.616667
0.587500
0.608333
0.612500
0.587500
0.604167
0.612500
0.587500
0.608333
0.612500
0.595833
0.591667
0.616667
0.608333
0.587500
0.620833
0.604167
0.587500
0.612500
0.616667
0.604167
0.591667
0.616667
0.620833
0.591667
0.616667
0.620833
0.604167
0.608333
0.625000
0.595833
0.616667
0.616667
0.591667
0.616667
0.616667
0.608333
0.612500
0.616667
0.600000
0.612500
0.608333
0.595833
0.608333
0.616667
0.604167
0.595833
0.620833
0.595833
0.612500
0.616667
0.587500
0.612500
0.616667
0.604167
0.591667
0.620833
0.600000
0.595833
0.616667
0.595833
0.595833
0.620833
0.608333
0.587500
0.616667
0.608333
0.591667
0.620833
0.587500
0.604167
0.620833
0.608333
0.591667
0.612500
0.612500
0.591667
0.616667
0.616667
0.591667
0.612500
0.620833
0.600000
0.612500
0.616667
0.595833
0.612500
0.616667
0.600000
0.608333
0.620833
0.608333
0.600000
0.620833
0.616667
0.595833
0.620833
0.612500
0.595833
0.620833
0.629167
0.600000
0.625000
0.620833
0.604167
0.608333
0.629167
0.612500
0.600000
0.629167
0.616667
0.595833
0.620833
0.620833
0.595833
0.620833
0.620833
0.591667
0.616667
0.620833
0.604167
0.604167
0.620833
0.608333
0.595833
0.616667
0.620833
0.595833
0.616667
0.620833
0.620833
0.591667
0.620833
0.620833
0.595833
0.616667
0.616667
0.604167
0.616667
0.612500
0.620833
0.604167
0.616667
0.620833
0.595833
0.616667
0.616667
0.604167
0.616667
0.612500
0.616667
0.608333
0.620833
0.620833
0.604167
0.616667
0.616667
0.612500
0.608333
0.612500
0.616667
0.616667
0.608333
0.620833
0.604167
0.604167
0.612500
0.604167
0.604167
0.608333
0.608333
0.604167
0.604167
0.612500
0.604167
0.600000
0.612500
0.604167
0.608333
0.608333
0.608333
0.604167
0.616667
0.604167
0.604167
0.600000
0.604167
0.608333
0.600000
0.600000
0.608333
0.604167
0.595833
0.608333
0.600000
0.600000
0.600000
0.600000
0.595833
0.600000
0.608333
0.595833
0.600000
0.604167
0.600000
0.600000
0.600000
0.595833
0.595833
0.600000
0.595833
0.591667
0.595833
0.591667
0.587500
0.600000
0.591667
0.591667
0.595833
