0.758333
0.770833
0.762500
0.762500
0.758333
0.545833
0.945833
0.745833
0.737500
0.737500
0.745833
0.620833
0.854167
0.745833
0.737500
0.737500
0.475000
1.008333
0.750000
0.733333
0.733333
0.729167
0.729167
0.725000
0.725000
0.729167
0.729167
0.608333
0.866667
0.733333
0.725000
0.729167
0.479167
0.970833
0.733333
0.720833
0.716667
0.583333
0.866667
0.733333
0.729167
0.720833
0.475000
0.966667
0.729167
0.725000
0.720833
0.487500
0.958333
0.737500
0.733333
0.737500
0.479167
1.004167
0.741667
0.733333
0.733333
0.554167
0.912500
0.733333
0.729167
0.725000
0.516667
0.937500
0.741667
0.737500
0.741667
0.483333
1.012500
0.766667
0.766667
0.562500
0.958333
0.762500
0.750000
0.570833
0.937500
0.758333
0.633333
0.887500
0.750000
0.341667
1.200000
0.775000
0.766667
0.758333
0.766667
0.520833
1.033333
0.604167
0.966667
0.641667
0.929167
0.762500
0.762500
0.762500
0.766667
0.575000
0.970833
0.775000
0.775000
0.770833
0.762500
0.762500
0.766667
0.770833
0.562500
0.987500
0.770833
0.762500
0.583333
0.954167
0.766667
0.620833
0.912500
0.766667
0.616667
0.904167
0.691667
0.341667
1.250000
0.762500
0.758333
0.750000
0.579167
0.916667
0.750000
0.695833
0.825000
0.762500
0.595833
0.920833
0.762500
0.712500
0.791667
0.762500
0.766667
0.762500
0.754167
0.758333
0.762500
0.766667
0.770833
0.783333
0.691667
0.862500
0.766667
0.766667
0.541667
0.995833
0.766667
0.745833
0.745833
0.754167
0.537500
0.995833
0.637500
0.354167
1.283333
0.762500
0.750000
0.750000
0.750000
0.466667
1.050000
0.529167
0.987500
0.537500
0.966667
0.500000
1.012500
0.454167
1.087500
0.770833
0.766667
0.754167
0.750000
0.758333
0.512500
1.050000
0.800000
0.808333
0.795833
0.525000
1.054167
0.791667
0.795833
0.783333
0.787500
0.787500
0.775000
0.770833
0.762500
0.441667
1.150000
0.458333
1.150000
0.787500
0.779167
0.779167
0.779167
0.550000
1.000000
0.762500
0.762500
0.762500
0.779167
0.779167
0.787500
0.783333
0.779167
0.779167
0.791667
0.787500
0.787500
0.787500
0.779167
0.770833
0.783333
0.775000
0.779167
0.783333
0.695833
0.875000
0.645833
0.416667
0.558333
0.720833
0.775000
0.775000
0.770833
0.762500
0.608333
0.916667
0.754167
0.762500
0.770833
0.775000
0.775000
0.775000
0.758333
0.620833
0.916667
0.758333
0.758333
0.758333
0.758333
0.758333
0.591667
0.904167
0.683333
0.437500
1.170833
0.466667
1.112500
0.783333
0.766667
0.770833
0.770833
0.554167
1.008333
0.787500
0.775000
0.770833
0.775000
0.779167
0.770833
0.779167
0.779167
0.783333
0.629167
0.916667
0.766667
0.762500
0.766667
0.770833
0.775000
0.775000
0.766667
0.562500
1.008333
0.787500
0.795833
0.787500
0.783333
0.537500
1.012500
0.783333
0.770833
0.566667
1.012500
0.783333
0.779167
0.766667
0.783333
0.787500
0.787500
0.787500
0.795833
0.779167
0.775000
0.775000
0.770833
0.779167
0.791667
0.791667
0.779167
0.775000
0.779167
0.766667
0.770833
0.779167
0.766667
0.762500
0.770833
0.762500
0.775000
0.691667
0.875000
0.779167
0.583333
0.979167
0.683333
0.879167
0.529167
1.050000
0.470833
1.100000
0.770833
0.762500
0.654167
0.350000
1.266667
0.766667
0.750000
0.741667
0.745833
0.595833
0.916667
0.770833
0.762500
0.554167
0.975000
0.766667
0.766667
0.570833
0.954167
0.775000
0.595833
0.941667
0.762500
0.658333
0.854167
0.662500
0.358333
1.225000
0.775000
0.750000
0.745833
0.750000
0.754167
0.512500
1.000000
0.766667
0.766667
0.770833
0.770833
0.770833
0.566667
0.970833
0.770833
0.762500
0.762500
0.770833
0.762500
0.566667
0.950000
0.662500
0.350000
1.237500
0.783333
0.754167
0.745833
0.750000
0.479167
1.037500
0.620833
0.916667
0.766667
0.704167
0.841667
0.633333
0.387500
0.595833
0.712500
0.762500
0.766667
0.770833
0.775000
0.770833
0.779167
0.775000
0.770833
0.575000
0.983333
0.633333
0.362500
0.616667
0.700000
0.766667
0.775000
0.770833
0.775000
0.775000
0.766667
0.554167
1.012500
0.775000
0.762500
0.595833
0.945833
0.762500
0.770833
0.545833
1.004167
0.762500
0.758333
0.758333
0.754167
0.766667
0.779167
0.779167
0.783333
0.554167
1.004167
0.758333
0.762500
0.770833
0.775000
0.775000
0.770833
0.550000
0.995833
0.775000
0.766667
0.595833
0.962500
0.775000
0.770833
0.570833
0.987500
0.775000
0.616667
0.954167
0.783333
0.575000
1.000000
0.779167
0.775000
0.783333
0.783333
0.779167
0.775000
0.766667
0.775000
0.779167
0.787500
0.795833
0.783333
0.787500
0.783333
0.766667
0.770833
0.779167
0.787500
0.787500
0.787500
0.787500
0.770833
0.754167
0.754167
0.600000
0.958333
0.779167
0.787500
0.795833
0.779167
0.508333
1.062500
0.595833
0.995833
0.537500
1.045833
0.795833
0.783333
0.770833
0.770833
0.666667
0.904167
0.787500
0.783333
0.775000
0.766667
0.770833
0.770833
0.679167
0.887500
0.775000
0.783333
0.766667
0.770833
0.762500
0.766667
0.562500
0.983333
0.775000
0.766667
0.570833
0.966667
0.704167
0.375000
1.229167
0.787500
0.762500
0.770833
0.775000
0.766667
0.766667
0.533333
1.012500
0.758333
0.750000
0.758333
0.758333
0.770833
0.766667
0.783333
0.779167
0.770833
0.775000
0.762500
0.770833
0.766667
0.766667
0.758333
0.758333
0.758333
0.758333
0.758333
0.762500
0.758333
0.583333
0.937500
0.758333
0.758333
0.766667
0.558333
0.987500
0.766667
0.770833
0.775000
0.775000
0.791667
0.783333
0.650000
0.908333
0.758333
0.766667
0.762500
0.766667
0.770833
0.766667
0.762500
0.762500
0.775000
0.775000
0.791667
0.791667
0.800000
0.783333
0.775000
0.770833
0.783333
0.779167
0.787500
0.775000
0.758333
0.741667
0.754167
0.695833
0.841667
0.770833
0.579167
0.987500
0.625000
0.916667
0.762500
0.783333
0.775000
0.529167
1.037500
0.558333
1.008333
0.487500
1.079167
0.779167
0.770833
0.762500
0.754167
0.754167
0.762500
0.545833
0.991667
0.775000
0.770833
0.554167
0.966667
0.762500
0.762500
0.591667
0.937500
0.770833
0.766667
0.566667
0.962500
0.766667
0.762500
0.587500
0.954167
0.775000
0.766667
0.579167
0.954167
0.770833
0.762500
0.612500
0.937500
0.779167
0.612500
0.916667
0.637500
0.362500
1.258333
0.775000
0.766667
0.779167
0.779167
0.595833
0.975000
0.783333
0.604167
0.987500
0.791667
0.808333
0.791667
0.558333
1.025000
0.791667
0.804167
0.795833
0.795833
0.795833
0.687500
0.879167
0.641667
0.391667
0.604167
0.733333
0.779167
0.783333
0.770833
0.766667
0.766667
0.766667
0.766667
0.520833
1.020833
0.758333
0.754167
0.754167
0.758333
0.754167
0.758333
0.758333
0.758333
0.758333
0.770833
0.595833
0.950000
0.783333
0.591667
0.954167
0.775000
0.641667
0.920833
0.775000
0.595833
0.970833
0.758333
0.766667
0.766667
0.533333
1.033333
0.787500
0.779167
0.775000
0.783333
0.783333
0.800000
0.795833
0.787500
0.779167
0.783333
0.783333
0.783333
0.791667
0.787500
0.791667
0.779167
0.779167
0.779167
0.787500
0.783333
0.791667
0.629167
0.983333
0.804167
0.529167
1.054167
0.541667
1.050000
0.454167
1.166667
0.800000
0.787500
0.775000
0.783333
0.779167
0.675000
0.904167
0.779167
0.545833
1.004167
0.604167
0.950000
0.625000
0.945833
0.579167
0.991667
0.475000
1.066667
0.775000
0.775000
0.775000
0.783333
0.512500
1.033333
0.770833
0.770833
0.654167
0.375000
0.558333
0.741667
0.787500
0.762500
0.775000
0.770833
0.770833
0.766667
0.550000
0.975000
0.762500
0.754167
0.641667
0.879167
0.745833
0.750000
0.754167
0.758333
0.758333
0.595833
0.916667
0.750000
0.754167
0.758333
0.525000
1.004167
0.762500
0.762500
0.754167
0.529167
0.979167
0.758333
0.754167
0.758333
0.754167
0.762500
0.766667
0.758333
0.750000
0.754167
0.754167
0.729167
0.787500
0.758333
0.754167
0.754167
0.754167
0.758333
0.583333
0.937500
0.745833
0.745833
0.745833
0.537500
0.966667
