1.045833
0.775000
0.520833
0.837500
0.766667
0.770833
0.775000
0.758333
0.545833
0.812500
0.800000
0.779167
0.766667
0.500000
0.850000
0.779167
0.783333
0.775000
0.495833
0.858333
0.779167
0.779167
0.787500
0.775000
0.525000
0.808333
0.812500
0.533333
1.070833
0.775000
0.508333
0.862500
0.779167
0.454167
1.145833
0.770833
0.508333
0.850000
0.791667
0.787500
0.783333
0.529167
0.770833
0.841667
0.812500
0.791667
0.783333
0.529167
0.766667
0.866667
0.795833
0.791667
0.779167
0.775000
0.516667
0.816667
0.816667
0.508333
1.104167
0.775000
0.500000
0.845833
0.795833
0.454167
1.145833
0.770833
0.504167
0.791667
0.816667
0.787500
0.783333
0.775000
0.525000
0.829167
0.804167
0.783333
0.775000
0.495833
0.858333
0.775000
0.787500
0.775000
0.775000
0.533333
0.833333
0.812500
0.795833
0.466667
1.133333
0.512500
0.775000
0.841667
0.804167
0.437500
1.150000
0.504167
0.787500
0.837500
0.795833
0.783333
0.783333
0.512500
0.804167
0.850000
0.791667
0.787500
0.783333
0.516667
0.820833
0.837500
0.791667
0.783333
0.783333
0.512500
0.804167
0.833333
0.795833
0.779167
0.779167
0.516667
0.820833
0.829167
0.470833
1.125000
0.775000
0.562500
0.837500
0.800000
0.479167
1.104167
0.775000
0.504167
0.787500
0.825000
0.783333
0.783333
0.779167
0.520833
0.845833
0.816667
0.791667
0.783333
0.487500
0.800000
0.825000
0.841667
0.787500
0.783333
0.508333
0.775000
0.820833
0.837500
0.787500
0.783333
0.775000
0.500000
0.804167
0.829167
0.479167
1.108333
0.779167
0.495833
0.808333
0.829167
0.466667
1.116667
0.775000
0.504167
0.812500
0.820833
0.479167
1.112500
0.775000
0.500000
0.837500
0.812500
0.450000
1.141667
0.779167
0.504167
0.825000
0.820833
0.466667
1.133333
0.779167
0.504167
0.829167
0.820833
0.450000
1.154167
0.483333
1.112500
0.512500
0.775000
0.762500
0.829167
0.512500
1.091667
0.508333
0.825000
0.812500
0.779167
0.500000
1.087500
0.512500
0.858333
0.779167
0.775000
0.770833
0.537500
0.870833
0.775000
0.470833
1.104167
0.775000
0.520833
0.795833
0.820833
0.483333
1.104167
0.770833
0.504167
0.812500
0.808333
0.487500
1.087500
0.770833
0.508333
0.770833
0.562500
0.770833
0.770833
0.766667
0.529167
0.766667
0.825000
0.775000
0.775000
0.487500
0.879167
0.775000
0.779167
0.779167
0.487500
0.845833
0.804167
0.454167
1.133333
0.775000
0.500000
0.862500
0.787500
0.450000
1.133333
0.770833
0.533333
0.787500
0.829167
0.483333
1.108333
0.770833
0.500000
0.820833
0.812500
0.466667
1.116667
0.775000
0.500000
0.808333
0.816667
0.479167
1.108333
0.775000
0.500000
0.845833
0.800000
0.454167
1.133333
0.775000
0.500000
0.812500
0.829167
0.462500
1.133333
0.783333
0.491667
0.845833
0.804167
0.450000
1.141667
0.775000
0.495833
0.795833
0.825000
0.529167
1.045833
0.775000
0.495833
0.800000
0.812500
0.487500
1.108333
0.775000
0.491667
0.816667
0.812500
0.470833
1.108333
0.775000
0.508333
0.850000
0.791667
0.458333
1.141667
0.775000
0.495833
0.808333
0.820833
0.479167
1.120833
0.783333
0.495833
0.812500
0.816667
0.470833
1.116667
0.770833
0.500000
0.829167
0.804167
0.483333
1.095833
0.770833
0.495833
0.787500
0.825000
0.533333
1.037500
0.770833
0.504167
0.812500
0.804167
0.770833
0.770833
0.770833
0.516667
0.808333
0.816667
0.779167
0.770833
0.775000
0.512500
0.795833
0.820833
0.779167
0.775000
0.770833
0.520833
0.800000
0.816667
0.779167
0.779167
0.770833
0.520833
0.825000
0.804167
0.500000
1.083333
0.775000
0.500000
0.775000
0.816667
0.779167
0.770833
0.775000
0.516667
0.787500
0.820833
0.779167
0.775000
0.779167
0.516667
0.766667
0.833333
0.783333
0.783333
0.779167
0.516667
0.791667
0.820833
0.783333
0.783333
0.783333
0.516667
0.808333
0.812500
0.491667
1.104167
0.779167
0.504167
0.850000
0.787500
0.445833
1.158333
0.470833
1.095833
0.516667
0.754167
0.841667
0.779167
0.450000
1.129167
0.512500
0.787500
0.829167
0.783333
0.458333
1.125000
0.779167
0.529167
0.783333
0.812500
0.779167
0.770833
0.770833
0.525000
0.770833
0.820833
0.775000
0.779167
0.483333
0.862500
0.779167
0.783333
0.779167
0.783333
0.520833
0.787500
0.829167
0.787500
0.787500
0.783333
0.512500
0.870833
0.783333
0.441667
1.154167
0.479167
0.787500
0.870833
0.787500
0.779167
0.770833
0.770833
0.508333
0.804167
0.820833
0.779167
0.779167
0.775000
0.516667
0.833333
0.820833
0.441667
1.150000
0.483333
0.795833
0.816667
0.833333
0.787500
0.779167
0.487500
0.800000
0.795833
0.837500
0.783333
0.783333
0.520833
1.087500
0.770833
0.533333
0.779167
0.816667
0.787500
0.783333
0.770833
0.516667
0.858333
0.787500
0.466667
1.108333
0.512500
0.854167
0.779167
0.775000
0.770833
0.775000
0.525000
0.804167
0.829167
0.783333
0.787500
0.541667
0.762500
0.825000
0.837500
0.787500
0.783333
0.495833
0.791667
0.850000
0.795833
0.783333
0.795833
0.462500
0.829167
0.829167
0.820833
0.795833
0.791667
0.450000
0.825000
0.837500
0.833333
0.783333
0.779167
0.487500
0.791667
0.787500
0.841667
0.783333
0.787500
0.508333
1.116667
0.512500
0.787500
0.812500
0.779167
0.529167
1.075000
0.775000
0.537500
0.808333
0.820833
0.454167
1.141667
0.775000
0.508333
0.833333
0.816667
0.445833
1.137500
0.775000
0.495833
0.800000
0.825000
0.479167
1.116667
0.783333
0.495833
0.841667
0.816667
0.437500
1.158333
0.470833
1.150000
0.775000
0.533333
0.787500
0.816667
0.508333
1.125000
0.766667
0.775000
0.525000
0.775000
0.845833
0.779167
0.783333
0.787500
0.508333
0.833333
0.804167
0.450000
1.158333
0.775000
0.495833
0.816667
0.816667
0.787500
0.775000
0.775000
0.520833
0.812500
0.820833
0.479167
1.116667
0.770833
0.495833
0.816667
0.812500
0.450000
1.125000
0.766667
0.512500
0.783333
0.820833
0.779167
0.779167
0.775000
0.533333
0.779167
0.833333
0.783333
0.783333
0.779167
0.516667
0.816667
0.787500
0.533333
1.058333
0.762500
0.504167
0.833333
0.779167
0.466667
1.095833
0.762500
0.504167
0.816667
0.787500
0.500000
1.058333
0.770833
0.504167
0.845833
0.766667
0.487500
1.066667
0.770833
0.516667
0.795833
0.795833
0.495833
1.083333
0.770833
0.508333
0.854167
0.775000
0.450000
1.129167
0.770833
0.504167
0.812500
0.812500
0.450000
1.120833
0.770833
0.762500
0.525000
0.779167
0.825000
0.770833
0.770833
0.770833
0.516667
0.850000
0.791667
0.445833
1.129167
0.770833
0.500000
0.812500
0.800000
0.466667
1.112500
0.770833
0.541667
0.850000
0.779167
0.445833
1.133333
0.779167
0.495833
0.791667
0.812500
0.500000
1.087500
0.779167
0.770833
0.516667
0.795833
0.812500
0.791667
0.770833
0.770833
0.512500
0.862500
0.783333
0.454167
1.120833
0.770833
0.495833
0.829167
0.791667
0.470833
1.104167
0.766667
0.504167
0.854167
0.779167
0.450000
1.108333
0.762500
0.495833
0.816667
0.795833
0.483333
1.083333
0.762500
0.758333
0.525000
0.812500
0.800000
0.762500
0.770833
0.770833
0.520833
0.816667
0.816667
0.779167
0.491667
1.100000
0.783333
0.529167
0.795833
0.829167
0.437500
1.170833
0.437500
1.141667
1.291667
0.833333
0.795833
0.779167
0.775000
1.341667
0.804167
0.791667
0.775000
0.775000
0.512500
0.791667
0.825000
0.775000
0.770833
0.770833
0.516667
0.800000
0.812500
0.779167
0.770833
0.470833
0.825000
0.787500
0.829167
0.775000
0.775000
0.550000
0.745833
0.870833
0.770833
0.770833
0.775000
0.770833
0.520833
0.850000
0.775000
0.450000
1.154167
0.445833
1.120833
0.516667
0.741667
0.837500
0.775000
0.445833
1.154167
0.479167
0.820833
0.820833
0.816667
0.795833
0.775000
0.462500
0.816667
0.825000
0.829167
0.775000
0.775000
0.529167
0.745833
0.833333
0.829167
0.783333
0.779167
0.520833
0.750000
0.904167
0.779167
0.775000
0.775000
0.766667
0.495833
0.758333
0.820833
0.775000
0.779167
0.770833
0.545833
0.858333
0.791667
0.775000
0.770833
0.770833
0.500000
0.825000
0.787500
0.487500
1.091667
0.766667
