0.979167
0.791667
0.795833
0.795833
0.791667
0.795833
0.791667
0.670833
0.920833
0.795833
0.791667
0.791667
0.791667
0.795833
0.645833
0.941667
0.787500
0.787500
0.787500
0.791667
0.791667
0.795833
0.795833
0.800000
0.795833
0.795833
0.791667
0.795833
0.795833
0.791667
0.795833
0.795833
0.795833
0.800000
0.804167
0.795833
0.791667
0.800000
0.800000
0.804167
0.804167
0.800000
0.804167
0.800000
0.795833
0.795833
0.795833
0.800000
0.808333
0.804167
0.800000
0.804167
0.804167
0.795833
0.795833
0.795833
0.791667
0.791667
0.791667
0.791667
0.791667
0.787500
0.791667
0.791667
0.787500
0.787500
0.800000
0.800000
0.804167
0.800000
0.795833
0.804167
0.800000
0.804167
0.804167
0.800000
0.795833
0.800000
0.791667
0.795833
0.791667
0.791667
0.787500
0.787500
0.791667
0.783333
0.791667
0.791667
0.795833
0.791667
0.791667
0.791667
0.787500
0.708333
0.879167
0.791667
0.791667
0.795833
0.787500
0.791667
0.779167
0.800000
0.791667
0.787500
0.791667
0.791667
0.687500
0.887500
0.787500
0.787500
0.783333
0.787500
0.783333
0.720833
0.850000
0.783333
0.691667
0.362500
0.754167
0.579167
0.787500
0.783333
0.725000
0.854167
0.783333
0.791667
0.704167
0.375000
1.312500
0.520833
1.083333
0.795833
0.787500
0.704167
0.879167
0.787500
0.791667
0.708333
0.870833
0.791667
0.791667
0.787500
0.791667
0.787500
0.787500
0.791667
0.791667
0.795833
0.595833
0.995833
0.783333
0.808333
0.791667
0.791667
0.791667
0.791667
0.787500
0.795833
0.791667
0.795833
0.787500
0.795833
0.654167
0.929167
0.787500
0.787500
0.791667
0.787500
0.787500
0.712500
0.870833
0.783333
0.783333
0.787500
0.779167
0.783333
0.775000
0.779167
0.779167
0.662500
0.895833
0.779167
0.783333
0.783333
0.791667
0.795833
0.795833
0.795833
0.795833
0.800000
0.804167
0.804167
0.800000
0.795833
0.804167
0.795833
0.800000
0.800000
0.791667
0.795833
0.795833
0.795833
0.791667
0.787500
0.791667
0.791667
0.795833
0.791667
0.795833
0.791667
0.791667
0.791667
0.787500
0.787500
0.787500
0.779167
0.787500
0.783333
0.787500
0.787500
0.787500
0.795833
0.795833
0.791667
0.800000
0.791667
0.791667
0.795833
0.791667
0.795833
0.795833
0.804167
0.800000
0.800000
0.800000
0.795833
0.795833
0.804167
0.795833
0.804167
0.800000
0.795833
0.800000
0.795833
0.800000
0.795833
0.800000
0.791667
0.791667
0.791667
0.795833
0.791667
0.791667
0.787500
0.795833
0.795833
0.795833
0.800000
0.791667
0.791667
0.795833
0.795833
0.795833
0.795833
0.804167
0.800000
0.791667
0.791667
0.795833
0.787500
0.791667
0.791667
0.791667
0.791667
0.791667
0.787500
0.795833
0.795833
0.800000
0.804167
0.804167
0.812500
0.691667
0.937500
0.808333
0.808333
0.808333
0.725000
0.887500
0.800000
0.795833
0.791667
0.795833
0.800000
0.791667
0.795833
0.791667
0.787500
0.791667
0.787500
0.791667
0.791667
0.791667
0.800000
0.795833
0.795833
0.795833
0.791667
0.791667
0.787500
0.787500
0.787500
0.783333
0.783333
0.783333
0.787500
0.783333
0.787500
0.787500
0.791667
0.787500
0.791667
0.791667
0.591667
1.000000
0.791667
0.783333
0.787500
0.787500
0.779167
0.783333
0.783333
0.791667
0.783333
0.787500
0.791667
0.695833
0.879167
0.787500
0.787500
0.791667
0.733333
0.950000
0.675000
0.783333
0.779167
0.779167
0.725000
0.829167
0.770833
0.770833
0.770833
0.766667
0.766667
0.770833
0.770833
0.775000
0.770833
0.775000
0.779167
0.779167
0.783333
0.783333
0.783333
0.783333
0.783333
0.779167
0.783333
0.787500
0.641667
0.937500
0.787500
0.783333
0.787500
0.795833
0.800000
0.804167
0.812500
0.804167
0.583333
1.037500
0.791667
0.800000
0.791667
0.620833
0.962500
0.787500
0.783333
0.787500
0.637500
0.945833
0.791667
0.787500
0.791667
0.795833
0.691667
0.904167
0.795833
0.795833
0.795833
0.616667
0.983333
0.691667
0.350000
0.550000
0.808333
0.795833
0.620833
0.975000
0.787500
0.791667
0.791667
0.787500
0.787500
0.787500
0.670833
0.912500
0.791667
0.791667
0.791667
0.795833
0.745833
0.841667
0.787500
0.791667
0.787500
0.587500
1.004167
0.791667
0.787500
0.787500
0.654167
0.929167
0.787500
0.787500
0.787500
0.695833
0.887500
0.704167
0.375000
0.737500
0.595833
0.787500
0.795833
0.466667
1.145833
0.804167
0.804167
0.800000
0.795833
0.791667
0.791667
0.787500
0.654167
0.929167
0.679167
0.375000
0.762500
0.587500
0.791667
0.795833
0.691667
0.904167
0.679167
0.383333
0.616667
0.741667
0.795833
0.795833
0.604167
0.991667
0.791667
0.795833
0.795833
0.791667
0.791667
0.795833
0.791667
0.791667
0.791667
0.658333
0.945833
0.804167
0.800000
0.804167
0.800000
0.795833
0.795833
0.800000
0.795833
0.795833
0.795833
0.795833
0.800000
0.795833
0.800000
0.791667
0.795833
0.791667
0.787500
0.791667
0.791667
0.787500
0.791667
0.791667
0.787500
0.787500
0.791667
0.791667
0.791667
0.787500
0.787500
0.779167
0.791667
0.787500
0.787500
0.783333
0.791667
0.787500
0.787500
0.787500
0.791667
0.795833
0.787500
0.787500
0.791667
0.787500
0.787500
0.783333
0.791667
0.787500
0.783333
0.787500
0.791667
0.787500
0.787500
0.791667
0.787500
0.787500
0.791667
0.791667
0.787500
0.787500
0.795833
0.787500
0.787500
0.787500
0.783333
0.783333
0.783333
0.783333
0.779167
0.783333
0.779167
0.787500
0.783333
0.783333
0.787500
0.787500
0.779167
0.783333
0.783333
0.779167
0.783333
0.783333
0.787500
0.783333
0.654167
0.925000
0.787500
0.787500
0.787500
0.787500
0.787500
0.787500
0.787500
0.783333
0.791667
0.783333
0.787500
0.783333
0.787500
0.787500
0.783333
0.787500
0.691667
0.887500
0.691667
0.383333
0.725000
0.587500
0.783333
0.787500
0.629167
0.950000
0.708333
0.354167
1.329167
0.512500
1.083333
0.795833
0.791667
0.725000
0.862500
0.787500
0.791667
0.791667
0.791667
0.791667
0.791667
0.791667
0.787500
0.791667
0.795833
0.791667
0.791667
0.791667
0.791667
0.795833
0.791667
0.737500
0.850000
0.795833
0.791667
0.795833
0.800000
0.791667
0.800000
0.791667
0.791667
0.795833
0.795833
0.800000
0.800000
0.795833
0.791667
0.795833
0.791667
0.795833
0.795833
0.791667
0.700000
0.887500
0.787500
0.791667
0.787500
0.783333
0.787500
0.787500
0.787500
0.787500
0.783333
0.787500
0.783333
0.787500
0.791667
0.595833
1.012500
0.795833
0.800000
0.791667
0.791667
0.795833
0.791667
0.791667
0.787500
0.791667
0.791667
0.787500
0.791667
0.783333
0.787500
0.787500
0.787500
0.787500
0.783333
0.787500
0.787500
0.783333
0.791667
0.787500
0.791667
0.791667
0.791667
0.795833
0.791667
0.787500
0.795833
0.791667
0.787500
0.791667
0.791667
0.791667
0.791667
0.787500
0.791667
0.783333
0.791667
0.795833
0.795833
0.791667
0.800000
0.795833
0.795833
0.800000
0.791667
0.800000
0.795833
0.795833
0.800000
0.795833
0.795833
0.791667
0.800000
0.795833
0.795833
0.787500
0.791667
0.791667
0.795833
0.791667
0.795833
0.791667
0.795833
0.791667
0.695833
0.895833
0.795833
0.795833
0.800000
0.795833
0.795833
0.800000
0.795833
0.800000
0.795833
0.795833
0.787500
0.791667
0.787500
0.787500
0.787500
0.791667
0.791667
0.787500
0.787500
0.791667
0.787500
0.787500
0.787500
0.791667
0.795833
0.791667
0.787500
0.787500
0.787500
0.783333
0.654167
0.912500
0.783333
0.779167
0.783333
0.779167
0.783333
0.729167
0.833333
0.783333
0.779167
0.787500
0.783333
0.637500
0.937500
0.783333
0.787500
0.783333
0.787500
0.783333
0.787500
0.787500
0.787500
0.783333
0.791667
0.670833
0.916667
0.787500
0.787500
0.787500
0.737500
0.833333
0.783333
0.791667
0.787500
0.787500
