0.679167
0.687500
0.687500
0.679167
0.691667
0.691667
0.695833
0.704167
0.695833
0.679167
0.683333
0.670833
0.725000
0.700000
0.695833
0.700000
0.691667
0.695833
0.700000
0.687500
0.687500
0.691667
0.691667
0.695833
0.691667
0.700000
0.687500
0.687500
0.687500
0.687500
0.687500
0.691667
0.687500
0.662500
0.629167
0.612500
0.700000
0.750000
0.695833
0.695833
0.691667
0.695833
0.687500
0.679167
0.683333
0.670833
0.662500
0.670833
0.658333
0.650000
0.654167
0.658333
0.654167
0.658333
0.666667
0.666667
0.662500
0.666667
0.662500
0.662500
0.662500
0.654167
0.658333
0.658333
0.662500
0.641667
0.620833
0.683333
0.712500
0.683333
0.675000
0.666667
0.670833
0.666667
0.662500
0.670833
0.666667
0.675000
0.666667
0.670833
0.525000
0.512500
0.816667
0.691667
0.687500
0.687500
0.695833
0.691667
0.687500
0.679167
0.670833
0.658333
0.629167
0.658333
0.658333
0.658333
0.641667
0.641667
0.645833
0.641667
0.650000
0.637500
0.633333
0.629167
0.629167
0.620833
0.625000
0.616667
0.612500
0.612500
0.612500
0.608333
0.604167
0.604167
0.604167
0.600000
0.600000
0.600000
0.595833
0.591667
0.595833
0.595833
0.591667
0.591667
0.587500
0.595833
0.587500
0.587500
0.591667
0.583333
0.595833
0.583333
0.591667
0.591667
0.587500
0.587500
0.595833
0.600000
0.600000
0.608333
0.604167
0.600000
0.587500
0.570833
0.541667
0.616667
0.612500
0.608333
0.604167
0.604167
0.604167
0.604167
0.604167
0.604167
0.600000
0.604167
0.604167
0.591667
0.570833
0.545833
0.620833
0.612500
0.612500
0.612500
0.608333
0.608333
0.604167
0.608333
0.604167
0.600000
0.583333
0.550000
0.612500
0.612500
0.350000
0.512500
0.208333
0.625000
0.608333
0.387500
0.833333
0.612500
0.608333
0.612500
0.612500
0.608333
0.591667
0.554167
0.633333
0.625000
0.625000
0.625000
0.620833
0.620833
0.620833
0.616667
0.608333
0.620833
0.616667
0.616667
0.625000
0.620833
0.620833
0.620833
0.620833
0.620833
0.595833
0.437500
0.775000
0.625000
0.629167
0.633333
0.637500
0.637500
0.637500
0.637500
0.641667
0.641667
0.641667
0.645833
0.641667
0.633333
0.629167
0.608333
0.579167
0.654167
0.650000
0.645833
0.637500
0.633333
0.633333
0.629167
0.625000
0.625000
0.629167
0.629167
0.629167
0.633333
0.637500
0.629167
0.433333
0.204167
0.629167
0.612500
0.575000
0.650000
0.650000
0.504167
0.783333
0.645833
0.641667
0.641667
0.633333
0.641667
0.637500
0.641667
0.641667
0.645833
0.641667
0.641667
0.637500
0.629167
0.608333
0.587500
0.658333
0.658333
0.650000
0.650000
0.654167
0.650000
0.641667
0.650000
0.650000
0.645833
0.645833
0.641667
0.650000
0.645833
0.637500
0.637500
0.641667
0.654167
0.650000
0.654167
0.662500
0.658333
0.641667
0.629167
0.604167
0.629167
0.662500
0.666667
0.662500
0.662500
0.658333
0.654167
0.650000
0.658333
0.654167
0.658333
0.658333
0.662500
0.654167
0.654167
0.650000
0.662500
0.658333
0.666667
0.666667
0.666667
0.666667
0.654167
0.633333
0.608333
0.687500
0.662500
0.675000
0.658333
0.662500
0.662500
0.670833
0.662500
0.662500
0.666667
0.679167
0.675000
0.683333
0.683333
0.683333
0.675000
0.666667
0.650000
0.625000
0.608333
0.704167
0.691667
0.683333
0.683333
0.679167
0.670833
0.658333
0.645833
0.612500
0.608333
0.704167
0.695833
0.683333
0.679167
0.670833
0.675000
0.658333
0.654167
0.620833
0.691667
0.691667
0.679167
0.675000
0.679167
0.670833
0.670833
0.675000
0.675000
0.670833
0.675000
0.675000
0.670833
0.670833
0.670833
0.675000
0.670833
0.670833
0.633333
0.620833
0.683333
0.720833
0.675000
0.675000
0.675000
0.679167
0.675000
0.675000
0.675000
0.633333
0.616667
0.670833
0.708333
0.675000
0.670833
0.670833
0.670833
0.675000
0.675000
0.675000
0.675000
0.675000
0.633333
0.687500
0.683333
0.670833
0.670833
0.670833
0.666667
0.670833
0.675000
0.666667
0.666667
0.670833
0.666667
0.641667
0.600000
0.687500
0.704167
0.670833
0.666667
0.670833
0.670833
0.666667
0.666667
0.666667
0.645833
0.587500
0.691667
0.683333
0.666667
0.662500
0.666667
0.658333
0.658333
0.662500
0.658333
0.654167
0.633333
0.675000
0.670833
0.666667
0.662500
0.666667
0.654167
0.666667
0.658333
0.658333
0.654167
0.629167
0.625000
0.591667
0.637500
0.691667
0.687500
0.687500
0.687500
0.687500
0.679167
0.666667
0.645833
0.612500
0.595833
0.695833
0.708333
0.662500
0.666667
0.666667
0.662500
0.666667
0.658333
0.666667
0.658333
0.641667
0.675000
0.670833
0.666667
0.666667
0.666667
0.666667
0.675000
0.670833
0.666667
0.666667
0.658333
0.625000
0.608333
0.687500
0.720833
0.687500
0.679167
0.683333
0.683333
0.670833
0.662500
0.625000
0.616667
0.695833
0.737500
0.687500
0.679167
0.687500
0.679167
0.679167
0.670833
0.662500
0.641667
0.675000
0.695833
0.679167
0.675000
0.675000
0.679167
0.679167
0.679167
0.675000
0.679167
0.683333
0.670833
0.650000
0.625000
0.675000
0.716667
0.687500
0.683333
0.679167
0.691667
0.687500
0.683333
0.675000
0.679167
0.670833
0.675000
0.679167
0.687500
0.679167
0.683333
0.687500
0.687500
0.683333
0.675000
0.658333
0.645833
0.695833
0.720833
0.700000
0.704167
0.708333
0.704167
0.695833
0.687500
0.700000
0.700000
0.700000
0.695833
0.687500
0.695833
0.691667
0.691667
0.687500
0.670833
0.650000
0.616667
0.687500
0.729167
0.687500
0.683333
0.675000
0.687500
0.683333
0.683333
0.683333
0.679167
0.679167
0.675000
0.645833
0.633333
0.683333
0.720833
0.695833
0.695833
0.691667
0.683333
0.679167
0.687500
0.687500
0.679167
0.683333
0.666667
0.645833
0.637500
0.625000
0.695833
0.741667
0.691667
0.691667
0.683333
0.683333
0.683333
0.687500
0.683333
0.675000
0.670833
0.666667
0.679167
0.679167
0.683333
0.695833
0.704167
0.708333
0.704167
0.704167
0.670833
0.654167
0.625000
0.729167
0.725000
0.700000
0.700000
0.695833
0.691667
0.695833
0.687500
0.687500
0.687500
0.683333
0.679167
0.666667
0.650000
0.625000
0.708333
0.704167
0.683333
0.683333
0.679167
0.679167
0.683333
0.679167
0.683333
0.679167
0.679167
0.683333
0.687500
0.679167
0.679167
0.683333
0.683333
0.683333
0.675000
0.645833
0.629167
0.700000
0.737500
0.691667
0.683333
0.683333
0.683333
0.687500
0.683333
0.679167
0.687500
0.683333
0.666667
0.641667
0.625000
0.679167
0.737500
0.687500
0.683333
0.683333
0.675000
0.687500
0.687500
0.683333
0.687500
0.683333
0.679167
0.670833
0.654167
0.637500
0.687500
0.716667
0.687500
0.675000
0.679167
0.679167
0.683333
0.679167
0.675000
0.683333
0.675000
0.654167
0.625000
0.687500
0.729167
0.691667
0.691667
0.687500
0.691667
0.687500
0.691667
0.687500
0.670833
0.633333
0.704167
0.708333
0.687500
0.687500
0.691667
0.687500
0.683333
0.683333
0.687500
0.687500
0.687500
0.691667
0.687500
0.679167
0.666667
0.629167
0.695833
0.708333
0.687500
0.683333
0.662500
0.679167
0.675000
0.679167
0.683333
0.691667
0.695833
0.683333
0.637500
0.629167
0.637500
0.745833
0.733333
0.712500
0.691667
0.695833
0.691667
0.687500
0.679167
0.666667
0.629167
0.620833
0.704167
0.725000
0.691667
0.683333
0.679167
0.687500
0.675000
0.675000
0.683333
0.683333
0.675000
0.654167
0.683333
0.695833
0.691667
0.691667
0.687500
0.687500
0.687500
0.691667
0.683333
0.679167
0.658333
0.675000
0.687500
0.687500
0.679167
0.679167
0.687500
0.683333
0.675000
0.679167
0.679167
0.670833
0.658333
0.633333
0.625000
0.670833
0.729167
0.687500
0.683333
0.683333
0.691667
0.687500
0.683333
0.670833
0.687500
0.670833
0.704167
0.687500
0.683333
0.679167
0.683333
0.683333
0.679167
0.679167
0.679167
0.675000
0.683333
0.679167
0.683333
0.675000
0.675000
0.675000
0.675000
0.683333
0.687500
0.683333
0.683333
0.670833
0.641667
0.700000
0.716667
0.700000
0.687500
0.687500
0.691667
0.683333
0.687500
0.691667
0.683333
0.679167
0.691667
0.687500
0.687500
0.691667
0.683333
0.691667
0.691667
0.691667
0.687500
0.691667
0.691667
0.683333
0.687500
0.691667
0.691667
0.691667
0.691667
0.666667
0.650000
0.666667
0.683333
0.737500
0.687500
0.695833
0.695833
0.695833
0.695833
0.695833
0.695833
0.687500
0.691667
0.691667
0.695833
0.683333
0.691667
0.687500
0.687500
0.683333
0.687500
0.675000
0.641667
0.625000
0.687500
0.741667
0.695833
0.691667
0.695833
0.691667
0.687500
0.695833
0.691667
0.691667
0.691667
0.695833
0.687500
0.683333
0.691667
0.691667
0.687500
0.687500
0.691667
0.666667
0.637500
0.629167
0.629167
0.687500
0.750000
0.254167
0.429167
0.670833
0.683333
0.683333
0.691667
0.691667
0.695833
0.687500
0.641667
0.641667
0.629167
0.754167
0.737500
0.716667
0.700000
0.700000
0.695833
0.695833
0.650000
0.637500
0.645833
0.695833
0.741667
0.691667
0.687500
0.683333
0.683333
0.683333
0.683333
0.683333
0.683333
0.679167
0.675000
0.687500
0.675000
0.683333
0.683333
0.683333
0.691667
0.683333
0.691667
0.691667
0.687500
0.691667
0.675000
0.641667
0.629167
0.704167
0.737500
0.695833
0.691667
0.687500
