0.745833
0.741667
0.741667
0.750000
0.745833
0.750000
0.741667
0.745833
0.750000
0.758333
0.754167
0.754167
0.754167
0.766667
0.762500
0.762500
0.754167
0.758333
0.766667
0.762500
0.762500
0.754167
0.766667
0.762500
0.766667
0.754167
0.750000
0.754167
0.754167
0.741667
0.741667
0.741667
0.745833
0.737500
0.729167
0.733333
0.733333
0.729167
0.725000
0.729167
0.741667
0.741667
0.745833
0.741667
0.750000
0.754167
0.754167
0.750000
0.754167
0.762500
0.762500
0.762500
0.754167
0.762500
0.766667
0.766667
0.762500
0.754167
0.750000
0.750000
0.750000
0.745833
0.754167
0.758333
0.754167
0.750000
0.754167
0.762500
0.766667
0.762500
0.770833
0.320833
0.429167
0.450000
0.333333
0.491667
0.262500
0.762500
0.758333
0.758333
0.400000
0.350000
0.750000
0.754167
0.754167
0.750000
0.750000
0.745833
0.750000
0.754167
0.754167
0.750000
0.745833
0.750000
0.758333
0.758333
0.754167
0.758333
0.766667
0.770833
0.775000
0.779167
0.766667
0.758333
0.445833
0.316667
0.766667
0.758333
0.737500
0.154167
0.600000
0.737500
0.741667
0.266667
0.475000
0.745833
0.737500
0.729167
0.733333
0.733333
0.729167
0.737500
0.737500
0.733333
0.741667
0.741667
0.745833
0.741667
0.804167
0.279167
0.404167
0.750000
0.495833
0.250000
0.625000
0.116667
0.600000
0.345833
0.212500
0.562500
0.337500
0.475000
0.462500
0.754167
0.758333
0.750000
0.741667
0.745833
0.750000
0.750000
0.741667
0.745833
0.754167
0.754167
0.762500
0.762500
0.758333
0.750000
0.754167
0.766667
0.770833
0.766667
0.754167
0.754167
0.754167
0.750000
0.750000
1.170833
0.316667
0.745833
0.754167
0.745833
0.750000
0.745833
0.737500
0.737500
0.741667
0.737500
0.737500
0.750000
0.750000
0.754167
0.745833
0.754167
0.758333
0.762500
0.762500
0.754167
0.762500
0.762500
0.766667
0.458333
0.383333
0.400000
0.308333
0.712500
0.754167
0.229167
0.395833
0.450000
0.579167
0.570833
0.741667
0.745833
0.737500
0.733333
0.737500
0.737500
0.404167
0.475000
0.654167
0.370833
0.300000
0.741667
0.641667
0.854167
0.754167
0.679167
0.387500
0.454167
0.483333
0.875000
0.175000
0.291667
0.479167
0.387500
0.379167
0.241667
0.425000
0.404167
0.466667
0.391667
1.129167
0.766667
0.750000
0.754167
0.750000
0.754167
0.762500
0.762500
0.775000
0.775000
0.766667
0.770833
0.779167
0.762500
0.754167
0.745833
0.475000
0.283333
0.454167
0.287500
0.741667
0.745833
0.741667
0.741667
1.454167
0.720833
0.729167
0.737500
0.733333
0.741667
0.750000
0.758333
0.750000
0.745833
0.754167
0.758333
0.754167
0.750000
0.750000
0.762500
0.770833
0.762500
0.770833
0.775000
0.779167
0.766667
0.770833
0.779167
0.779167
0.783333
0.775000
0.779167
0.783333
0.791667
0.795833
0.808333
0.804167
0.787500
0.795833
0.800000
0.787500
0.783333
0.579167
0.212500
0.795833
0.283333
0.133333
0.716667
0.245833
0.179167
0.770833
0.775000
0.766667
0.775000
0.783333
0.791667
0.783333
0.783333
0.783333
0.775000
0.783333
0.779167
0.762500
0.783333
0.783333
0.191667
1.250000
0.362500
0.395833
0.558333
0.308333
0.754167
0.758333
0.758333
0.754167
0.758333
0.758333
0.391667
1.100000
0.750000
1.054167
0.433333
0.441667
0.312500
0.745833
0.820833
0.687500
0.754167
0.758333
0.758333
0.766667
0.758333
0.745833
1.016667
0.454167
0.733333
0.737500
0.733333
0.745833
0.741667
0.741667
0.750000
0.758333
0.758333
0.754167
0.754167
0.762500
0.750000
0.754167
0.754167
0.745833
0.750000
0.745833
0.266667
0.483333
1.208333
0.854167
0.520833
1.120833
0.750000
0.745833
0.745833
1.062500
0.441667
0.745833
1.491667
0.754167
0.750000
0.750000
0.745833
1.300000
0.175000
0.725000
0.733333
0.733333
1.037500
0.429167
0.750000
0.287500
0.458333
0.762500
1.220833
0.300000
0.525000
0.241667
0.525000
0.233333
0.387500
0.383333
0.766667
0.775000
0.700000
0.558333
0.279167
0.779167
0.779167
0.766667
0.779167
0.425000
0.358333
0.908333
0.637500
0.770833
0.775000
0.775000
1.566667
0.775000
0.454167
0.333333
0.783333
0.770833
0.550000
0.229167
0.775000
0.779167
0.762500
0.783333
0.454167
0.312500
0.766667
0.766667
0.775000
0.762500
0.683333
0.845833
0.762500
0.425000
0.345833
0.600000
1.095833
0.700000
1.391667
0.425000
0.941667
0.508333
0.929167
0.475000
0.787500
0.233333
0.254167
0.495833
0.758333
0.762500
0.770833
1.204167
1.095833
1.429167
0.900000
0.779167
0.791667
1.550000
0.791667
0.787500
0.775000
0.770833
0.787500
0.779167
0.775000
1.554167
0.783333
1.270833
1.062500
1.279167
0.266667
0.783333
0.779167
1.545833
0.783333
1.541667
0.779167
0.766667
0.775000
0.541667
0.220833
0.779167
0.237500
0.108333
0.425000
0.200000
0.566667
0.233333
0.512500
0.383333
0.387500
0.754167
0.500000
0.258333
0.754167
0.283333
0.470833
0.754167
1.262500
0.275000
0.750000
0.770833
0.766667
0.770833
0.770833
1.541667
0.766667
0.766667
0.387500
0.387500
0.775000
0.779167
0.562500
0.220833
0.766667
0.775000
0.783333
0.775000
1.033333
0.508333
0.770833
0.766667
0.779167
0.766667
0.775000
0.783333
0.775000
0.595833
0.970833
0.800000
0.783333
0.533333
0.250000
0.783333
0.491667
1.079167
0.779167
0.779167
0.787500
1.054167
0.954167
0.350000
0.787500
0.787500
0.779167
0.779167
0.787500
0.775000
0.783333
0.783333
0.779167
0.779167
0.787500
1.304167
0.270833
0.783333
0.783333
0.262500
0.512500
0.783333
1.245833
0.308333
0.783333
0.783333
1.175000
0.391667
0.783333
0.783333
0.345833
0.429167
0.770833
0.779167
0.775000
0.775000
0.775000
0.783333
0.779167
0.770833
1.758333
0.237500
0.741667
0.254167
0.366667
0.516667
0.250000
0.512500
0.337500
0.425000
0.762500
0.775000
0.762500
0.766667
0.770833
0.779167
1.270833
0.279167
1.341667
0.229167
0.783333
0.770833
0.766667
0.787500
0.779167
0.775000
0.783333
0.779167
1.554167
1.570833
0.787500
0.787500
0.791667
0.783333
0.500000
0.300000
0.791667
0.787500
1.391667
0.179167
0.791667
0.775000
1.279167
0.295833
0.779167
0.795833
0.783333
0.779167
0.795833
0.795833
0.791667
0.783333
0.787500
0.808333
0.791667
1.358333
0.237500
1.604167
0.791667
0.795833
0.808333
0.795833
0.787500
0.791667
0.791667
0.795833
0.795833
0.783333
0.791667
0.791667
0.791667
0.466667
1.112500
0.791667
0.795833
1.233333
1.133333
0.520833
0.416667
0.616667
0.779167
0.779167
1.570833
0.787500
0.800000
0.787500
0.791667
0.791667
0.770833
0.808333
0.787500
0.791667
0.800000
1.583333
1.608333
0.804167
0.800000
0.804167
0.804167
0.804167
0.904167
0.700000
0.808333
0.808333
0.808333
0.808333
0.804167
0.804167
0.804167
0.800000
0.812500
0.812500
0.800000
0.804167
0.812500
1.608333
0.804167
0.800000
0.812500
0.466667
0.341667
0.800000
0.800000
0.820833
0.808333
0.808333
0.808333
0.829167
1.350000
0.283333
0.812500
0.816667
0.820833
0.816667
0.820833
0.825000
0.829167
0.820833
0.812500
0.820833
0.820833
0.812500
0.800000
0.270833
0.545833
0.808333
1.600000
0.808333
0.812500
0.816667
0.804167
0.800000
0.804167
0.812500
0.808333
0.804167
0.808333
0.816667
0.812500
0.820833
0.825000
0.825000
0.825000
0.816667
0.795833
0.808333
1.016667
0.570833
0.883333
0.795833
0.712500
0.304167
0.333333
0.500000
0.375000
0.283333
0.495833
0.783333
0.787500
0.458333
0.325000
0.312500
0.479167
0.800000
0.791667
0.300000
0.791667
0.483333
0.795833
1.104167
1.237500
0.770833
0.245833
0.533333
0.783333
0.791667
0.770833
1.575000
0.787500
0.408333
0.379167
0.383333
0.404167
1.162500
0.383333
0.258333
0.516667
0.779167
0.783333
0.779167
0.154167
0.633333
0.533333
0.254167
0.791667
1.037500
0.120833
0.387500
0.975000
0.579167
1.554167
0.779167
0.800000
0.800000
1.125000
0.450000
0.795833
0.795833
1.379167
0.208333
0.804167
0.804167
0.787500
0.783333
1.216667
0.408333
0.266667
0.450000
0.254167
0.520833
0.258333
0.516667
0.770833
0.775000
0.775000
0.791667
0.795833
0.795833
0.804167
1.320833
0.295833
1.491667
0.112500
0.800000
0.804167
0.800000
0.804167
0.800000
0.808333
0.808333
0.800000
0.812500
0.808333
0.808333
1.600000
0.808333
0.812500
0.820833
0.804167
0.812500
0.812500
0.816667
0.808333
0.795833
0.808333
0.808333
0.795833
0.791667
0.800000
0.808333
0.800000
0.800000
