0.533333
0.520833
0.525000
0.529167
0.320833
0.200000
0.537500
0.529167
0.525000
0.137500
0.391667
0.525000
0.533333
0.520833
0.529167
0.529167
0.529167
0.520833
0.516667
0.129167
0.395833
0.520833
0.520833
0.220833
0.308333
0.529167
0.520833
0.529167
0.304167
0.216667
0.537500
0.516667
0.533333
0.537500
0.533333
0.533333
0.537500
0.537500
0.545833
0.533333
0.533333
0.533333
0.537500
0.525000
0.537500
0.537500
0.233333
0.295833
0.525000
0.520833
0.525000
0.520833
0.525000
0.525000
0.525000
0.529167
0.233333
0.300000
0.520833
0.533333
0.520833
0.533333
0.537500
0.312500
0.220833
0.529167
0.283333
0.250000
0.533333
0.533333
0.204167
0.333333
0.529167
0.537500
0.537500
0.537500
0.345833
0.191667
0.533333
0.529167
0.529167
0.529167
0.520833
0.529167
0.525000
0.212500
0.320833
0.529167
0.520833
0.520833
0.525000
0.525000
0.533333
0.258333
0.262500
0.537500
0.225000
0.312500
0.533333
0.154167
0.383333
0.445833
0.629167
0.283333
0.250000
0.529167
0.529167
0.533333
0.529167
0.258333
0.279167
0.525000
0.529167
0.529167
0.525000
0.537500
0.529167
0.529167
0.529167
0.533333
0.533333
0.533333
0.525000
0.529167
0.787500
0.270833
1.066667
0.533333
0.525000
0.529167
0.533333
1.050000
0.120833
0.412500
0.454167
0.512500
0.616667
0.529167
0.529167
0.533333
0.529167
0.758333
0.300000
0.529167
0.525000
0.541667
0.529167
0.529167
0.533333
0.529167
0.537500
0.533333
0.533333
0.545833
0.541667
0.537500
0.541667
0.537500
0.545833
0.533333
0.541667
0.537500
0.533333
0.537500
0.537500
0.537500
0.529167
1.070833
0.545833
0.537500
0.533333
0.533333
0.533333
0.537500
0.529167
0.529167
0.533333
0.533333
0.529167
0.537500
0.529167
0.529167
0.529167
0.537500
0.533333
0.537500
0.533333
0.533333
0.550000
0.537500
0.545833
0.545833
0.550000
0.545833
0.541667
0.541667
0.537500
1.079167
0.737500
0.858333
0.533333
0.537500
1.083333
1.070833
0.525000
1.062500
0.537500
0.533333
0.525000
0.529167
1.054167
0.837500
0.250000
0.537500
0.537500
1.075000
0.537500
1.066667
1.070833
0.537500
0.537500
0.533333
0.216667
0.316667
0.537500
0.537500
0.550000
0.533333
0.533333
0.533333
0.537500
0.550000
1.079167
0.545833
0.545833
0.545833
0.545833
0.541667
0.691667
0.925000
1.091667
1.079167
0.533333
0.529167
0.529167
0.529167
0.529167
0.525000
0.529167
0.529167
0.529167
0.533333
0.533333
0.529167
0.612500
0.445833
1.058333
0.525000
0.537500
0.533333
0.533333
1.058333
0.533333
0.541667
0.533333
0.529167
1.079167
0.537500
0.541667
0.545833
0.541667
0.537500
1.070833
1.075000
0.400000
0.658333
0.520833
0.529167
0.520833
1.050000
0.525000
0.966667
0.420833
0.204167
0.533333
0.537500
0.533333
0.537500
0.537500
0.537500
0.533333
0.533333
0.550000
0.550000
0.250000
0.825000
0.541667
0.537500
0.537500
1.079167
0.533333
1.075000
1.062500
0.533333
0.841667
0.220833
0.533333
0.533333
0.537500
0.537500
0.537500
0.537500
1.058333
0.533333
0.287500
0.237500
0.537500
0.333333
0.191667
0.525000
0.533333
0.533333
0.537500
1.070833
0.533333
1.062500
0.525000
1.058333
1.058333
1.600000
0.533333
1.595833
0.525000
0.525000
0.525000
0.525000
0.520833
0.520833
0.525000
0.529167
0.520833
0.525000
0.525000
0.525000
0.529167
1.058333
0.529167
0.537500
0.529167
0.525000
0.533333
0.525000
0.533333
0.533333
0.525000
1.075000
0.537500
0.533333
0.537500
0.541667
1.066667
1.058333
1.054167
0.529167
0.529167
0.525000
0.525000
0.520833
0.816667
0.233333
0.525000
0.520833
0.533333
0.533333
1.058333
0.545833
1.087500
0.550000
0.541667
0.541667
0.537500
0.533333
1.062500
0.533333
0.533333
0.529167
0.525000
0.525000
0.525000
0.520833
0.816667
0.325000
0.450000
0.533333
0.537500
0.525000
0.529167
0.425000
0.637500
0.520833
0.529167
0.525000
0.520833
0.520833
1.037500
1.041667
0.520833
0.525000
0.520833
0.520833
0.520833
0.525000
0.529167
0.520833
0.529167
0.529167
0.533333
0.529167
0.445833
0.625000
0.533333
1.054167
0.529167
0.525000
0.525000
0.525000
0.516667
0.525000
0.516667
1.037500
0.520833
0.520833
0.525000
0.529167
0.520833
0.525000
0.529167
0.525000
0.841667
0.216667
0.529167
0.529167
0.208333
0.858333
0.325000
0.200000
0.591667
0.233333
0.225000
0.520833
0.525000
0.591667
0.975000
0.520833
0.520833
1.062500
0.529167
1.037500
0.525000
0.520833
1.041667
0.516667
0.516667
0.516667
0.520833
0.512500
0.516667
0.941667
0.625000
0.529167
0.525000
0.520833
0.533333
0.533333
0.525000
0.533333
0.525000
1.066667
1.062500
0.533333
1.070833
0.537500
0.175000
1.091667
0.316667
0.525000
1.041667
0.362500
0.687500
0.520833
0.512500
0.525000
0.520833
1.041667
0.520833
0.525000
0.529167
0.533333
0.483333
0.558333
1.050000
1.070833
0.533333
0.529167
0.541667
0.537500
1.070833
0.545833
0.545833
1.079167
0.541667
0.541667
0.537500
1.083333
0.541667
0.537500
0.533333
0.525000
0.337500
0.720833
0.529167
0.529167
0.533333
0.529167
0.537500
0.525000
0.529167
1.066667
0.537500
0.533333
0.533333
0.537500
0.525000
0.525000
0.545833
0.345833
0.195833
0.541667
1.075000
1.075000
0.550000
0.537500
0.537500
0.533333
0.529167
0.529167
0.529167
0.525000
0.533333
0.533333
0.533333
0.529167
0.533333
1.062500
1.054167
0.533333
1.066667
0.533333
1.091667
0.541667
0.533333
0.537500
0.533333
0.537500
0.537500
0.537500
0.533333
0.533333
0.541667
1.075000
0.537500
0.533333
0.537500
0.541667
0.541667
0.537500
0.537500
0.545833
1.125000
0.558333
0.558333
0.558333
0.541667
0.541667
0.545833
1.091667
0.545833
0.537500
0.537500
0.537500
0.537500
0.537500
0.533333
0.533333
0.533333
0.529167
0.529167
1.058333
0.541667
0.541667
0.541667
1.075000
1.087500
0.541667
0.545833
0.541667
0.545833
0.541667
0.541667
0.541667
0.533333
0.545833
0.583333
0.566667
0.554167
0.562500
0.558333
0.137500
0.433333
0.554167
0.558333
0.550000
0.237500
0.308333
0.541667
0.541667
0.533333
0.537500
0.533333
0.533333
0.545833
0.212500
0.345833
0.550000
0.545833
0.545833
0.545833
0.541667
0.541667
1.075000
0.545833
0.545833
0.550000
0.216667
0.875000
0.545833
0.529167
0.537500
0.529167
0.541667
0.537500
0.541667
0.533333
1.079167
0.545833
0.554167
0.550000
0.541667
0.545833
0.541667
0.558333
0.545833
0.550000
0.550000
0.554167
1.112500
0.554167
0.550000
0.795833
0.304167
0.200000
0.554167
0.329167
0.533333
0.529167
0.533333
0.533333
0.533333
0.545833
0.533333
0.533333
0.541667
0.529167
0.550000
0.541667
0.541667
1.079167
0.550000
0.562500
0.562500
0.554167
0.558333
0.550000
0.545833
0.554167
0.554167
0.558333
0.545833
0.554167
0.550000
0.554167
0.554167
0.550000
1.112500
0.550000
0.545833
0.545833
1.095833
0.545833
0.545833
0.550000
0.550000
0.537500
0.541667
0.550000
0.541667
0.541667
1.079167
0.537500
0.533333
0.533333
0.212500
0.312500
0.529167
0.250000
0.700000
0.645833
0.325000
0.270833
0.462500
0.529167
0.529167
0.212500
0.316667
0.529167
0.520833
0.525000
0.525000
0.529167
0.529167
0.525000
0.533333
0.525000
0.537500
0.541667
0.541667
0.541667
0.541667
1.070833
0.533333
0.458333
0.329167
0.279167
0.362500
0.695833
0.783333
0.812500
0.529167
0.533333
0.529167
0.529167
1.062500
0.529167
0.533333
1.083333
1.112500
1.087500
1.083333
0.537500
0.533333
1.604167
0.533333
0.529167
0.533333
0.533333
1.054167
0.537500
0.537500
0.533333
0.533333
0.541667
0.533333
0.533333
0.533333
0.533333
0.533333
0.537500
0.533333
1.087500
0.537500
0.541667
0.550000
0.554167
0.545833
0.550000
0.545833
0.545833
0.545833
0.554167
0.545833
0.545833
0.545833
0.541667
0.554167
0.558333
0.541667
0.550000
0.537500
0.541667
0.545833
0.537500
0.208333
0.329167
0.533333
0.537500
0.541667
1.079167
0.545833
0.545833
0.545833
0.537500
0.541667
0.541667
1.079167
0.537500
0.541667
1.100000
0.550000
1.095833
0.545833
0.541667
0.550000
0.562500
0.833333
0.254167
1.083333
0.541667
0.537500
0.554167
0.550000
0.545833
0.541667
0.545833
0.537500
0.545833
0.545833
0.541667
1.079167
0.541667
0.533333
0.537500
0.533333
1.062500
0.545833
0.545833
0.550000
0.545833
0.545833
0.545833
0.554167
0.550000
0.541667
0.545833
0.550000
0.554167
0.550000
0.550000
0.545833
0.570833
0.558333
0.550000
0.554167
0.550000
0.558333
0.566667
0.554167
0.550000
0.550000
0.741667
0.387500
0.558333
0.550000
0.558333
1.100000
0.554167
0.545833
0.541667
0.245833
0.304167
0.237500
0.320833
0.554167
0.562500
0.570833
0.562500
0.570833
0.554167
0.554167
0.554167
0.545833
0.541667
0.541667
1.083333
0.537500
0.533333
0.533333
0.533333
0.541667
0.545833
0.550000
0.554167
0.558333
0.550000
0.550000
0.537500
0.550000
0.537500
0.545833
0.541667
0.279167
0.262500
0.541667
1.083333
1.075000
0.545833
0.541667
0.541667
0.541667
0.545833
0.537500
1.095833
0.550000
1.087500
0.537500
0.541667
1.079167
1.087500
0.541667
0.533333
0.550000
0.545833
0.545833
1.091667
0.537500
1.075000
0.529167
1.079167
1.095833
0.545833
0.545833
1.108333
0.554167
1.087500
0.745833
0.345833
0.541667
0.541667
0.537500
0.533333
0.541667
0.554167
0.545833
1.095833
0.541667
0.550000
0.562500
0.545833
0.550000
0.545833
0.554167
0.554167
0.554167
1.112500
0.808333
0.316667
0.562500
0.554167
0.562500
0.545833
0.562500
1.116667
0.258333
0.291667
0.550000
0.558333
0.550000
0.545833
0.541667
0.545833
1.104167
0.550000
0.550000
0.545833
0.554167
0.545833
0.562500
0.562500
0.554167
0.558333
0.550000
0.554167
0.562500
0.475000
0.662500
0.575000
0.566667
0.308333
0.612500
0.200000
0.341667
0.204167
0.541667
1.083333
1.075000
0.533333
0.554167
0.558333
0.554167
0.545833
0.541667
0.545833
0.541667
0.545833
0.537500
0.545833
0.554167
0.558333
0.554167
0.562500
0.562500
0.558333
0.550000
0.554167
1.100000
0.541667
0.550000
0.550000
0.541667
0.550000
0.541667
0.545833
0.545833
0.550000
1.108333
0.762500
0.879167
0.545833
0.545833
0.558333
0.554167
0.558333
1.204167
1.012500
0.566667
0.575000
1.112500
1.108333
0.554167
0.550000
0.545833
0.545833
0.541667
0.545833
0.545833
0.541667
0.541667
0.545833
0.545833
1.108333
0.558333
0.575000
