0.908333
0.920833
0.916667
0.904167
0.908333
0.908333
0.920833
0.916667
0.908333
0.912500
0.912500
0.916667
0.920833
0.916667
0.908333
0.908333
0.925000
0.916667
0.887500
0.933333
0.912500
0.920833
0.916667
0.908333
0.912500
0.912500
0.408333
0.516667
0.912500
0.912500
0.883333
0.945833
0.929167
0.916667
0.908333
0.908333
0.929167
0.929167
0.908333
0.908333
0.912500
0.908333
0.925000
0.912500
0.908333
0.908333
0.912500
0.925000
0.908333
0.908333
0.908333
0.920833
0.920833
0.916667
0.908333
0.908333
0.916667
0.925000
0.916667
0.912500
0.912500
0.916667
0.920833
0.916667
0.916667
0.908333
0.916667
0.925000
0.920833
0.908333
0.925000
0.912500
0.929167
0.925000
0.908333
1.837500
0.920833
0.916667
0.916667
0.916667
0.929167
0.912500
0.908333
0.912500
0.912500
0.925000
0.916667
0.904167
0.908333
0.912500
0.920833
0.908333
0.904167
0.912500
0.916667
0.912500
0.908333
0.904167
0.908333
0.916667
0.916667
0.912500
0.908333
0.912500
0.925000
0.908333
0.908333
0.904167
0.916667
0.916667
0.912500
0.904167
0.912500
0.920833
0.916667
0.912500
0.908333
0.912500
0.929167
0.912500
0.908333
0.912500
0.908333
0.925000
0.908333
0.908333
0.904167
0.908333
0.916667
0.912500
0.904167
0.904167
0.908333
0.916667
0.916667
0.908333
0.900000
0.908333
0.916667
0.916667
0.904167
0.912500
0.904167
0.920833
0.912500
0.908333
0.904167
0.912500
0.920833
0.908333
0.912500
0.904167
0.912500
0.920833
0.912500
0.908333
0.904167
0.925000
0.916667
0.908333
0.904167
0.912500
0.925000
0.912500
0.904167
0.904167
0.916667
0.916667
0.900000
0.908333
0.908333
0.920833
0.908333
0.904167
0.900000
0.912500
0.916667
0.900000
0.904167
0.900000
0.912500
0.920833
0.904167
0.900000
0.908333
0.908333
0.920833
0.908333
0.904167
0.908333
0.904167
0.916667
0.912500
0.904167
0.912500
0.908333
0.912500
0.916667
0.904167
0.908333
0.908333
0.908333
0.920833
0.904167
0.904167
0.904167
0.916667
0.920833
0.900000
0.912500
0.904167
0.916667
0.920833
0.908333
0.908333
0.912500
0.920833
0.912500
0.904167
0.904167
0.920833
0.916667
0.908333
0.912500
0.912500
0.925000
0.912500
0.904167
0.908333
0.920833
0.912500
0.904167
0.908333
0.908333
0.920833
0.908333
0.908333
0.904167
0.920833
0.912500
0.904167
0.908333
0.912500
0.929167
0.912500
0.908333
0.908333
0.908333
0.925000
0.912500
0.912500
0.908333
0.912500
0.920833
0.920833
0.912500
0.908333
0.925000
0.920833
0.920833
0.912500
0.912500
0.908333
0.925000
0.912500
0.908333
0.912500
0.912500
0.920833
0.912500
0.904167
0.908333
0.912500
0.925000
0.904167
0.908333
0.904167
0.916667
0.916667
0.900000
0.904167
0.912500
0.916667
0.904167
0.904167
0.908333
0.916667
0.904167
0.908333
0.904167
0.912500
0.912500
0.900000
0.900000
0.904167
0.916667
0.904167
0.900000
0.895833
0.912500
0.900000
0.895833
0.895833
0.912500
0.900000
0.895833
0.900000
0.895833
0.916667
0.900000
0.891667
0.895833
0.920833
0.900000
0.900000
0.895833
0.908333
0.908333
0.908333
0.891667
0.904167
0.912500
0.908333
0.900000
0.904167
0.900000
0.925000
0.900000
0.908333
0.904167
0.904167
0.916667
0.908333
0.904167
0.904167
0.900000
0.916667
0.908333
0.900000
0.895833
0.916667
0.912500
0.912500
0.895833
0.908333
0.904167
0.912500
0.912500
0.908333
0.900000
0.916667
0.904167
0.920833
0.904167
0.904167
0.904167
0.916667
0.925000
0.904167
0.904167
0.912500
0.908333
0.916667
0.908333
0.904167
0.912500
0.925000
0.908333
0.912500
0.908333
0.908333
0.916667
0.916667
0.912500
0.908333
0.916667
0.925000
0.912500
0.912500
0.912500
0.920833
0.920833
0.904167
0.920833
0.908333
0.920833
0.916667
0.904167
0.904167
0.912500
0.920833
0.904167
0.900000
0.912500
0.920833
0.904167
0.895833
0.908333
0.912500
0.900000
0.895833
0.900000
0.912500
0.908333
0.895833
0.908333
0.904167
0.920833
0.904167
0.912500
0.912500
0.925000
0.908333
0.908333
0.908333
0.904167
0.916667
0.908333
0.908333
0.900000
0.900000
0.920833
0.908333
0.900000
0.904167
0.904167
0.925000
0.904167
0.900000
0.904167
0.908333
0.912500
0.904167
0.900000
0.895833
0.904167
0.916667
0.900000
0.891667
0.904167
0.908333
0.908333
0.895833
0.900000
0.900000
0.912500
0.900000
0.895833
0.900000
0.908333
0.912500
0.895833
0.904167
0.895833
0.916667
0.904167
0.900000
0.900000
0.900000
0.916667
0.904167
0.904167
0.904167
0.900000
0.916667
0.904167
0.891667
0.895833
0.908333
0.904167
0.891667
0.891667
0.904167
0.908333
0.895833
0.891667
0.904167
0.908333
0.912500
0.900000
0.908333
0.920833
0.929167
0.925000
0.929167
0.937500
0.950000
0.962500
0.966667
0.966667
0.954167
1.000000
0.937500
0.929167
0.945833
0.970833
0.295833
0.650000
0.908333
0.925000
0.962500
0.941667
0.908333
0.908333
0.925000
0.954167
0.920833
0.912500
0.912500
0.941667
0.929167
0.908333
0.908333
0.929167
0.929167
0.912500
0.900000
0.900000
0.920833
0.925000
0.916667
0.904167
0.908333
0.908333
0.933333
0.920833
0.912500
0.908333
0.908333
0.929167
0.929167
0.916667
0.912500
0.912500
0.912500
0.929167
0.920833
0.900000
0.904167
0.912500
0.933333
0.916667
0.895833
0.900000
0.912500
0.933333
0.912500
0.895833
0.895833
0.904167
0.929167
0.908333
0.895833
0.900000
0.891667
0.900000
0.900000
0.883333
0.887500
0.900000
0.895833
0.883333
0.891667
0.891667
0.904167
0.891667
0.887500
0.891667
0.891667
0.904167
0.891667
0.887500
0.887500
0.895833
0.904167
0.891667
0.887500
0.858333
0.929167
0.887500
0.895833
0.895833
0.883333
0.908333
0.887500
0.895833
0.891667
0.891667
0.908333
0.891667
0.891667
0.887500
0.895833
0.900000
0.891667
0.891667
0.887500
0.900000
0.895833
0.887500
0.887500
0.891667
0.904167
0.891667
0.887500
0.887500
0.891667
0.904167
0.895833
0.883333
0.887500
0.900000
0.900000
0.887500
0.891667
0.891667
0.895833
0.904167
0.900000
0.891667
0.895833
0.895833
0.916667
0.900000
0.891667
0.900000
0.895833
0.908333
0.895833
0.895833
0.895833
0.900000
0.908333
0.900000
0.887500
0.891667
0.904167
0.904167
0.891667
0.891667
0.895833
0.904167
0.891667
0.891667
0.887500
0.904167
0.891667
0.883333
0.900000
0.895833
0.908333
0.900000
0.887500
0.887500
0.912500
0.891667
0.891667
0.891667
0.895833
0.908333
0.895833
0.891667
0.887500
0.895833
0.900000
0.895833
0.891667
0.887500
0.895833
0.900000
0.891667
0.891667
0.887500
0.887500
0.904167
0.900000
0.891667
0.891667
0.895833
0.900000
0.908333
0.895833
0.900000
0.887500
0.900000
0.895833
0.908333
0.900000
