0.283333
0.295833
0.591667
0.591667
0.587500
0.304167
0.283333
0.520833
0.650000
0.600000
0.579167
0.587500
0.583333
0.583333
0.583333
0.316667
0.258333
0.579167
0.345833
0.379167
0.462500
0.412500
1.000000
0.337500
0.487500
0.433333
0.829167
1.241667
0.308333
0.270833
0.416667
0.550000
0.195833
0.604167
0.237500
0.862500
0.525000
0.966667
0.258333
1.170833
1.175000
0.579167
1.170833
0.579167
0.591667
0.587500
0.841667
0.900000
0.454167
0.704167
0.579167
0.583333
0.587500
0.579167
0.554167
0.612500
0.316667
0.266667
0.495833
0.487500
0.345833
0.333333
0.854167
0.895833
0.270833
0.383333
0.250000
0.345833
0.291667
0.245833
0.445833
0.379167
0.241667
0.287500
0.316667
0.400000
0.287500
0.679167
0.579167
0.387500
0.520833
0.204167
0.200000
0.408333
0.550000
0.362500
0.779167
0.616667
0.220833
0.733333
0.725000
0.533333
0.725000
0.312500
0.512500
0.754167
0.512500
0.487500
0.416667
0.237500
0.629167
0.408333
0.337500
0.220833
0.475000
0.820833
1.004167
1.241667
1.025000
0.479167
0.329167
0.695833
1.170833
2.291667
1.754167
0.604167
1.720833
0.783333
1.520833
1.195833
1.408333
0.683333
1.991667
0.550000
0.883333
0.745833
0.145833
0.754167
1.016667
0.566667
1.158333
0.766667
0.637500
0.266667
0.650000
0.587500
0.579167
0.595833
0.579167
0.583333
0.587500
0.579167
0.591667
0.587500
0.579167
0.583333
0.575000
0.612500
0.591667
0.591667
0.591667
0.583333
0.583333
0.595833
0.266667
0.312500
0.583333
0.587500
0.587500
0.587500
0.583333
0.575000
0.583333
0.575000
0.395833
0.591667
0.450000
0.308333
0.645833
0.533333
0.387500
0.195833
0.591667
0.666667
0.370833
0.750000
0.004167
0.208333
0.395833
0.250000
0.220833
0.500000
0.362500
0.200000
0.212500
0.370833
0.679167
0.408333
0.375000
0.600000
0.483333
0.716667
0.379167
0.250000
0.437500
0.591667
0.150000
0.395833
0.204167
0.737500
0.637500
0.233333
0.250000
0.687500
0.850000
0.858333
0.266667
1.170833
0.587500
0.591667
0.575000
1.158333
0.295833
0.562500
0.312500
0.287500
0.879167
0.866667
0.904167
1.170833
0.870833
0.870833
1.170833
1.750000
1.125000
0.404167
0.379167
0.295833
0.720833
0.579167
0.579167
1.179167
0.375000
0.208333
0.700000
0.466667
0.745833
0.400000
0.275000
0.279167
0.550000
0.658333
0.620833
0.858333
0.329167
0.454167
0.795833
0.662500
0.304167
0.429167
0.291667
0.841667
0.304167
0.445833
0.575000
0.720833
0.729167
0.508333
0.245833
0.341667
0.608333
0.300000
0.175000
0.441667
0.545833
0.633333
0.783333
0.587500
1.166667
0.929167
0.125000
0.329167
0.716667
0.325000
1.091667
0.587500
0.570833
0.295833
0.279167
0.550000
0.595833
0.608333
0.604167
0.600000
0.362500
0.233333
1.170833
0.587500
0.583333
0.587500
0.587500
0.583333
0.587500
0.583333
0.587500
0.587500
0.587500
0.587500
0.583333
0.437500
0.279167
0.312500
0.733333
0.579167
0.600000
0.570833
0.591667
0.566667
0.608333
0.575000
0.591667
0.600000
0.595833
0.587500
0.583333
0.587500
0.587500
0.583333
0.587500
0.579167
0.587500
0.587500
0.587500
0.587500
0.587500
0.587500
0.587500
0.583333
0.587500
0.591667
0.587500
0.579167
0.579167
0.583333
0.575000
0.600000
0.600000
0.583333
0.587500
0.583333
0.587500
0.579167
0.583333
0.566667
0.600000
0.550000
0.616667
0.533333
0.637500
0.583333
0.583333
0.583333
0.583333
0.583333
0.583333
0.583333
0.583333
0.583333
0.583333
0.575000
0.575000
0.595833
0.600000
0.600000
0.566667
0.620833
0.550000
0.633333
0.558333
0.387500
0.812500
0.395833
0.200000
0.583333
0.391667
0.195833
0.308333
0.958333
0.591667
0.350000
0.141667
0.316667
0.529167
0.325000
0.337500
0.237500
0.283333
0.470833
0.329167
0.687500
0.579167
0.587500
0.345833
0.375000
0.383333
0.645833
0.137500
0.529167
0.587500
0.591667
0.537500
0.637500
0.358333
0.233333
0.595833
0.575000
0.600000
0.741667
0.420833
0.554167
0.595833
0.554167
0.600000
0.595833
0.612500
0.612500
0.608333
0.604167
0.595833
0.579167
0.591667
0.762500
0.400000
0.575000
0.604167
0.591667
0.587500
0.595833
0.587500
0.587500
0.587500
0.587500
0.600000
0.587500
1.083333
0.404167
0.337500
0.533333
0.379167
0.320833
0.487500
0.591667
0.579167
0.575000
0.608333
0.879167
0.312500
0.591667
0.591667
0.379167
0.208333
0.591667
0.591667
0.591667
0.595833
0.591667
0.587500
0.595833
0.587500
0.570833
0.575000
0.595833
0.612500
0.595833
0.591667
0.591667
0.587500
0.591667
0.587500
0.587500
0.566667
0.608333
0.550000
0.604167
0.558333
0.600000
0.545833
0.595833
0.608333
0.604167
0.604167
0.616667
0.587500
0.587500
0.591667
0.562500
0.591667
0.554167
0.608333
0.545833
0.500000
0.570833
0.616667
0.608333
0.616667
0.612500
0.595833
0.583333
0.600000
0.612500
0.616667
0.616667
0.612500
0.608333
0.595833
0.587500
0.583333
0.583333
0.575000
0.583333
0.600000
0.612500
0.600000
0.595833
0.591667
0.591667
0.595833
0.595833
0.591667
0.587500
0.600000
0.595833
0.591667
0.591667
0.583333
0.587500
0.591667
0.583333
0.579167
0.220833
0.379167
0.612500
0.616667
0.595833
0.595833
0.591667
0.208333
0.233333
0.133333
0.425000
0.587500
0.312500
0.462500
0.229167
0.350000
0.612500
0.587500
0.358333
0.233333
0.595833
0.462500
0.712500
0.591667
0.591667
0.587500
0.587500
0.579167
0.212500
0.366667
0.587500
0.595833
0.591667
0.483333
0.583333
0.616667
0.604167
0.608333
0.612500
0.612500
0.608333
0.591667
0.587500
0.558333
0.604167
0.612500
0.604167
0.608333
0.608333
0.612500
0.608333
0.575000
0.600000
0.570833
0.583333
0.550000
0.679167
0.579167
0.237500
0.333333
0.237500
0.395833
0.587500
0.591667
0.587500
0.591667
0.595833
0.587500
0.591667
0.591667
0.595833
0.595833
0.587500
0.570833
0.579167
0.566667
0.604167
0.608333
0.604167
0.358333
0.250000
0.616667
0.600000
0.587500
0.583333
0.237500
0.245833
0.475000
0.195833
0.625000
0.508333
0.495833
0.762500
0.591667
0.587500
0.587500
0.595833
0.591667
0.591667
0.558333
0.620833
0.583333
0.595833
0.587500
0.579167
0.579167
0.591667
0.587500
0.604167
0.612500
0.533333
0.658333
0.591667
0.595833
0.591667
0.591667
0.595833
0.595833
0.595833
0.595833
0.583333
0.587500
0.583333
0.216667
0.362500
0.316667
0.279167
0.608333
0.608333
0.616667
0.600000
0.591667
0.595833
0.591667
0.591667
0.587500
0.579167
0.575000
0.391667
0.212500
0.600000
0.612500
0.600000
0.583333
0.595833
0.591667
0.591667
0.587500
0.591667
0.591667
0.591667
0.587500
0.575000
0.579167
0.591667
0.587500
0.579167
0.595833
0.604167
0.595833
0.575000
0.612500
0.545833
0.645833
0.604167
0.283333
0.379167
0.508333
0.370833
0.450000
0.916667
0.116667
0.533333
0.554167
0.204167
0.862500
0.970833
0.891667
0.887500
0.925000
1.637500
0.695833
0.620833
0.583333
0.700000
0.445833
0.595833
1.170833
0.604167
0.604167
1.187500
0.587500
0.591667
0.587500
0.587500
0.587500
0.587500
0.587500
0.566667
0.583333
0.575000
0.579167
0.604167
0.595833
0.587500
0.583333
0.583333
0.591667
0.587500
0.587500
0.579167
0.591667
0.583333
0.583333
0.583333
0.579167
0.587500
0.587500
0.587500
0.587500
0.587500
0.579167
0.583333
0.575000
0.595833
0.604167
0.604167
0.587500
0.591667
0.720833
1.241667
0.662500
1.045833
0.450000
0.450000
0.400000
0.466667
0.554167
0.241667
0.225000
0.241667
0.195833
0.695833
0.666667
0.275000
0.716667
0.720833
1.112500
1.237500
1.183333
1.170833
0.595833
0.591667
0.575000
0.575000
1.195833
0.595833
0.587500
0.591667
0.587500
0.591667
0.591667
0.595833
0.591667
0.591667
0.595833
0.595833
0.587500
0.583333
0.816667
0.479167
0.354167
0.145833
0.183333
0.370833
0.387500
0.358333
0.537500
0.312500
0.512500
0.950000
0.312500
0.383333
0.441667
0.583333
1.175000
0.575000
0.575000
0.600000
0.608333
0.591667
0.591667
0.595833
0.591667
0.595833
0.591667
0.591667
0.595833
0.595833
0.583333
0.570833
0.591667
0.608333
0.595833
0.591667
0.587500
0.591667
0.587500
0.225000
0.416667
0.554167
0.354167
0.500000
0.308333
0.112500
0.479167
0.362500
0.391667
0.520833
0.408333
0.620833
0.316667
0.204167
0.575000
0.416667
0.216667
0.254167
0.291667
0.537500
1.037500
0.245833
0.458333
0.545833
0.316667
0.283333
1.241667
0.400000
0.270833
0.350000
0.341667
0.370833
0.250000
0.250000
0.387500
0.220833
0.350000
0.087500
0.516667
0.287500
0.075000
0.479167
0.250000
0.200000
0.450000
0.312500
0.841667
0.283333
0.962500
0.779167
1.229167
0.441667
0.708333
0.558333
0.670833
0.358333
0.262500
0.787500
0.225000
0.204167
0.483333
0.479167
0.950000
0.320833
0.208333
0.379167
0.320833
0.408333
0.670833
0.329167
0.837500
0.729167
1.025000
0.970833
1.366667
1.175000
1.741667
0.587500
0.600000
0.604167
0.591667
1.175000
0.212500
0.383333
0.354167
0.237500
0.441667
0.737500
0.591667
0.708333
0.475000
0.587500
0.462500
0.108333
0.387500
0.212500
0.225000
0.395833
0.637500
0.225000
0.308333
0.595833
0.591667
0.595833
0.595833
0.587500
0.591667
0.595833
0.587500
0.591667
0.570833
1.179167
0.591667
0.583333
0.770833
0.437500
0.595833
0.591667
0.591667
0.591667
1.179167
0.591667
0.591667
0.595833
0.583333
0.591667
0.591667
0.583333
0.579167
0.216667
0.375000
0.291667
0.504167
0.400000
0.695833
0.479167
0.350000
0.241667
0.229167
0.229167
0.279167
0.312500
0.437500
0.291667
0.204167
0.379167
0.591667
0.787500
0.991667
0.595833
0.587500
0.587500
1.179167
0.591667
0.579167
0.600000
0.575000
0.595833
0.550000
0.625000
0.529167
0.641667
0.583333
0.583333
0.595833
0.583333
0.587500
0.591667
0.591667
0.587500
0.595833
0.562500
0.625000
0.508333
0.666667
0.583333
0.595833
0.579167
0.575000
0.591667
0.529167
0.445833
0.929167
0.475000
0.591667
0.591667
0.595833
0.575000
0.595833
0.583333
0.587500
0.583333
0.583333
0.587500
0.254167
0.337500
0.308333
0.620833
0.237500
0.579167
1.258333
0.475000
0.295833
0.291667
0.554167
0.645833
1.162500
0.583333
0.587500
1.020833
1.304167
0.583333
0.558333
0.604167
0.537500
0.633333
0.500000
0.658333
0.587500
0.587500
0.587500
0.587500
0.591667
0.591667
0.591667
0.583333
0.583333
0.583333
0.587500
0.595833
0.608333
0.391667
0.216667
0.600000
0.604167
0.595833
0.591667
0.600000
0.591667
0.591667
1.170833
0.579167
0.579167
0.600000
0.604167
0.587500
0.587500
0.591667
0.591667
0.591667
0.591667
0.591667
0.908333
0.270833
0.595833
0.595833
0.591667
0.583333
0.575000
0.470833
0.770833
0.516667
0.383333
0.216667
0.566667
0.591667
