1.141667
1.120833
1.141667
1.162500
1.058333
1.066667
1.066667
1.016667
0.983333
0.979167
0.979167
0.995833
0.970833
0.954167
0.970833
0.983333
0.970833
1.000000
1.012500
1.012500
0.954167
0.983333
1.033333
1.045833
1.008333
1.050000
1.083333
1.029167
0.983333
1.004167
1.016667
1.012500
0.995833
0.929167
0.962500
0.975000
1.000000
1.008333
1.000000
0.962500
0.991667
1.004167
1.025000
1.029167
1.045833
1.000000
1.050000
1.075000
1.095833
1.095833
1.062500
1.095833
1.145833
1.154167
1.033333
1.037500
1.054167
1.058333
1.033333
0.958333
0.962500
0.995833
1.000000
1.004167
0.950000
0.970833
1.008333
1.020833
1.016667
1.000000
0.983333
1.033333
1.037500
1.045833
1.054167
1.004167
1.033333
1.079167
1.104167
1.095833
1.012500
1.020833
1.037500
1.083333
1.045833
0.979167
0.991667
1.012500
1.020833
1.004167
0.937500
0.966667
0.975000
0.987500
1.008333
0.995833
0.950000
0.991667
1.012500
1.025000
1.062500
1.000000
1.016667
1.058333
1.083333
1.070833
1.029167
0.983333
0.987500
1.004167
0.995833
0.983333
0.970833
0.987500
1.033333
1.066667
1.079167
1.020833
1.041667
1.050000
1.062500
0.991667
0.987500
1.029167
1.062500
1.045833
0.966667
0.966667
0.970833
0.991667
0.995833
1.008333
0.945833
0.975000
0.979167
0.995833
1.037500
1.033333
0.975000
0.995833
1.033333
1.041667
1.033333
0.991667
1.020833
1.020833
1.029167
1.037500
0.966667
0.987500
1.033333
1.083333
1.141667
1.083333
1.025000
1.070833
1.054167
1.066667
1.029167
1.108333
1.254167
1.220833
1.083333
1.079167
1.091667
1.070833
0.950000
0.895833
0.962500
0.937500
0.879167
0.883333
0.887500
0.904167
0.891667
0.883333
0.875000
0.870833
0.875000
0.887500
0.904167
0.925000
0.941667
0.987500
1.012500
1.062500
1.083333
1.087500
1.125000
1.125000
1.020833
1.000000
1.058333
1.108333
1.141667
1.033333
1.020833
1.033333
1.050000
1.037500
0.983333
1.008333
1.008333
1.008333
1.016667
1.029167
1.108333
1.054167
0.975000
1.004167
1.066667
1.095833
1.108333
1.104167
0.991667
1.000000
1.004167
1.025000
1.020833
0.975000
0.991667
1.004167
1.025000
1.012500
0.970833
1.000000
1.033333
1.025000
1.033333
0.975000
1.016667
1.004167
0.979167
0.991667
1.025000
1.033333
1.037500
1.041667
0.995833
1.029167
1.075000
1.079167
1.004167
1.041667
1.062500
1.050000
1.029167
0.975000
0.970833
0.983333
0.995833
0.995833
0.979167
1.037500
1.025000
1.029167
1.037500
0.987500
1.029167
1.083333
1.120833
1.066667
1.008333
1.012500
1.050000
1.041667
0.987500
0.991667
0.983333
1.000000
1.004167
1.000000
0.604167
1.208333
1.104167
1.104167
1.075000
0.579167
1.241667
1.120833
1.083333
1.000000
1.058333
1.029167
1.020833
0.995833
1.041667
1.054167
1.066667
1.012500
1.050000
1.050000
1.041667
1.045833
0.983333
1.008333
1.025000
1.062500
1.037500
0.966667
1.000000
1.012500
1.050000
1.045833
0.645833
1.333333
0.983333
1.012500
1.041667
1.004167
1.075000
1.050000
1.062500
1.062500
1.058333
1.191667
1.262500
1.262500
1.191667
1.191667
1.208333
1.120833
1.066667
1.104167
0.266667
0.120833
0.495833
1.079167
0.958333
1.870833
1.812500
0.562500
0.308333
0.854167
0.383333
0.687500
0.445833
0.437500
0.416667
0.766667
0.791667
0.795833
0.795833
0.800000
0.791667
0.775000
0.779167
0.770833
0.750000
0.762500
0.762500
0.791667
0.841667
0.870833
0.858333
0.833333
0.845833
0.862500
0.887500
0.320833
0.558333
0.291667
0.450000
0.375000
0.583333
0.487500
0.100000
0.400000
0.054167
0.554167
0.350000
0.120833
0.516667
0.870833
0.479167
0.887500
0.370833
0.400000
0.420833
0.220833
0.183333
0.416667
0.437500
0.287500
0.470833
0.545833
0.758333
0.033333
0.900000
0.270833
0.583333
0.658333
0.225000
0.820833
0.912500
0.883333
0.600000
0.995833
1.062500
0.858333
0.837500
0.841667
0.875000
0.916667
0.954167
0.920833
0.920833
0.941667
0.958333
0.945833
0.970833
0.995833
0.995833
0.987500
0.970833
0.920833
0.920833
0.933333
0.958333
0.966667
1.008333
1.000000
0.958333
0.945833
0.958333
0.954167
0.304167
0.295833
1.300000
0.916667
0.604167
0.545833
0.358333
0.420833
0.291667
0.912500
0.408333
0.454167
0.858333
0.854167
0.825000
1.770833
0.450000
0.375000
0.700000
1.541667
1.554167
0.770833
1.533333
0.766667
0.766667
0.791667
0.820833
0.854167
1.429167
0.283333
0.866667
0.741667
0.529167
1.400000
0.895833
2.379167
0.925000
0.908333
0.929167
0.495833
2.020833
1.020833
1.008333
1.012500
1.008333
0.550000
1.379167
0.558333
1.320833
1.837500
0.654167
1.241667
0.966667
0.570833
1.362500
0.562500
1.375000
0.633333
0.387500
0.441667
1.262500
1.075000
1.054167
1.037500
0.683333
1.291667
0.575000
0.408333
0.979167
0.950000
0.962500
0.933333
0.975000
1.004167
1.012500
1.033333
1.037500
1.937500
1.887500
0.950000
0.579167
1.345833
0.966667
1.904167
0.641667
1.345833
1.000000
0.562500
0.429167
1.029167
0.537500
1.000000
1.195833
1.158333
1.120833
2.083333
0.595833
0.920833
1.450000
0.983333
1.925000
0.983333
1.004167
1.029167
1.041667
2.012500
1.008333
1.025000
1.033333
1.600000
2.245833
2.083333
1.029167
1.991667
0.675000
1.291667
1.016667
1.000000
0.983333
0.583333
0.537500
0.516667
1.350000
0.645833
1.270833
2.008333
1.041667
1.045833
1.108333
1.141667
0.445833
1.604167
0.579167
1.483333
0.995833
1.029167
1.033333
1.970833
0.995833
0.600000
1.408333
1.883333
1.841667
0.962500
0.937500
1.941667
0.629167
1.262500
0.929167
0.950000
0.975000
0.991667
1.941667
0.979167
1.950000
1.058333
1.012500
0.979167
2.058333
0.400000
2.395833
2.058333
1.920833
0.612500
1.300000
0.937500
0.954167
0.908333
0.954167
1.004167
1.025000
1.054167
1.037500
1.025000
1.062500
1.033333
1.029167
2.091667
1.087500
1.066667
1.162500
1.150000
1.166667
1.170833
1.145833
1.095833
1.016667
1.037500
1.020833
1.033333
1.016667
1.962500
0.983333
0.991667
0.987500
1.000000
1.004167
1.008333
1.037500
1.033333
1.070833
1.091667
1.145833
1.141667
