1.266667
1.483333
1.320833
1.325000
1.462500
1.395833
1.308333
1.237500
1.158333
1.495833
1.366667
1.237500
1.200000
1.383333
1.425000
1.300000
1.216667
1.212500
1.354167
1.425000
1.291667
1.229167
1.204167
1.375000
1.441667
1.375000
1.258333
1.237500
1.200000
1.379167
1.429167
1.333333
1.241667
1.229167
1.204167
1.270833
1.433333
1.366667
1.275000
1.233333
1.204167
1.483333
1.416667
1.316667
1.229167
1.220833
1.362500
1.350000
1.437500
1.404167
1.320833
1.229167
1.133333
1.508333
1.287500
1.254167
1.183333
1.429167
1.370833
1.229167
1.212500
1.125000
1.470833
1.337500
1.237500
1.208333
1.358333
1.425000
1.320833
1.237500
1.254167
1.245833
1.220833
1.391667
1.437500
1.366667
1.275000
1.237500
1.158333
1.266667
1.483333
1.300000
1.245833
1.212500
1.491667
1.370833
1.279167
1.237500
1.204167
1.508333
1.387500
1.275000
1.241667
1.175000
1.520833
1.379167
1.254167
1.220833
1.483333
1.416667
1.345833
1.258333
1.233333
1.220833
1.487500
1.375000
1.237500
1.254167
1.170833
1.270833
1.450000
1.320833
1.237500
1.220833
1.483333
1.420833
1.329167
1.233333
1.254167
1.225000
1.383333
1.337500
1.470833
1.400000
1.341667
1.250000
1.216667
1.383333
1.329167
1.450000
1.408333
1.370833
1.279167
1.225000
1.170833
1.241667
1.495833
1.333333
1.237500
1.170833
1.520833
1.420833
1.266667
1.241667
1.395833
1.462500
1.383333
1.270833
1.237500
1.183333
1.520833
1.395833
1.275000
1.237500
1.391667
1.462500
1.383333
1.275000
1.245833
1.216667
1.383333
1.341667
1.408333
1.412500
1.354167
1.245833
1.237500
1.162500
1.279167
1.491667
1.337500
1.250000
1.162500
1.512500
1.387500
1.262500
1.245833
1.400000
1.258333
1.450000
1.429167
1.375000
1.295833
1.241667
1.208333
1.525000
1.350000
1.333333
1.470833
1.420833
1.350000
1.262500
1.241667
1.166667
1.245833
1.479167
1.333333
1.258333
1.212500
1.529167
1.404167
1.312500
1.245833
1.262500
1.225000
1.404167
1.475000
1.366667
1.300000
1.241667
1.270833
1.212500
1.475000
1.445833
1.329167
1.266667
1.233333
1.291667
1.233333
1.383333
1.458333
1.395833
1.304167
1.245833
1.266667
1.245833
1.229167
1.479167
0.900000
1.604167
1.366667
1.291667
1.233333
1.158333
1.500000
1.391667
1.237500
1.204167
1.479167
1.395833
1.300000
1.241667
1.395833
1.458333
1.383333
1.291667
1.233333
1.187500
1.512500
1.387500
1.262500
1.241667
1.412500
1.441667
1.358333
1.258333
1.241667
1.216667
1.516667
1.391667
1.279167
1.229167
1.150000
1.500000
1.391667
1.241667
1.166667
1.504167
1.387500
1.250000
1.208333
1.500000
1.383333
1.254167
1.208333
1.387500
1.333333
1.437500
1.225000
1.441667
1.408333
1.350000
1.241667
1.204167
1.175000
1.437500
1.337500
1.229167
1.175000
1.504167
0.833333
0.691667
0.891667
1.295833
1.354167
1.437500
1.408333
1.287500
1.212500
1.362500
1.429167
1.354167
1.241667
1.208333
1.154167
1.495833
1.354167
1.237500
1.262500
1.216667
1.383333
1.279167
1.479167
1.312500
1.325000
1.441667
1.387500
1.295833
1.220833
1.375000
1.270833
1.479167
1.383333
1.358333
1.241667
1.216667
1.375000
1.258333
1.483333
1.287500
1.379167
1.320833
1.425000
1.229167
1.470833
1.404167
1.358333
1.262500
1.212500
1.150000
1.495833
1.391667
1.229167
1.216667
1.370833
1.329167
1.470833
1.400000
1.316667
1.250000
1.233333
1.283333
1.216667
1.400000
1.433333
1.362500
1.254167
1.229167
1.195833
1.495833
1.408333
1.283333
1.237500
1.208333
1.491667
1.400000
1.254167
1.233333
1.150000
1.504167
1.366667
1.254167
1.237500
1.162500
1.500000
1.375000
1.254167
1.258333
1.241667
1.400000
1.433333
1.370833
1.250000
1.216667
1.233333
1.495833
1.366667
1.254167
1.254167
1.275000
1.208333
1.404167
1.458333
1.362500
1.275000
1.229167
1.154167
1.516667
1.320833
1.350000
1.450000
1.404167
1.358333
1.241667
1.204167
1.487500
1.345833
1.329167
1.445833
1.416667
1.354167
1.245833
1.204167
1.400000
1.275000
1.495833
1.287500
1.333333
1.450000
1.412500
1.283333
1.220833
1.387500
1.329167
1.466667
1.395833
1.345833
1.237500
1.250000
1.250000
1.208333
1.387500
1.433333
1.333333
1.237500
1.220833
1.220833
1.470833
1.362500
1.237500
1.145833
1.520833
1.370833
0.404167
0.825000
1.391667
1.445833
1.345833
1.245833
1.212500
1.387500
1.279167
1.491667
1.283333
1.395833
1.320833
1.416667
1.208333
1.487500
1.404167
1.350000
1.237500
1.233333
1.195833
1.516667
0.779167
1.487500
1.316667
1.450000
1.450000
1.379167
1.279167
1.229167
