0.633333
0.895833
0.779167
0.787500
0.791667
0.770833
0.762500
0.770833
0.787500
0.554167
0.937500
0.841667
0.791667
0.808333
0.795833
0.791667
0.808333
0.604167
0.983333
0.850000
0.787500
0.812500
0.795833
0.787500
0.791667
0.812500
0.808333
0.791667
0.787500
0.808333
0.829167
0.808333
0.800000
0.812500
0.866667
0.583333
0.987500
0.850000
0.791667
0.812500
0.783333
0.787500
0.795833
0.812500
0.800000
0.791667
0.808333
0.862500
0.800000
0.791667
0.787500
0.795833
0.604167
0.970833
0.808333
0.804167
0.812500
0.812500
0.787500
0.783333
0.804167
0.791667
0.775000
0.641667
0.937500
0.862500
0.783333
0.791667
0.795833
0.595833
0.958333
0.791667
0.795833
0.804167
0.791667
0.775000
0.783333
0.795833
0.808333
0.783333
0.783333
0.795833
0.808333
0.787500
0.779167
0.791667
0.800000
0.795833
0.775000
0.770833
0.745833
0.762500
0.745833
0.762500
0.754167
0.770833
0.762500
0.754167
0.758333
0.766667
0.620833
0.870833
0.775000
0.608333
0.920833
0.758333
0.770833
0.770833
0.770833
0.750000
0.766667
0.775000
0.787500
0.779167
0.770833
0.779167
0.791667
0.791667
0.775000
0.770833
0.775000
0.658333
0.891667
0.770833
0.787500
0.800000
0.800000
0.775000
0.783333
0.795833
0.808333
0.795833
0.795833
0.808333
0.820833
0.820833
0.800000
0.804167
0.816667
0.679167
0.950000
0.866667
0.812500
0.875000
0.770833
0.808333
0.804167
0.816667
0.791667
0.779167
0.779167
0.795833
0.783333
0.583333
0.954167
0.808333
0.775000
0.754167
0.758333
0.762500
0.766667
0.745833
0.754167
0.595833
0.912500
0.791667
0.779167
0.787500
0.795833
0.779167
0.779167
0.795833
0.737500
0.837500
0.795833
0.804167
0.800000
0.775000
0.770833
0.783333
0.775000
0.758333
0.766667
0.770833
0.758333
0.583333
0.954167
0.845833
0.770833
0.787500
0.800000
0.808333
0.791667
0.545833
0.983333
0.904167
0.854167
0.783333
0.795833
0.595833
0.991667
0.858333
0.783333
0.795833
0.800000
0.791667
0.766667
0.770833
0.795833
0.804167
0.787500
0.791667
0.800000
0.825000
0.816667
0.783333
0.795833
0.800000
0.516667
0.954167
0.837500
0.775000
0.800000
0.804167
0.779167
0.787500
0.800000
0.545833
0.950000
0.845833
0.787500
0.829167
0.795833
0.783333
0.791667
0.800000
0.808333
0.779167
0.783333
0.800000
0.808333
0.787500
0.783333
0.795833
0.812500
0.808333
0.787500
0.787500
0.795833
0.808333
0.783333
0.779167
0.791667
0.804167
0.804167
0.787500
0.791667
0.808333
0.829167
0.808333
0.804167
0.825000
0.883333
0.808333
0.804167
0.804167
0.812500
0.812500
0.791667
0.791667
0.808333
0.679167
0.925000
0.800000
0.820833
0.804167
0.787500
0.783333
0.795833
0.791667
0.762500
0.766667
0.770833
0.737500
0.754167
0.754167
0.750000
0.729167
0.745833
0.754167
0.737500
0.741667
0.758333
0.766667
0.762500
0.595833
0.908333
0.766667
0.762500
0.729167
0.750000
0.745833
0.733333
0.725000
0.745833
0.745833
0.754167
0.758333
0.608333
0.887500
0.775000
0.783333
0.762500
0.758333
0.770833
0.779167
0.783333
0.762500
0.766667
0.775000
0.766667
0.766667
0.762500
0.758333
0.762500
0.766667
0.741667
0.766667
0.770833
0.787500
0.787500
0.770833
0.775000
0.787500
0.800000
0.783333
0.783333
0.795833
0.812500
0.804167
0.783333
0.791667
0.800000
0.816667
0.791667
0.795833
0.804167
0.666667
0.945833
0.858333
0.795833
0.829167
0.808333
0.791667
0.791667
0.800000
0.808333
0.783333
0.775000
0.783333
0.791667
0.800000
0.779167
0.775000
0.787500
0.433333
1.116667
0.775000
0.754167
0.754167
0.754167
0.725000
0.745833
0.750000
0.770833
0.762500
0.754167
0.762500
0.783333
0.800000
0.783333
0.779167
0.791667
0.591667
0.991667
0.858333
0.783333
0.800000
0.808333
0.579167
0.975000
0.850000
0.791667
0.808333
0.787500
0.783333
0.795833
0.808333
0.800000
0.779167
0.775000
0.779167
0.775000
0.741667
0.762500
0.758333
0.770833
0.754167
0.754167
0.762500
0.779167
0.766667
0.762500
0.775000
0.791667
0.775000
0.775000
0.783333
0.800000
0.791667
0.779167
0.787500
0.800000
0.804167
0.783333
0.779167
0.791667
0.804167
0.783333
0.775000
0.783333
0.795833
0.787500
0.766667
0.766667
0.779167
0.770833
0.745833
0.754167
0.762500
0.733333
0.733333
0.754167
0.766667
0.758333
0.737500
0.775000
0.787500
0.800000
0.783333
0.787500
0.800000
0.808333
0.795833
0.787500
0.800000
0.816667
0.816667
0.800000
0.800000
0.812500
0.825000
0.808333
0.800000
0.812500
0.708333
0.954167
0.862500
0.804167
0.833333
0.829167
0.795833
0.779167
0.775000
0.758333
0.733333
0.716667
0.708333
0.733333
0.704167
0.737500
0.716667
0.704167
0.704167
0.729167
0.745833
0.737500
0.754167
0.750000
0.745833
0.754167
0.575000
0.954167
0.791667
0.775000
0.762500
0.750000
0.745833
0.733333
0.745833
0.745833
0.737500
0.745833
0.741667
0.716667
0.733333
0.737500
0.737500
0.716667
0.741667
0.729167
0.745833
0.733333
0.741667
0.737500
0.737500
0.745833
0.716667
0.729167
0.745833
0.758333
0.762500
0.645833
0.866667
0.766667
0.787500
0.775000
0.766667
0.779167
0.775000
0.762500
0.762500
0.775000
0.754167
0.750000
0.758333
0.775000
0.770833
0.758333
0.762500
0.783333
0.783333
0.762500
0.770833
0.775000
0.795833
0.770833
0.758333
0.770833
0.775000
0.775000
0.741667
0.758333
0.754167
0.729167
0.716667
0.716667
0.708333
0.720833
0.725000
0.729167
0.745833
0.720833
0.745833
0.754167
0.766667
0.762500
0.733333
0.762500
0.770833
0.775000
0.758333
0.762500
0.770833
0.779167
0.754167
0.770833
0.775000
0.787500
0.775000
0.762500
0.770833
0.787500
0.787500
0.766667
0.770833
0.783333
0.787500
0.766667
0.766667
0.775000
0.616667
0.920833
0.787500
0.795833
0.795833
0.800000
0.775000
0.770833
0.779167
0.795833
0.795833
0.775000
0.775000
0.779167
0.795833
0.775000
0.770833
0.775000
0.787500
0.787500
0.762500
0.754167
0.762500
0.562500
0.908333
0.770833
0.766667
0.779167
0.766667
0.750000
0.750000
0.766667
0.775000
0.758333
0.758333
0.770833
0.800000
0.783333
0.762500
0.770833
0.775000
0.770833
0.741667
0.758333
0.770833
0.770833
0.754167
0.758333
0.766667
0.795833
0.779167
0.770833
0.779167
0.795833
0.804167
0.783333
0.779167
0.787500
0.804167
0.779167
0.766667
0.775000
0.783333
0.783333
0.754167
0.766667
0.766667
0.787500
0.770833
0.733333
0.762500
0.766667
0.766667
0.737500
0.750000
0.758333
0.554167
0.904167
0.770833
0.770833
0.779167
0.762500
0.754167
0.754167
0.579167
0.941667
0.775000
0.766667
0.766667
0.779167
0.758333
0.750000
0.754167
0.762500
0.762500
0.733333
0.745833
0.741667
0.754167
0.729167
0.741667
0.683333
0.795833
0.737500
0.720833
0.737500
0.750000
0.750000
0.720833
0.737500
0.741667
0.745833
0.708333
0.729167
0.750000
0.725000
0.729167
0.741667
0.750000
0.754167
0.720833
0.741667
0.570833
0.887500
0.716667
0.716667
0.704167
0.437500
0.987500
0.700000
0.687500
0.695833
0.695833
0.712500
0.700000
0.725000
0.479167
0.870833
0.745833
0.733333
0.733333
0.745833
0.712500
0.729167
0.725000
0.737500
0.733333
0.704167
0.725000
0.725000
0.729167
0.700000
0.716667
0.725000
0.712500
0.716667
0.729167
0.737500
0.754167
0.708333
0.775000
0.758333
0.770833
0.750000
0.754167
0.591667
0.941667
0.779167
0.766667
0.758333
0.766667
0.766667
0.745833
0.691667
0.795833
0.766667
0.754167
0.737500
0.745833
0.754167
0.758333
0.729167
0.750000
0.608333
0.908333
0.758333
0.750000
0.741667
0.745833
0.758333
0.729167
0.737500
0.745833
0.750000
0.754167
0.725000
0.745833
0.741667
0.754167
0.725000
0.737500
0.733333
0.491667
0.887500
0.750000
0.437500
1.033333
0.729167
0.695833
0.720833
0.695833
0.737500
0.700000
0.729167
0.729167
0.750000
0.741667
