0.779167
0.341667
0.433333
0.758333
0.283333
0.475000
0.525000
0.245833
0.325000
0.441667
0.291667
1.012500
0.941667
0.375000
0.375000
0.366667
0.383333
0.058333
0.700000
0.466667
0.283333
0.437500
0.341667
0.525000
0.233333
1.033333
0.279167
0.412500
0.287500
0.425000
0.579167
0.758333
0.391667
0.366667
0.204167
0.558333
0.437500
0.287500
0.291667
0.520833
0.491667
0.275000
0.416667
0.341667
0.220833
0.541667
0.883333
0.429167
0.229167
0.337500
0.445833
0.516667
0.270833
0.795833
0.400000
0.383333
0.783333
0.787500
0.770833
0.766667
0.762500
0.758333
0.762500
0.750000
0.750000
0.750000
0.766667
0.766667
0.770833
0.770833
0.783333
0.783333
0.775000
0.770833
0.787500
0.779167
0.787500
0.779167
0.775000
0.783333
0.779167
0.770833
0.766667
0.775000
0.775000
0.783333
0.775000
0.758333
0.470833
0.270833
0.754167
0.750000
0.645833
0.370833
0.450000
0.737500
0.216667
0.516667
0.258333
0.204167
0.287500
0.629167
0.850000
0.325000
0.416667
0.737500
0.745833
0.516667
0.233333
0.745833
0.745833
0.741667
0.420833
0.337500
0.750000
0.762500
0.758333
0.766667
0.766667
0.287500
0.483333
0.462500
0.300000
0.250000
0.262500
0.433333
0.816667
0.287500
0.291667
0.529167
0.270833
0.591667
0.270833
0.483333
0.587500
0.925000
0.916667
0.604167
0.300000
0.308333
0.350000
0.533333
0.475000
0.262500
0.225000
0.295833
0.220833
0.737500
0.925000
0.541667
0.333333
0.308333
0.537500
0.312500
0.475000
0.120833
0.150000
0.420833
0.500000
0.558333
0.754167
0.462500
0.420833
0.575000
0.283333
0.379167
0.408333
0.450000
0.408333
0.345833
0.529167
0.533333
0.562500
0.645833
0.758333
0.754167
0.754167
0.750000
1.495833
0.741667
0.741667
0.741667
0.737500
0.745833
0.741667
0.741667
0.262500
0.483333
0.325000
0.420833
0.258333
0.266667
0.208333
0.454167
0.287500
0.250000
0.483333
0.729167
0.720833
0.725000
0.725000
0.720833
0.720833
0.716667
0.716667
0.725000
0.716667
0.720833
0.725000
0.725000
0.737500
0.745833
0.754167
0.754167
0.750000
0.741667
0.750000
0.745833
0.745833
0.754167
0.754167
0.754167
0.733333
1.208333
0.391667
1.366667
0.779167
0.795833
0.791667
0.779167
0.779167
0.775000
0.770833
0.770833
0.770833
0.770833
0.758333
0.754167
0.754167
0.762500
0.770833
0.770833
0.779167
0.787500
0.791667
0.791667
0.766667
0.758333
0.758333
0.754167
0.754167
0.745833
0.750000
0.762500
0.770833
0.275000
0.495833
0.754167
0.616667
0.141667
1.495833
0.758333
0.758333
0.962500
0.566667
0.637500
1.383333
0.320833
0.783333
0.416667
0.362500
0.900000
0.537500
0.237500
0.320833
0.670833
0.441667
0.645833
0.466667
0.279167
0.729167
0.733333
0.725000
0.733333
0.737500
0.741667
0.150000
2.054167
1.133333
1.095833
1.533333
1.520833
0.766667
0.770833
0.762500
0.766667
0.775000
0.783333
0.775000
0.775000
0.766667
0.775000
0.775000
0.779167
0.775000
0.783333
0.783333
0.791667
0.783333
0.783333
0.791667
0.808333
0.812500
0.804167
0.583333
0.195833
0.766667
0.754167
0.483333
0.275000
0.233333
0.516667
0.737500
0.741667
0.750000
0.758333
0.758333
0.758333
0.762500
0.775000
0.775000
0.783333
0.775000
0.762500
0.754167
0.754167
0.762500
0.775000
0.775000
0.775000
0.787500
0.791667
0.787500
0.783333
0.783333
0.787500
0.783333
0.770833
0.758333
0.766667
0.770833
0.754167
0.750000
0.750000
0.754167
0.762500
0.770833
0.775000
0.779167
0.791667
0.787500
0.779167
0.775000
0.787500
0.795833
0.791667
0.783333
0.787500
0.791667
0.783333
0.783333
0.762500
1.475000
0.754167
0.762500
0.779167
0.787500
0.795833
0.795833
0.795833
0.800000
0.804167
0.800000
0.804167
0.800000
0.800000
0.804167
0.787500
0.783333
0.775000
0.775000
0.779167
0.783333
0.770833
0.775000
0.783333
0.783333
0.787500
0.791667
0.783333
0.775000
0.791667
0.791667
0.795833
0.795833
0.795833
0.783333
0.779167
0.779167
0.779167
0.775000
0.766667
0.775000
0.783333
0.791667
0.804167
0.800000
0.791667
0.783333
0.783333
0.787500
0.787500
0.775000
0.779167
0.791667
0.779167
0.775000
0.766667
0.779167
0.779167
0.787500
0.775000
0.775000
0.783333
0.779167
0.779167
0.770833
0.766667
0.775000
0.770833
0.766667
0.750000
0.737500
0.758333
0.762500
0.775000
0.783333
0.783333
0.787500
0.791667
0.787500
0.791667
0.791667
0.800000
0.804167
0.808333
0.800000
0.783333
0.787500
0.791667
0.791667
0.791667
0.779167
0.770833
0.770833
0.775000
0.779167
0.775000
0.770833
0.779167
0.779167
0.783333
0.775000
0.775000
0.783333
0.795833
0.800000
0.800000
0.804167
0.800000
0.804167
0.800000
0.795833
0.783333
0.766667
0.754167
0.754167
0.762500
0.766667
0.754167
0.741667
0.308333
0.737500
0.429167
0.475000
0.258333
0.350000
0.383333
0.458333
0.291667
0.745833
0.758333
0.762500
0.775000
0.791667
0.800000
0.808333
0.812500
0.816667
0.812500
0.787500
0.504167
0.541667
0.325000
0.183333
0.362500
0.412500
0.787500
0.770833
0.770833
0.783333
1.575000
0.766667
0.754167
0.750000
0.754167
0.766667
0.762500
0.770833
0.787500
0.791667
0.787500
0.787500
0.800000
0.800000
0.804167
0.787500
0.775000
0.770833
0.766667
0.766667
0.766667
0.779167
0.787500
0.791667
0.791667
0.791667
0.800000
0.800000
0.787500
0.783333
0.783333
0.779167
0.770833
0.754167
0.750000
0.745833
0.745833
0.737500
0.725000
0.720833
0.725000
0.729167
0.741667
0.750000
0.758333
0.770833
0.779167
0.787500
0.795833
0.791667
0.783333
0.770833
0.762500
0.762500
0.766667
0.770833
0.779167
0.783333
0.787500
0.800000
0.800000
0.787500
0.779167
0.775000
0.775000
0.766667
0.741667
0.233333
0.508333
0.741667
0.745833
0.750000
0.750000
0.754167
0.754167
0.762500
0.770833
0.766667
0.770833
0.762500
0.770833
0.762500
0.391667
0.358333
0.441667
0.304167
0.737500
0.745833
0.741667
0.412500
0.945833
0.887500
0.750000
0.754167
0.754167
0.520833
0.383333
0.583333
0.550000
0.204167
0.300000
0.454167
0.754167
0.754167
0.758333
0.762500
0.516667
0.395833
0.483333
0.520833
0.320833
0.445833
0.291667
0.737500
0.729167
0.741667
0.745833
0.745833
0.745833
0.737500
0.737500
0.495833
0.295833
0.304167
0.441667
0.379167
0.241667
0.325000
0.445833
0.725000
0.904167
0.025000
0.525000
0.733333
0.737500
0.741667
0.366667
0.379167
0.754167
0.750000
0.741667
0.754167
0.745833
0.762500
0.758333
0.750000
0.750000
0.758333
0.762500
0.770833
0.762500
0.758333
0.762500
0.762500
0.762500
0.758333
0.758333
0.762500
0.770833
0.770833
0.770833
0.762500
0.762500
0.750000
0.733333
0.454167
0.279167
0.737500
0.741667
0.737500
1.220833
0.258333
0.745833
0.737500
0.737500
0.737500
0.741667
0.750000
0.741667
0.733333
0.129167
0.245833
0.366667
0.720833
0.195833
0.216667
0.562500
0.462500
0.704167
0.725000
0.708333
0.729167
0.729167
0.737500
1.129167
0.400000
1.295833
0.270833
0.779167
0.250000
0.291667
0.450000
0.541667
0.712500
0.791667
0.579167
1.233333
0.445833
0.429167
1.079167
0.758333
0.754167
0.762500
0.383333
0.375000
1.158333
0.358333
1.333333
0.887500
0.362500
0.408333
0.350000
0.383333
0.745833
0.416667
0.320833
0.741667
0.258333
0.487500
0.475000
0.262500
0.712500
0.754167
0.304167
0.429167
0.729167
0.733333
0.729167
1.462500
0.745833
0.745833
0.745833
0.733333
0.737500
0.233333
0.504167
0.741667
0.350000
0.400000
0.758333
0.300000
0.462500
0.770833
0.770833
0.887500
0.637500
0.741667
0.729167
0.729167
0.462500
0.266667
0.337500
0.395833
0.429167
0.300000
0.733333
0.741667
0.733333
0.737500
0.737500
0.741667
0.737500
0.741667
0.737500
0.729167
0.266667
0.545833
0.637500
0.712500
0.716667
0.712500
0.712500
0.716667
0.729167
0.741667
0.750000
0.754167
0.754167
0.754167
0.412500
0.350000
0.733333
0.725000
0.733333
0.737500
0.750000
0.741667
0.741667
0.750000
0.766667
0.775000
0.787500
0.791667
0.800000
0.804167
0.800000
0.795833
0.804167
0.804167
0.795833
0.758333
0.754167
0.745833
0.745833
0.745833
0.733333
0.733333
0.737500
0.737500
0.737500
0.737500
0.729167
0.733333
0.733333
0.733333
0.733333
0.712500
0.716667
0.720833
0.725000
0.712500
0.716667
0.708333
0.708333
0.712500
0.725000
0.725000
0.737500
0.745833
0.737500
0.733333
0.458333
1.000000
0.725000
0.733333
0.725000
0.229167
0.504167
0.729167
0.733333
0.733333
0.737500
0.720833
0.570833
0.312500
0.558333
0.029167
0.237500
0.879167
0.262500
0.229167
0.162500
0.187500
0.491667
0.341667
0.091667
0.537500
0.320833
0.295833
0.362500
0.508333
0.300000
0.420833
0.720833
0.729167
0.708333
0.708333
0.712500
0.270833
0.212500
0.204167
0.741667
0.666667
0.304167
0.404167
0.704167
0.704167
0.391667
0.312500
0.650000
0.070833
0.258333
0.445833
0.712500
0.725000
0.737500
0.741667
0.741667
0.758333
0.591667
0.166667
0.545833
0.929167
1.066667
0.387500
0.741667
0.758333
0.754167
0.754167
0.745833
0.758333
0.904167
0.179167
0.870833
1.758333
1.475000
1.212500
0.262500
0.545833
