0.691667
0.729167
0.675000
0.704167
0.687500
0.733333
0.679167
0.704167
0.704167
0.700000
0.695833
0.704167
0.708333
0.725000
0.695833
0.708333
0.712500
0.733333
0.745833
0.716667
0.716667
0.741667
0.750000
0.754167
0.720833
0.745833
0.745833
0.754167
0.720833
0.725000
0.741667
0.745833
0.729167
0.716667
0.729167
0.737500
0.745833
0.720833
0.708333
0.729167
0.729167
0.737500
0.712500
0.716667
0.558333
0.912500
0.783333
0.745833
0.733333
0.737500
0.579167
0.895833
0.720833
0.737500
0.737500
0.741667
0.741667
0.712500
0.708333
0.729167
0.733333
0.733333
0.708333
0.712500
0.733333
0.733333
0.750000
0.725000
0.733333
0.741667
0.758333
0.770833
0.758333
0.754167
0.770833
0.775000
0.779167
0.737500
0.754167
0.750000
0.758333
0.725000
0.737500
0.737500
0.750000
0.737500
0.712500
0.737500
0.733333
0.712500
0.691667
0.504167
0.883333
0.783333
0.708333
0.716667
0.712500
0.716667
0.725000
0.704167
0.712500
0.720833
0.616667
0.825000
0.729167
0.725000
0.729167
0.737500
0.745833
0.712500
0.612500
0.862500
0.770833
0.595833
0.875000
0.754167
0.754167
0.750000
0.745833
0.712500
0.729167
0.733333
0.741667
0.737500
0.712500
0.733333
0.733333
0.741667
0.750000
0.716667
0.737500
0.745833
0.758333
0.758333
0.729167
0.750000
0.754167
0.766667
0.762500
0.729167
0.750000
0.745833
0.758333
0.729167
0.716667
0.741667
0.733333
0.708333
0.716667
0.708333
0.729167
0.737500
0.691667
0.720833
0.733333
0.745833
0.741667
0.716667
0.741667
0.750000
0.758333
0.750000
0.733333
0.750000
0.758333
0.766667
0.745833
0.745833
0.387500
1.108333
0.762500
0.700000
0.716667
0.729167
0.729167
0.716667
0.708333
0.729167
0.733333
0.754167
0.766667
0.700000
0.791667
0.770833
0.779167
0.779167
0.754167
0.754167
0.762500
0.779167
0.775000
0.741667
0.754167
0.758333
0.766667
0.758333
0.725000
0.737500
0.745833
0.754167
0.754167
0.729167
0.745833
0.758333
0.766667
0.762500
0.733333
0.754167
0.758333
0.775000
0.775000
0.745833
0.758333
0.758333
0.779167
0.770833
0.395833
1.075000
0.754167
0.733333
0.700000
0.712500
0.708333
0.725000
0.691667
0.712500
0.708333
0.720833
0.729167
0.729167
0.708333
0.729167
0.733333
0.750000
0.741667
0.725000
0.745833
0.670833
0.887500
0.779167
0.770833
0.762500
0.766667
0.775000
0.754167
0.745833
0.762500
0.779167
0.779167
0.554167
0.941667
0.770833
0.775000
0.758333
0.725000
0.733333
0.733333
0.729167
0.700000
0.704167
0.720833
0.683333
0.683333
0.708333
0.700000
0.541667
0.845833
0.725000
0.716667
0.704167
0.704167
0.700000
0.712500
0.683333
0.695833
0.683333
0.708333
0.708333
0.725000
0.675000
0.704167
0.700000
0.704167
0.691667
0.691667
0.704167
0.695833
0.712500
0.687500
0.725000
0.666667
0.708333
0.579167
0.829167
0.708333
0.716667
0.712500
0.725000
0.687500
0.708333
0.716667
0.725000
0.704167
0.720833
0.558333
0.908333
0.754167
0.550000
0.920833
0.800000
0.737500
0.725000
0.720833
0.716667
0.725000
0.700000
0.700000
0.716667
0.720833
0.712500
0.700000
0.720833
0.725000
0.733333
0.712500
0.725000
0.733333
0.641667
0.841667
0.704167
0.745833
0.745833
0.737500
0.712500
0.733333
0.741667
0.737500
0.554167
0.887500
0.712500
0.729167
0.695833
0.712500
0.687500
0.716667
0.675000
0.712500
0.683333
0.725000
0.679167
0.700000
0.691667
0.708333
0.687500
0.700000
0.691667
0.712500
0.704167
0.720833
0.675000
0.379167
0.787500
0.850000
0.795833
0.691667
0.716667
0.712500
0.725000
0.716667
0.712500
0.720833
0.729167
0.741667
0.729167
0.733333
0.750000
0.762500
0.766667
0.750000
0.754167
0.758333
0.770833
0.550000
0.950000
0.816667
0.750000
0.762500
0.741667
0.737500
0.745833
0.750000
0.745833
0.741667
0.737500
0.745833
0.766667
0.770833
0.762500
0.754167
0.770833
0.779167
0.779167
0.754167
0.625000
0.941667
0.875000
0.870833
0.779167
0.775000
0.770833
0.604167
0.900000
0.808333
0.741667
0.691667
0.804167
0.750000
0.754167
0.758333
0.762500
0.750000
0.741667
0.758333
0.770833
0.583333
0.941667
0.770833
0.775000
0.766667
0.775000
0.754167
0.741667
0.754167
0.758333
0.770833
0.750000
0.579167
0.929167
0.870833
0.812500
0.770833
0.762500
0.762500
0.779167
0.758333
0.750000
0.745833
0.750000
0.758333
0.737500
0.741667
0.750000
0.766667
0.770833
0.750000
0.745833
0.504167
0.937500
0.858333
0.620833
0.945833
0.820833
0.487500
0.808333
0.837500
0.725000
0.745833
0.745833
0.745833
0.720833
0.733333
0.737500
0.579167
0.916667
0.754167
0.750000
0.750000
0.758333
0.625000
0.862500
0.725000
0.758333
0.750000
0.750000
0.608333
0.845833
0.570833
0.920833
0.837500
0.758333
0.754167
0.750000
0.754167
0.762500
0.637500
0.837500
0.750000
0.758333
0.766667
0.395833
1.075000
0.737500
0.712500
0.558333
0.879167
0.700000
0.725000
0.558333
0.895833
0.733333
0.725000
0.729167
0.741667
0.745833
0.733333
0.562500
0.925000
0.812500
0.758333
0.754167
0.695833
0.795833
0.554167
0.916667
0.845833
0.745833
0.758333
0.558333
0.925000
0.745833
0.741667
0.737500
0.729167
0.708333
0.716667
0.720833
0.733333
0.745833
0.733333
0.733333
0.745833
0.762500
0.770833
0.758333
0.754167
0.758333
0.770833
0.770833
0.658333
0.883333
0.775000
0.800000
0.766667
0.758333
0.758333
0.770833
0.770833
0.754167
0.745833
0.754167
0.766667
0.762500
0.750000
0.741667
0.758333
0.766667
0.775000
0.754167
0.741667
0.745833
0.745833
0.416667
1.016667
0.712500
0.679167
0.679167
0.675000
0.712500
0.658333
0.675000
0.670833
0.670833
0.716667
0.687500
0.700000
0.700000
0.708333
0.691667
0.716667
0.691667
0.720833
0.720833
0.737500
0.733333
0.704167
0.716667
0.720833
0.716667
0.687500
0.729167
0.716667
0.716667
0.729167
0.741667
0.737500
0.729167
0.737500
0.395833
1.091667
0.758333
0.708333
0.725000
0.725000
0.658333
0.787500
0.729167
0.725000
0.729167
0.562500
0.929167
0.791667
0.741667
0.741667
0.741667
0.741667
0.729167
0.725000
0.725000
0.733333
0.400000
1.050000
0.729167
0.695833
0.562500
0.862500
0.683333
0.716667
0.712500
0.720833
0.725000
0.720833
0.725000
0.733333
0.741667
0.758333
0.566667
0.925000
0.758333
0.766667
0.754167
0.741667
0.725000
0.725000
0.725000
0.720833
0.695833
0.712500
0.712500
0.720833
0.716667
0.704167
0.554167
0.887500
0.808333
0.741667
0.737500
0.733333
0.745833
0.754167
0.750000
0.654167
0.850000
0.566667
0.945833
0.825000
0.754167
0.558333
0.929167
0.795833
0.758333
0.758333
0.741667
0.608333
0.916667
0.766667
0.550000
0.941667
0.766667
0.762500
0.483333
0.895833
0.820833
0.729167
0.733333
0.741667
0.737500
0.554167
0.904167
0.737500
0.754167
0.745833
0.729167
0.725000
0.729167
0.741667
0.750000
0.741667
0.741667
0.750000
0.770833
0.787500
0.779167
0.758333
0.762500
0.779167
0.791667
0.804167
0.770833
0.766667
0.558333
0.991667
0.850000
0.754167
0.750000
0.745833
0.754167
0.741667
0.716667
0.733333
0.737500
0.750000
0.754167
0.433333
1.029167
0.525000
0.883333
0.808333
0.708333
0.716667
0.712500
0.712500
0.729167
0.716667
0.704167
0.725000
0.729167
0.745833
0.750000
0.737500
0.737500
0.745833
0.758333
0.762500
0.750000
0.591667
0.904167
0.758333
0.729167
0.720833
0.716667
0.733333
0.741667
0.733333
0.716667
0.737500
0.737500
0.754167
0.754167
0.570833
0.912500
0.833333
0.779167
0.775000
0.754167
0.754167
0.762500
0.766667
0.766667
0.745833
0.745833
0.754167
0.779167
0.775000
0.750000
0.741667
0.750000
0.754167
0.762500
0.750000
0.745833
0.754167
0.766667
0.779167
0.550000
0.937500
0.766667
0.766667
0.766667
0.758333
0.741667
0.733333
0.737500
0.458333
0.912500
0.837500
0.716667
0.741667
0.729167
0.729167
0.704167
0.704167
0.712500
0.720833
0.725000
0.704167
0.712500
0.725000
0.550000
0.900000
0.808333
0.733333
0.737500
0.737500
0.750000
0.737500
0.733333
0.750000
0.754167
0.770833
0.754167
0.750000
0.750000
0.762500
0.766667
0.754167
0.750000
0.758333
0.766667
0.775000
0.762500
0.754167
0.762500
0.770833
0.770833
0.758333
