0.641667
0.637500
0.641667
0.645833
0.645833
0.641667
0.641667
0.654167
0.650000
0.645833
0.212500
0.433333
0.650000
0.650000
0.654167
0.650000
0.645833
0.658333
0.650000
0.645833
0.654167
0.654167
0.645833
0.650000
0.654167
0.650000
0.641667
0.645833
0.654167
0.641667
0.641667
0.641667
0.654167
0.637500
0.637500
0.641667
0.650000
0.637500
0.633333
0.641667
0.645833
0.633333
0.633333
0.633333
0.641667
0.637500
0.629167
0.341667
0.291667
0.633333
0.625000
0.650000
0.629167
0.633333
0.633333
0.633333
0.641667
0.633333
0.637500
0.637500
0.637500
0.641667
0.641667
0.645833
0.650000
0.650000
0.650000
0.645833
0.650000
0.650000
0.650000
0.650000
0.650000
0.654167
0.650000
0.650000
0.658333
0.662500
0.650000
0.654167
0.662500
0.654167
0.650000
0.650000
0.658333
0.645833
0.645833
0.641667
0.654167
0.645833
0.637500
0.641667
0.645833
0.645833
0.637500
0.637500
0.637500
0.645833
0.637500
0.633333
0.633333
0.645833
0.637500
0.637500
0.641667
0.637500
0.641667
0.641667
0.645833
0.641667
0.641667
0.645833
0.645833
0.645833
0.654167
0.645833
0.662500
0.658333
0.658333
0.662500
0.662500
0.658333
0.658333
0.658333
0.666667
0.654167
0.654167
0.658333
0.662500
0.654167
0.650000
0.662500
0.650000
0.645833
0.654167
0.650000
0.645833
0.645833
0.654167
0.641667
0.641667
0.641667
0.650000
0.816667
0.470833
0.641667
0.645833
0.650000
0.645833
0.641667
0.645833
0.645833
0.650000
0.654167
0.645833
0.645833
0.645833
0.650000
0.650000
0.654167
0.645833
0.650000
0.654167
0.658333
0.662500
0.662500
0.662500
0.662500
0.658333
0.666667
0.654167
0.654167
0.654167
0.658333
0.650000
0.650000
0.654167
0.650000
0.650000
0.645833
0.654167
0.641667
0.641667
0.645833
0.641667
0.641667
0.641667
0.641667
0.645833
0.645833
0.641667
0.641667
0.650000
0.650000
0.654167
0.645833
0.654167
0.650000
0.654167
0.650000
0.650000
0.650000
0.650000
0.650000
0.650000
0.658333
0.650000
0.650000
0.650000
0.662500
0.650000
0.645833
0.658333
0.645833
0.645833
0.654167
0.645833
0.641667
0.645833
0.645833
0.641667
0.641667
0.645833
0.641667
0.641667
0.387500
0.900000
0.645833
0.645833
0.641667
0.641667
0.641667
0.641667
0.650000
0.391667
0.254167
0.641667
0.641667
0.645833
0.645833
0.650000
0.641667
0.650000
0.645833
0.650000
0.650000
0.645833
0.645833
0.645833
0.645833
0.645833
0.650000
0.641667
0.641667
0.645833
0.650000
0.654167
0.650000
0.654167
0.654167
0.662500
0.666667
0.658333
0.662500
0.662500
0.658333
0.666667
0.666667
0.658333
0.658333
0.666667
0.654167
0.658333
0.666667
0.654167
0.650000
0.658333
0.658333
0.650000
0.645833
0.654167
0.645833
0.645833
0.641667
0.654167
0.641667
0.637500
0.641667
0.645833
0.637500
0.637500
0.637500
0.645833
0.633333
0.637500
0.637500
0.645833
0.633333
0.633333
0.637500
0.641667
0.633333
0.633333
0.641667
0.633333
0.637500
0.375000
0.258333
0.637500
0.637500
0.637500
0.641667
0.637500
0.337500
0.304167
0.637500
0.637500
0.641667
0.641667
0.641667
0.329167
0.612500
0.354167
0.554167
0.745833
0.650000
0.650000
0.650000
0.658333
0.333333
0.320833
0.654167
0.654167
0.658333
0.650000
0.650000
0.654167
0.658333
0.650000
0.650000
0.650000
0.650000
0.654167
0.645833
0.641667
0.645833
0.650000
0.641667
0.637500
0.641667
0.641667
0.645833
0.641667
0.637500
0.637500
0.645833
0.637500
0.637500
0.637500
0.645833
0.637500
0.641667
0.637500
0.229167
0.408333
0.483333
0.804167
0.404167
0.241667
0.645833
0.641667
0.645833
0.641667
0.645833
0.650000
0.645833
0.654167
0.650000
0.650000
0.650000
0.654167
0.662500
0.658333
0.662500
0.662500
0.666667
0.658333
0.658333
0.662500
0.670833
0.658333
0.654167
0.662500
0.662500
0.654167
0.650000
0.654167
0.654167
0.641667
0.641667
0.645833
0.650000
0.637500
0.637500
0.641667
0.645833
0.637500
0.637500
0.637500
0.645833
0.633333
0.637500
0.633333
0.641667
0.637500
0.633333
0.637500
0.637500
0.637500
0.633333
0.641667
0.637500
0.720833
0.554167
0.637500
0.637500
0.641667
0.375000
0.262500
0.645833
0.641667
0.641667
0.645833
0.654167
0.658333
0.658333
0.654167
0.658333
0.662500
0.412500
0.245833
0.662500
0.662500
0.666667
0.666667
0.666667
0.662500
0.658333
0.662500
0.662500
0.662500
0.658333
0.658333
0.658333
0.654167
0.658333
0.658333
0.658333
0.662500
0.658333
0.654167
0.658333
0.662500
0.654167
0.654167
0.654167
0.662500
0.658333
0.654167
0.654167
0.654167
0.662500
0.658333
0.654167
0.650000
0.654167
0.658333
0.650000
0.645833
0.650000
0.654167
0.645833
0.641667
0.641667
0.650000
0.641667
0.641667
0.645833
0.645833
0.650000
0.645833
0.641667
0.312500
0.333333
0.645833
0.645833
0.650000
0.637500
0.641667
0.641667
0.641667
0.645833
0.641667
0.645833
0.641667
0.645833
0.650000
0.645833
0.654167
0.658333
0.662500
0.666667
0.662500
0.658333
0.558333
0.758333
0.662500
0.662500
0.666667
0.208333
0.458333
0.658333
0.662500
0.670833
0.658333
0.662500
0.658333
0.666667
0.658333
0.654167
0.654167
0.658333
0.650000
0.650000
0.658333
0.654167
0.650000
0.650000
0.658333
0.650000
0.645833
0.650000
0.650000
0.645833
0.650000
0.650000
0.645833
0.654167
0.654167
0.650000
0.491667
0.812500
0.654167
0.654167
0.658333
0.654167
0.654167
0.654167
0.654167
0.658333
0.654167
0.662500
0.662500
0.662500
0.662500
0.583333
0.741667
0.683333
0.675000
0.679167
0.683333
0.683333
0.679167
0.675000
0.679167
0.670833
0.675000
0.679167
0.670833
0.808333
0.533333
0.662500
0.662500
0.666667
0.658333
0.650000
0.658333
0.658333
0.650000
0.645833
0.658333
0.650000
0.641667
0.641667
0.654167
0.645833
0.641667
0.637500
0.645833
0.641667
0.637500
0.637500
0.637500
0.645833
0.633333
0.633333
0.637500
0.645833
0.633333
0.629167
0.637500
0.637500
0.637500
0.629167
0.629167
0.637500
0.637500
0.629167
0.633333
0.629167
0.637500
0.725000
0.412500
0.758333
0.637500
0.641667
0.633333
0.629167
0.633333
0.637500
0.633333
0.633333
0.366667
0.270833
0.629167
0.579167
0.250000
0.445833
0.695833
0.570833
0.629167
0.633333
0.641667
0.316667
0.316667
0.395833
0.241667
0.637500
0.637500
0.637500
0.350000
0.295833
0.641667
0.637500
0.645833
0.645833
0.195833
0.450000
0.645833
0.641667
0.650000
0.650000
0.654167
0.654167
0.654167
0.650000
0.654167
0.387500
0.270833
0.654167
0.654167
0.283333
0.370833
0.362500
0.295833
0.662500
0.654167
0.654167
0.654167
0.662500
0.654167
0.650000
0.658333
0.658333
0.650000
0.650000
0.650000
0.654167
0.645833
0.641667
0.645833
0.650000
0.641667
0.637500
0.641667
0.650000
0.641667
0.637500
0.637500
0.650000
0.637500
0.637500
0.637500
0.645833
0.641667
0.704167
0.583333
0.645833
0.275000
0.375000
0.633333
0.658333
0.650000
0.645833
0.645833
0.650000
0.483333
0.816667
0.645833
0.645833
0.650000
0.645833
0.658333
0.650000
0.654167
0.654167
0.654167
0.662500
0.662500
0.658333
0.658333
0.662500
0.658333
0.658333
0.662500
0.654167
0.658333
0.658333
0.662500
0.658333
0.650000
0.662500
0.654167
0.654167
0.650000
0.654167
0.654167
0.650000
0.645833
0.645833
0.654167
0.645833
0.645833
0.645833
0.650000
0.645833
0.641667
0.637500
0.645833
0.650000
0.637500
0.641667
0.641667
0.641667
0.641667
0.650000
0.641667
0.641667
0.641667
0.645833
0.641667
0.645833
0.641667
0.641667
0.645833
0.641667
0.650000
0.654167
0.645833
0.654167
0.658333
0.658333
0.658333
0.666667
0.658333
0.658333
0.662500
0.662500
0.658333
0.658333
0.662500
0.666667
0.658333
0.658333
0.666667
0.658333
0.658333
0.658333
0.662500
0.658333
0.654167
0.654167
0.658333
0.654167
0.650000
0.650000
0.650000
0.658333
0.645833
0.650000
0.650000
0.658333
0.650000
0.645833
0.645833
0.645833
0.654167
0.645833
0.645833
0.645833
0.650000
0.650000
0.654167
0.654167
0.658333
0.654167
0.654167
0.654167
0.658333
0.666667
0.658333
0.662500
0.662500
0.666667
0.662500
0.666667
0.666667
0.666667
0.666667
0.666667
0.670833
0.666667
0.662500
0.662500
0.666667
0.658333
0.654167
0.658333
0.662500
0.650000
0.650000
0.654167
0.658333
0.650000
0.650000
0.650000
0.654167
0.650000
0.641667
0.650000
0.654167
0.650000
0.645833
0.645833
0.650000
0.650000
0.645833
0.645833
0.645833
0.650000
0.641667
0.645833
0.641667
0.650000
0.645833
0.641667
0.641667
0.641667
0.645833
0.641667
0.641667
0.645833
0.645833
0.650000
0.641667
0.641667
0.645833
0.645833
0.650000
0.645833
0.645833
0.645833
0.645833
0.645833
0.650000
0.650000
0.641667
0.641667
0.650000
0.195833
0.370833
0.729167
0.645833
0.645833
0.650000
0.650000
0.645833
0.650000
0.650000
0.654167
0.658333
0.654167
0.645833
0.654167
0.654167
0.445833
0.212500
0.650000
0.650000
0.654167
0.654167
0.662500
0.654167
0.650000
0.662500
0.654167
0.650000
0.654167
0.658333
0.654167
0.645833
0.645833
0.658333
0.650000
0.645833
0.645833
0.654167
0.654167
0.641667
0.645833
0.641667
0.650000
0.641667
0.641667
0.641667
0.637500
0.645833
0.637500
0.637500
0.645833
0.641667
0.641667
0.650000
0.350000
0.291667
0.341667
0.300000
0.641667
0.650000
0.491667
0.766667
0.387500
0.283333
0.345833
0.295833
0.370833
0.270833
0.645833
0.641667
0.637500
0.229167
0.408333
0.691667
0.600000
0.287500
1.008333
0.654167
0.654167
0.658333
0.425000
0.237500
0.662500
0.325000
1.000000
0.662500
0.666667
0.258333
0.400000
0.658333
0.658333
0.658333
0.654167
0.650000
