0.566667
0.562500
0.570833
0.566667
0.562500
0.566667
0.566667
0.570833
0.566667
0.566667
0.570833
0.566667
0.566667
0.566667
0.575000
0.570833
0.254167
0.225000
0.654167
0.575000
0.566667
0.566667
0.575000
0.566667
0.566667
0.566667
0.570833
0.575000
0.570833
0.562500
0.570833
0.570833
0.566667
0.566667
0.570833
0.562500
0.566667
0.566667
0.566667
0.570833
0.566667
0.562500
0.566667
0.570833
0.566667
0.562500
0.566667
0.570833
0.566667
0.562500
0.562500
0.570833
0.562500
0.562500
0.562500
0.562500
0.562500
0.562500
0.575000
0.562500
0.562500
0.566667
0.566667
0.562500
0.562500
0.570833
0.575000
0.566667
0.562500
0.562500
0.566667
0.575000
0.566667
0.562500
0.566667
0.570833
0.562500
0.562500
0.566667
0.570833
0.562500
0.304167
0.258333
0.562500
0.566667
0.570833
0.562500
0.562500
0.562500
0.566667
0.679167
0.454167
0.562500
0.566667
0.562500
0.562500
0.566667
0.570833
0.562500
0.562500
0.566667
0.570833
0.566667
0.558333
0.566667
0.575000
0.562500
0.562500
0.566667
0.562500
0.562500
0.562500
0.570833
0.562500
0.562500
0.566667
0.566667
0.562500
0.562500
0.570833
0.562500
0.558333
0.562500
0.570833
0.558333
0.562500
0.562500
0.566667
0.566667
0.562500
0.562500
0.566667
0.570833
0.562500
0.337500
0.225000
0.566667
0.562500
0.558333
0.566667
0.533333
0.595833
0.558333
0.566667
0.562500
0.562500
0.566667
0.570833
0.295833
0.266667
0.316667
0.245833
0.562500
0.570833
0.566667
0.558333
0.570833
0.566667
0.562500
0.562500
0.566667
0.562500
0.562500
0.566667
0.575000
0.562500
0.562500
0.566667
0.562500
0.566667
0.562500
0.575000
0.562500
0.566667
0.562500
0.575000
0.562500
0.550000
0.579167
0.566667
0.570833
0.575000
0.562500
0.562500
0.570833
0.562500
0.562500
0.566667
0.566667
0.562500
0.562500
0.566667
0.570833
0.562500
0.566667
0.575000
0.562500
0.562500
0.575000
0.562500
0.562500
0.566667
0.575000
0.562500
0.562500
0.570833
0.562500
0.566667
0.566667
0.570833
0.562500
0.566667
0.562500
0.566667
0.562500
0.562500
0.562500
0.566667
0.562500
0.558333
0.566667
0.562500
0.562500
0.558333
0.570833
0.566667
0.562500
0.570833
0.570833
0.562500
0.566667
0.570833
0.566667
0.566667
0.566667
0.566667
0.566667
0.566667
0.558333
0.570833
0.575000
0.562500
0.566667
0.566667
0.570833
0.566667
0.566667
0.566667
0.570833
0.566667
0.566667
0.570833
0.575000
0.570833
0.316667
0.362500
0.670833
0.345833
0.566667
0.566667
0.570833
0.566667
0.562500
0.241667
0.325000
0.566667
0.566667
0.566667
0.700000
0.570833
0.416667
0.570833
0.562500
0.562500
0.570833
0.562500
0.575000
0.562500
0.562500
0.570833
0.570833
0.566667
0.570833
0.575000
0.566667
0.570833
0.587500
0.345833
0.658333
0.437500
0.275000
0.575000
0.575000
0.575000
0.237500
0.350000
0.579167
0.570833
0.350000
0.233333
0.575000
0.325000
0.262500
0.562500
0.575000
0.575000
0.570833
0.570833
0.575000
0.579167
0.570833
0.570833
0.575000
0.566667
0.566667
0.570833
0.570833
0.562500
0.570833
0.579167
0.566667
0.566667
0.579167
0.566667
0.562500
0.575000
0.566667
0.566667
0.575000
0.566667
0.566667
0.570833
0.575000
0.566667
0.566667
0.570833
0.566667
0.566667
0.570833
0.575000
0.566667
0.562500
0.579167
0.566667
0.566667
0.570833
0.579167
0.566667
0.566667
0.575000
0.575000
0.566667
0.570833
0.575000
0.570833
0.566667
0.575000
0.579167
0.570833
0.570833
0.570833
0.570833
0.570833
0.570833
0.579167
0.570833
0.570833
0.579167
0.579167
0.575000
0.570833
0.575000
0.579167
0.570833
0.570833
0.579167
0.575000
0.566667
0.579167
0.579167
0.575000
0.566667
0.579167
0.575000
0.570833
0.570833
0.579167
0.570833
0.570833
0.570833
0.583333
0.570833
0.566667
0.575000
0.579167
0.566667
0.570833
0.570833
0.575000
0.570833
0.562500
0.570833
0.570833
0.562500
0.395833
0.241667
0.495833
0.566667
0.562500
0.562500
0.562500
0.575000
0.562500
0.558333
0.575000
0.562500
0.558333
0.570833
0.562500
0.558333
0.570833
0.558333
0.558333
0.566667
0.562500
0.558333
0.566667
0.558333
0.558333
0.570833
0.558333
0.558333
0.562500
0.558333
0.558333
0.562500
0.562500
0.558333
0.558333
0.566667
0.554167
0.562500
0.566667
0.558333
0.558333
0.570833
0.558333
0.562500
0.566667
0.562500
0.558333
0.570833
0.562500
0.562500
0.562500
0.575000
0.562500
0.562500
0.566667
0.562500
0.562500
0.566667
0.570833
0.562500
0.562500
0.566667
0.566667
0.562500
0.566667
0.575000
0.562500
0.562500
0.570833
0.562500
0.562500
0.566667
0.575000
0.562500
0.558333
0.570833
0.562500
0.562500
0.570833
0.570833
0.566667
0.566667
0.570833
0.566667
0.562500
0.570833
0.575000
0.566667
0.566667
0.570833
0.566667
0.566667
0.575000
0.575000
0.570833
0.566667
0.579167
0.566667
0.566667
0.575000
0.570833
0.566667
0.566667
0.570833
0.575000
0.566667
0.566667
0.575000
0.566667
0.566667
0.570833
0.579167
0.570833
0.566667
0.570833
0.575000
0.566667
0.566667
0.570833
0.579167
0.570833
0.562500
0.570833
0.579167
0.570833
0.566667
0.575000
0.575000
0.566667
0.566667
0.579167
0.570833
0.566667
0.570833
0.583333
0.570833
0.566667
0.570833
0.570833
0.566667
0.570833
0.570833
0.566667
0.566667
0.570833
0.575000
0.566667
0.566667
0.566667
0.566667
0.566667
0.566667
0.562500
0.570833
0.570833
0.566667
0.562500
0.575000
0.566667
0.562500
0.566667
0.575000
0.566667
0.562500
0.570833
0.570833
0.562500
0.570833
0.575000
0.562500
0.566667
0.570833
0.562500
0.566667
0.566667
0.575000
0.566667
0.562500
0.570833
0.575000
0.566667
0.566667
0.575000
0.566667
0.566667
0.570833
0.575000
0.570833
0.566667
0.575000
0.570833
0.566667
0.570833
0.575000
0.583333
0.570833
0.570833
0.575000
0.575000
0.570833
0.570833
0.570833
0.570833
0.566667
0.570833
0.583333
0.566667
0.570833
0.570833
0.579167
0.566667
0.566667
0.570833
0.575000
0.566667
0.566667
0.570833
0.575000
0.195833
0.370833
0.562500
0.575000
0.566667
0.562500
0.566667
0.575000
0.566667
0.562500
0.566667
0.562500
0.562500
0.562500
0.562500
0.566667
0.562500
0.558333
0.566667
0.570833
0.558333
0.562500
0.562500
0.579167
0.554167
0.558333
0.562500
0.570833
0.562500
0.558333
0.562500
0.566667
0.562500
0.562500
0.562500
0.570833
0.562500
0.558333
0.566667
0.570833
0.562500
0.558333
0.566667
0.566667
0.562500
0.562500
0.570833
0.562500
0.562500
0.566667
0.562500
0.562500
0.558333
0.570833
0.562500
0.558333
0.562500
0.570833
0.558333
0.562500
0.558333
0.566667
0.570833
0.558333
0.558333
0.566667
0.566667
0.562500
0.558333
0.562500
0.570833
0.562500
0.558333
0.562500
0.566667
0.562500
0.558333
0.562500
0.566667
0.562500
0.558333
0.562500
0.566667
0.562500
0.562500
0.562500
0.570833
0.558333
0.562500
0.562500
0.566667
0.562500
0.562500
0.558333
0.570833
0.562500
0.562500
0.562500
0.570833
0.562500
0.562500
0.566667
0.570833
0.562500
0.562500
0.566667
0.570833
0.562500
0.562500
0.566667
0.575000
0.562500
0.562500
0.566667
0.575000
0.562500
0.562500
0.566667
0.575000
0.562500
0.562500
0.566667
0.570833
0.562500
0.562500
0.204167
0.633333
0.858333
0.558333
0.566667
0.558333
0.562500
0.558333
0.566667
0.562500
0.558333
0.562500
0.562500
0.562500
0.558333
0.562500
0.566667
0.558333
0.558333
0.562500
0.570833
0.558333
0.558333
0.562500
0.562500
0.558333
0.558333
0.562500
0.566667
0.562500
0.558333
0.562500
0.570833
0.562500
0.562500
0.566667
0.570833
0.566667
0.562500
0.566667
0.570833
0.566667
0.562500
0.562500
0.575000
0.566667
0.562500
0.566667
0.575000
0.566667
0.562500
0.570833
0.575000
0.566667
0.566667
0.566667
0.575000
0.570833
0.566667
0.570833
0.575000
0.566667
0.570833
0.570833
0.575000
0.570833
0.566667
0.570833
0.570833
0.570833
0.570833
0.566667
0.575000
0.570833
0.566667
0.566667
0.566667
0.566667
0.566667
0.570833
0.566667
0.570833
0.570833
0.566667
0.566667
0.570833
0.566667
0.562500
0.566667
0.570833
0.562500
0.566667
0.566667
0.566667
0.570833
0.562500
0.566667
0.216667
0.458333
1.016667
0.570833
0.562500
0.562500
0.566667
0.570833
0.566667
0.562500
0.570833
0.562500
0.562500
0.562500
0.562500
0.558333
0.566667
0.562500
0.558333
0.558333
0.562500
0.558333
0.558333
0.562500
0.558333
0.558333
0.554167
0.566667
0.558333
0.554167
0.558333
0.558333
0.554167
0.558333
0.566667
0.558333
0.554167
0.562500
0.562500
0.554167
0.562500
0.566667
0.558333
0.558333
0.562500
0.562500
0.558333
0.562500
0.566667
0.562500
0.558333
0.566667
0.562500
0.558333
1.120833
0.558333
0.558333
0.570833
0.558333
0.558333
0.558333
0.562500
0.562500
0.558333
0.562500
0.566667
0.558333
0.562500
0.562500
0.562500
0.558333
0.566667
0.562500
0.562500
0.558333
0.566667
0.562500
0.558333
0.566667
0.562500
0.558333
0.562500
0.570833
0.562500
0.562500
0.562500
0.566667
0.562500
0.558333
0.566667
0.562500
0.558333
0.566667
0.566667
0.562500
0.558333
0.570833
0.562500
0.558333
0.562500
0.566667
0.562500
0.562500
0.566667
0.729167
0.387500
0.425000
0.570833
0.145833
0.479167
0.629167
0.558333
0.562500
0.558333
0.562500
0.558333
0.554167
0.562500
0.562500
0.558333
0.554167
0.566667
0.562500
0.558333
0.566667
0.558333
0.558333
0.566667
0.558333
0.558333
0.562500
0.570833
0.558333
0.558333
0.570833
0.558333
0.558333
0.566667
0.558333
0.558333
0.562500
0.562500
0.558333
0.558333
0.350000
0.212500
0.554167
0.558333
0.554167
0.412500
0.345833
0.233333
0.679167
0.562500
0.558333
0.550000
0.558333
0.558333
0.550000
0.558333
0.558333
0.554167
0.554167
0.558333
0.554167
0.550000
0.558333
0.554167
0.554167
0.554167
0.562500
0.554167
0.550000
0.558333
0.558333
0.554167
0.554167
0.558333
0.558333
0.558333
0.554167
0.558333
0.562500
0.558333
0.554167
0.562500
0.562500
0.558333
0.558333
0.562500
0.558333
0.558333
0.562500
0.562500
0.558333
0.562500
0.570833
0.558333
0.558333
0.562500
0.570833
0.558333
0.562500
0.562500
0.562500
0.562500
0.566667
0.562500
0.562500
0.566667
0.562500
0.562500
0.562500
0.566667
0.558333
0.566667
0.570833
0.562500
0.566667
0.566667
0.566667
0.566667
0.570833
0.566667
0.566667
0.570833
0.566667
0.562500
0.570833
0.575000
0.304167
0.262500
0.425000
0.387500
0.337500
0.266667
0.283333
0.562500
0.570833
0.562500
0.562500
0.562500
0.570833
0.562500
0.558333
0.562500
0.566667
0.562500
0.558333
0.558333
0.570833
0.554167
0.558333
0.558333
0.566667
0.558333
0.554167
0.558333
0.562500
0.558333
0.554167
0.558333
0.558333
0.554167
0.558333
0.562500
0.558333
0.554167
0.562500
0.562500
0.558333
0.558333
0.562500
0.562500
0.558333
0.558333
0.566667
