1.408333
1.408333
1.391667
1.404167
1.404167
1.387500
1.112500
0.291667
1.387500
1.404167
1.491667
1.291667
1.391667
1.479167
1.283333
1.391667
1.400000
1.487500
1.304167
1.383333
1.408333
1.387500
1.391667
1.395833
1.383333
1.387500
1.391667
1.387500
1.400000
1.395833
1.383333
1.391667
1.375000
1.375000
1.370833
1.387500
1.366667
1.387500
1.391667
1.362500
1.379167
1.375000
1.383333
1.391667
1.379167
1.387500
1.383333
1.383333
1.387500
1.387500
1.491667
1.283333
1.383333
1.395833
1.391667
1.391667
1.379167
1.387500
1.379167
1.379167
1.375000
1.383333
1.370833
1.387500
1.370833
1.379167
1.379167
1.383333
1.387500
1.387500
1.395833
1.379167
1.391667
1.375000
1.379167
1.375000
1.370833
1.366667
1.370833
1.366667
1.375000
1.375000
1.375000
1.362500
1.379167
1.366667
1.375000
1.375000
1.370833
1.370833
1.358333
1.366667
1.370833
1.370833
1.350000
1.366667
1.358333
1.366667
1.366667
1.366667
1.362500
1.379167
1.375000
1.375000
1.379167
1.379167
1.383333
1.379167
1.383333
1.370833
1.383333
1.379167
1.383333
1.383333
1.387500
1.387500
1.366667
1.370833
1.366667
1.358333
1.362500
1.370833
1.366667
1.375000
1.379167
1.366667
1.370833
1.358333
1.358333
1.354167
1.362500
1.366667
1.358333
1.370833
1.362500
1.358333
1.354167
1.362500
1.358333
1.362500
1.354167
1.358333
1.366667
1.375000
1.362500
1.358333
1.370833
1.358333
1.370833
1.362500
1.366667
1.345833
1.358333
1.354167
1.225000
1.495833
1.362500
1.358333
1.362500
1.379167
1.366667
1.370833
1.354167
1.370833
1.350000
1.354167
1.370833
1.358333
1.370833
1.354167
1.358333
1.362500
1.366667
1.366667
1.362500
1.366667
1.354167
1.358333
1.354167
1.362500
1.362500
1.358333
1.362500
1.362500
1.362500
1.358333
1.354167
1.362500
1.366667
1.362500
1.362500
1.354167
1.358333
1.358333
1.366667
1.366667
1.375000
1.366667
1.366667
1.375000
1.358333
1.366667
1.375000
1.362500
1.362500
1.358333
1.358333
1.354167
1.362500
1.354167
1.345833
1.358333
1.350000
1.358333
1.379167
1.358333
1.375000
1.362500
1.370833
1.358333
1.362500
1.358333
1.366667
1.358333
1.370833
1.370833
1.354167
1.358333
1.354167
1.358333
1.362500
1.358333
1.350000
1.362500
1.350000
1.362500
1.358333
1.366667
1.350000
1.358333
1.358333
1.362500
1.366667
1.358333
1.366667
1.354167
1.362500
1.362500
1.366667
1.370833
1.362500
1.370833
1.362500
1.362500
1.362500
1.366667
1.358333
1.366667
1.358333
1.362500
1.362500
1.362500
1.370833
1.362500
1.362500
1.366667
1.350000
1.358333
1.358333
1.358333
1.370833
1.350000
1.362500
1.354167
1.370833
1.366667
1.358333
1.370833
1.358333
1.362500
1.366667
1.362500
1.362500
1.362500
1.366667
1.366667
1.362500
1.362500
1.358333
1.362500
1.366667
1.358333
1.354167
1.350000
1.354167
1.358333
1.362500
1.366667
1.358333
1.362500
1.350000
1.358333
1.362500
1.362500
1.362500
1.358333
1.350000
1.362500
1.362500
1.366667
1.370833
1.370833
1.370833
1.375000
1.366667
1.370833
1.370833
1.370833
1.366667
1.366667
1.379167
1.375000
1.370833
1.370833
1.379167
1.366667
1.375000
1.379167
1.370833
1.375000
1.370833
1.379167
1.370833
1.358333
1.370833
1.358333
1.370833
1.375000
1.370833
1.366667
1.358333
1.370833
1.370833
1.366667
1.366667
1.366667
1.370833
1.375000
1.366667
1.366667
1.366667
1.375000
1.370833
1.375000
1.366667
1.370833
1.370833
1.379167
1.366667
2.820833
1.379167
1.358333
1.358333
1.366667
1.366667
1.358333
1.350000
1.362500
1.354167
1.354167
1.358333
1.341667
1.350000
1.362500
1.350000
1.366667
1.358333
2.800000
1.366667
1.358333
1.358333
1.366667
1.370833
1.362500
1.366667
1.358333
1.366667
1.362500
1.362500
1.383333
1.362500
1.366667
1.366667
2.091667
1.383333
1.370833
1.358333
1.379167
1.366667
1.375000
1.354167
1.370833
1.370833
1.375000
1.375000
1.370833
1.358333
2.091667
1.387500
1.366667
1.358333
1.366667
1.370833
1.366667
1.366667
1.366667
1.366667
1.366667
1.366667
1.375000
1.366667
1.366667
1.366667
1.370833
1.366667
1.345833
1.366667
1.370833
1.375000
1.370833
2.829167
1.379167
1.350000
1.362500
1.354167
2.083333
1.379167
1.354167
1.350000
1.358333
1.362500
1.354167
1.354167
1.358333
1.354167
1.350000
2.808333
3.454167
