0.758333
0.779167
0.762500
0.691667
0.691667
0.695833
0.483333
0.554167
0.762500
0.745833
0.737500
0.745833
0.716667
0.712500
0.687500
0.687500
1.108333
0.770833
0.762500
0.720833
0.733333
0.745833
0.695833
0.687500
0.637500
0.741667
0.700000
0.695833
0.554167
0.766667
0.733333
0.729167
0.700000
0.500000
0.575000
0.770833
0.762500
0.758333
0.737500
0.745833
0.708333
0.687500
0.695833
0.691667
0.704167
0.695833
0.695833
0.687500
0.595833
0.729167
0.745833
0.729167
0.695833
0.687500
0.587500
0.779167
0.720833
0.683333
0.670833
0.479167
0.595833
0.791667
0.741667
0.720833
0.762500
0.704167
0.683333
0.670833
0.487500
0.733333
0.750000
0.712500
0.704167
0.675000
0.691667
0.687500
0.470833
0.700000
0.745833
0.733333
0.720833
0.741667
0.741667
0.704167
0.475000
0.608333
0.787500
0.766667
0.758333
0.766667
0.733333
0.704167
0.500000
0.583333
0.795833
0.750000
0.741667
0.750000
0.725000
0.716667
0.695833
0.700000
0.587500
0.716667
0.620833
0.616667
0.608333
0.470833
0.525000
0.729167
0.700000
0.762500
0.762500
0.741667
0.754167
0.725000
0.716667
0.716667
0.729167
0.591667
0.783333
0.725000
0.687500
0.691667
0.691667
0.575000
0.754167
0.725000
0.687500
0.687500
0.683333
0.508333
0.733333
0.720833
0.425000
0.979167
0.541667
0.870833
0.533333
0.716667
0.775000
0.679167
0.670833
0.670833
0.512500
0.766667
0.745833
0.704167
0.683333
0.691667
0.695833
0.700000
0.491667
0.725000
0.745833
0.750000
0.750000
0.704167
0.695833
0.775000
0.645833
0.504167
0.754167
0.754167
0.733333
0.733333
0.725000
0.708333
0.704167
0.491667
0.900000
0.545833
0.875000
0.520833
0.645833
0.712500
0.741667
0.595833
0.891667
0.770833
0.737500
0.704167
0.695833
1.204167
0.737500
0.733333
0.720833
0.733333
0.712500
0.516667
0.854167
0.554167
0.762500
0.733333
0.545833
0.804167
0.670833
0.679167
0.579167
0.737500
0.554167
0.862500
0.575000
0.787500
1.237500
0.716667
0.729167
0.725000
0.741667
0.700000
0.695833
0.679167
0.479167
0.554167
0.750000
0.737500
0.779167
0.754167
0.745833
0.700000
0.695833
0.687500
0.683333
0.520833
0.762500
0.762500
0.695833
0.679167
0.683333
0.691667
0.691667
0.566667
0.729167
0.670833
0.720833
0.770833
0.695833
0.558333
0.745833
0.716667
0.737500
0.733333
0.708333
0.691667
0.687500
0.683333
0.695833
0.695833
0.700000
0.604167
0.729167
0.691667
0.725000
0.687500
0.691667
0.520833
0.487500
0.758333
0.762500
0.758333
0.716667
0.716667
0.712500
0.687500
0.679167
0.679167
0.575000
0.762500
0.720833
0.683333
0.679167
0.683333
0.683333
0.579167
0.716667
0.712500
0.733333
0.695833
0.691667
0.495833
0.720833
0.725000
0.720833
0.737500
0.750000
0.700000
0.691667
0.500000
0.737500
0.754167
0.745833
0.720833
0.716667
0.708333
0.470833
0.554167
0.754167
0.750000
0.800000
0.741667
0.741667
0.700000
0.691667
0.691667
0.687500
0.550000
0.766667
0.729167
0.695833
0.670833
0.670833
0.679167
0.679167
0.675000
0.500000
0.733333
0.737500
0.741667
0.675000
0.670833
0.675000
0.687500
0.679167
0.691667
0.683333
0.462500
0.529167
0.570833
0.704167
0.754167
0.795833
0.754167
0.745833
0.520833
0.583333
0.808333
0.745833
0.716667
0.695833
0.683333
0.683333
0.487500
0.566667
0.900000
0.562500
0.933333
0.525000
0.862500
0.575000
0.666667
0.741667
0.733333
0.741667
0.700000
0.687500
0.679167
0.675000
0.620833
0.787500
0.666667
0.679167
0.679167
0.475000
0.604167
0.779167
0.754167
0.741667
0.729167
0.729167
0.695833
0.687500
0.566667
0.754167
0.716667
0.720833
0.700000
0.700000
0.470833
0.704167
0.762500
0.741667
0.729167
0.741667
0.762500
0.708333
0.691667
0.687500
0.691667
0.687500
0.695833
0.475000
0.550000
0.687500
0.725000
0.775000
0.791667
0.650000
0.479167
0.712500
0.716667
0.720833
0.712500
0.704167
0.670833
0.670833
0.662500
0.458333
0.683333
0.704167
0.720833
0.700000
0.691667
0.670833
0.666667
0.670833
0.662500
0.512500
0.429167
0.200000
0.554167
0.620833
0.445833
0.529167
0.687500
0.695833
0.662500
0.666667
0.666667
0.495833
0.758333
0.720833
0.700000
0.720833
0.687500
0.683333
0.675000
0.475000
0.608333
0.683333
0.679167
0.770833
0.625000
0.841667
0.716667
0.666667
0.666667
0.462500
0.662500
0.800000
0.754167
0.700000
0.679167
0.683333
0.483333
0.562500
0.600000
0.691667
0.716667
0.775000
0.791667
0.729167
0.537500
0.908333
0.570833
0.866667
0.575000
0.516667
0.875000
0.745833
0.729167
0.700000
0.687500
0.679167
0.508333
0.533333
0.920833
0.729167
0.716667
0.716667
0.695833
0.500000
0.758333
0.737500
0.716667
0.716667
0.566667
0.833333
0.691667
0.554167
0.712500
0.650000
0.662500
0.741667
0.766667
0.520833
0.566667
0.716667
0.750000
0.791667
0.766667
0.729167
0.683333
0.687500
0.691667
0.520833
0.737500
0.733333
0.729167
0.720833
0.687500
0.475000
0.537500
0.762500
0.754167
0.766667
0.712500
0.525000
0.841667
0.683333
0.491667
0.725000
0.745833
0.733333
0.691667
0.675000
0.666667
0.600000
0.700000
0.691667
0.533333
0.870833
0.533333
0.779167
0.733333
0.700000
0.683333
0.687500
0.695833
0.516667
0.745833
0.741667
0.725000
0.733333
0.729167
0.708333
0.691667
0.583333
0.545833
0.895833
0.770833
0.695833
0.700000
1.025000
0.791667
0.775000
0.754167
0.733333
0.737500
0.708333
0.695833
0.695833
0.683333
0.508333
0.750000
0.770833
0.700000
0.675000
0.675000
0.675000
0.504167
0.662500
0.750000
0.712500
0.745833
0.725000
0.691667
0.683333
0.683333
0.529167
0.862500
0.541667
0.729167
0.666667
0.683333
0.708333
0.779167
0.762500
0.562500
0.766667
0.754167
0.712500
0.695833
0.695833
0.700000
0.587500
0.754167
0.754167
0.691667
0.687500
0.491667
0.512500
0.908333
0.541667
0.979167
0.508333
0.875000
0.670833
0.500000
0.733333
0.750000
0.729167
0.687500
0.670833
0.687500
0.675000
0.675000
0.558333
0.745833
0.729167
0.466667
0.900000
0.525000
0.862500
0.495833
0.491667
0.766667
0.745833
0.841667
0.683333
0.720833
0.712500
0.712500
0.700000
0.687500
0.695833
0.683333
0.683333
0.562500
0.762500
0.741667
0.708333
0.687500
0.679167
0.687500
0.487500
0.537500
0.612500
0.700000
0.562500
0.754167
0.779167
0.733333
0.729167
0.725000
0.737500
0.541667
0.845833
0.583333
0.725000
0.683333
0.766667
0.654167
0.750000
0.620833
0.754167
0.683333
0.695833
0.708333
0.491667
0.737500
0.737500
0.662500
0.837500
0.733333
0.729167
0.700000
0.483333
0.566667
0.783333
0.766667
0.750000
0.745833
0.695833
0.704167
0.679167
0.695833
0.683333
0.683333
0.808333
0.245833
1.329167
0.187500
0.683333
0.854167
0.683333
0.512500
0.687500
0.612500
1.370833
0.766667
0.783333
0.729167
0.745833
0.737500
0.687500
0.675000
0.670833
0.512500
1.079167
0.279167
0.887500
1.279167
0.679167
0.058333
0.625000
0.762500
0.420833
0.887500
0.116667
0.925000
0.208333
0.770833
1.750000
1.270833
0.591667
1.083333
1.841667
1.483333
2.079167
2.562500
0.745833
0.725000
0.708333
1.379167
0.675000
0.487500
0.720833
0.729167
0.737500
0.729167
0.687500
0.679167
0.683333
0.504167
0.754167
0.741667
0.729167
0.679167
0.679167
0.670833
0.687500
0.504167
0.737500
0.716667
0.750000
0.662500
0.675000
1.191667
0.729167
0.708333
0.754167
0.679167
0.675000
0.675000
0.529167
0.770833
0.729167
0.712500
0.683333
0.691667
0.700000
0.470833
0.504167
0.591667
0.641667
0.595833
0.779167
0.733333
0.733333
0.716667
0.737500
0.750000
0.725000
0.712500
0.700000
0.695833
0.695833
0.700000
0.691667
0.687500
0.695833
0.691667
0.704167
0.691667
0.679167
0.695833
0.691667
0.700000
0.679167
0.691667
0.687500
0.691667
0.695833
0.700000
0.687500
0.687500
0.691667
0.700000
0.704167
0.695833
0.687500
0.700000
0.704167
0.704167
0.704167
0.695833
0.687500
0.691667
0.700000
0.695833
0.679167
0.679167
0.695833
0.687500
0.687500
0.679167
0.691667
0.504167
0.745833
0.770833
0.733333
0.733333
0.666667
0.687500
0.691667
0.691667
0.575000
0.758333
0.720833
0.754167
0.675000
0.695833
0.504167
0.704167
0.858333
0.550000
0.754167
0.541667
1.595833
0.679167
0.662500
0.491667
0.758333
0.750000
0.695833
0.200000
0.620833
0.837500
0.970833
0.016667
0.387500
0.625000
0.558333
0.604167
0.787500
0.245833
0.816667
1.091667
1.104167
1.312500
1.279167
1.325000
0.725000
0.720833
0.720833
0.695833
0.658333
0.670833
0.516667
0.745833
0.712500
0.666667
0.670833
0.500000
0.729167
0.737500
0.545833
0.820833
0.662500
0.654167
0.679167
