0.195833
0.279167
0.729167
0.520833
0.387500
0.429167
0.204167
0.629167
0.395833
0.729167
0.533333
0.645833
0.337500
0.225000
0.095833
0.416667
0.637500
0.587500
0.570833
0.579167
0.591667
0.570833
0.579167
0.570833
0.575000
0.475000
0.112500
0.262500
0.304167
0.575000
0.570833
0.575000
0.541667
0.600000
0.537500
0.604167
0.295833
0.270833
0.558333
0.591667
0.320833
0.250000
0.575000
0.570833
0.270833
0.300000
0.570833
0.575000
0.558333
0.595833
0.233333
0.295833
0.616667
0.575000
0.387500
0.183333
0.325000
0.258333
0.250000
0.325000
0.570833
0.579167
0.154167
0.425000
0.570833
0.575000
0.579167
0.579167
0.558333
0.562500
0.583333
0.354167
0.250000
0.570833
0.579167
0.579167
0.570833
0.570833
0.575000
0.566667
0.400000
0.750000
0.570833
0.375000
0.195833
0.562500
0.583333
0.570833
0.575000
0.566667
0.575000
0.570833
0.570833
0.595833
0.595833
0.575000
0.579167
0.579167
0.579167
0.758333
0.579167
0.229167
0.258333
0.491667
0.312500
0.270833
0.579167
0.579167
0.575000
0.283333
0.291667
0.570833
0.783333
0.508333
0.225000
1.045833
0.216667
0.220833
1.058333
0.525000
0.450000
0.316667
0.258333
0.354167
0.283333
0.354167
0.354167
0.566667
0.575000
0.583333
0.454167
0.375000
1.470833
0.566667
1.154167
0.579167
0.575000
0.575000
0.575000
0.562500
0.566667
0.458333
0.300000
0.433333
0.425000
0.595833
0.720833
0.583333
0.329167
0.579167
0.829167
0.579167
0.704167
0.212500
0.241667
1.370833
0.558333
0.879167
0.454167
0.220833
0.237500
0.341667
0.587500
0.458333
0.708333
0.579167
0.583333
1.162500
0.575000
0.583333
0.587500
0.579167
0.579167
0.583333
0.637500
0.445833
0.195833
0.429167
0.566667
0.279167
0.500000
1.245833
0.362500
0.400000
0.312500
0.600000
0.175000
0.595833
0.254167
0.458333
0.333333
0.312500
0.595833
1.145833
0.583333
1.175000
1.154167
0.570833
0.579167
0.583333
0.583333
0.579167
0.591667
0.575000
0.575000
0.566667
0.616667
0.587500
0.583333
0.583333
0.587500
0.562500
0.608333
0.550000
0.616667
0.558333
0.604167
0.554167
0.616667
0.554167
0.620833
0.558333
0.608333
0.558333
0.616667
0.579167
0.579167
0.583333
0.587500
0.600000
2.370833
0.529167
0.383333
0.862500
0.583333
0.587500
0.587500
0.587500
0.429167
0.166667
0.595833
0.591667
0.595833
0.591667
0.591667
0.595833
1.062500
1.583333
2.325000
0.345833
0.700000
0.537500
0.425000
0.533333
0.629167
0.350000
0.270833
0.416667
0.662500
0.425000
0.362500
0.229167
0.420833
0.570833
0.429167
0.341667
0.204167
0.637500
0.341667
0.583333
0.220833
0.991667
0.341667
0.570833
0.312500
0.700000
0.125000
0.270833
0.287500
0.666667
0.408333
0.520833
0.558333
0.312500
0.720833
0.220833
1.016667
0.429167
0.262500
0.912500
0.345833
0.379167
0.362500
0.245833
0.370833
0.216667
0.679167
0.954167
0.300000
0.500000
0.504167
0.470833
0.595833
0.270833
0.408333
0.562500
0.220833
0.225000
0.387500
0.775000
0.312500
1.995833
0.466667
0.266667
0.400000
0.220833
0.433333
0.450000
0.320833
0.220833
0.537500
0.450000
0.391667
0.575000
0.537500
0.275000
0.400000
0.366667
0.537500
0.404167
0.258333
0.533333
0.600000
0.366667
0.720833
0.829167
0.962500
1.387500
1.170833
1.191667
1.758333
0.591667
1.170833
0.587500
1.162500
0.429167
0.358333
0.745833
0.795833
1.162500
1.108333
0.866667
1.491667
1.033333
0.491667
0.225000
0.579167
0.987500
0.475000
0.450000
0.345833
0.275000
0.975000
1.162500
1.154167
0.583333
0.441667
1.287500
0.237500
0.912500
1.145833
0.362500
0.991667
0.362500
1.154167
0.445833
0.137500
0.875000
0.841667
2.870833
0.637500
1.216667
1.775000
2.075000
2.025000
0.716667
0.400000
2.170833
0.225000
0.466667
0.220833
1.337500
0.866667
1.158333
1.133333
1.816667
1.133333
0.329167
1.866667
1.979167
1.187500
1.179167
2.366667
2.329167
2.333333
0.558333
1.779167
0.579167
2.333333
0.583333
0.575000
0.583333
0.595833
0.587500
0.591667
0.591667
0.587500
0.591667
0.591667
0.595833
0.595833
0.583333
0.591667
0.595833
0.595833
0.595833
0.591667
0.587500
0.600000
0.595833
0.595833
0.591667
0.587500
0.595833
0.600000
0.591667
0.595833
0.591667
0.595833
0.600000
0.595833
0.608333
0.591667
0.604167
0.587500
0.620833
0.575000
0.625000
0.562500
0.637500
0.570833
0.625000
0.529167
0.662500
0.587500
0.600000
0.595833
0.587500
0.579167
0.583333
0.608333
0.625000
0.587500
0.579167
0.612500
0.520833
0.654167
0.591667
0.595833
0.591667
0.587500
0.591667
0.595833
0.591667
0.520833
0.662500
0.600000
0.587500
0.579167
0.587500
0.583333
0.545833
0.616667
0.562500
0.687500
0.595833
0.587500
0.591667
0.595833
0.595833
0.591667
0.595833
0.587500
0.591667
0.583333
0.579167
0.587500
0.587500
0.591667
0.600000
0.587500
0.587500
0.583333
0.595833
0.600000
0.595833
0.587500
0.587500
0.591667
0.595833
0.591667
0.587500
0.587500
0.591667
0.587500
0.595833
0.550000
0.620833
0.608333
0.650000
0.554167
0.641667
0.579167
0.612500
0.591667
0.595833
0.595833
0.591667
0.595833
0.587500
0.591667
0.591667
0.595833
0.591667
0.591667
0.591667
0.583333
0.587500
0.591667
0.600000
0.587500
0.591667
0.595833
0.600000
0.600000
0.595833
0.595833
0.595833
0.600000
0.595833
0.595833
0.600000
0.600000
0.600000
0.595833
0.591667
0.595833
0.604167
0.583333
0.616667
0.579167
0.604167
0.575000
0.616667
0.562500
0.625000
0.537500
0.654167
0.595833
0.587500
0.595833
0.595833
0.595833
0.591667
0.591667
0.591667
0.591667
0.579167
0.604167
0.554167
0.633333
0.575000
0.600000
0.591667
0.595833
0.233333
0.345833
0.595833
0.595833
0.600000
0.591667
0.616667
0.587500
0.608333
0.362500
0.833333
0.595833
0.595833
0.287500
0.308333
0.275000
0.312500
0.475000
0.416667
0.300000
0.583333
0.604167
0.587500
0.591667
0.591667
0.591667
0.404167
0.266667
0.608333
0.379167
0.529167
0.412500
0.312500
0.533333
0.291667
0.245833
0.320833
0.300000
0.295833
0.425000
0.533333
0.587500
0.583333
0.437500
0.729167
0.733333
0.391667
0.333333
0.304167
0.508333
0.658333
0.587500
0.591667
0.587500
0.591667
0.583333
0.587500
0.595833
0.591667
0.583333
0.545833
0.629167
0.583333
0.583333
0.587500
0.616667
0.595833
0.595833
0.591667
0.600000
0.591667
0.525000
0.654167
0.595833
0.591667
0.591667
0.595833
0.591667
0.587500
0.587500
0.591667
0.258333
0.912500
0.587500
0.587500
0.595833
0.570833
0.612500
0.583333
0.591667
0.591667
0.587500
0.595833
0.587500
0.591667
0.587500
0.591667
0.591667
0.591667
0.591667
0.591667
0.600000
0.600000
0.591667
0.583333
0.616667
0.562500
0.641667
0.541667
0.654167
0.600000
0.600000
0.600000
0.600000
0.591667
0.595833
0.595833
0.600000
0.891667
0.237500
0.641667
0.591667
0.591667
0.600000
0.591667
0.879167
0.679167
0.383333
0.208333
0.300000
0.500000
0.295833
0.879167
0.320833
0.858333
0.583333
0.441667
0.529167
0.237500
0.220833
0.383333
0.591667
0.608333
0.208333
0.400000
0.600000
0.600000
0.600000
0.600000
0.600000
0.595833
0.600000
0.595833
0.600000
0.604167
0.595833
0.600000
0.595833
0.595833
0.595833
0.591667
0.595833
0.600000
0.591667
0.591667
0.595833
0.600000
0.600000
0.587500
0.587500
0.412500
0.412500
0.408333
0.529167
0.591667
0.591667
0.604167
0.562500
0.629167
0.591667
0.237500
0.350000
0.600000
0.483333
0.704167
0.591667
0.595833
0.604167
0.608333
0.550000
0.645833
0.537500
0.658333
0.591667
0.595833
0.595833
0.591667
0.591667
0.591667
0.587500
0.595833
0.591667
0.591667
0.591667
0.587500
0.595833
0.575000
0.620833
0.587500
0.604167
0.587500
0.600000
0.570833
0.620833
0.583333
0.604167
0.591667
0.595833
0.554167
0.641667
0.558333
0.641667
0.575000
0.629167
0.591667
0.600000
0.600000
0.600000
0.600000
0.600000
0.604167
0.604167
0.591667
0.604167
0.604167
0.600000
0.937500
0.100000
0.358333
0.725000
0.875000
0.591667
0.591667
0.591667
0.600000
0.604167
0.600000
0.595833
0.600000
0.595833
0.604167
0.612500
0.604167
0.587500
0.595833
0.595833
0.275000
0.525000
6.975000
0.595833
1.000000
0.800000
0.595833
0.587500
0.591667
0.595833
0.600000
0.591667
0.591667
0.591667
0.600000
0.600000
0.612500
0.604167
0.595833
0.600000
0.600000
0.604167
0.604167
0.608333
0.595833
0.595833
0.595833
0.600000
0.608333
0.608333
0.604167
0.600000
0.604167
0.604167
0.600000
0.608333
0.587500
0.616667
0.600000
0.600000
0.608333
0.608333
0.608333
0.604167
0.608333
0.604167
0.608333
0.600000
0.600000
0.608333
0.604167
0.604167
0.595833
0.608333
0.233333
0.358333
0.616667
0.579167
0.629167
0.570833
0.629167
0.595833
0.608333
0.604167
0.604167
0.600000
0.591667
0.595833
0.604167
0.595833
0.595833
0.600000
0.595833
0.570833
0.645833
0.625000
0.625000
0.595833
0.620833
0.579167
0.620833
0.575000
0.629167
0.587500
0.612500
0.575000
0.608333
0.562500
0.629167
0.554167
0.645833
0.529167
0.662500
0.595833
0.604167
0.600000
0.604167
0.604167
0.600000
0.604167
0.550000
0.650000
0.604167
0.595833
0.591667
0.591667
0.604167
0.612500
0.608333
0.604167
0.604167
0.604167
0.612500
0.600000
0.625000
0.604167
0.604167
0.604167
0.604167
0.604167
0.604167
0.612500
0.612500
0.604167
0.600000
0.604167
0.612500
0.612500
0.604167
0.608333
0.608333
0.612500
0.608333
0.612500
0.612500
0.608333
0.608333
0.612500
0.620833
0.616667
0.608333
0.612500
0.604167
0.612500
0.608333
0.608333
0.600000
0.608333
0.612500
0.616667
0.620833
0.616667
0.620833
0.620833
0.620833
0.629167
0.616667
0.625000
0.620833
0.620833
0.620833
0.612500
0.612500
0.612500
0.612500
0.616667
0.612500
0.604167
0.612500
0.612500
0.616667
0.608333
0.612500
0.604167
0.612500
0.616667
0.612500
0.608333
0.604167
0.604167
0.608333
0.591667
0.620833
0.587500
0.612500
0.570833
0.637500
0.600000
0.600000
0.600000
0.566667
0.633333
0.654167
0.641667
0.641667
