1.075000
1.083333
1.070833
2.058333
1.070833
1.070833
1.079167
2.050000
1.075000
1.087500
1.083333
2.054167
1.070833
1.083333
1.062500
2.045833
1.083333
1.066667
1.062500
2.062500
1.070833
1.083333
1.091667
1.108333
1.075000
2.062500
1.100000
1.070833
1.070833
2.075000
1.070833
1.079167
1.079167
2.062500
1.070833
1.083333
1.100000
1.070833
2.054167
1.095833
1.079167
1.079167
2.070833
1.075000
1.079167
1.079167
2.058333
1.070833
1.083333
1.087500
2.054167
1.079167
1.079167
1.058333
2.050000
1.075000
1.070833
1.075000
2.054167
1.066667
1.079167
1.091667
1.062500
2.058333
1.095833
1.079167
1.070833
2.058333
1.075000
1.079167
1.091667
2.062500
1.087500
1.100000
1.070833
2.066667
1.087500
1.079167
1.075000
2.070833
1.075000
1.083333
1.095833
1.079167
2.062500
1.091667
1.104167
1.083333
2.066667
1.104167
1.075000
1.079167
2.058333
1.079167
1.083333
1.095833
1.062500
2.054167
1.100000
1.062500
1.058333
2.058333
1.062500
1.066667
1.075000
2.054167
1.070833
1.079167
1.095833
2.054167
1.091667
1.100000
1.070833
2.066667
1.108333
1.083333
1.075000
2.075000
1.075000
1.075000
1.083333
2.066667
1.079167
1.108333
1.079167
2.070833
1.070833
1.050000
2.045833
1.058333
1.087500
1.108333
1.062500
2.070833
1.062500
1.087500
1.083333
2.058333
1.075000
1.087500
1.095833
1.070833
2.062500
1.075000
1.087500
1.066667
2.058333
1.083333
1.066667
1.079167
2.054167
1.083333
1.083333
1.087500
2.066667
1.066667
1.087500
1.079167
2.058333
1.066667
1.087500
1.062500
2.050000
1.075000
1.083333
1.066667
2.050000
1.075000
1.062500
1.075000
2.045833
1.075000
1.075000
1.070833
2.062500
1.070833
1.083333
1.091667
2.062500
1.079167
1.095833
1.087500
2.054167
1.079167
1.087500
1.075000
2.062500
1.066667
1.079167
1.079167
2.045833
1.066667
1.079167
1.062500
2.041667
1.066667
1.066667
1.066667
2.037500
1.054167
1.070833
1.091667
2.033333
1.062500
1.095833
1.054167
2.041667
1.079167
1.079167
1.058333
2.050000
1.070833
1.062500
2.025000
1.062500
1.075000
1.062500
2.045833
1.070833
1.079167
1.058333
2.041667
1.050000
1.079167
1.054167
2.029167
1.054167
1.087500
1.058333
2.062500
1.075000
1.091667
1.079167
2.045833
1.083333
1.062500
1.062500
2.041667
1.066667
1.091667
1.066667
2.054167
1.075000
1.100000
1.070833
2.058333
1.079167
1.104167
1.070833
2.029167
1.070833
1.070833
1.891667
1.183333
1.066667
1.070833
2.050000
1.066667
1.050000
2.050000
1.066667
1.091667
1.075000
2.066667
1.079167
1.108333
1.091667
1.079167
2.058333
1.075000
1.083333
1.083333
2.054167
1.083333
1.083333
1.075000
2.054167
1.079167
1.075000
1.070833
2.054167
1.095833
1.087500
1.083333
2.050000
1.070833
1.079167
1.062500
2.045833
1.062500
1.070833
1.070833
2.045833
1.058333
1.079167
1.058333
2.041667
1.075000
1.066667
1.062500
2.050000
1.062500
1.066667
1.066667
2.041667
1.058333
1.070833
2.041667
1.062500
1.075000
1.054167
2.033333
1.058333
1.058333
2.033333
1.062500
1.058333
2.029167
1.062500
1.075000
1.058333
2.050000
1.062500
1.075000
1.070833
2.045833
1.066667
1.079167
1.079167
2.037500
1.062500
1.070833
1.054167
2.041667
1.054167
1.058333
2.045833
1.062500
1.062500
1.066667
2.037500
1.058333
1.066667
1.062500
2.025000
1.050000
1.070833
1.050000
2.037500
1.075000
1.062500
2.037500
1.070833
1.054167
1.054167
2.058333
1.070833
1.083333
1.083333
2.058333
1.079167
1.095833
1.066667
2.054167
1.083333
1.075000
1.066667
2.062500
1.066667
1.070833
1.075000
2.045833
1.070833
1.083333
1.062500
2.054167
1.066667
1.070833
1.075000
2.045833
1.070833
1.079167
1.058333
2.045833
1.083333
1.070833
1.066667
2.050000
1.058333
1.070833
1.075000
2.041667
1.066667
1.075000
1.058333
2.041667
1.070833
1.070833
1.070833
2.058333
1.075000
1.079167
1.075000
2.045833
1.062500
1.070833
1.075000
2.037500
1.062500
1.079167
1.062500
2.050000
1.058333
1.079167
1.070833
2.050000
1.075000
1.095833
1.075000
2.054167
1.070833
1.075000
1.062500
2.050000
1.066667
1.070833
1.083333
2.050000
1.070833
1.083333
1.054167
2.050000
1.062500
1.075000
1.058333
2.037500
1.058333
1.070833
1.075000
2.045833
1.070833
1.091667
1.066667
2.050000
1.091667
1.079167
1.075000
2.062500
1.083333
1.075000
1.079167
2.058333
1.066667
1.083333
1.087500
2.050000
1.087500
1.070833
1.066667
2.062500
1.070833
1.075000
1.083333
2.058333
1.075000
1.079167
1.087500
2.050000
1.070833
1.087500
1.066667
2.058333
