0.595833
0.600000
0.595833
0.600000
0.595833
0.600000
0.595833
0.600000
0.595833
0.600000
0.600000
0.595833
0.600000
0.600000
0.600000
0.600000
0.595833
0.600000
0.600000
0.600000
0.600000
0.600000
0.600000
0.600000
0.600000
0.600000
0.600000
0.600000
0.600000
0.600000
0.600000
0.600000
0.600000
0.604167
0.600000
0.600000
0.600000
0.600000
0.591667
0.608333
0.600000
0.604167
0.600000
0.604167
0.600000
0.604167
0.600000
0.600000
0.600000
0.600000
0.604167
0.600000
0.595833
0.604167
0.600000
0.600000
0.600000
0.600000
0.600000
0.600000
0.591667
0.475000
0.729167
0.600000
0.600000
0.604167
0.600000
0.600000
0.600000
0.600000
0.600000
0.595833
0.600000
0.600000
0.600000
0.600000
0.600000
0.595833
0.600000
0.600000
0.591667
0.475000
0.729167
0.604167
0.595833
0.600000
0.600000
0.604167
0.595833
0.600000
0.600000
0.600000
0.600000
0.600000
0.595833
0.600000
0.600000
0.600000
0.600000
0.595833
0.600000
0.600000
0.600000
0.600000
0.595833
0.600000
0.600000
0.600000
0.600000
0.600000
0.600000
0.600000
0.600000
0.600000
0.600000
0.600000
0.600000
0.600000
0.600000
0.600000
0.600000
0.604167
0.600000
0.600000
0.600000
0.604167
0.600000
0.604167
0.600000
0.604167
0.600000
0.600000
0.591667
0.608333
0.604167
0.604167
0.604167
0.604167
0.604167
0.600000
0.604167
0.604167
0.600000
0.604167
0.600000
0.604167
0.600000
0.604167
0.600000
0.600000
0.591667
0.608333
0.600000
0.604167
0.600000
0.604167
0.600000
0.600000
0.604167
0.600000
0.600000
0.600000
0.600000
0.600000
0.600000
0.600000
0.600000
0.600000
0.600000
0.600000
0.595833
0.600000
0.600000
0.600000
0.600000
0.600000
0.600000
0.600000
0.520833
0.679167
0.604167
0.395833
0.804167
0.608333
0.595833
0.591667
0.604167
0.604167
0.600000
0.604167
0.600000
0.600000
0.591667
0.383333
0.825000
0.608333
0.483333
0.716667
0.604167
0.591667
0.608333
0.595833
0.600000
0.600000
0.600000
0.600000
0.600000
0.600000
0.600000
0.600000
0.600000
0.600000
0.600000
0.600000
0.600000
0.600000
0.600000
0.600000
0.604167
0.600000
0.600000
0.600000
0.600000
0.604167
0.600000
0.600000
0.600000
0.604167
0.600000
0.600000
0.604167
0.604167
0.591667
0.604167
0.604167
0.604167
0.604167
0.604167
0.604167
0.600000
0.604167
0.600000
0.604167
0.604167
0.600000
0.604167
0.600000
0.604167
0.600000
0.604167
0.600000
0.600000
0.600000
0.604167
0.600000
0.600000
0.600000
0.604167
0.600000
0.600000
0.604167
0.600000
0.600000
0.604167
0.600000
0.604167
0.600000
0.604167
0.604167
0.600000
0.591667
0.608333
0.604167
0.604167
0.604167
0.604167
0.600000
0.604167
0.600000
0.604167
0.600000
0.604167
0.600000
0.604167
0.600000
0.600000
0.604167
0.600000
0.600000
0.600000
0.604167
0.600000
0.600000
0.604167
0.600000
0.600000
0.604167
0.600000
0.600000
0.604167
0.600000
0.604167
0.600000
0.600000
0.604167
0.600000
0.604167
0.600000
0.604167
0.600000
0.604167
0.604167
0.600000
0.604167
0.600000
0.604167
0.604167
0.600000
0.600000
0.595833
0.604167
0.604167
0.604167
0.604167
0.604167
0.600000
0.604167
0.604167
0.600000
0.604167
0.600000
0.604167
0.600000
0.604167
0.600000
0.600000
0.604167
0.600000
0.600000
0.604167
0.600000
0.600000
0.604167
0.600000
0.600000
0.600000
0.604167
0.600000
0.600000
0.604167
0.600000
0.600000
0.600000
0.604167
0.600000
0.600000
0.595833
0.562500
0.641667
0.604167
0.604167
0.604167
0.604167
0.600000
0.604167
0.604167
0.600000
0.604167
0.600000
0.604167
0.600000
0.600000
0.604167
0.600000
0.600000
0.604167
0.600000
0.600000
0.604167
0.591667
0.541667
0.662500
0.604167
0.604167
0.600000
0.604167
0.600000
0.604167
0.600000
0.600000
0.604167
0.600000
0.600000
0.604167
0.600000
0.600000
0.600000
0.600000
0.600000
0.604167
0.600000
0.600000
0.600000
0.604167
0.600000
0.600000
0.600000
0.604167
0.600000
0.600000
0.604167
0.600000
0.591667
0.604167
0.604167
0.604167
0.604167
0.600000
0.604167
0.600000
0.604167
0.600000
0.604167
0.600000
0.600000
0.604167
0.600000
0.600000
0.600000
0.604167
0.600000
0.600000
0.600000
0.600000
0.604167
0.600000
0.600000
0.604167
0.600000
0.600000
0.600000
0.529167
0.670833
0.604167
0.600000
0.604167
0.600000
0.604167
0.604167
0.600000
0.604167
0.600000
0.604167
0.600000
0.604167
0.600000
0.604167
0.600000
0.600000
0.604167
0.600000
0.604167
0.600000
0.600000
0.604167
0.600000
0.600000
0.604167
0.600000
0.600000
0.604167
0.600000
0.600000
0.604167
0.600000
0.604167
0.600000
0.604167
0.600000
0.604167
0.600000
0.604167
0.600000
0.604167
0.604167
0.600000
0.604167
0.604167
0.600000
0.604167
0.604167
0.600000
0.595833
0.495833
0.712500
0.608333
0.604167
0.604167
0.600000
0.604167
0.604167
0.604167
0.600000
0.604167
0.600000
0.604167
0.600000
0.604167
0.600000
0.600000
0.604167
0.600000
0.604167
0.600000
0.600000
0.604167
0.600000
0.600000
0.604167
0.600000
0.600000
0.604167
0.600000
0.604167
0.600000
0.600000
0.604167
0.604167
0.595833
0.608333
0.604167
0.600000
0.604167
0.600000
0.604167
0.604167
0.604167
0.600000
0.595833
0.487500
0.725000
0.604167
0.604167
0.604167
0.604167
0.604167
0.600000
0.604167
0.604167
0.600000
0.604167
0.600000
0.600000
0.604167
0.600000
0.600000
0.604167
0.600000
0.600000
0.600000
0.600000
0.604167
0.600000
0.600000
0.558333
0.645833
0.600000
0.604167
0.600000
0.600000
0.604167
0.600000
0.600000
0.604167
0.600000
0.604167
0.600000
0.604167
0.600000
0.604167
0.600000
0.604167
0.600000
0.604167
0.591667
0.462500
0.750000
0.608333
0.558333
0.645833
0.608333
0.604167
0.604167
0.604167
0.600000
0.604167
0.604167
0.604167
0.600000
0.604167
0.600000
0.604167
0.600000
0.600000
0.600000
0.604167
0.600000
0.587500
0.608333
0.600000
0.604167
0.604167
0.600000
0.604167
0.600000
0.600000
0.604167
0.600000
0.600000
0.600000
0.604167
0.600000
0.600000
0.600000
0.604167
0.600000
0.600000
0.600000
0.604167
0.600000
0.600000
0.600000
0.604167
0.600000
0.600000
0.600000
0.600000
0.600000
0.600000
0.604167
0.600000
0.600000
0.600000
0.604167
0.600000
0.600000
0.600000
0.604167
0.600000
0.604167
0.600000
0.604167
0.600000
0.604167
0.600000
0.604167
0.604167
0.595833
0.495833
0.708333
0.604167
0.604167
0.604167
0.604167
0.600000
0.604167
0.600000
0.604167
0.600000
0.600000
0.600000
0.604167
0.600000
0.600000
0.600000
0.604167
0.600000
0.604167
0.595833
0.479167
0.720833
0.604167
0.591667
0.612500
0.604167
0.600000
0.604167
0.600000
0.604167
0.600000
0.604167
0.600000
0.600000
0.600000
0.604167
0.600000
0.600000
0.604167
0.600000
0.554167
0.645833
0.600000
0.604167
0.604167
0.600000
0.604167
0.604167
0.600000
0.604167
0.600000
0.604167
0.600000
0.600000
0.604167
0.600000
0.604167
0.600000
0.600000
0.604167
0.600000
0.600000
0.604167
0.600000
0.600000
0.604167
0.600000
0.604167
0.600000
0.604167
0.600000
0.604167
0.600000
0.604167
0.600000
0.604167
0.604167
0.604167
0.604167
0.604167
0.600000
0.604167
0.604167
0.608333
0.595833
0.487500
0.720833
0.608333
0.604167
0.604167
0.604167
0.604167
0.604167
0.604167
0.604167
0.600000
0.604167
0.604167
0.604167
0.604167
0.600000
0.604167
0.604167
0.604167
0.600000
0.604167
0.604167
0.600000
0.604167
0.604167
0.600000
0.604167
0.604167
0.600000
0.562500
0.645833
0.604167
0.604167
0.604167
0.600000
0.595833
0.495833
0.716667
0.608333
0.600000
0.604167
0.604167
0.604167
0.604167
0.604167
0.604167
0.600000
0.604167
0.604167
0.600000
0.604167
0.604167
0.600000
0.604167
0.600000
0.604167
0.600000
0.604167
0.604167
0.600000
0.604167
0.604167
0.600000
0.604167
0.604167
0.604167
0.600000
0.604167
0.604167
0.545833
0.654167
0.608333
0.604167
0.608333
0.604167
0.604167
0.604167
0.604167
0.604167
0.604167
0.604167
0.604167
0.604167
0.604167
0.604167
0.600000
0.604167
0.604167
0.600000
0.604167
0.600000
0.604167
0.604167
0.600000
0.604167
0.591667
0.608333
0.604167
0.604167
0.604167
0.604167
0.604167
0.600000
0.604167
0.604167
0.604167
0.600000
0.604167
0.600000
0.604167
0.600000
0.604167
0.600000
0.604167
0.600000
0.604167
0.600000
0.604167
0.600000
0.604167
0.604167
0.591667
0.608333
0.604167
0.600000
0.604167
0.604167
0.604167
0.604167
0.604167
0.600000
0.604167
0.604167
0.604167
0.604167
0.600000
0.604167
0.604167
0.600000
0.604167
0.604167
0.600000
0.604167
0.604167
0.600000
0.604167
0.604167
0.600000
0.604167
0.600000
0.604167
0.604167
0.600000
0.604167
0.600000
0.604167
0.604167
0.600000
0.604167
0.591667
0.537500
0.675000
0.604167
0.604167
0.604167
0.604167
0.604167
0.600000
0.604167
0.604167
0.604167
0.604167
0.600000
0.604167
0.604167
0.600000
0.604167
0.604167
0.595833
0.500000
0.704167
0.608333
0.600000
0.604167
0.604167
0.600000
0.604167
0.604167
0.600000
0.600000
0.604167
0.600000
0.604167
0.600000
0.600000
0.604167
0.600000
0.600000
0.600000
0.604167
0.600000
0.600000
0.604167
0.600000
0.600000
0.604167
0.600000
0.600000
0.604167
0.600000
0.604167
0.600000
0.604167
0.600000
0.591667
0.462500
0.750000
0.608333
0.604167
0.604167
0.600000
0.604167
0.604167
0.604167
0.604167
0.600000
0.604167
0.604167
0.600000
0.604167
0.604167
0.600000
0.604167
0.604167
0.600000
0.604167
0.604167
0.604167
0.600000
0.604167
0.604167
0.604167
0.591667
0.608333
0.604167
0.604167
0.608333
0.600000
0.608333
0.604167
0.600000
0.604167
0.604167
0.604167
0.604167
0.600000
0.604167
0.604167
0.604167
0.600000
0.604167
0.604167
0.604167
0.595833
0.595833
0.604167
0.604167
0.604167
0.604167
0.604167
0.600000
0.604167
0.604167
0.600000
0.604167
0.600000
0.604167
0.600000
0.600000
0.604167
0.600000
0.600000
0.600000
0.412500
0.791667
0.604167
0.591667
0.604167
0.600000
0.604167
0.600000
0.604167
0.600000
