0.816667
0.816667
0.812500
0.829167
0.825000
0.820833
0.820833
0.816667
0.816667
0.829167
0.829167
0.825000
0.820833
0.816667
0.820833
0.825000
0.816667
0.820833
0.816667
0.812500
0.816667
0.820833
0.816667
0.816667
0.808333
0.808333
0.816667
0.825000
0.812500
0.816667
0.816667
0.812500
0.829167
0.829167
0.825000
0.825000
0.825000
0.825000
0.825000
0.833333
0.829167
0.825000
0.825000
0.820833
0.833333
0.833333
0.825000
0.820833
0.820833
0.820833
0.816667
0.829167
0.825000
0.825000
0.825000
0.820833
0.825000
0.833333
0.829167
0.829167
0.833333
0.829167
0.841667
0.841667
0.841667
0.837500
0.833333
0.829167
0.837500
0.837500
0.829167
0.820833
0.820833
0.816667
0.812500
0.820833
0.825000
0.820833
0.820833
0.812500
0.812500
0.833333
0.820833
0.820833
0.816667
0.816667
0.816667
0.829167
0.820833
0.816667
0.820833
0.816667
0.825000
0.829167
0.825000
0.820833
0.816667
0.816667
0.825000
0.825000
0.825000
0.820833
0.825000
0.825000
0.825000
0.837500
0.837500
0.825000
0.825000
0.820833
0.825000
0.829167
0.825000
0.816667
0.816667
0.816667
0.820833
0.833333
0.833333
0.825000
0.820833
0.820833
0.816667
0.833333
0.833333
0.829167
0.829167
0.829167
0.829167
0.829167
0.825000
0.825000
0.812500
0.816667
0.816667
0.820833
0.812500
0.816667
0.808333
0.804167
0.812500
0.820833
0.816667
0.812500
0.812500
0.808333
0.820833
0.825000
0.820833
0.820833
0.816667
0.816667
0.820833
0.829167
0.829167
0.820833
0.820833
0.820833
0.820833
0.829167
0.829167
0.829167
0.820833
0.820833
0.816667
0.829167
0.829167
0.825000
0.816667
0.812500
0.820833
0.833333
0.825000
0.820833
0.820833
0.600000
0.975000
0.850000
0.833333
0.825000
0.829167
0.820833
0.829167
0.829167
0.820833
0.816667
0.816667
0.808333
0.808333
0.820833
0.816667
0.812500
0.804167
0.804167
0.808333
0.816667
0.812500
0.808333
0.812500
0.808333
0.812500
0.820833
0.820833
0.816667
0.816667
0.812500
0.820833
0.833333
0.825000
0.825000
0.820833
0.820833
0.829167
0.833333
0.837500
0.825000
0.820833
0.820833
0.825000
0.833333
0.829167
0.820833
0.820833
0.825000
0.825000
0.825000
0.825000
0.825000
0.816667
0.825000
0.833333
0.837500
0.829167
0.829167
0.820833
0.825000
0.683333
0.958333
0.829167
0.829167
0.825000
0.820833
0.833333
0.829167
0.825000
0.825000
0.820833
0.354167
0.466667
0.820833
0.816667
0.820833
0.829167
0.820833
0.816667
0.812500
0.812500
0.829167
0.812500
0.812500
0.808333
0.804167
0.804167
0.808333
0.816667
0.808333
0.812500
0.808333
0.808333
0.808333
0.820833
0.820833
0.812500
0.812500
0.808333
0.808333
0.812500
0.825000
0.816667
0.812500
0.808333
0.812500
0.829167
0.816667
0.816667
0.820833
0.820833
0.825000
0.825000
0.816667
0.816667
0.812500
0.833333
0.825000
0.820833
0.820833
0.816667
0.833333
0.829167
0.825000
0.816667
0.820833
0.829167
0.837500
0.829167
1.616667
0.866667
0.845833
0.837500
0.829167
0.825000
0.820833
0.833333
0.829167
0.829167
0.641667
0.983333
0.845833
0.833333
0.829167
0.825000
0.820833
0.833333
0.825000
0.820833
0.812500
0.816667
0.808333
0.816667
0.820833
0.816667
0.816667
0.812500
0.816667
0.829167
0.820833
0.816667
0.812500
0.808333
0.812500
0.808333
0.808333
0.816667
0.829167
0.829167
0.829167
0.829167
0.833333
0.837500
0.837500
0.833333
0.829167
0.829167
0.841667
0.829167
0.825000
0.820833
0.816667
0.816667
0.816667
0.816667
0.816667
0.816667
0.812500
0.812500
0.808333
0.820833
0.820833
0.816667
0.808333
0.804167
0.816667
0.808333
0.808333
0.591667
1.025000
0.808333
0.804167
0.800000
0.800000
0.804167
0.804167
0.808333
0.816667
0.812500
0.808333
0.804167
0.804167
0.812500
0.829167
0.820833
0.816667
0.816667
0.825000
0.816667
0.816667
0.812500
0.816667
0.829167
0.825000
0.820833
0.820833
0.812500
0.820833
0.837500
0.829167
0.820833
0.816667
0.812500
0.816667
0.829167
0.820833
0.816667
0.812500
0.812500
0.804167
0.812500
0.812500
0.804167
0.812500
0.804167
0.808333
0.800000
0.795833
0.800000
0.812500
0.812500
0.812500
0.808333
0.808333
0.800000
0.808333
0.816667
0.812500
0.812500
0.812500
0.808333
0.808333
0.816667
0.820833
0.820833
0.816667
0.820833
0.820833
0.816667
0.825000
0.837500
0.825000
0.825000
0.816667
0.812500
0.820833
0.820833
0.816667
0.816667
0.812500
0.812500
0.825000
0.820833
0.820833
0.812500
0.812500
0.820833
0.825000
0.820833
0.816667
0.816667
0.808333
0.825000
0.816667
0.816667
0.816667
0.812500
0.808333
0.820833
0.829167
0.825000
0.816667
0.812500
0.812500
0.808333
0.820833
0.820833
0.820833
0.820833
0.825000
0.820833
0.841667
0.841667
0.833333
0.837500
0.841667
0.833333
0.841667
0.829167
0.833333
0.829167
0.825000
0.829167
0.833333
0.825000
0.841667
0.829167
0.829167
0.820833
0.820833
0.820833
0.829167
0.833333
0.833333
0.825000
0.825000
0.820833
0.833333
0.829167
0.829167
0.820833
0.825000
0.825000
0.829167
0.833333
0.829167
0.829167
0.825000
0.829167
0.829167
0.829167
0.833333
0.825000
0.829167
0.825000
0.825000
0.829167
0.837500
0.837500
0.833333
0.829167
0.833333
0.833333
0.845833
0.841667
0.837500
0.837500
0.833333
0.837500
0.845833
0.841667
0.837500
0.833333
0.833333
0.837500
0.841667
0.841667
0.833333
0.833333
0.829167
0.833333
0.837500
0.833333
0.829167
0.825000
0.825000
0.820833
0.833333
0.837500
0.833333
0.829167
0.825000
0.820833
0.816667
0.829167
0.833333
0.825000
0.825000
0.820833
0.820833
0.829167
0.820833
0.816667
0.812500
0.808333
0.808333
0.804167
0.812500
0.829167
0.825000
0.825000
0.829167
0.825000
0.837500
0.837500
0.837500
0.833333
0.833333
0.833333
0.850000
0.845833
0.841667
0.841667
0.841667
0.833333
0.841667
0.841667
0.841667
0.841667
0.833333
0.825000
0.845833
0.845833
0.841667
0.841667
0.837500
0.833333
0.833333
0.841667
0.841667
0.837500
0.833333
0.833333
0.829167
0.837500
0.829167
0.825000
0.829167
0.820833
0.820833
0.820833
0.829167
0.845833
0.837500
0.837500
0.837500
0.841667
0.845833
0.854167
0.850000
0.845833
0.841667
0.833333
0.845833
0.845833
0.841667
0.829167
0.829167
0.529167
1.100000
0.866667
0.829167
0.841667
0.833333
0.841667
0.841667
0.858333
0.858333
0.858333
0.866667
0.858333
0.854167
0.850000
0.845833
0.858333
0.850000
0.837500
0.837500
0.833333
0.841667
0.845833
0.845833
0.845833
0.845833
0.841667
0.837500
0.829167
0.833333
0.837500
0.841667
0.833333
0.825000
0.825000
0.820833
0.833333
0.833333
0.825000
0.829167
0.825000
0.825000
0.820833
0.837500
0.829167
0.833333
0.825000
0.816667
0.820833
0.820833
0.829167
0.833333
0.829167
0.820833
0.816667
0.816667
0.808333
0.812500
0.820833
0.820833
0.816667
0.808333
0.812500
0.808333
0.812500
0.820833
0.825000
0.825000
0.820833
0.812500
0.816667
0.808333
0.820833
0.825000
0.816667
0.816667
0.812500
0.812500
0.825000
0.816667
0.812500
0.812500
0.804167
0.804167
0.804167
0.812500
0.825000
0.812500
0.812500
0.804167
0.808333
0.820833
0.825000
0.820833
0.812500
0.808333
0.804167
0.804167
0.816667
0.812500
0.812500
0.804167
0.812500
0.812500
0.825000
0.829167
0.829167
0.825000
0.825000
0.816667
0.825000
0.829167
0.829167
