0.620833
0.625000
0.633333
0.637500
0.637500
0.633333
0.633333
0.629167
0.629167
0.633333
0.629167
0.629167
0.625000
0.625000
0.620833
0.620833
0.612500
0.612500
0.595833
0.645833
0.637500
0.641667
0.645833
0.641667
0.325000
0.762500
0.458333
0.766667
0.420833
0.762500
0.466667
0.754167
0.654167
0.625000
0.620833
0.625000
0.625000
0.629167
0.625000
0.625000
0.625000
0.637500
0.641667
0.645833
0.645833
0.641667
0.633333
0.625000
0.612500
0.600000
0.654167
0.629167
0.633333
0.625000
0.633333
0.629167
0.633333
0.404167
0.779167
0.391667
0.791667
0.462500
0.787500
0.683333
0.645833
0.637500
0.633333
0.641667
0.637500
0.637500
0.629167
0.633333
0.633333
0.633333
0.637500
0.633333
0.637500
0.637500
0.641667
0.641667
0.654167
0.645833
0.654167
0.654167
0.645833
0.650000
0.641667
0.641667
0.641667
0.633333
0.641667
0.641667
0.641667
0.641667
0.637500
0.641667
0.645833
0.645833
0.645833
0.637500
0.637500
0.645833
0.641667
0.641667
0.650000
0.654167
0.662500
0.658333
0.650000
0.645833
0.645833
0.641667
0.641667
0.641667
0.645833
0.637500
0.641667
0.645833
0.645833
0.645833
0.645833
0.658333
0.662500
0.666667
0.662500
0.658333
0.645833
0.641667
0.650000
0.645833
0.645833
0.641667
0.645833
0.645833
0.645833
0.641667
0.641667
0.641667
0.641667
0.637500
0.641667
0.650000
0.658333
0.658333
0.658333
0.650000
0.650000
0.650000
0.645833
0.650000
0.645833
0.641667
0.641667
0.637500
0.641667
0.645833
0.641667
0.641667
0.641667
0.637500
0.645833
0.658333
0.654167
0.658333
0.654167
0.645833
0.641667
0.645833
0.650000
0.645833
0.645833
0.645833
0.641667
0.645833
0.641667
0.633333
0.620833
0.620833
0.616667
0.629167
0.641667
0.645833
0.650000
0.654167
0.650000
0.633333
0.625000
0.625000
0.625000
0.720833
0.662500
0.654167
0.645833
0.641667
0.637500
0.633333
0.629167
0.625000
0.625000
0.629167
0.637500
0.645833
0.641667
0.637500
0.641667
0.637500
0.637500
0.629167
0.629167
0.629167
0.629167
0.625000
0.629167
0.625000
0.625000
0.620833
0.620833
0.620833
0.620833
0.633333
0.633333
0.633333
0.641667
0.629167
0.637500
0.629167
0.629167
0.629167
0.625000
0.620833
0.625000
0.625000
0.625000
0.616667
0.612500
0.616667
0.612500
0.616667
0.608333
0.629167
0.629167
0.629167
0.629167
0.625000
0.625000
0.625000
0.629167
0.637500
0.641667
0.641667
0.641667
0.641667
0.641667
0.629167
0.625000
0.625000
0.616667
0.620833
0.612500
0.612500
0.629167
0.629167
0.625000
0.629167
0.629167
0.633333
0.633333
0.633333
0.633333
0.633333
0.629167
0.637500
0.629167
0.633333
0.637500
0.637500
0.645833
0.645833
0.650000
0.641667
0.637500
0.637500
0.633333
0.629167
0.620833
0.608333
0.641667
0.637500
0.629167
0.633333
0.629167
0.625000
0.637500
0.629167
0.629167
0.629167
0.625000
0.625000
0.620833
0.629167
0.633333
0.629167
0.633333
0.637500
0.645833
0.654167
0.654167
0.650000
0.645833
0.629167
0.620833
0.620833
0.616667
0.608333
0.608333
0.612500
0.612500
0.612500
0.708333
0.658333
0.650000
0.650000
0.641667
0.645833
0.645833
0.654167
0.650000
0.654167
0.645833
0.641667
0.641667
0.637500
0.637500
0.629167
0.629167
0.625000
0.625000
0.625000
0.625000
0.625000
0.620833
0.629167
0.625000
0.625000
0.629167
0.629167
0.625000
0.629167
0.629167
0.629167
0.633333
0.629167
0.625000
0.633333
0.629167
0.641667
0.641667
0.637500
0.637500
0.625000
0.620833
0.612500
0.616667
0.629167
0.629167
0.629167
0.629167
0.625000
0.629167
0.629167
0.629167
0.629167
0.629167
0.633333
0.637500
0.645833
0.641667
0.645833
0.637500
0.637500
0.641667
0.633333
0.629167
0.633333
0.629167
0.629167
0.625000
0.629167
0.625000
0.625000
0.625000
0.625000
0.620833
0.620833
0.625000
0.625000
0.616667
0.616667
0.608333
0.633333
0.641667
0.641667
0.645833
0.645833
0.645833
0.641667
0.641667
0.637500
0.637500
0.641667
0.633333
0.633333
0.633333
0.633333
0.629167
0.629167
0.629167
0.625000
0.633333
0.641667
0.650000
0.645833
0.650000
0.645833
0.645833
0.641667
0.645833
0.645833
0.645833
0.641667
0.387500
0.800000
0.679167
0.641667
0.637500
0.641667
0.641667
0.379167
0.791667
0.366667
0.762500
0.700000
0.654167
0.641667
0.641667
0.637500
0.637500
0.633333
0.645833
0.654167
0.650000
0.654167
0.645833
0.641667
0.633333
0.641667
0.641667
0.641667
0.641667
0.637500
0.637500
0.641667
0.641667
0.637500
0.637500
0.637500
0.645833
0.654167
0.650000
0.654167
0.650000
0.641667
0.633333
0.625000
0.625000
0.641667
0.641667
0.650000
0.658333
0.662500
0.666667
0.666667
0.670833
0.670833
0.662500
0.658333
0.666667
0.666667
0.662500
0.658333
0.654167
0.650000
0.645833
0.645833
0.637500
0.633333
0.625000
0.629167
0.625000
0.629167
0.629167
0.620833
0.625000
0.625000
0.625000
0.629167
0.625000
0.625000
0.633333
0.625000
0.625000
0.620833
0.629167
0.629167
0.637500
0.633333
0.637500
0.633333
0.633333
0.629167
0.625000
0.625000
0.625000
0.625000
0.620833
0.620833
0.625000
0.625000
0.625000
0.620833
0.633333
0.629167
0.633333
0.633333
0.629167
0.629167
0.629167
0.629167
0.629167
0.625000
0.629167
0.625000
0.633333
0.637500
0.637500
0.641667
0.637500
0.637500
0.637500
0.633333
0.633333
0.629167
0.625000
0.620833
0.616667
0.612500
0.604167
0.633333
0.633333
0.629167
0.625000
0.629167
0.629167
0.637500
0.641667
0.641667
0.645833
0.641667
0.633333
0.633333
0.637500
0.633333
0.633333
0.629167
0.629167
0.629167
0.633333
0.633333
0.637500
0.633333
0.637500
0.641667
0.650000
0.654167
0.658333
0.658333
0.654167
0.645833
0.641667
0.641667
0.633333
0.633333
0.625000
0.620833
0.616667
0.645833
0.641667
0.637500
0.637500
0.641667
0.645833
0.645833
0.645833
0.641667
0.641667
0.650000
0.650000
0.654167
0.658333
0.654167
0.645833
0.637500
0.637500
0.637500
0.637500
0.641667
0.641667
0.645833
0.641667
0.645833
0.641667
0.641667
0.641667
0.637500
0.633333
0.637500
0.641667
0.645833
0.650000
0.645833
0.650000
0.645833
0.645833
0.645833
0.641667
0.641667
0.641667
0.645833
0.633333
0.637500
0.633333
0.637500
0.637500
0.637500
0.637500
0.633333
0.637500
0.641667
0.650000
0.654167
0.654167
0.645833
0.650000
0.645833
0.645833
0.637500
0.641667
0.637500
0.641667
0.637500
0.633333
0.633333
0.637500
0.641667
0.637500
0.408333
0.779167
0.650000
0.637500
0.629167
0.629167
0.633333
0.633333
0.637500
0.650000
0.645833
0.650000
0.641667
0.641667
0.637500
0.637500
0.637500
0.633333
0.629167
0.629167
0.629167
0.633333
0.637500
0.633333
0.637500
0.633333
0.641667
0.641667
0.637500
0.637500
0.629167
0.629167
0.633333
0.633333
0.633333
0.633333
0.633333
0.633333
0.633333
0.633333
0.637500
0.633333
0.637500
0.633333
0.637500
0.650000
0.654167
0.658333
0.658333
0.650000
0.637500
0.629167
0.625000
0.650000
0.654167
0.658333
0.662500
0.666667
0.662500
0.666667
0.666667
0.654167
0.650000
0.645833
0.641667
0.633333
0.662500
0.666667
0.658333
0.654167
0.645833
0.650000
0.645833
0.641667
0.633333
0.637500
0.633333
0.629167
0.625000
0.625000
0.625000
0.620833
0.625000
0.625000
0.629167
0.633333
0.637500
0.637500
0.633333
0.637500
0.633333
0.629167
0.629167
0.629167
0.620833
0.629167
0.625000
0.625000
0.625000
0.625000
0.620833
0.629167
0.629167
0.633333
0.633333
0.637500
0.629167
0.629167
0.620833
0.620833
0.625000
0.629167
0.629167
0.625000
0.629167
0.629167
0.629167
0.629167
0.629167
0.629167
0.633333
0.637500
0.641667
0.641667
0.641667
0.637500
0.637500
0.637500
0.629167
0.637500
0.633333
0.637500
0.637500
0.633333
0.637500
0.633333
0.629167
0.633333
0.629167
0.629167
0.625000
0.620833
0.625000
0.620833
0.616667
0.616667
0.608333
0.633333
0.633333
0.633333
0.641667
0.641667
0.645833
0.637500
0.633333
0.637500
0.633333
0.637500
0.633333
0.633333
0.629167
0.633333
0.633333
0.633333
0.629167
0.625000
0.641667
0.637500
0.637500
0.637500
0.637500
0.629167
0.629167
0.629167
0.629167
0.616667
0.612500
0.637500
0.641667
0.654167
0.658333
0.658333
0.654167
0.650000
0.641667
0.641667
0.641667
0.645833
0.637500
0.637500
0.637500
0.633333
0.641667
0.645833
0.645833
0.658333
0.662500
0.662500
0.658333
0.650000
0.645833
0.654167
0.650000
0.654167
0.650000
0.650000
0.645833
0.641667
0.641667
0.641667
0.645833
0.645833
0.645833
0.650000
0.645833
0.645833
0.650000
0.658333
0.662500
0.662500
0.654167
0.654167
0.650000
0.650000
0.645833
0.637500
0.633333
0.629167
0.629167
0.629167
0.629167
0.625000
0.629167
0.633333
0.629167
0.629167
0.633333
0.629167
0.629167
0.629167
0.633333
0.629167
0.625000
0.629167
0.633333
0.637500
0.645833
0.645833
0.641667
0.641667
0.629167
0.625000
0.629167
0.633333
0.629167
0.629167
0.625000
0.633333
0.629167
0.633333
0.629167
0.629167
0.629167
0.633333
0.633333
0.633333
0.637500
0.633333
0.633333
0.633333
0.633333
0.629167
0.633333
0.625000
0.637500
0.650000
0.645833
0.654167
0.650000
0.650000
0.641667
0.645833
0.641667
0.641667
0.637500
0.637500
0.633333
0.645833
0.641667
0.641667
0.633333
0.629167
0.633333
0.633333
0.633333
0.629167
0.662500
0.666667
0.654167
0.658333
0.650000
0.654167
0.645833
0.637500
0.637500
0.641667
0.641667
0.637500
0.637500
0.633333
0.633333
0.637500
0.641667
0.641667
0.645833
