0.883333
0.537500
1.041667
0.945833
0.920833
0.912500
0.904167
0.908333
0.566667
1.066667
0.937500
0.925000
0.925000
0.908333
0.887500
0.879167
0.516667
1.050000
0.941667
0.925000
0.895833
0.616667
1.066667
0.933333
0.925000
0.912500
0.912500
0.908333
0.900000
0.525000
1.037500
0.962500
0.929167
0.920833
0.904167
0.529167
1.070833
0.950000
0.525000
1.062500
0.962500
0.945833
0.516667
1.062500
0.950000
0.937500
0.920833
0.904167
0.900000
0.895833
0.904167
0.891667
0.541667
1.045833
0.966667
0.933333
0.937500
0.912500
0.566667
1.066667
0.937500
0.925000
0.925000
0.916667
0.904167
0.900000
0.516667
1.041667
0.962500
0.929167
0.904167
0.904167
0.516667
1.054167
0.933333
0.520833
1.062500
0.937500
0.933333
0.925000
0.562500
1.062500
0.941667
0.929167
0.912500
0.908333
0.908333
0.891667
0.554167
1.066667
0.958333
0.937500
0.554167
1.066667
0.950000
0.525000
1.058333
0.937500
0.925000
0.916667
0.604167
1.066667
0.945833
0.933333
0.925000
0.925000
0.908333
0.895833
0.891667
0.600000
1.083333
0.950000
0.945833
0.937500
0.604167
1.079167
0.950000
0.937500
0.908333
0.904167
0.587500
1.066667
0.945833
0.933333
0.920833
0.516667
1.050000
0.937500
0.916667
0.904167
0.545833
1.050000
0.941667
0.916667
0.554167
1.058333
0.937500
0.925000
0.516667
1.045833
0.950000
0.933333
0.920833
0.587500
1.070833
0.941667
0.941667
0.945833
0.670833
1.075000
0.941667
0.933333
0.537500
1.066667
0.945833
0.941667
0.933333
0.512500
1.058333
0.937500
0.925000
0.533333
1.054167
0.933333
0.925000
0.916667
0.925000
0.920833
0.533333
1.062500
0.950000
0.525000
1.054167
0.958333
0.525000
1.066667
0.950000
0.937500
0.529167
1.058333
0.941667
0.929167
0.525000
1.058333
0.933333
0.925000
0.916667
0.600000
1.437500
0.937500
0.933333
0.529167
1.058333
0.933333
0.933333
0.541667
1.058333
0.945833
0.550000
1.066667
0.962500
0.945833
0.929167
0.537500
1.050000
0.966667
0.937500
0.920833
0.529167
1.041667
0.962500
0.529167
1.058333
0.945833
0.937500
0.537500
1.066667
0.945833
0.941667
0.545833
1.066667
0.945833
0.941667
0.945833
0.537500
1.070833
0.941667
0.941667
0.529167
1.058333
0.945833
0.933333
0.533333
1.070833
0.550000
1.083333
0.962500
0.962500
0.537500
1.075000
0.954167
0.941667
0.554167
1.079167
0.950000
0.945833
0.933333
0.929167
0.933333
0.533333
1.062500
0.937500
0.925000
0.541667
1.058333
0.937500
0.933333
0.933333
0.541667
1.070833
0.950000
0.945833
0.554167
1.070833
0.945833
0.933333
0.541667
1.058333
0.937500
0.925000
0.925000
0.595833
1.066667
0.933333
0.933333
0.520833
1.041667
0.958333
0.933333
0.916667
0.541667
1.062500
0.937500
0.929167
0.925000
0.916667
0.920833
0.520833
1.058333
0.941667
0.525000
1.058333
0.941667
0.941667
0.525000
1.058333
0.950000
0.937500
0.929167
0.625000
1.075000
0.945833
0.950000
0.537500
1.079167
0.954167
0.945833
0.941667
0.587500
1.075000
0.950000
0.937500
0.529167
1.066667
0.954167
0.929167
0.916667
0.925000
0.916667
0.516667
1.037500
0.966667
0.937500
0.525000
1.066667
0.950000
0.945833
0.545833
1.070833
0.954167
0.950000
0.533333
1.070833
0.945833
0.941667
0.529167
1.066667
0.937500
0.929167
0.929167
0.537500
1.066667
0.941667
0.941667
0.516667
1.054167
0.937500
0.937500
0.616667
1.075000
0.945833
0.941667
0.525000
1.070833
0.950000
0.941667
0.550000
1.062500
0.950000
0.520833
1.058333
0.941667
0.937500
0.533333
1.058333
0.545833
1.079167
1.600000
0.950000
0.945833
0.937500
0.529167
1.062500
0.945833
0.933333
0.925000
0.537500
1.058333
0.945833
0.937500
0.937500
0.541667
1.058333
0.941667
0.933333
0.933333
0.545833
1.054167
0.945833
0.933333
0.533333
1.062500
0.950000
0.937500
0.933333
0.587500
1.070833
0.937500
0.933333
0.525000
1.054167
0.945833
0.520833
1.062500
0.945833
0.525000
1.066667
0.941667
0.933333
0.537500
1.066667
0.950000
0.945833
0.937500
0.550000
1.066667
0.937500
0.925000
0.925000
0.912500
0.908333
0.904167
0.895833
0.891667
0.520833
1.037500
0.941667
0.933333
0.545833
1.054167
0.958333
0.941667
0.516667
1.058333
0.533333
1.066667
0.945833
0.933333
0.933333
0.929167
0.516667
1.066667
0.941667
0.929167
0.929167
0.554167
1.058333
0.929167
0.916667
0.908333
0.550000
1.045833
0.937500
0.916667
0.920833
0.537500
1.054167
0.945833
0.933333
0.925000
0.529167
1.062500
0.937500
0.933333
0.920833
0.583333
1.062500
0.933333
0.925000
0.562500
1.062500
0.945833
0.945833
0.608333
1.083333
0.529167
1.075000
0.945833
0.937500
0.529167
1.066667
0.950000
0.937500
0.545833
1.070833
0.950000
0.516667
1.058333
0.962500
0.941667
0.604167
1.095833
0.945833
0.554167
1.079167
0.950000
0.945833
0.533333
1.070833
0.950000
0.933333
0.537500
1.058333
0.945833
0.933333
0.579167
1.070833
0.941667
0.525000
1.070833
0.945833
0.945833
0.562500
1.083333
0.958333
0.950000
0.533333
1.075000
0.954167
0.941667
0.529167
1.075000
0.958333
0.933333
0.550000
0.908333
0.908333
0.266667
0.237500
0.354167
0.795833
0.358333
0.254167
0.520833
0.462500
0.879167
0.529167
0.995833
0.883333
0.862500
0.529167
1.004167
0.904167
0.537500
0.991667
0.908333
0.887500
0.525000
0.991667
0.525000
1.008333
0.908333
0.895833
0.537500
1.020833
0.916667
0.904167
0.541667
1.041667
0.929167
0.916667
0.562500
1.054167
0.937500
0.520833
1.045833
0.954167
0.529167
1.075000
0.958333
0.954167
0.958333
0.962500
0.525000
1.062500
0.979167
0.529167
1.091667
0.975000
0.966667
0.520833
1.062500
0.991667
0.529167
1.070833
0.966667
0.954167
0.537500
1.079167
0.958333
0.954167
0.583333
1.083333
0.975000
0.950000
0.537500
1.066667
0.945833
0.525000
1.066667
0.945833
0.950000
0.625000
1.087500
0.950000
0.950000
0.954167
0.529167
1.066667
0.954167
0.954167
0.937500
0.629167
1.100000
0.958333
0.525000
1.070833
0.962500
0.958333
0.954167
0.941667
0.525000
1.062500
0.987500
0.970833
0.541667
1.087500
0.970833
0.966667
0.525000
1.083333
0.970833
0.954167
0.529167
1.075000
0.954167
0.937500
0.537500
1.075000
0.962500
0.950000
0.533333
1.083333
0.958333
0.950000
0.941667
0.629167
1.087500
0.945833
0.945833
0.954167
0.933333
0.929167
0.920833
0.920833
0.541667
1.079167
0.950000
0.941667
0.533333
1.066667
0.954167
0.929167
0.525000
1.075000
0.958333
0.516667
1.058333
0.962500
0.525000
1.062500
0.954167
0.525000
1.062500
0.958333
0.962500
0.520833
1.066667
0.937500
0.929167
0.920833
0.537500
1.058333
0.937500
0.912500
0.445833
0.287500
0.158333
0.516667
1.004167
0.887500
0.875000
0.879167
0.533333
0.466667
0.520833
0.433333
0.416667
0.929167
0.525000
0.995833
0.900000
0.929167
0.408333
0.579167
0.645833
0.362500
0.629167
0.516667
1.070833
0.304167
0.337500
0.258333
0.325000
0.850000
0.170833
0.304167
1.162500
0.900000
0.954167
0.429167
0.612500
0.366667
0.925000
0.320833
0.550000
0.341667
1.133333
