0.691667
0.716667
0.741667
0.670833
0.870833
0.675000
0.662500
0.625000
0.604167
0.650000
0.716667
0.725000
0.700000
0.733333
0.750000
0.866667
0.775000
0.866667
0.691667
0.720833
0.687500
0.733333
0.829167
1.666667
0.679167
0.725000
1.700000
0.708333
0.741667
0.670833
0.787500
0.820833
1.279167
0.762500
0.737500
0.916667
0.625000
0.662500
0.787500
0.662500
0.691667
0.741667
1.537500
0.708333
0.741667
1.675000
0.704167
0.770833
0.879167
0.725000
0.687500
0.787500
0.737500
1.695833
0.712500
0.666667
0.887500
0.816667
0.695833
0.700000
0.729167
0.775000
0.691667
0.795833
0.770833
0.745833
0.691667
1.737500
0.766667
0.662500
0.716667
0.858333
0.591667
0.583333
1.700000
0.683333
0.679167
0.716667
0.716667
0.720833
0.650000
0.787500
0.662500
0.650000
2.541667
0.679167
0.783333
0.725000
0.687500
0.637500
0.750000
0.716667
0.712500
0.783333
0.795833
1.679167
0.679167
0.625000
0.891667
0.725000
0.683333
0.733333
0.633333
0.745833
0.679167
0.712500
0.754167
0.716667
0.779167
0.758333
0.750000
0.645833
0.741667
0.854167
0.712500
0.866667
0.683333
0.670833
0.754167
0.704167
0.716667
0.695833
0.820833
0.933333
0.654167
0.654167
0.712500
0.670833
0.783333
0.687500
0.666667
0.704167
0.779167
0.762500
0.812500
0.662500
0.695833
0.762500
0.733333
0.795833
0.633333
0.662500
0.654167
1.700000
0.700000
0.691667
0.704167
0.679167
0.691667
0.850000
1.425000
0.216667
0.737500
0.804167
0.750000
0.720833
0.604167
0.720833
0.679167
0.825000
1.087500
1.416667
0.629167
0.891667
0.675000
0.704167
0.708333
0.708333
0.870833
0.800000
0.712500
0.779167
0.675000
0.500000
0.679167
0.704167
0.700000
0.783333
0.708333
0.654167
0.712500
0.700000
0.716667
0.616667
0.604167
0.645833
0.779167
0.658333
0.787500
0.658333
0.825000
0.604167
1.375000
0.300000
0.820833
0.675000
0.629167
0.787500
0.612500
1.120833
0.675000
0.808333
0.758333
0.658333
0.641667
0.683333
0.641667
0.791667
0.641667
0.870833
0.779167
0.725000
0.762500
0.858333
0.737500
0.687500
0.716667
0.758333
0.704167
0.670833
0.733333
0.737500
0.683333
0.625000
0.658333
0.695833
1.720833
0.795833
0.616667
1.637500
0.670833
0.704167
0.791667
0.708333
0.712500
0.704167
0.745833
0.704167
0.600000
0.737500
0.700000
0.666667
0.658333
0.695833
0.658333
0.620833
0.795833
0.870833
0.604167
2.491667
0.825000
0.695833
0.704167
0.704167
0.650000
0.737500
0.754167
0.725000
0.733333
0.725000
0.675000
0.787500
0.779167
0.754167
0.733333
0.775000
0.691667
0.800000
0.762500
0.704167
0.770833
0.675000
0.691667
0.725000
0.670833
0.716667
0.737500
0.737500
0.858333
0.679167
0.658333
0.700000
0.687500
0.683333
0.804167
0.612500
0.691667
0.612500
0.729167
1.470833
0.691667
0.695833
0.725000
0.887500
0.733333
0.750000
0.879167
0.687500
0.679167
0.775000
1.254167
0.704167
0.750000
0.654167
0.637500
0.712500
0.679167
1.229167
2.175000
0.737500
0.770833
0.641667
0.783333
0.595833
0.683333
0.725000
0.687500
0.737500
0.825000
0.758333
0.745833
0.791667
0.670833
0.741667
1.708333
0.800000
1.679167
0.695833
0.670833
0.650000
0.812500
0.795833
0.787500
0.745833
0.737500
0.670833
0.616667
0.754167
0.762500
0.683333
0.758333
0.729167
0.720833
0.704167
0.691667
0.695833
0.716667
0.712500
0.683333
0.691667
0.454167
0.266667
0.708333
0.745833
0.850000
0.762500
0.737500
0.675000
0.683333
0.733333
0.704167
0.729167
0.654167
0.750000
0.720833
0.679167
0.791667
0.616667
1.704167
0.770833
0.791667
0.720833
0.679167
0.808333
0.766667
0.712500
0.750000
0.837500
0.670833
0.679167
0.637500
0.629167
0.683333
0.725000
0.583333
0.645833
0.700000
0.650000
0.733333
0.695833
0.745833
0.779167
0.804167
0.904167
0.745833
0.620833
0.612500
0.866667
0.620833
0.825000
1.391667
0.779167
0.662500
0.679167
0.608333
0.691667
0.737500
0.729167
0.629167
0.791667
0.712500
0.804167
0.700000
0.641667
0.587500
0.695833
0.683333
0.666667
0.900000
0.670833
0.679167
0.687500
0.845833
0.775000
0.695833
0.687500
0.695833
0.870833
0.737500
0.704167
0.712500
0.670833
0.729167
0.633333
0.716667
0.745833
0.750000
0.670833
0.712500
0.766667
0.600000
0.720833
0.716667
0.650000
0.712500
0.762500
0.670833
0.883333
0.641667
0.762500
0.841667
0.729167
0.654167
0.741667
0.733333
0.666667
0.716667
0.675000
0.704167
0.704167
0.691667
0.729167
0.712500
0.779167
0.645833
0.691667
0.779167
0.720833
0.566667
0.691667
0.850000
0.687500
0.695833
0.670833
0.712500
0.704167
0.675000
0.712500
0.641667
0.770833
0.762500
0.716667
0.758333
0.737500
0.716667
0.679167
0.687500
0.637500
0.658333
0.758333
0.762500
0.845833
0.612500
0.808333
0.654167
0.800000
0.737500
0.783333
0.633333
0.637500
0.654167
0.850000
0.858333
0.775000
0.745833
0.700000
0.729167
0.733333
0.850000
0.816667
0.641667
0.758333
0.712500
0.687500
0.729167
0.712500
0.725000
0.700000
0.708333
0.725000
0.687500
0.741667
0.645833
0.687500
0.725000
0.741667
0.791667
0.691667
0.804167
0.658333
0.750000
0.645833
1.779167
0.637500
0.720833
0.729167
0.775000
0.641667
1.554167
0.654167
0.637500
0.608333
0.700000
0.675000
1.679167
0.687500
0.800000
0.804167
0.837500
0.862500
0.662500
0.812500
0.679167
0.625000
0.779167
0.654167
0.679167
0.675000
0.687500
0.720833
0.770833
0.862500
0.675000
0.591667
0.695833
0.820833
0.808333
0.700000
0.670833
0.729167
0.750000
0.733333
0.429167
0.337500
0.754167
0.679167
0.758333
0.704167
0.466667
0.858333
0.708333
0.845833
0.762500
1.391667
0.708333
0.700000
0.758333
0.683333
0.762500
0.616667
0.641667
0.750000
0.616667
1.250000
0.650000
0.233333
0.779167
0.820833
1.100000
0.358333
0.529167
0.329167
0.587500
0.908333
0.708333
0.612500
0.250000
0.258333
0.900000
0.754167
0.679167
0.745833
0.712500
0.666667
0.741667
0.729167
0.700000
0.687500
0.629167
0.750000
0.841667
0.729167
0.712500
0.683333
0.641667
0.791667
0.762500
0.879167
0.675000
0.833333
0.679167
0.866667
0.800000
0.808333
0.729167
0.625000
0.741667
0.612500
0.920833
0.395833
0.266667
0.679167
0.666667
0.629167
0.670833
0.683333
0.708333
0.620833
0.770833
0.683333
0.704167
0.595833
0.633333
0.712500
0.775000
0.704167
0.637500
0.729167
0.837500
0.762500
0.745833
0.725000
0.770833
0.854167
0.700000
0.720833
0.754167
0.712500
0.733333
0.662500
0.645833
1.425000
1.100000
0.641667
0.700000
0.841667
0.670833
0.666667
0.758333
0.608333
0.629167
0.708333
0.695833
0.670833
0.670833
0.795833
0.625000
0.691667
0.833333
0.687500
1.662500
0.766667
0.770833
0.233333
0.529167
0.795833
0.629167
0.712500
0.712500
0.900000
0.666667
0.670833
0.691667
0.633333
0.900000
0.695833
0.166667
0.479167
0.812500
0.670833
0.720833
0.704167
0.758333
0.641667
0.695833
0.720833
0.720833
0.208333
0.420833
0.675000
0.650000
0.858333
0.687500
0.700000
0.712500
0.691667
0.795833
0.725000
0.645833
0.687500
0.725000
0.625000
0.720833
0.762500
0.758333
0.750000
0.683333
0.691667
0.683333
0.737500
1.629167
0.791667
0.804167
0.675000
0.679167
0.762500
0.675000
0.670833
0.650000
0.666667
0.620833
0.804167
0.645833
0.712500
0.754167
0.741667
0.800000
0.675000
0.712500
0.729167
0.787500
0.704167
0.662500
0.725000
0.729167
0.679167
0.791667
0.666667
0.737500
0.620833
0.787500
0.712500
0.858333
0.662500
0.645833
0.633333
0.675000
0.700000
0.712500
0.758333
0.633333
0.762500
0.745833
0.766667
0.745833
0.704167
0.712500
0.695833
0.708333
0.820833
0.729167
0.658333
0.758333
0.629167
0.716667
0.812500
0.662500
0.716667
0.695833
0.658333
0.712500
0.783333
0.633333
0.904167
0.808333
0.662500
0.883333
0.737500
0.637500
0.716667
0.700000
0.687500
0.616667
0.595833
2.675000
0.812500
0.604167
0.679167
0.741667
0.708333
0.762500
0.820833
0.787500
0.733333
0.666667
0.683333
0.675000
0.700000
0.779167
0.754167
