0.604167
0.600000
0.600000
0.600000
0.600000
0.600000
0.600000
0.600000
0.600000
0.600000
0.595833
0.604167
0.591667
0.591667
0.604167
0.600000
0.604167
0.600000
0.600000
0.600000
0.600000
0.591667
0.608333
0.600000
0.600000
0.600000
0.600000
0.470833
0.729167
0.604167
0.595833
0.604167
0.600000
0.587500
0.604167
0.500000
0.704167
0.604167
0.595833
0.600000
0.600000
0.604167
0.454167
0.745833
0.604167
0.600000
0.595833
0.600000
0.600000
0.600000
0.600000
0.600000
0.595833
0.600000
0.600000
0.600000
0.600000
0.600000
0.600000
0.600000
0.600000
0.600000
0.600000
0.600000
0.600000
0.600000
0.604167
0.591667
0.595833
0.604167
0.600000
0.604167
0.600000
0.604167
0.600000
0.604167
0.600000
0.600000
0.604167
0.600000
0.600000
0.412500
0.791667
0.608333
0.595833
0.600000
0.604167
0.587500
0.525000
0.683333
0.604167
0.600000
0.600000
0.600000
0.604167
0.600000
0.600000
0.600000
0.600000
0.604167
0.600000
0.600000
0.600000
0.600000
0.600000
0.600000
0.600000
0.587500
0.604167
0.604167
0.604167
0.600000
0.604167
0.600000
0.604167
0.600000
0.600000
0.604167
0.600000
0.604167
0.600000
0.604167
0.600000
0.600000
0.604167
0.600000
0.600000
0.604167
0.600000
0.600000
0.604167
0.600000
0.604167
0.600000
0.604167
0.600000
0.604167
0.600000
0.604167
0.600000
0.604167
0.604167
0.604167
0.604167
0.604167
0.604167
0.600000
0.604167
0.604167
0.604167
0.604167
0.604167
0.591667
0.608333
0.604167
0.604167
0.608333
0.604167
0.604167
0.604167
0.600000
0.604167
0.604167
0.570833
0.633333
0.604167
0.604167
0.600000
0.604167
0.600000
0.604167
0.600000
0.600000
0.591667
0.608333
0.604167
0.604167
0.604167
0.600000
0.604167
0.600000
0.604167
0.600000
0.604167
0.608333
0.600000
0.604167
0.600000
0.600000
0.604167
0.600000
0.604167
0.604167
0.600000
0.600000
0.604167
0.600000
0.604167
0.591667
0.483333
0.729167
0.604167
0.600000
0.604167
0.604167
0.604167
0.600000
0.604167
0.600000
0.604167
0.600000
0.604167
0.600000
0.600000
0.600000
0.604167
0.600000
0.600000
0.604167
0.600000
0.600000
0.600000
0.604167
0.600000
0.600000
0.600000
0.600000
0.604167
0.600000
0.600000
0.600000
0.604167
0.600000
0.604167
0.600000
0.604167
0.600000
0.604167
0.600000
0.604167
0.600000
0.604167
0.604167
0.600000
0.604167
0.604167
0.604167
0.604167
0.600000
0.604167
0.604167
0.608333
0.595833
0.600000
0.608333
0.608333
0.425000
0.787500
0.612500
0.604167
0.604167
0.604167
0.604167
0.604167
0.604167
0.604167
0.604167
0.604167
0.604167
0.604167
0.604167
0.600000
0.604167
0.604167
0.604167
0.600000
0.604167
0.600000
0.512500
0.687500
0.608333
0.604167
0.600000
0.604167
0.604167
0.600000
0.604167
0.604167
0.600000
0.604167
0.600000
0.600000
0.604167
0.600000
0.600000
0.604167
0.600000
0.600000
0.604167
0.600000
0.604167
0.600000
0.604167
0.600000
0.604167
0.600000
0.604167
0.600000
0.604167
0.600000
0.604167
0.600000
0.604167
0.604167
0.604167
0.600000
0.604167
0.604167
0.604167
0.604167
0.600000
0.604167
0.604167
0.604167
0.604167
0.604167
0.604167
0.604167
0.600000
0.604167
0.604167
0.604167
0.604167
0.604167
0.604167
0.591667
0.608333
0.608333
0.604167
0.608333
0.604167
0.604167
0.608333
0.604167
0.604167
0.604167
0.608333
0.604167
0.604167
0.604167
0.604167
0.604167
0.604167
0.604167
0.604167
0.604167
0.608333
0.604167
0.604167
0.604167
0.604167
0.604167
0.604167
0.608333
0.604167
0.604167
0.604167
0.604167
0.604167
0.608333
0.604167
0.604167
0.604167
0.604167
0.608333
0.604167
0.604167
0.604167
0.608333
0.604167
0.608333
0.604167
0.595833
0.487500
0.733333
0.612500
0.604167
0.608333
0.604167
0.608333
0.608333
0.604167
0.608333
0.604167
0.604167
0.608333
0.604167
0.604167
0.604167
0.608333
0.604167
0.604167
0.604167
0.608333
0.604167
0.604167
0.604167
0.608333
0.604167
0.608333
0.604167
0.608333
0.604167
0.604167
0.608333
0.604167
0.600000
0.491667
0.725000
0.612500
0.604167
0.608333
0.608333
0.604167
0.608333
0.604167
0.608333
0.604167
0.604167
0.608333
0.604167
0.604167
0.604167
0.604167
0.608333
0.604167
0.604167
0.604167
0.604167
0.604167
0.595833
0.562500
0.650000
0.604167
0.604167
0.608333
0.604167
0.604167
0.604167
0.604167
0.604167
0.604167
0.604167
0.604167
0.604167
0.604167
0.604167
0.604167
0.600000
0.604167
0.604167
0.604167
0.604167
0.600000
0.604167
0.604167
0.566667
0.641667
0.604167
0.604167
0.600000
0.591667
0.516667
0.700000
0.608333
0.604167
0.604167
0.604167
0.604167
0.604167
0.604167
0.604167
0.604167
0.600000
0.604167
0.604167
0.604167
0.600000
0.604167
0.604167
0.604167
0.604167
0.600000
0.604167
0.604167
0.604167
0.604167
0.604167
0.600000
0.604167
0.604167
0.604167
0.608333
0.600000
0.608333
0.604167
0.604167
0.604167
0.604167
0.608333
0.604167
0.604167
0.608333
0.604167
0.604167
0.608333
0.604167
0.608333
0.604167
0.608333
0.604167
0.608333
0.604167
0.608333
0.604167
0.600000
0.504167
0.712500
0.612500
0.404167
0.808333
0.616667
0.604167
0.608333
0.608333
0.604167
0.608333
0.604167
0.608333
0.604167
0.608333
0.604167
0.604167
0.608333
0.604167
0.604167
0.608333
0.604167
0.604167
0.608333
0.604167
0.604167
0.608333
0.604167
0.608333
0.604167
0.604167
0.608333
0.604167
0.604167
0.595833
0.608333
0.608333
0.608333
0.608333
0.604167
0.608333
0.604167
0.608333
0.604167
0.608333
0.604167
0.604167
0.608333
0.604167
0.604167
0.604167
0.608333
0.604167
0.604167
0.608333
0.604167
0.604167
0.604167
0.608333
0.604167
0.604167
0.608333
0.604167
0.608333
0.604167
0.608333
0.591667
0.495833
0.725000
0.612500
0.604167
0.608333
0.608333
0.604167
0.608333
0.608333
0.604167
0.608333
0.604167
0.604167
0.608333
0.604167
0.604167
0.608333
0.604167
0.604167
0.608333
0.604167
0.604167
0.608333
0.604167
0.604167
0.604167
0.608333
0.604167
0.604167
0.608333
0.604167
0.608333
0.604167
0.608333
0.604167
0.608333
0.604167
0.608333
0.608333
0.608333
0.604167
0.608333
0.608333
0.600000
0.525000
0.691667
0.608333
0.608333
0.608333
0.608333
0.604167
0.608333
0.604167
0.608333
0.604167
0.608333
0.604167
0.608333
0.604167
0.608333
0.604167
0.604167
0.604167
0.608333
0.604167
0.608333
0.604167
0.604167
0.608333
0.604167
0.604167
0.608333
0.595833
0.512500
0.704167
0.612500
0.604167
0.608333
0.604167
0.608333
0.604167
0.604167
0.608333
0.604167
0.608333
0.604167
0.604167
0.604167
0.604167
0.608333
0.604167
0.604167
0.604167
0.604167
0.604167
0.608333
0.604167
0.604167
0.604167
0.604167
0.604167
0.608333
0.604167
0.604167
0.608333
0.604167
0.604167
0.604167
0.608333
0.604167
0.604167
0.608333
0.604167
0.604167
0.608333
0.604167
0.608333
0.604167
0.595833
0.608333
0.608333
0.608333
0.608333
0.604167
0.608333
0.608333
0.604167
0.608333
0.604167
0.608333
0.604167
0.608333
0.604167
0.608333
0.604167
0.604167
0.608333
0.604167
0.583333
0.533333
0.491667
0.487500
0.491667
0.491667
0.491667
0.487500
0.487500
0.487500
0.479167
0.616667
0.741667
0.637500
0.616667
0.616667
0.612500
0.608333
0.612500
0.608333
0.612500
0.608333
0.608333
0.612500
0.608333
0.608333
0.608333
0.608333
0.608333
0.608333
0.608333
0.608333
0.608333
0.608333
0.604167
0.608333
0.608333
0.608333
0.604167
0.608333
0.608333
0.483333
0.733333
0.608333
0.608333
0.604167
0.612500
0.600000
0.600000
0.612500
0.608333
0.608333
0.608333
0.608333
0.608333
0.608333
0.608333
0.608333
0.608333
0.608333
0.608333
0.608333
0.604167
0.608333
0.608333
0.608333
0.604167
0.608333
0.608333
0.604167
0.608333
0.608333
0.608333
0.595833
0.475000
0.745833
0.612500
0.608333
0.608333
0.604167
0.608333
0.608333
0.608333
0.604167
0.608333
0.608333
0.604167
0.608333
0.604167
0.608333
0.604167
0.604167
0.608333
0.604167
0.608333
0.591667
0.612500
0.608333
0.604167
0.608333
0.608333
0.604167
0.604167
0.608333
0.604167
0.604167
0.608333
0.604167
0.604167
0.604167
0.608333
0.604167
0.604167
0.604167
0.608333
0.591667
0.608333
0.608333
0.608333
0.604167
0.608333
0.604167
0.604167
0.608333
0.604167
0.604167
0.604167
0.604167
0.604167
0.608333
0.604167
0.604167
0.604167
0.604167
0.604167
0.595833
0.491667
0.720833
0.608333
0.604167
0.608333
0.608333
0.604167
0.608333
0.604167
0.604167
0.608333
0.604167
0.604167
0.608333
0.604167
0.604167
0.608333
0.591667
0.616667
0.604167
0.604167
0.608333
0.604167
0.604167
0.604167
0.608333
0.604167
0.604167
0.608333
0.604167
0.608333
0.604167
0.608333
0.604167
0.608333
0.608333
0.604167
0.608333
0.608333
0.604167
0.612500
0.604167
0.608333
0.608333
0.608333
0.608333
0.604167
0.608333
0.608333
0.608333
0.608333
0.608333
0.608333
0.604167
0.608333
0.608333
0.608333
0.608333
0.608333
0.608333
0.608333
0.608333
0.608333
0.608333
0.600000
0.604167
0.612500
0.608333
0.608333
0.608333
0.608333
0.608333
0.608333
0.608333
0.608333
0.608333
0.604167
0.608333
0.608333
0.604167
0.608333
0.604167
0.608333
0.604167
0.608333
0.595833
0.608333
0.608333
0.608333
0.608333
0.608333
0.604167
0.608333
0.604167
0.608333
0.604167
0.604167
0.604167
0.608333
0.604167
0.604167
0.604167
0.604167
0.604167
0.604167
0.604167
0.604167
0.608333
0.604167
0.604167
0.604167
0.604167
0.604167
0.604167
0.608333
0.525000
0.683333
0.608333
0.604167
0.604167
0.608333
0.604167
0.608333
0.604167
0.604167
0.608333
0.604167
0.608333
0.604167
0.608333
0.608333
0.595833
0.500000
0.716667
0.612500
0.604167
0.608333
0.608333
0.608333
0.608333
0.604167
0.608333
0.608333
0.604167
0.608333
0.604167
0.608333
0.608333
0.604167
0.608333
0.604167
0.604167
0.608333
0.604167
0.604167
0.608333
0.604167
0.595833
0.545833
0.670833
0.608333
0.608333
0.604167
0.608333
0.604167
0.608333
