0.679167
0.675000
0.675000
0.675000
0.675000
0.675000
0.670833
0.670833
0.670833
0.666667
0.666667
0.675000
0.666667
0.670833
0.670833
0.675000
0.675000
0.675000
0.679167
0.679167
0.679167
0.683333
0.683333
0.687500
0.687500
0.687500
0.695833
0.683333
0.691667
0.683333
0.683333
0.683333
0.687500
0.679167
0.683333
0.683333
0.679167
0.683333
0.512500
0.850000
0.683333
0.687500
0.679167
0.683333
0.675000
0.683333
0.683333
0.683333
0.687500
0.687500
0.683333
0.683333
0.683333
0.675000
0.679167
0.670833
0.675000
0.670833
0.675000
0.670833
0.670833
0.675000
0.670833
0.675000
0.670833
0.675000
0.679167
0.670833
0.675000
0.670833
0.675000
0.670833
0.675000
0.670833
0.666667
0.666667
0.662500
0.666667
0.666667
0.666667
0.662500
0.662500
0.662500
0.666667
0.670833
0.666667
0.666667
0.666667
0.675000
0.666667
0.666667
0.662500
0.662500
0.662500
0.662500
0.662500
0.662500
0.662500
0.662500
0.658333
0.658333
0.662500
0.662500
0.662500
0.658333
0.662500
0.654167
0.662500
0.658333
0.662500
0.662500
0.662500
0.666667
0.662500
0.666667
0.666667
0.666667
0.666667
0.662500
0.662500
0.662500
0.662500
0.658333
0.658333
0.662500
0.662500
0.662500
0.658333
0.662500
0.666667
0.662500
0.670833
0.670833
0.666667
0.670833
0.666667
0.670833
0.670833
0.670833
0.670833
0.666667
0.675000
0.675000
0.670833
0.675000
0.675000
0.679167
0.675000
0.683333
0.679167
0.679167
0.675000
0.679167
0.679167
0.683333
0.679167
0.675000
0.670833
0.675000
0.675000
0.679167
0.679167
0.679167
0.679167
0.675000
0.683333
0.683333
0.683333
0.679167
0.679167
0.683333
0.675000
0.675000
0.670833
0.670833
0.670833
0.670833
0.666667
0.670833
0.670833
0.575000
0.750000
0.675000
0.679167
0.670833
0.666667
0.670833
0.666667
0.666667
0.670833
0.495833
0.812500
0.679167
0.670833
0.675000
0.670833
0.666667
0.675000
0.670833
0.670833
0.670833
0.666667
0.670833
0.670833
0.670833
0.679167
0.679167
0.683333
0.679167
0.683333
0.679167
0.683333
0.679167
0.679167
0.675000
0.675000
0.679167
0.670833
0.670833
0.670833
0.670833
0.666667
0.666667
0.662500
0.666667
0.658333
0.662500
0.666667
0.662500
0.666667
0.662500
0.662500
0.662500
0.666667
0.658333
0.658333
0.658333
0.658333
0.662500
0.658333
0.658333
0.658333
0.658333
0.658333
0.666667
0.662500
0.662500
0.666667
0.666667
0.670833
0.675000
0.670833
0.675000
0.675000
0.679167
0.679167
0.679167
0.675000
0.675000
0.675000
0.675000
0.679167
0.670833
0.670833
0.670833
0.666667
0.670833
0.670833
0.670833
0.670833
0.670833
0.670833
0.670833
0.670833
0.670833
0.670833
0.670833
0.675000
0.675000
0.675000
0.675000
0.670833
0.666667
0.675000
0.670833
0.675000
0.675000
0.670833
0.675000
0.675000
0.675000
0.675000
0.675000
0.679167
0.683333
0.679167
0.679167
0.683333
0.679167
0.683333
0.679167
0.683333
0.679167
0.683333
0.679167
0.675000
0.679167
0.679167
0.679167
0.675000
0.670833
0.675000
0.670833
0.670833
0.666667
0.662500
0.666667
0.662500
0.666667
0.666667
0.666667
0.666667
0.670833
0.670833
0.675000
0.675000
0.683333
0.683333
0.679167
0.687500
0.683333
0.683333
0.683333
0.675000
0.675000
0.675000
0.675000
0.675000
0.670833
0.670833
0.670833
0.670833
0.670833
0.675000
0.670833
0.675000
0.670833
0.675000
0.670833
0.670833
0.675000
0.675000
0.675000
0.675000
0.679167
0.679167
0.683333
0.683333
0.683333
0.687500
0.679167
0.683333
0.683333
0.679167
0.566667
0.787500
0.679167
0.683333
0.679167
0.683333
0.683333
0.683333
0.675000
0.679167
0.675000
0.675000
0.675000
0.675000
0.679167
0.675000
0.670833
0.675000
0.675000
0.670833
0.675000
0.670833
0.675000
0.670833
0.679167
0.675000
0.679167
0.683333
0.675000
0.679167
0.679167
0.683333
0.675000
0.679167
0.679167
0.675000
0.675000
0.679167
0.679167
0.675000
0.670833
0.679167
0.675000
0.675000
0.675000
0.675000
0.675000
0.675000
0.679167
0.679167
0.679167
0.675000
0.679167
0.675000
0.679167
0.679167
0.675000
0.679167
0.679167
0.675000
0.683333
0.679167
0.675000
0.683333
0.687500
0.683333
0.687500
0.491667
0.879167
0.691667
0.687500
0.683333
0.687500
0.679167
0.683333
0.683333
0.679167
0.679167
0.679167
0.679167
0.683333
0.683333
0.679167
0.679167
0.683333
0.679167
0.675000
0.683333
0.679167
0.675000
0.500000
0.854167
0.687500
0.683333
0.679167
0.679167
0.675000
0.670833
0.675000
0.670833
0.670833
0.670833
0.666667
0.670833
0.670833
0.670833
0.670833
0.666667
0.666667
0.670833
0.666667
0.666667
0.675000
0.670833
0.670833
0.679167
0.675000
0.675000
0.675000
0.679167
0.679167
0.683333
0.683333
0.687500
0.683333
0.683333
0.687500
0.683333
0.683333
0.683333
0.679167
0.683333
0.683333
0.683333
0.679167
0.679167
0.679167
0.679167
0.683333
0.679167
0.679167
0.679167
0.679167
0.683333
0.675000
0.679167
0.679167
0.675000
0.679167
0.675000
0.679167
0.675000
0.683333
0.679167
0.579167
0.783333
0.687500
0.679167
0.687500
0.683333
0.683333
0.683333
0.687500
0.687500
0.687500
0.687500
0.691667
0.687500
0.691667
0.695833
0.695833
0.695833
0.695833
0.695833
0.700000
0.704167
0.700000
0.695833
0.700000
0.695833
0.695833
0.695833
0.700000
0.695833
0.695833
0.691667
0.691667
0.691667
0.683333
0.691667
0.687500
0.687500
0.687500
0.691667
0.687500
0.687500
0.695833
0.691667
0.695833
0.691667
0.691667
0.687500
0.683333
0.683333
0.679167
0.679167
0.683333
0.687500
0.683333
0.683333
0.683333
0.683333
0.687500
0.687500
0.687500
0.683333
0.687500
0.687500
0.525000
0.837500
0.687500
0.679167
0.679167
0.683333
0.683333
0.679167
0.679167
0.679167
0.679167
0.683333
0.679167
0.679167
0.675000
0.675000
0.679167
0.675000
0.679167
0.675000
0.675000
0.675000
0.683333
0.675000
0.679167
0.679167
0.679167
0.679167
0.683333
0.679167
0.683333
0.679167
0.679167
0.683333
0.491667
0.875000
0.691667
0.683333
0.683333
0.687500
0.529167
0.833333
0.691667
0.683333
0.683333
0.691667
0.691667
0.695833
0.695833
0.700000
0.700000
0.695833
0.691667
0.695833
0.691667
0.687500
0.495833
0.879167
0.687500
0.687500
0.679167
0.683333
0.683333
0.679167
0.679167
0.683333
0.683333
0.679167
0.687500
0.687500
0.683333
0.683333
0.679167
0.683333
0.683333
0.679167
0.679167
0.683333
0.679167
0.683333
0.687500
0.683333
0.687500
0.683333
0.691667
0.687500
0.691667
0.687500
0.691667
0.691667
0.695833
0.695833
0.545833
0.845833
0.700000
0.704167
0.700000
0.691667
0.695833
0.691667
0.691667
0.683333
0.691667
0.683333
0.687500
0.683333
0.683333
0.687500
0.687500
0.687500
0.679167
0.683333
0.683333
0.679167
0.683333
0.683333
0.683333
0.683333
0.687500
0.687500
0.683333
0.683333
0.683333
0.679167
0.679167
0.679167
0.675000
0.554167
0.766667
0.691667
0.683333
0.679167
0.679167
0.679167
0.495833
0.870833
0.687500
0.683333
0.679167
0.683333
0.491667
0.875000
0.687500
0.683333
0.691667
0.687500
0.683333
0.691667
0.691667
0.695833
0.687500
0.691667
0.687500
0.683333
0.687500
0.683333
0.683333
0.679167
0.679167
0.679167
0.683333
0.683333
0.683333
0.679167
0.679167
0.679167
0.675000
0.679167
0.679167
0.679167
0.683333
0.687500
0.683333
0.683333
0.683333
0.683333
0.687500
0.687500
0.687500
0.687500
0.683333
0.683333
0.687500
0.687500
0.683333
0.679167
0.679167
0.683333
0.675000
0.679167
0.675000
0.675000
0.679167
0.675000
0.675000
0.679167
0.675000
0.675000
0.675000
0.670833
0.675000
0.675000
0.679167
0.679167
0.675000
0.675000
0.679167
0.679167
0.679167
0.675000
0.679167
0.679167
0.679167
0.683333
0.675000
0.683333
0.679167
0.679167
0.679167
0.683333
0.683333
0.687500
0.687500
0.691667
0.687500
0.687500
0.687500
0.683333
0.683333
0.679167
0.683333
0.679167
0.679167
0.683333
0.679167
0.675000
0.679167
0.675000
0.675000
0.675000
0.670833
0.670833
0.670833
0.675000
0.670833
0.670833
0.670833
0.670833
0.675000
0.679167
0.679167
0.683333
0.679167
0.679167
0.687500
0.679167
0.683333
0.679167
0.679167
0.683333
0.691667
0.683333
0.683333
0.683333
0.683333
0.687500
0.683333
0.679167
0.683333
0.675000
0.679167
0.675000
0.679167
0.675000
0.679167
0.675000
0.679167
0.679167
0.675000
0.675000
0.675000
0.675000
0.675000
0.679167
0.675000
0.675000
0.675000
0.679167
0.683333
0.679167
0.679167
0.679167
0.679167
0.679167
0.679167
0.679167
0.679167
0.679167
0.679167
0.679167
0.679167
0.675000
0.675000
0.679167
0.683333
0.679167
0.679167
0.683333
0.683333
0.687500
0.683333
0.687500
0.691667
0.695833
0.695833
0.691667
0.695833
0.695833
0.695833
0.695833
0.700000
1.391667
0.704167
0.691667
0.695833
0.687500
0.691667
0.687500
0.687500
0.683333
0.683333
0.687500
0.683333
0.679167
0.683333
0.683333
0.683333
