1.029167
0.470833
1.100000
0.779167
0.779167
0.779167
0.783333
0.625000
0.937500
0.779167
0.608333
0.954167
0.779167
0.550000
1.016667
0.583333
0.970833
0.587500
0.979167
0.520833
1.066667
0.450000
1.133333
0.779167
0.770833
0.770833
0.579167
0.975000
0.783333
0.770833
0.770833
0.545833
1.020833
0.783333
0.783333
0.779167
0.766667
0.762500
0.766667
0.762500
0.537500
1.004167
0.775000
0.758333
0.579167
0.950000
0.766667
0.775000
0.537500
1.020833
0.766667
0.762500
0.766667
0.770833
0.770833
0.770833
0.554167
1.016667
0.766667
0.766667
0.600000
0.950000
0.625000
0.362500
0.625000
0.716667
0.770833
0.587500
0.970833
0.775000
0.591667
0.966667
0.754167
0.620833
0.883333
0.762500
0.487500
1.058333
0.487500
1.087500
0.445833
1.133333
0.791667
0.787500
0.595833
1.037500
0.462500
1.116667
0.775000
0.775000
0.775000
0.783333
0.795833
0.783333
0.779167
0.775000
0.691667
0.870833
0.775000
0.775000
0.783333
0.775000
0.775000
0.766667
0.770833
0.770833
0.775000
0.779167
0.787500
0.775000
0.766667
0.770833
0.775000
0.779167
0.787500
0.541667
1.037500
0.770833
0.762500
0.766667
0.770833
0.766667
0.770833
0.783333
0.783333
0.779167
0.775000
0.783333
0.779167
0.637500
0.950000
0.779167
0.537500
1.025000
0.579167
0.962500
0.566667
0.983333
0.483333
1.070833
0.779167
0.770833
0.762500
0.766667
0.762500
0.679167
0.866667
0.766667
0.566667
0.979167
0.775000
0.783333
0.783333
0.700000
0.883333
0.762500
0.537500
1.004167
0.775000
0.770833
0.558333
1.000000
0.770833
0.770833
0.787500
0.783333
0.804167
0.787500
0.570833
1.000000
0.558333
0.991667
0.504167
1.045833
0.450000
1.120833
0.766667
0.770833
0.662500
0.500000
1.208333
0.800000
0.775000
0.766667
0.775000
0.570833
1.004167
0.791667
0.795833
0.633333
0.375000
0.625000
0.691667
0.775000
0.633333
0.345833
0.633333
0.712500
0.775000
0.779167
0.600000
0.941667
0.770833
0.766667
0.762500
0.754167
0.758333
0.758333
0.750000
0.750000
0.762500
0.762500
0.775000
0.775000
0.779167
0.775000
0.770833
0.758333
0.766667
0.550000
1.004167
0.787500
0.775000
0.770833
0.762500
0.558333
0.991667
0.783333
0.783333
0.783333
0.783333
0.500000
1.075000
0.654167
0.916667
0.775000
0.575000
1.004167
0.583333
0.983333
0.541667
1.029167
0.458333
1.125000
0.670833
0.908333
0.762500
0.612500
0.945833
0.770833
0.770833
0.775000
0.558333
0.983333
0.770833
0.720833
0.833333
0.779167
0.570833
0.995833
0.604167
0.950000
0.770833
0.787500
0.787500
0.558333
1.008333
0.770833
0.770833
0.783333
0.787500
0.783333
0.787500
0.783333
0.779167
0.766667
0.762500
0.600000
0.962500
0.779167
0.604167
0.958333
0.779167
0.591667
0.987500
0.783333
0.637500
0.937500
0.775000
0.566667
0.991667
0.779167
0.770833
0.779167
0.770833
0.770833
0.770833
0.770833
0.762500
0.770833
0.762500
0.779167
0.775000
0.766667
0.775000
0.766667
0.570833
0.937500
0.758333
0.770833
0.762500
0.770833
0.770833
0.762500
0.762500
0.570833
0.966667
0.766667
0.637500
0.904167
0.766667
0.612500
0.920833
0.758333
0.633333
0.912500
0.766667
0.570833
0.958333
0.758333
0.762500
0.762500
0.762500
0.762500
0.762500
0.758333
0.754167
0.762500
0.766667
0.762500
0.770833
0.762500
0.754167
0.770833
0.762500
0.770833
0.766667
0.762500
0.754167
0.745833
0.529167
0.970833
0.758333
0.758333
0.570833
0.970833
0.775000
0.762500
0.533333
1.004167
0.779167
0.779167
0.787500
0.637500
0.945833
0.770833
0.558333
0.987500
0.775000
0.770833
0.779167
0.775000
0.770833
0.770833
0.783333
0.791667
0.791667
0.625000
0.970833
0.783333
0.591667
0.975000
0.783333
0.583333
1.004167
0.787500
0.775000
0.762500
0.766667
0.766667
0.762500
0.575000
0.966667
0.770833
0.754167
0.566667
0.954167
0.754167
0.641667
0.883333
0.762500
0.591667
0.916667
0.745833
0.695833
0.812500
0.758333
0.608333
0.945833
0.770833
0.766667
0.758333
0.600000
0.937500
0.770833
0.779167
0.520833
1.025000
0.633333
0.925000
0.787500
0.579167
0.983333
0.616667
0.950000
0.587500
0.970833
0.508333
1.041667
0.775000
0.770833
0.670833
0.437500
0.529167
0.700000
0.754167
0.762500
0.470833
1.083333
0.525000
1.066667
0.458333
1.129167
0.770833
0.770833
0.770833
0.770833
0.770833
0.508333
1.062500
0.775000
0.775000
0.783333
0.795833
0.795833
0.791667
0.791667
0.783333
0.779167
0.770833
0.520833
1.066667
0.795833
0.804167
0.795833
0.795833
0.533333
1.045833
0.787500
0.783333
0.566667
1.008333
0.775000
0.770833
0.591667
0.983333
0.783333
0.783333
0.533333
1.041667
0.770833
0.770833
0.787500
0.795833
0.804167
0.800000
0.629167
0.970833
0.775000
0.658333
0.925000
0.691667
0.345833
1.304167
0.783333
0.770833
0.762500
0.770833
0.775000
0.783333
0.787500
0.783333
0.783333
0.775000
0.766667
0.779167
0.800000
0.637500
0.979167
0.795833
0.575000
0.995833
0.787500
0.787500
0.779167
0.791667
0.787500
0.775000
0.545833
1.016667
0.779167
0.779167
0.554167
1.025000
0.775000
0.770833
0.770833
0.775000
0.770833
0.775000
0.570833
0.995833
0.770833
0.754167
0.579167
0.941667
0.758333
0.762500
0.537500
1.008333
0.775000
0.766667
0.762500
0.762500
0.750000
0.745833
0.750000
0.783333
0.783333
0.679167
0.900000
0.770833
0.604167
0.970833
0.783333
0.783333
0.779167
0.537500
1.029167
0.625000
0.941667
0.787500
0.783333
0.766667
0.562500
0.979167
0.766667
0.762500
0.770833
0.754167
0.758333
0.758333
0.754167
0.770833
0.770833
0.770833
0.775000
0.770833
0.775000
0.779167
0.783333
0.787500
0.783333
0.770833
0.787500
0.783333
0.783333
0.783333
0.645833
0.895833
0.766667
0.758333
0.758333
0.762500
0.754167
0.750000
0.754167
0.600000
0.929167
0.633333
0.479167
0.516667
0.708333
0.758333
0.766667
0.775000
0.770833
0.783333
0.783333
0.783333
0.787500
0.783333
0.783333
0.795833
0.641667
0.954167
0.779167
0.629167
0.958333
0.770833
0.341667
1.245833
0.779167
0.762500
0.766667
0.608333
0.929167
0.775000
0.583333
0.975000
0.762500
0.770833
0.766667
0.762500
0.762500
0.754167
0.579167
0.937500
0.750000
0.758333
0.758333
0.754167
0.762500
0.570833
0.941667
0.758333
0.750000
0.754167
0.762500
0.762500
0.608333
0.929167
0.775000
0.775000
0.562500
1.000000
0.779167
0.770833
0.762500
0.762500
0.758333
0.758333
0.770833
0.770833
0.779167
0.529167
1.029167
0.562500
1.004167
0.470833
1.091667
0.779167
0.766667
0.758333
0.766667
0.770833
0.766667
0.525000
1.050000
0.637500
0.929167
0.779167
0.608333
0.954167
0.633333
0.354167
0.633333
0.716667
0.754167
0.662500
0.895833
0.779167
0.633333
0.937500
0.770833
0.645833
0.900000
0.683333
0.354167
1.266667
0.658333
0.883333
0.766667
0.645833
0.908333
0.775000
0.612500
0.945833
0.770833
0.654167
0.862500
0.766667
0.737500
0.383333
0.550000
0.704167
0.791667
0.783333
0.783333
0.783333
0.791667
0.795833
0.795833
0.479167
1.116667
0.475000
1.095833
0.450000
1.112500
0.775000
0.762500
0.775000
0.762500
0.762500
0.533333
0.979167
0.766667
0.762500
0.770833
0.766667
0.779167
0.783333
0.783333
0.787500
0.795833
0.795833
0.783333
0.529167
1.033333
0.779167
0.770833
0.775000
0.783333
0.783333
0.591667
0.954167
0.750000
0.758333
0.758333
0.541667
1.025000
0.791667
0.625000
0.966667
0.658333
0.354167
0.562500
0.787500
0.787500
0.791667
0.520833
1.066667
0.650000
0.929167
0.779167
0.779167
0.550000
1.033333
0.629167
0.954167
0.775000
0.775000
0.787500
0.791667
0.787500
0.795833
0.666667
0.912500
0.787500
0.779167
0.783333
0.791667
0.783333
0.783333
0.783333
0.775000
0.775000
0.775000
0.629167
0.945833
0.775000
0.766667
0.770833
0.775000
0.762500
0.779167
0.779167
0.562500
1.000000
0.766667
0.770833
