0.929167
0.895833
0.870833
0.533333
1.016667
0.545833
0.933333
0.883333
0.329167
1.162500
1.487500
0.883333
0.870833
1.466667
1.508333
0.891667
0.875000
0.500000
1.020833
0.879167
0.879167
0.479167
1.037500
0.458333
1.037500
0.895833
0.887500
0.550000
1.020833
0.458333
1.037500
0.887500
0.866667
1.487500
0.325000
1.166667
0.875000
0.862500
0.537500
1.016667
0.883333
0.875000
0.554167
1.033333
0.887500
0.895833
0.537500
1.041667
0.558333
0.945833
1.520833
0.904167
0.887500
0.541667
1.029167
1.541667
0.895833
0.887500
0.520833
1.029167
0.891667
0.887500
0.529167
1.037500
0.462500
1.045833
0.908333
0.891667
0.525000
1.037500
0.891667
0.883333
0.533333
1.033333
0.891667
0.895833
0.887500
0.879167
0.875000
0.875000
1.462500
0.883333
0.866667
0.533333
1.016667
0.545833
0.929167
0.887500
0.883333
0.537500
1.029167
0.550000
0.937500
0.900000
0.891667
0.545833
1.029167
0.895833
0.887500
0.541667
1.033333
0.891667
0.883333
0.566667
0.187500
0.837500
0.891667
0.887500
0.525000
1.025000
0.912500
0.883333
0.525000
1.020833
1.483333
0.887500
1.450000
0.887500
0.862500
0.550000
1.016667
0.558333
0.929167
1.491667
0.883333
0.512500
1.008333
1.495833
0.879167
0.879167
0.541667
1.025000
0.887500
0.879167
0.533333
1.033333
0.550000
0.950000
0.904167
0.891667
0.545833
1.212500
0.716667
0.883333
0.895833
0.541667
1.037500
0.912500
1.475000
0.916667
0.900000
0.525000
1.029167
1.504167
0.900000
0.875000
0.562500
1.020833
0.545833
0.937500
1.487500
0.875000
0.858333
0.516667
0.995833
1.504167
1.487500
1.483333
0.875000
0.879167
0.558333
1.025000
0.554167
0.945833
0.900000
0.895833
0.545833
1.025000
0.545833
0.962500
0.895833
0.891667
0.479167
1.033333
0.537500
0.962500
0.895833
0.887500
0.533333
1.037500
0.462500
1.041667
0.537500
1.037500
0.554167
0.941667
0.887500
0.887500
0.333333
1.179167
0.895833
0.891667
0.545833
1.037500
0.458333
1.045833
0.900000
1.479167
0.895833
0.516667
1.020833
0.458333
1.033333
0.887500
0.479167
1.033333
0.883333
0.333333
0.545833
0.291667
1.200000
0.900000
0.891667
0.545833
1.045833
0.904167
0.900000
0.537500
1.045833
0.554167
0.958333
0.908333
1.525000
0.904167
0.541667
1.041667
0.550000
0.962500
0.916667
0.908333
0.554167
1.050000
0.554167
0.970833
0.637500
1.050000
0.904167
0.908333
0.550000
1.050000
0.916667
0.908333
0.554167
1.058333
0.920833
0.908333
1.516667
0.916667
0.900000
1.504167
1.508333
1.508333
1.512500
0.891667
0.875000
0.579167
1.025000
0.887500
0.875000
0.533333
1.025000
0.550000
0.937500
0.887500
0.879167
0.545833
1.008333
0.458333
1.025000
0.645833
1.350000
0.895833
0.879167
1.487500
0.891667
0.883333
0.537500
1.033333
0.887500
1.520833
0.887500
0.537500
1.029167
0.462500
1.037500
0.900000
0.887500
0.537500
1.025000
1.491667
0.900000
0.883333
0.537500
1.037500
0.891667
0.891667
1.491667
0.904167
0.891667
0.483333
1.037500
1.545833
0.541667
0.962500
1.512500
0.895833
0.887500
0.554167
1.029167
0.895833
0.883333
0.550000
1.037500
0.904167
0.900000
1.495833
0.908333
0.895833
0.541667
1.041667
0.887500
0.887500
0.541667
1.033333
0.895833
0.887500
0.554167
1.025000
0.887500
0.875000
0.875000
0.529167
1.008333
0.458333
1.016667
0.904167
0.541667
1.012500
1.500000
1.495833
1.504167
0.908333
0.904167
0.562500
1.062500
1.541667
1.550000
0.958333
0.566667
1.054167
1.508333
0.908333
0.900000
0.891667
0.887500
1.512500
0.533333
0.954167
0.562500
0.929167
0.875000
0.875000
0.537500
1.012500
0.875000
0.870833
0.541667
1.025000
0.883333
0.891667
0.537500
1.033333
0.554167
0.945833
0.562500
0.950000
0.904167
0.895833
0.479167
1.041667
0.554167
0.958333
0.895833
0.887500
0.566667
1.029167
0.887500
0.887500
0.891667
0.504167
1.029167
0.895833
0.641667
1.041667
0.900000
0.562500
1.033333
0.908333
0.554167
1.045833
0.887500
0.562500
1.041667
0.895833
0.883333
0.479167
1.037500
0.891667
0.883333
0.537500
1.033333
0.900000
0.887500
0.545833
1.045833
0.904167
0.304167
1.195833
0.916667
0.908333
0.500000
1.037500
0.916667
0.533333
1.054167
0.916667
0.600000
1.070833
0.920833
0.920833
0.529167
1.066667
0.916667
0.920833
1.529167
0.925000
0.908333
0.479167
1.054167
0.550000
0.966667
0.908333
0.895833
0.570833
1.041667
0.904167
0.900000
0.520833
1.037500
0.904167
0.895833
0.512500
1.045833
0.904167
0.904167
0.900000
0.516667
1.050000
0.920833
0.904167
0.525000
1.058333
0.916667
0.908333
0.512500
1.062500
0.904167
0.550000
1.041667
0.908333
0.879167
1.537500
1.508333
0.891667
0.887500
0.541667
1.025000
0.891667
0.887500
0.550000
1.041667
0.904167
0.908333
0.550000
1.054167
0.462500
1.054167
0.920833
0.912500
0.525000
1.045833
0.908333
0.908333
1.533333
0.912500
0.904167
1.529167
0.912500
0.908333
1.491667
0.925000
0.900000
0.541667
1.033333
0.904167
0.554167
1.033333
0.545833
0.962500
0.900000
0.891667
1.491667
0.891667
0.887500
0.541667
1.037500
0.900000
0.908333
0.504167
1.050000
0.920833
0.908333
0.554167
1.066667
0.920833
0.925000
0.529167
1.062500
1.554167
1.529167
0.558333
1.054167
0.541667
0.966667
0.904167
0.891667
0.583333
1.041667
0.900000
0.895833
0.533333
1.058333
0.916667
0.916667
0.516667
1.054167
0.554167
0.979167
1.533333
1.516667
1.541667
1.520833
0.620833
1.050000
1.541667
1.516667
0.912500
0.908333
0.541667
1.045833
0.904167
0.900000
0.533333
1.050000
0.904167
0.895833
0.541667
1.045833
0.908333
0.891667
0.512500
1.045833
0.900000
0.904167
0.545833
1.041667
0.895833
0.904167
0.545833
1.045833
0.912500
0.904167
0.512500
1.041667
0.912500
0.908333
0.904167
0.904167
1.529167
0.925000
0.912500
1.512500
0.920833
0.912500
0.512500
1.054167
0.916667
0.916667
0.537500
1.062500
0.925000
0.920833
1.541667
0.937500
0.575000
1.062500
0.925000
0.925000
0.508333
1.062500
0.545833
0.983333
0.925000
0.912500
0.537500
1.041667
0.912500
0.908333
0.529167
1.050000
0.462500
1.054167
0.916667
0.900000
0.487500
1.054167
0.908333
0.904167
1.529167
0.912500
0.908333
1.525000
0.541667
0.975000
0.912500
0.908333
0.529167
1.050000
0.916667
0.908333
0.541667
1.054167
0.916667
0.912500
0.558333
1.054167
0.920833
0.920833
0.545833
1.066667
0.554167
0.970833
1.529167
0.920833
0.904167
0.562500
1.041667
0.550000
0.362500
0.829167
1.050000
0.908333
0.895833
0.529167
1.033333
0.554167
0.954167
0.900000
0.891667
0.520833
1.033333
0.562500
0.945833
0.900000
0.891667
0.550000
1.033333
0.900000
0.900000
0.545833
1.041667
0.908333
0.900000
0.550000
1.041667
0.908333
0.908333
0.541667
1.041667
0.550000
0.970833
0.920833
0.908333
