0.670833
0.708333
0.666667
0.675000
0.670833
0.691667
0.683333
0.570833
0.791667
0.675000
0.695833
0.679167
0.695833
0.670833
0.683333
0.687500
0.683333
0.704167
0.670833
0.691667
0.695833
0.708333
0.687500
0.691667
0.695833
0.554167
0.845833
0.737500
0.716667
0.700000
0.716667
0.712500
0.704167
0.700000
0.412500
0.979167
0.641667
0.754167
0.679167
0.404167
0.954167
0.687500
0.679167
0.666667
0.666667
0.687500
0.666667
0.554167
0.808333
0.691667
0.708333
0.683333
1.395833
0.679167
0.675000
0.675000
0.683333
0.670833
0.670833
0.691667
0.670833
0.708333
0.662500
0.695833
0.612500
0.775000
0.720833
0.708333
0.691667
0.700000
0.716667
0.529167
0.854167
0.766667
0.725000
0.708333
0.712500
0.716667
0.691667
0.383333
1.000000
0.695833
0.687500
0.679167
0.679167
0.708333
0.679167
0.725000
0.679167
0.700000
0.675000
0.741667
0.725000
0.729167
0.708333
0.712500
0.725000
0.733333
0.733333
0.708333
0.712500
0.729167
0.733333
0.716667
0.708333
0.700000
0.695833
0.700000
0.687500
0.679167
0.700000
0.383333
0.970833
0.687500
0.658333
0.687500
0.654167
0.666667
0.666667
0.687500
0.654167
0.583333
0.762500
0.670833
0.691667
0.670833
0.716667
0.670833
0.683333
0.695833
0.683333
0.725000
0.683333
0.691667
0.704167
0.554167
0.837500
0.754167
0.708333
0.716667
0.570833
0.862500
0.704167
0.708333
0.700000
0.712500
0.716667
0.570833
0.829167
0.650000
0.770833
0.729167
0.712500
0.704167
0.708333
0.712500
0.729167
0.562500
0.845833
0.704167
0.412500
1.020833
0.712500
0.683333
0.683333
0.704167
0.562500
0.833333
0.683333
0.695833
0.708333
0.695833
0.729167
0.687500
0.704167
0.716667
0.720833
0.608333
0.841667
0.700000
0.729167
0.729167
0.716667
0.712500
0.708333
0.725000
0.729167
0.720833
0.716667
0.383333
1.045833
0.741667
0.704167
0.695833
0.712500
0.708333
0.733333
0.704167
0.708333
0.720833
0.412500
1.050000
0.725000
0.712500
0.712500
0.729167
0.670833
0.758333
0.708333
0.716667
0.733333
0.700000
0.708333
0.704167
0.725000
0.704167
0.712500
0.704167
0.725000
0.516667
0.866667
0.754167
0.733333
0.379167
1.058333
0.712500
0.679167
0.700000
0.691667
0.691667
0.683333
0.708333
0.708333
0.720833
0.704167
0.708333
0.704167
0.725000
0.733333
0.733333
0.425000
1.000000
0.579167
0.875000
0.700000
0.700000
0.708333
0.725000
0.700000
0.708333
0.708333
0.725000
0.733333
0.725000
0.712500
0.716667
0.737500
0.750000
0.716667
0.720833
0.737500
0.741667
0.741667
0.720833
0.712500
0.733333
0.733333
0.737500
0.716667
0.716667
0.741667
0.750000
0.754167
0.716667
0.650000
0.837500
0.725000
0.754167
0.545833
0.908333
0.729167
0.758333
0.725000
0.716667
0.704167
0.679167
0.675000
0.716667
0.679167
0.704167
0.695833
0.725000
0.695833
0.695833
0.716667
0.700000
0.716667
0.704167
0.733333
0.683333
0.412500
0.991667
0.704167
0.712500
0.695833
0.729167
0.700000
0.725000
0.570833
0.833333
0.720833
0.741667
0.700000
0.720833
0.704167
0.720833
0.633333
0.816667
0.745833
0.400000
1.029167
0.554167
0.845833
0.704167
0.729167
0.683333
0.700000
0.558333
0.850000
0.700000
0.691667
0.687500
0.712500
0.687500
0.708333
0.404167
0.970833
0.695833
0.679167
0.675000
0.675000
0.708333
0.620833
0.758333
0.683333
0.712500
0.687500
0.716667
0.716667
0.704167
0.695833
0.708333
0.612500
0.816667
0.691667
0.725000
0.700000
0.383333
1.020833
0.708333
0.704167
0.683333
0.704167
0.675000
0.716667
0.675000
0.708333
0.641667
0.745833
0.691667
0.712500
0.708333
0.729167
0.712500
0.716667
0.737500
0.716667
0.720833
0.712500
0.716667
0.733333
0.654167
0.787500
0.716667
0.729167
0.729167
0.737500
0.720833
0.712500
0.716667
0.737500
0.720833
0.712500
0.708333
0.516667
0.841667
0.783333
0.712500
0.712500
0.712500
0.708333
0.691667
0.687500
0.704167
0.587500
0.845833
0.737500
0.741667
0.708333
0.725000
0.720833
0.704167
0.691667
0.687500
0.683333
0.670833
0.695833
0.679167
0.720833
0.687500
0.679167
0.700000
0.687500
0.533333
0.866667
0.687500
0.712500
0.691667
0.700000
0.687500
0.691667
0.704167
0.687500
0.725000
0.550000
0.825000
0.754167
0.733333
0.720833
0.733333
0.704167
0.708333
0.720833
0.733333
0.712500
0.695833
0.704167
0.637500
0.766667
0.679167
0.683333
0.675000
0.670833
0.691667
0.687500
0.700000
0.708333
0.675000
0.700000
0.537500
0.833333
0.783333
0.720833
0.716667
0.712500
0.725000
0.700000
0.700000
0.720833
0.716667
0.737500
0.708333
0.708333
0.725000
0.687500
1.437500
0.700000
0.691667
0.691667
0.691667
0.679167
0.691667
0.691667
0.683333
0.691667
0.683333
0.700000
0.695833
0.704167
0.725000
0.683333
0.704167
0.708333
0.725000
0.729167
0.716667
0.708333
0.712500
0.554167
0.920833
0.604167
0.875000
0.733333
0.741667
0.737500
0.741667
0.712500
0.712500
0.729167
0.733333
0.733333
0.708333
0.712500
0.516667
0.862500
0.558333
0.920833
0.787500
0.750000
0.745833
0.554167
0.870833
0.766667
0.750000
0.745833
0.750000
0.720833
0.729167
0.737500
0.741667
0.754167
0.725000
0.729167
0.725000
0.729167
0.733333
0.716667
0.712500
0.708333
0.729167
0.733333
0.725000
0.708333
0.712500
0.725000
0.737500
0.700000
0.708333
0.716667
0.733333
0.708333
0.716667
0.708333
0.729167
0.716667
0.708333
0.712500
0.716667
0.733333
0.700000
0.383333
1.004167
0.625000
0.775000
0.675000
0.700000
0.679167
0.720833
0.666667
0.700000
0.700000
0.691667
0.716667
0.679167
0.708333
0.691667
0.579167
0.837500
0.687500
0.708333
0.691667
0.720833
0.679167
0.704167
0.704167
0.691667
1.387500
0.691667
0.679167
0.683333
0.683333
0.670833
0.695833
0.691667
0.687500
0.591667
0.812500
0.695833
0.720833
0.704167
0.729167
0.691667
0.379167
1.025000
0.695833
0.687500
0.675000
0.691667
0.670833
0.708333
0.662500
0.691667
0.670833
0.712500
0.666667
0.695833
0.687500
0.708333
0.691667
0.712500
0.679167
0.704167
0.683333
0.729167
0.670833
0.679167
0.691667
0.679167
0.708333
0.670833
0.700000
0.566667
0.825000
0.720833
0.712500
0.700000
0.716667
0.708333
0.700000
0.704167
0.725000
0.720833
0.700000
0.704167
0.708333
0.404167
1.012500
0.708333
0.679167
0.687500
0.687500
0.675000
0.687500
0.654167
0.691667
0.658333
0.662500
0.683333
0.408333
0.929167
0.658333
0.654167
0.675000
0.387500
0.950000
0.658333
0.650000
0.670833
0.650000
0.658333
0.670833
0.662500
0.687500
0.666667
0.704167
0.675000
0.675000
0.675000
0.420833
0.950000
0.687500
0.679167
0.670833
0.683333
0.683333
0.679167
0.691667
0.679167
0.691667
0.675000
0.712500
0.562500
0.833333
0.691667
0.708333
0.695833
0.720833
0.712500
0.700000
0.687500
0.733333
0.716667
0.708333
0.679167
0.729167
0.720833
0.725000
0.725000
0.700000
0.720833
0.725000
0.729167
0.716667
0.708333
0.704167
0.545833
0.900000
0.750000
0.675000
0.766667
0.550000
0.895833
0.745833
0.737500
0.720833
0.716667
0.720833
0.729167
0.729167
0.704167
0.720833
0.725000
0.729167
0.737500
0.733333
0.725000
0.729167
0.737500
0.745833
0.720833
0.720833
0.725000
0.737500
0.729167
0.729167
0.729167
0.700000
0.720833
0.691667
0.708333
0.679167
0.412500
0.970833
0.691667
0.704167
0.654167
0.691667
0.675000
0.658333
0.666667
0.666667
0.654167
0.662500
0.675000
0.683333
0.704167
0.675000
0.720833
0.691667
0.566667
0.858333
0.708333
0.712500
0.537500
0.895833
0.737500
0.737500
0.725000
0.716667
0.737500
0.708333
0.729167
0.729167
0.420833
1.020833
0.745833
0.695833
0.695833
0.691667
0.716667
0.666667
0.675000
0.679167
0.670833
0.670833
0.683333
0.666667
0.666667
0.650000
0.662500
0.662500
0.683333
0.675000
0.670833
0.545833
0.833333
0.745833
0.737500
0.725000
0.695833
0.720833
0.700000
0.725000
0.695833
0.695833
0.716667
0.700000
0.725000
0.687500
0.700000
0.704167
0.712500
0.645833
0.762500
0.687500
0.716667
0.683333
0.704167
0.700000
0.700000
0.720833
0.691667
0.716667
0.720833
0.620833
0.825000
0.695833
0.395833
0.900000
0.566667
0.837500
0.750000
0.712500
1.341667
0.737500
0.679167
0.683333
0.658333
0.683333
0.675000
0.691667
0.654167
0.700000
0.662500
0.608333
0.754167
0.666667
0.704167
0.387500
0.970833
0.691667
0.687500
0.687500
0.679167
0.387500
0.979167
0.695833
0.675000
0.666667
0.687500
0.679167
0.683333
0.675000
0.670833
0.691667
0.683333
0.675000
0.712500
0.670833
0.691667
0.670833
0.700000
