1.687500
2.045833
1.145833
1.237500
2.133333
2.150000
1.916667
1.737500
1.716667
1.033333
2.491667
1.891667
2.175000
1.295833
1.295833
1.266667
1.187500
1.008333
1.700000
1.087500
1.633333
1.766667
1.020833
1.525000
1.691667
1.145833
1.850000
2.079167
1.145833
1.962500
2.129167
1.179167
2.070833
1.966667
1.812500
2.054167
1.095833
1.412500
2.054167
1.587500
1.470833
1.370833
1.216667
1.979167
2.008333
1.308333
1.312500
1.170833
1.637500
1.908333
2.291667
1.312500
2.237500
1.529167
2.175000
1.654167
1.295833
1.954167
2.162500
1.879167
1.633333
1.254167
1.954167
1.050000
1.679167
1.283333
1.341667
1.958333
1.695833
1.870833
2.112500
2.233333
1.604167
1.687500
1.029167
1.391667
1.145833
1.641667
1.116667
1.312500
1.195833
1.120833
1.183333
1.450000
1.491667
2.070833
1.600000
2.050000
1.487500
2.516667
1.504167
1.095833
1.004167
2.020833
2.012500
1.629167
2.125000
1.862500
1.870833
1.737500
1.245833
1.504167
1.341667
1.770833
1.125000
0.991667
1.095833
1.891667
2.195833
2.120833
1.737500
1.720833
1.566667
1.095833
1.591667
2.125000
1.270833
1.141667
2.033333
1.725000
1.900000
2.070833
1.741667
2.270833
1.900000
1.158333
1.383333
1.354167
1.145833
1.016667
1.145833
1.741667
1.079167
2.441667
1.120833
2.066667
1.991667
1.258333
1.108333
2.087500
2.208333
2.112500
1.704167
1.570833
1.100000
2.145833
2.275000
1.995833
1.833333
1.000000
1.412500
1.100000
1.487500
1.891667
1.941667
2.300000
1.079167
1.579167
1.091667
1.933333
2.304167
1.295833
1.583333
1.179167
2.370833
1.900000
2.050000
2.150000
1.108333
1.191667
2.037500
1.075000
1.529167
1.450000
1.687500
1.500000
2.404167
1.370833
1.295833
1.229167
2.000000
1.325000
1.662500
2.183333
1.116667
1.704167
2.183333
1.875000
1.212500
2.141667
1.966667
2.350000
2.166667
1.400000
1.804167
1.725000
1.266667
1.095833
1.670833
1.308333
1.125000
1.087500
2.316667
1.954167
2.225000
1.912500
1.204167
2.025000
1.562500
1.158333
1.308333
1.208333
1.300000
1.445833
2.362500
2.270833
2.379167
1.750000
2.062500
1.991667
1.662500
1.545833
1.733333
1.283333
1.804167
2.229167
1.700000
1.504167
1.812500
1.604167
1.295833
1.070833
1.762500
2.070833
1.241667
2.370833
1.958333
2.137500
1.958333
1.908333
2.037500
0.962500
0.995833
1.487500
1.779167
1.516667
1.966667
2.141667
2.300000
2.137500
1.395833
2.287500
1.916667
1.208333
1.808333
1.429167
1.862500
1.995833
1.720833
2.037500
1.037500
2.004167
1.383333
1.450000
1.745833
1.120833
1.612500
2.295833
1.741667
1.170833
1.545833
2.116667
1.995833
1.220833
1.458333
2.037500
1.695833
2.237500
1.700000
1.604167
1.783333
1.679167
1.120833
1.833333
2.058333
1.320833
1.437500
1.266667
1.066667
2.262500
2.270833
1.629167
1.620833
2.283333
1.862500
1.012500
1.912500
1.783333
1.358333
1.350000
1.545833
2.354167
1.087500
1.587500
1.725000
2.137500
1.304167
1.120833
1.316667
1.025000
2.145833
1.783333
1.208333
1.741667
2.366667
1.591667
0.770833
1.550000
1.158333
1.466667
1.858333
1.887500
1.775000
1.204167
1.116667
1.195833
1.516667
2.583333
2.187500
1.533333
1.462500
2.458333
1.291667
2.145833
1.875000
1.408333
1.475000
2.279167
1.712500
1.995833
2.070833
1.800000
1.141667
1.916667
1.554167
1.270833
1.316667
1.554167
2.150000
1.620833
1.991667
1.300000
1.066667
1.275000
2.000000
2.345833
1.545833
2.175000
1.191667
1.754167
1.629167
1.808333
2.262500
1.791667
1.325000
1.862500
1.637500
1.833333
1.316667
2.100000
1.537500
1.820833
1.333333
1.941667
1.112500
1.175000
