0.558333
0.558333
0.562500
0.562500
0.550000
0.562500
0.554167
0.558333
0.558333
0.550000
0.562500
0.554167
0.558333
0.562500
0.550000
0.558333
0.554167
0.554167
0.554167
0.554167
0.558333
0.558333
0.550000
0.562500
0.550000
0.558333
0.550000
0.554167
0.554167
0.554167
0.554167
0.550000
0.558333
0.545833
0.558333
0.550000
0.558333
0.554167
0.550000
0.554167
0.558333
0.545833
0.562500
0.550000
0.558333
0.550000
0.562500
0.558333
0.550000
0.558333
0.562500
0.550000
0.550000
0.566667
0.545833
0.554167
0.566667
0.554167
0.558333
0.566667
0.550000
0.566667
0.562500
0.562500
0.554167
0.566667
0.550000
0.566667
0.566667
0.550000
0.570833
0.550000
0.562500
0.558333
0.554167
0.558333
0.562500
0.558333
0.562500
0.562500
0.562500
0.562500
0.562500
0.558333
0.562500
0.558333
0.558333
0.566667
0.550000
0.566667
0.558333
0.566667
0.558333
0.558333
0.562500
0.558333
0.562500
0.566667
0.554167
0.566667
0.554167
0.562500
0.562500
0.558333
0.570833
0.554167
0.566667
0.550000
0.566667
0.550000
0.566667
0.550000
0.558333
0.566667
0.554167
0.558333
0.566667
0.562500
0.554167
0.566667
0.554167
0.562500
0.566667
0.562500
0.550000
0.566667
0.562500
0.550000
0.562500
0.566667
0.566667
0.554167
0.566667
0.554167
0.570833
0.566667
0.554167
0.570833
0.558333
0.566667
0.566667
0.570833
0.558333
0.570833
0.554167
0.675000
0.454167
0.541667
0.545833
0.558333
0.562500
0.554167
0.554167
0.558333
0.554167
0.558333
0.554167
0.558333
0.554167
0.558333
0.562500
0.550000
0.562500
0.562500
0.554167
0.558333
0.562500
0.558333
0.562500
0.562500
0.554167
0.570833
0.550000
0.566667
0.558333
0.566667
0.562500
0.558333
0.562500
0.566667
0.554167
0.570833
0.558333
0.562500
0.570833
0.558333
0.570833
0.558333
0.566667
0.558333
0.554167
0.566667
0.545833
0.575000
0.566667
0.558333
0.562500
0.566667
0.558333
0.558333
0.558333
0.550000
0.550000
0.562500
0.550000
0.566667
0.550000
0.562500
0.562500
0.550000
0.558333
0.566667
0.554167
0.570833
0.554167
0.570833
0.570833
0.550000
0.570833
0.554167
0.570833
0.545833
0.579167
0.562500
0.554167
0.562500
0.566667
0.545833
0.579167
0.341667
0.200000
0.562500
0.550000
0.554167
0.562500
0.550000
0.550000
0.562500
0.554167
0.558333
0.541667
0.558333
0.554167
0.550000
0.550000
0.550000
0.558333
0.545833
0.545833
0.554167
0.554167
0.545833
0.550000
0.550000
0.554167
0.545833
0.550000
0.550000
0.554167
0.541667
0.558333
0.554167
0.545833
0.554167
0.550000
0.554167
0.558333
0.550000
0.554167
0.550000
0.562500
0.545833
0.558333
0.558333
0.558333
0.550000
0.562500
0.554167
0.562500
0.550000
0.562500
0.554167
0.562500
0.558333
0.554167
0.562500
0.554167
0.562500
0.566667
0.558333
0.562500
0.558333
0.558333
0.562500
0.570833
0.554167
0.566667
0.554167
0.570833
0.562500
0.562500
0.558333
0.566667
0.558333
0.562500
0.570833
0.558333
0.575000
0.562500
0.562500
0.570833
0.558333
0.570833
0.558333
0.570833
0.562500
0.558333
0.562500
0.575000
0.558333
0.575000
0.554167
0.579167
0.562500
0.570833
0.579167
0.558333
0.583333
0.566667
0.566667
0.575000
0.570833
0.570833
0.579167
0.562500
0.575000
0.566667
0.575000
0.566667
0.575000
0.558333
0.575000
0.575000
0.562500
0.575000
0.562500
0.579167
0.562500
0.575000
0.575000
0.570833
0.566667
0.579167
0.566667
0.575000
0.562500
0.579167
0.558333
0.579167
0.562500
0.575000
0.575000
0.562500
0.579167
0.562500
0.579167
0.562500
0.570833
0.566667
0.570833
0.570833
0.566667
0.570833
0.558333
0.570833
0.562500
0.566667
0.566667
0.566667
0.558333
0.570833
0.562500
0.566667
0.554167
0.575000
0.554167
0.558333
0.570833
0.575000
0.566667
0.566667
0.566667
0.562500
0.562500
0.566667
0.566667
0.562500
0.545833
0.554167
0.558333
0.550000
0.562500
0.566667
0.558333
0.570833
0.558333
0.570833
0.558333
0.570833
0.570833
0.566667
0.566667
0.566667
0.558333
0.554167
0.566667
0.554167
0.570833
0.566667
0.562500
0.566667
0.554167
0.575000
0.566667
0.583333
0.575000
0.570833
0.583333
0.566667
0.583333
0.570833
0.575000
0.579167
0.575000
0.579167
0.566667
0.583333
0.570833
0.570833
0.579167
0.558333
0.575000
0.566667
0.566667
0.579167
0.558333
0.570833
0.575000
0.570833
0.554167
0.579167
0.558333
0.570833
0.575000
0.558333
0.570833
0.562500
0.570833
0.575000
0.554167
0.570833
0.570833
0.566667
0.554167
0.575000
0.558333
0.570833
0.566667
0.562500
0.566667
0.566667
0.566667
0.562500
0.562500
0.562500
0.562500
0.566667
0.554167
0.566667
0.558333
0.562500
0.562500
0.562500
0.562500
0.562500
0.554167
0.566667
0.558333
0.566667
0.558333
0.566667
0.566667
0.558333
0.566667
0.558333
0.558333
0.570833
0.558333
0.566667
0.558333
0.566667
0.558333
0.570833
0.566667
0.558333
0.570833
0.554167
0.570833
0.554167
0.570833
0.554167
0.566667
0.562500
0.570833
0.562500
0.558333
0.566667
0.575000
0.562500
0.558333
0.575000
0.558333
0.570833
0.562500
0.679167
0.454167
0.558333
0.545833
0.554167
0.550000
0.558333
0.562500
0.570833
0.554167
0.566667
0.558333
0.570833
0.550000
0.562500
0.558333
0.558333
0.566667
0.562500
0.554167
0.562500
0.570833
0.558333
0.562500
0.575000
0.558333
0.566667
0.575000
0.562500
0.575000
0.575000
0.562500
0.575000
0.579167
0.570833
0.558333
0.579167
0.570833
0.562500
0.566667
0.562500
0.558333
0.566667
0.558333
0.554167
0.554167
0.562500
0.562500
0.570833
0.554167
0.562500
0.566667
0.550000
0.566667
0.554167
0.566667
0.566667
0.558333
0.558333
0.570833
0.570833
0.554167
0.579167
0.558333
0.570833
0.562500
0.566667
0.575000
0.566667
0.562500
0.575000
0.558333
0.570833
0.558333
0.566667
0.570833
0.558333
0.570833
0.566667
0.558333
0.570833
0.566667
0.566667
0.566667
0.562500
0.575000
0.558333
0.575000
0.558333
0.570833
0.562500
0.575000
0.554167
0.575000
0.570833
0.554167
0.570833
0.575000
0.558333
0.566667
0.579167
0.566667
0.566667
0.579167
0.575000
0.562500
0.575000
0.579167
0.566667
0.570833
0.583333
0.562500
0.570833
0.579167
0.558333
0.566667
0.575000
0.566667
0.558333
0.566667
0.570833
0.566667
0.570833
0.558333
0.570833
0.562500
0.570833
0.570833
0.562500
0.570833
0.570833
0.562500
0.570833
0.566667
0.562500
0.566667
0.566667
0.566667
0.570833
0.558333
0.575000
0.566667
0.550000
0.562500
0.575000
0.570833
0.554167
0.566667
0.558333
0.558333
0.575000
0.575000
0.570833
0.566667
0.575000
0.570833
0.583333
0.562500
0.579167
0.566667
0.583333
0.575000
0.570833
0.579167
0.583333
0.566667
0.575000
0.587500
0.570833
0.583333
0.579167
0.570833
0.566667
0.587500
0.570833
0.575000
0.575000
0.583333
0.566667
0.587500
0.550000
0.579167
0.579167
0.566667
0.558333
0.570833
0.570833
0.575000
0.545833
0.570833
0.570833
0.562500
0.570833
0.558333
0.554167
0.570833
0.570833
0.562500
0.558333
0.125000
1.004167
0.554167
0.537500
0.562500
0.566667
0.562500
0.550000
0.562500
0.566667
0.566667
0.554167
0.566667
0.545833
0.554167
0.566667
0.566667
0.566667
0.566667
0.562500
0.570833
0.558333
0.554167
0.554167
0.566667
0.575000
0.562500
0.575000
0.554167
0.566667
0.570833
0.562500
0.566667
0.570833
0.562500
0.541667
0.562500
0.583333
0.558333
0.566667
0.562500
0.570833
0.554167
0.558333
0.566667
0.566667
0.566667
0.558333
0.570833
0.558333
0.562500
0.570833
0.554167
0.562500
0.562500
0.570833
0.566667
0.562500
0.558333
0.566667
0.554167
0.566667
0.562500
0.558333
0.562500
0.566667
0.550000
0.566667
0.562500
0.562500
0.558333
0.566667
0.566667
0.566667
0.550000
0.566667
0.550000
0.558333
0.562500
0.570833
0.558333
0.545833
0.566667
0.562500
0.558333
0.566667
0.562500
0.554167
0.550000
0.558333
0.570833
0.566667
0.537500
0.566667
0.566667
0.566667
0.554167
0.566667
0.554167
0.562500
0.575000
0.562500
0.533333
0.566667
0.562500
0.566667
0.558333
0.562500
0.558333
0.554167
0.575000
0.558333
0.558333
0.566667
0.562500
0.554167
0.550000
0.562500
0.550000
0.558333
0.562500
0.541667
0.550000
0.670833
0.445833
0.566667
0.558333
0.537500
0.545833
0.550000
0.566667
0.545833
0.370833
0.195833
0.545833
0.658333
0.554167
0.454167
0.545833
0.550000
0.554167
0.558333
0.545833
0.558333
0.541667
0.558333
0.554167
0.550000
0.558333
0.554167
0.545833
0.562500
0.550000
0.554167
0.545833
0.550000
0.554167
0.554167
0.554167
0.558333
0.554167
0.545833
0.558333
0.545833
0.558333
0.554167
0.554167
0.545833
0.554167
0.550000
0.554167
0.550000
0.554167
0.554167
0.550000
0.558333
0.554167
0.550000
0.558333
0.554167
0.554167
0.562500
0.554167
0.562500
0.554167
0.558333
0.554167
0.562500
0.554167
0.566667
0.554167
0.558333
0.575000
0.562500
0.558333
0.570833
0.566667
0.562500
0.562500
0.575000
0.566667
0.575000
0.566667
0.570833
0.566667
0.566667
0.570833
0.558333
0.570833
0.566667
0.558333
0.575000
0.562500
0.570833
0.566667
0.562500
0.566667
0.566667
0.558333
0.566667
0.566667
0.566667
0.562500
0.570833
0.558333
0.566667
0.562500
0.566667
0.562500
0.566667
0.558333
0.566667
0.554167
0.566667
0.562500
0.566667
0.558333
0.566667
0.566667
0.558333
0.566667
0.550000
0.566667
0.558333
0.558333
0.566667
0.562500
0.554167
0.566667
0.566667
0.554167
0.570833
0.558333
0.566667
0.566667
0.554167
0.566667
0.570833
0.562500
0.558333
0.570833
0.558333
0.570833
0.570833
0.558333
0.575000
0.558333
0.575000
0.566667
0.562500
0.570833
0.570833
0.566667
0.575000
0.562500
0.575000
0.562500
0.570833
0.570833
0.566667
0.566667
0.570833
0.570833
0.562500
0.579167
0.562500
0.575000
0.570833
0.570833
0.575000
0.566667
0.558333
0.570833
0.575000
0.558333
0.562500
0.575000
0.575000
0.566667
0.575000
0.566667
0.579167
0.562500
0.570833
0.566667
0.570833
0.575000
0.558333
0.575000
0.570833
0.570833
0.566667
0.575000
0.566667
0.579167
0.562500
0.575000
0.575000
0.562500
0.579167
0.562500
0.570833
0.575000
0.575000
0.558333
0.575000
0.575000
0.566667
0.575000
0.562500
0.566667
0.570833
0.575000
0.558333
0.570833
0.575000
0.570833
0.562500
0.570833
0.566667
0.570833
0.570833
0.562500
0.570833
0.558333
0.570833
0.566667
0.562500
0.575000
0.566667
0.558333
0.570833
0.558333
0.575000
0.558333
0.575000
0.558333
0.570833
0.570833
0.558333
0.575000
0.562500
0.558333
0.570833
0.566667
0.562500
0.575000
0.554167
0.575000
0.566667
0.558333
0.575000
0.562500
0.562500
0.570833
0.566667
0.562500
0.575000
0.562500
0.570833
0.570833
0.562500
0.562500
0.570833
0.566667
0.554167
0.570833
