0.787500
0.512500
0.900000
0.833333
0.804167
0.500000
0.904167
0.625000
0.504167
0.887500
0.820833
0.808333
0.537500
0.895833
0.495833
0.908333
0.812500
1.358333
1.370833
0.816667
0.479167
0.908333
0.829167
0.808333
1.362500
0.829167
0.808333
0.545833
0.904167
0.833333
0.804167
0.500000
0.904167
1.366667
0.495833
0.895833
0.829167
0.808333
0.475000
0.891667
0.829167
0.804167
0.316667
1.045833
0.800000
0.791667
0.512500
0.912500
0.550000
0.900000
0.816667
0.804167
1.354167
0.491667
0.895833
0.370833
0.433333
0.666667
0.179167
0.262500
1.066667
1.145833
0.704167
0.395833
0.491667
0.787500
0.787500
0.333333
0.995833
0.491667
0.858333
0.525000
0.262500
0.945833
1.333333
0.154167
0.320833
0.754167
0.437500
0.866667
1.216667
1.504167
0.812500
0.800000
0.545833
0.891667
0.812500
0.791667
0.487500
0.883333
0.808333
0.775000
0.437500
0.245833
0.758333
0.787500
0.487500
0.450000
0.400000
0.704167
0.179167
0.354167
0.687500
0.312500
0.504167
0.895833
0.808333
0.800000
0.458333
0.891667
1.362500
0.808333
0.800000
0.566667
0.912500
0.341667
1.037500
0.341667
1.045833
0.341667
1.058333
0.504167
0.933333
0.862500
0.833333
0.479167
0.941667
1.412500
0.500000
0.945833
0.491667
0.945833
0.845833
0.825000
0.520833
0.933333
0.829167
0.812500
0.454167
0.920833
1.395833
1.383333
1.370833
0.816667
0.795833
0.554167
0.908333
1.366667
1.375000
0.833333
0.820833
1.341667
0.483333
0.916667
0.841667
0.820833
0.512500
0.920833
0.833333
0.804167
0.495833
0.904167
0.495833
0.912500
0.491667
0.912500
0.837500
0.829167
0.558333
0.937500
0.491667
0.937500
1.416667
0.862500
0.850000
0.325000
1.075000
1.408333
0.333333
1.062500
0.833333
0.816667
0.483333
0.916667
0.495833
0.908333
0.491667
0.908333
1.379167
0.350000
1.037500
0.829167
0.804167
0.550000
0.916667
1.391667
0.837500
0.833333
0.470833
1.191667
0.850000
0.833333
0.525000
0.912500
0.825000
0.808333
0.454167
0.908333
1.383333
0.833333
0.816667
0.554167
0.929167
0.495833
0.920833
1.400000
0.350000
1.058333
0.841667
0.820833
0.554167
0.933333
0.833333
0.816667
0.525000
0.920833
0.829167
0.820833
0.487500
0.925000
0.350000
1.054167
1.395833
0.483333
0.916667
0.829167
0.820833
0.558333
0.916667
0.829167
0.812500
0.537500
0.912500
1.383333
1.379167
0.491667
0.908333
1.387500
1.395833
1.395833
0.350000
1.062500
0.350000
1.054167
1.412500
0.491667
0.933333
1.408333
0.491667
0.933333
0.850000
0.837500
0.520833
0.929167
0.841667
0.825000
0.487500
0.920833
0.833333
0.816667
0.516667
0.912500
1.383333
0.825000
0.816667
0.558333
0.925000
0.833333
0.816667
0.495833
0.920833
0.845833
0.487500
0.925000
0.850000
0.825000
0.554167
0.933333
0.837500
0.820833
0.483333
0.916667
1.395833
1.395833
1.395833
0.845833
0.829167
0.554167
0.945833
1.408333
0.841667
0.829167
0.554167
0.933333
0.525000
0.933333
0.495833
0.904167
1.387500
0.345833
1.041667
0.837500
0.825000
0.525000
0.929167
1.404167
0.845833
0.829167
0.554167
0.933333
0.504167
0.920833
1.404167
0.854167
0.837500
0.533333
0.933333
0.845833
0.825000
0.479167
0.920833
0.837500
0.825000
0.616667
0.950000
1.404167
1.412500
0.854167
0.633333
0.445833
0.454167
0.795833
0.487500
0.954167
1.416667
0.341667
1.095833
0.504167
0.941667
0.500000
0.941667
0.858333
0.829167
0.529167
0.933333
0.500000
0.920833
0.500000
0.883333
0.850000
0.829167
0.825000
0.833333
0.825000
1.387500
0.837500
0.820833
0.483333
0.912500
1.395833
0.491667
0.916667
1.400000
1.395833
1.400000
1.408333
0.500000
0.933333
1.420833
1.433333
0.341667
1.087500
0.870833
0.595833
0.958333
0.845833
0.833333
0.479167
0.929167
1.408333
0.850000
0.837500
0.545833
0.937500
0.845833
0.820833
0.508333
0.916667
0.837500
0.816667
0.529167
0.929167
0.845833
0.500000
0.933333
0.854167
0.491667
0.916667
0.841667
0.820833
0.537500
0.929167
0.829167
0.808333
0.541667
0.912500
0.833333
0.812500
0.491667
0.912500
0.512500
0.916667
0.500000
0.920833
1.412500
0.495833
0.929167
0.504167
0.933333
0.516667
0.941667
0.858333
0.833333
0.495833
0.925000
1.395833
0.833333
0.825000
0.554167
0.933333
0.841667
0.833333
0.483333
0.929167
1.404167
0.845833
0.825000
0.541667
0.929167
1.400000
0.500000
0.929167
1.404167
0.491667
0.925000
1.404167
0.854167
0.845833
0.500000
0.937500
0.875000
0.850000
0.495833
0.945833
1.425000
0.354167
1.083333
0.354167
1.075000
1.420833
0.491667
0.941667
1.425000
0.495833
0.950000
1.425000
0.866667
0.850000
0.550000
0.950000
1.408333
0.854167
0.833333
0.500000
0.929167
0.841667
0.833333
0.545833
0.937500
1.400000
0.841667
0.829167
0.520833
0.937500
0.837500
0.825000
0.516667
0.912500
1.400000
0.837500
0.825000
0.500000
0.920833
1.408333
0.845833
0.829167
0.537500
0.941667
1.395833
0.837500
0.820833
0.550000
0.929167
0.837500
0.816667
0.520833
0.916667
0.837500
0.820833
0.550000
0.929167
1.400000
0.845833
0.837500
0.529167
0.941667
0.858333
0.841667
0.516667
0.945833
0.862500
0.837500
0.483333
0.937500
0.554167
0.975000
1.437500
0.495833
0.958333
0.858333
0.845833
0.487500
0.945833
0.500000
0.950000
0.854167
0.837500
1.383333
1.416667
0.491667
0.695833
0.229167
0.845833
0.829167
0.541667
0.954167
0.841667
0.837500
0.516667
0.925000
1.404167
0.345833
1.054167
0.500000
0.912500
0.491667
0.916667
1.391667
0.345833
1.054167
0.350000
1.070833
0.862500
0.845833
0.541667
0.945833
0.495833
0.950000
1.445833
0.487500
0.945833
1.416667
1.408333
0.500000
0.933333
0.854167
0.825000
0.612500
0.950000
0.833333
0.820833
1.354167
0.837500
0.825000
0.545833
0.912500
1.395833
1.383333
1.391667
0.829167
0.808333
0.562500
0.916667
0.837500
0.812500
0.545833
0.916667
1.391667
1.395833
0.479167
0.920833
0.841667
0.825000
0.554167
0.937500
1.395833
1.412500
0.854167
0.837500
0.525000
0.937500
1.404167
0.858333
0.837500
0.487500
0.929167
1.420833
0.495833
0.941667
0.862500
0.841667
0.508333
0.941667
1.404167
0.479167
0.937500
0.504167
0.933333
1.416667
0.858333
0.837500
0.491667
0.933333
1.404167
0.833333
0.812500
0.550000
0.920833
1.400000
0.491667
0.925000
0.512500
0.941667
0.504167
0.950000
0.870833
0.845833
0.533333
0.954167
0.337500
1.091667
0.891667
0.520833
0.970833
0.895833
0.858333
0.483333
0.933333
1.433333
0.350000
1.062500
0.500000
0.933333
0.550000
0.937500
1.420833
0.837500
0.820833
0.562500
0.941667
1.404167
0.512500
0.925000
0.845833
0.820833
0.533333
0.933333
0.854167
0.833333
0.466667
0.941667
0.858333
0.837500
0.508333
0.941667
1.420833
0.491667
0.945833
0.875000
0.850000
0.520833
0.958333
0.875000
0.854167
1.383333
0.345833
1.091667
0.350000
1.091667
0.870833
0.850000
0.508333
0.954167
1.433333
0.862500
0.845833
0.533333
0.958333
0.858333
0.837500
0.516667
0.945833
0.858333
0.841667
0.604167
0.958333
0.491667
0.933333
0.862500
0.845833
0.537500
0.954167
1.425000
1.420833
0.870833
0.837500
0.541667
0.958333
0.858333
0.841667
0.516667
0.954167
1.437500
0.483333
0.954167
1.420833
0.858333
