0.716667
0.720833
0.725000
0.725000
0.716667
0.716667
0.720833
0.725000
0.725000
0.720833
0.720833
0.720833
0.729167
0.733333
0.729167
0.729167
0.729167
0.741667
0.733333
0.733333
0.729167
0.725000
0.737500
0.737500
0.725000
0.725000
0.725000
0.720833
0.733333
0.729167
0.729167
0.720833
0.720833
0.729167
0.725000
0.725000
0.716667
0.716667
0.729167
0.725000
0.729167
0.720833
0.725000
0.729167
0.729167
0.729167
0.720833
0.725000
0.725000
0.725000
0.725000
0.716667
0.720833
0.720833
0.725000
0.725000
0.725000
0.716667
0.720833
0.729167
0.725000
0.729167
0.720833
0.729167
0.737500
0.729167
0.725000
0.720833
0.729167
0.729167
0.725000
0.725000
0.716667
0.720833
0.725000
0.720833
0.720833
0.712500
0.720833
0.725000
0.720833
0.725000
0.712500
0.716667
0.725000
0.720833
0.720833
0.716667
0.720833
0.729167
0.729167
0.729167
0.720833
0.716667
0.725000
0.733333
0.725000
0.720833
0.720833
0.725000
0.725000
0.729167
0.725000
0.716667
0.720833
0.725000
0.725000
0.720833
0.720833
0.716667
0.733333
0.729167
0.720833
0.720833
0.716667
0.729167
0.729167
0.729167
0.725000
0.725000
0.729167
0.729167
0.729167
0.720833
0.720833
0.729167
0.729167
0.729167
0.725000
0.720833
0.729167
0.729167
0.729167
0.729167
0.720833
0.725000
0.729167
0.729167
0.729167
0.720833
0.720833
0.733333
0.733333
0.729167
0.729167
0.725000
0.733333
0.733333
0.737500
0.729167
0.725000
0.729167
0.729167
0.733333
0.729167
0.720833
0.720833
0.729167
0.725000
0.725000
0.716667
0.716667
0.729167
0.725000
0.725000
0.716667
0.720833
0.733333
0.729167
0.729167
0.716667
0.720833
0.733333
0.729167
0.733333
0.725000
0.729167
0.737500
0.733333
0.729167
0.729167
0.725000
0.733333
0.729167
0.725000
0.725000
0.720833
0.720833
0.725000
0.729167
0.720833
0.720833
0.720833
0.725000
0.729167
0.725000
0.725000
0.720833
0.725000
0.729167
0.729167
0.725000
0.725000
0.729167
0.733333
0.729167
0.733333
0.725000
0.729167
0.733333
0.733333
0.737500
0.729167
0.733333
0.733333
0.737500
0.729167
0.729167
0.725000
0.733333
0.729167
0.729167
0.729167
0.725000
0.725000
0.733333
0.729167
0.725000
0.725000
0.725000
0.733333
0.725000
0.720833
0.720833
0.725000
0.725000
0.725000
0.716667
0.716667
0.725000
0.720833
0.720833
0.712500
0.712500
0.720833
0.716667
0.712500
0.708333
0.712500
0.712500
0.716667
0.712500
0.708333
0.708333
0.708333
0.716667
0.708333
0.708333
0.708333
0.704167
0.716667
0.712500
0.712500
0.708333
0.704167
0.704167
0.712500
0.708333
0.704167
0.704167
0.708333
0.704167
0.700000
0.695833
0.708333
0.704167
0.704167
0.704167
0.700000
0.708333
0.708333
0.700000
0.704167
0.695833
0.704167
0.704167
0.704167
0.700000
0.700000
0.700000
0.700000
0.708333
0.704167
0.700000
0.700000
0.708333
0.708333
0.708333
0.708333
0.700000
0.704167
0.708333
0.708333
0.704167
0.700000
0.704167
0.704167
0.708333
0.700000
0.704167
0.704167
0.704167
0.708333
0.708333
0.704167
0.704167
0.708333
0.716667
0.712500
0.716667
0.708333
0.716667
0.720833
0.720833
0.725000
0.720833
0.720833
0.729167
0.725000
0.725000
0.725000
0.720833
0.729167
0.737500
0.729167
0.729167
0.725000
0.733333
0.733333
0.729167
0.729167
0.720833
0.725000
0.737500
0.733333
0.725000
0.725000
0.737500
0.729167
0.729167
0.725000
0.720833
0.725000
0.733333
0.729167
0.725000
0.725000
0.729167
0.729167
0.725000
0.720833
0.720833
0.725000
0.729167
0.720833
0.716667
0.725000
0.725000
0.720833
0.716667
0.712500
0.716667
0.720833
0.716667
0.712500
0.708333
0.712500
0.720833
0.716667
0.716667
0.712500
0.716667
0.720833
0.725000
0.720833
0.716667
0.720833
0.725000
0.729167
0.725000
0.729167
0.725000
0.729167
0.729167
0.733333
0.725000
0.720833
0.733333
0.737500
0.725000
0.729167
0.720833
0.720833
0.733333
0.729167
0.725000
0.720833
0.725000
0.729167
0.733333
0.729167
0.725000
0.737500
0.741667
0.729167
0.733333
0.729167
0.741667
0.737500
0.733333
0.725000
0.729167
0.729167
0.733333
0.737500
0.725000
0.725000
0.725000
0.733333
0.733333
0.729167
0.725000
0.729167
0.733333
0.729167
0.733333
0.725000
0.729167
0.733333
0.729167
0.733333
0.725000
0.725000
0.725000
0.733333
0.729167
0.733333
0.725000
0.729167
0.733333
0.729167
0.729167
0.725000
0.725000
0.737500
0.737500
0.733333
0.733333
0.729167
0.733333
0.737500
0.737500
0.733333
0.729167
0.729167
0.737500
0.741667
0.741667
0.737500
0.733333
0.737500
0.737500
0.741667
0.737500
0.729167
0.737500
0.741667
0.737500
0.733333
0.725000
0.729167
0.737500
0.729167
0.733333
0.725000
0.733333
0.733333
0.733333
0.733333
0.725000
0.725000
0.733333
0.725000
0.725000
0.725000
0.733333
0.720833
0.716667
0.716667
0.708333
0.712500
0.720833
0.712500
0.712500
0.708333
0.712500
0.712500
0.712500
0.708333
0.704167
0.708333
0.712500
0.708333
0.708333
0.704167
0.704167
0.708333
0.704167
0.700000
0.700000
0.700000
0.704167
0.704167
0.695833
0.695833
0.700000
0.704167
0.700000
0.695833
0.691667
0.700000
0.700000
0.700000
0.695833
0.691667
0.695833
0.704167
0.700000
0.695833
0.695833
0.700000
0.704167
0.704167
0.704167
0.700000
0.704167
0.708333
0.704167
0.708333
0.700000
0.704167
0.708333
0.712500
0.704167
0.704167
0.704167
0.708333
0.708333
0.704167
0.700000
0.700000
0.700000
0.704167
0.704167
0.700000
0.700000
0.695833
0.708333
0.708333
0.695833
0.700000
0.695833
0.700000
0.708333
0.700000
0.704167
0.695833
0.700000
0.712500
0.708333
0.708333
0.704167
0.708333
0.708333
0.716667
0.716667
0.712500
0.704167
0.712500
0.716667
0.716667
0.712500
0.704167
0.712500
0.716667
0.720833
0.716667
0.708333
0.716667
0.720833
0.720833
0.720833
0.708333
0.712500
0.720833
0.725000
0.720833
0.716667
0.712500
0.720833
0.720833
0.720833
0.716667
0.712500
0.720833
0.725000
0.716667
0.720833
0.708333
0.716667
0.725000
0.720833
0.725000
0.716667
0.716667
0.725000
0.729167
0.725000
0.725000
0.716667
0.725000
0.729167
0.729167
0.725000
0.725000
0.720833
0.729167
0.725000
0.720833
0.716667
0.725000
0.725000
0.720833
0.716667
0.716667
0.720833
0.725000
0.720833
0.716667
0.712500
0.720833
0.725000
0.725000
0.729167
0.716667
0.720833
0.733333
0.725000
0.720833
0.720833
0.716667
0.725000
0.729167
0.729167
0.729167
0.725000
0.729167
0.733333
0.729167
0.729167
0.725000
0.720833
0.729167
0.729167
0.729167
0.725000
0.725000
0.729167
0.737500
0.733333
0.725000
0.720833
0.729167
0.733333
0.733333
0.729167
0.725000
0.729167
0.729167
0.737500
0.737500
0.729167
0.733333
0.745833
0.741667
0.737500
0.733333
0.733333
0.745833
0.737500
0.733333
0.729167
0.725000
0.729167
0.737500
0.733333
0.725000
0.725000
0.733333
0.729167
0.729167
0.720833
0.725000
0.725000
0.729167
0.725000
0.720833
0.720833
0.729167
0.725000
0.720833
0.716667
0.712500
0.720833
0.716667
0.708333
0.700000
0.712500
0.704167
0.691667
0.700000
0.704167
0.704167
0.695833
0.691667
0.695833
0.700000
0.700000
0.700000
0.691667
0.700000
0.695833
0.162500
0.537500
0.695833
0.691667
0.700000
0.695833
0.687500
0.691667
0.700000
0.691667
0.695833
0.687500
0.687500
0.700000
0.695833
0.687500
0.683333
0.695833
0.695833
0.691667
0.687500
0.695833
0.695833
0.687500
0.695833
0.691667
0.695833
0.687500
0.695833
0.700000
0.691667
0.695833
0.704167
0.704167
0.700000
0.700000
0.704167
0.708333
0.700000
0.695833
0.700000
0.704167
0.704167
0.691667
0.695833
0.700000
0.700000
0.700000
0.687500
0.691667
0.695833
0.695833
0.687500
0.687500
0.691667
0.695833
0.691667
0.695833
0.691667
0.687500
0.687500
0.691667
0.683333
0.687500
0.691667
0.683333
0.370833
0.325000
0.412500
0.379167
0.116667
1.150000
0.287500
0.854167
0.225000
0.370833
0.329167
0.441667
0.920833
0.679167
0.679167
0.679167
0.679167
0.687500
0.687500
0.675000
0.579167
0.216667
0.570833
0.266667
0.416667
0.683333
0.683333
0.675000
0.679167
0.679167
0.670833
0.679167
0.675000
0.675000
0.675000
0.683333
0.670833
0.675000
0.675000
0.675000
0.675000
0.679167
0.675000
0.675000
0.679167
0.675000
0.670833
0.683333
1.354167
0.675000
0.683333
0.683333
0.687500
0.683333
0.683333
0.566667
0.808333
0.691667
0.687500
0.691667
0.695833
0.691667
0.691667
0.695833
0.700000
0.700000
0.695833
0.700000
0.708333
