1.166667
0.979167
0.566667
0.666667
0.595833
0.691667
1.033333
0.841667
1.029167
1.054167
0.600000
0.791667
0.658333
0.845833
1.000000
0.745833
0.970833
0.904167
0.883333
0.987500
0.737500
0.550000
0.741667
1.004167
0.691667
0.754167
1.320833
0.612500
0.850000
0.991667
1.225000
1.462500
1.012500
0.675000
0.800000
0.720833
1.041667
0.591667
0.770833
0.650000
0.920833
1.041667
0.737500
0.695833
0.570833
0.925000
0.925000
0.575000
0.829167
0.691667
0.833333
0.583333
0.687500
0.858333
0.991667
1.504167
0.983333
0.550000
0.541667
0.775000
1.079167
0.912500
0.591667
1.045833
0.770833
0.754167
1.012500
0.933333
0.733333
0.795833
1.308333
1.200000
1.275000
0.837500
0.683333
1.262500
0.720833
0.550000
0.791667
0.558333
0.841667
0.879167
0.637500
1.050000
1.362500
0.741667
0.804167
0.787500
0.950000
0.587500
0.541667
0.908333
0.683333
0.720833
0.841667
0.579167
0.950000
0.616667
0.700000
0.908333
0.720833
0.850000
0.566667
0.983333
0.783333
1.070833
0.654167
0.712500
1.037500
0.720833
0.841667
0.687500
1.275000
1.595833
0.945833
0.566667
0.933333
1.204167
0.766667
0.795833
1.195833
1.091667
0.800000
0.608333
0.933333
1.162500
0.850000
0.541667
0.783333
0.616667
0.704167
0.787500
0.887500
0.820833
1.041667
1.508333
0.870833
0.962500
1.166667
0.583333
0.716667
0.916667
0.791667
0.725000
0.866667
0.558333
1.312500
0.645833
0.854167
0.908333
0.791667
0.587500
0.887500
1.975000
0.779167
0.795833
1.029167
0.875000
0.733333
0.812500
1.050000
0.987500
1.016667
0.608333
0.875000
0.904167
1.033333
1.545833
1.250000
1.091667
1.095833
0.900000
0.616667
0.566667
0.712500
0.950000
0.829167
0.708333
0.579167
1.012500
0.733333
0.958333
0.754167
0.950000
0.579167
1.016667
0.937500
0.645833
0.845833
0.641667
1.070833
1.245833
0.779167
1.066667
0.870833
0.666667
0.575000
1.141667
1.104167
0.875000
0.662500
1.104167
0.691667
0.595833
0.741667
0.762500
0.745833
0.795833
1.116667
0.670833
0.662500
1.091667
1.016667
0.558333
1.350000
1.012500
1.062500
0.745833
1.012500
0.925000
1.304167
1.204167
0.833333
0.616667
0.570833
0.866667
0.937500
0.754167
0.945833
0.841667
0.812500
0.825000
0.741667
0.987500
1.112500
1.729167
0.870833
0.770833
0.704167
1.329167
1.008333
0.937500
1.041667
0.662500
0.925000
0.745833
0.687500
0.991667
1.062500
0.575000
0.562500
0.912500
0.800000
0.975000
0.575000
0.925000
1.120833
1.079167
0.708333
0.550000
1.533333
0.920833
1.104167
0.754167
0.945833
0.679167
0.875000
0.783333
0.550000
0.858333
0.987500
0.816667
0.891667
0.966667
1.112500
0.858333
0.579167
1.450000
1.225000
0.720833
1.283333
1.575000
1.070833
0.587500
0.816667
1.058333
0.779167
0.733333
0.791667
0.791667
0.758333
0.695833
1.020833
0.591667
0.887500
1.083333
0.795833
0.712500
0.625000
0.816667
0.575000
0.908333
1.008333
0.558333
1.058333
0.766667
1.045833
0.633333
0.529167
0.829167
0.791667
0.800000
0.529167
0.570833
0.908333
0.554167
0.837500
0.741667
0.729167
0.962500
0.695833
0.783333
0.637500
0.554167
0.925000
1.291667
1.370833
0.795833
0.508333
0.958333
1.054167
1.033333
0.783333
0.666667
0.800000
1.200000
0.883333
0.700000
0.691667
0.733333
1.016667
0.933333
1.158333
1.108333
1.037500
0.745833
0.754167
0.729167
0.541667
0.541667
1.041667
0.845833
1.195833
1.333333
1.033333
0.629167
0.933333
0.670833
0.975000
0.787500
0.633333
0.700000
0.541667
0.737500
0.787500
0.937500
1.108333
0.820833
0.787500
0.654167
0.575000
0.895833
0.920833
0.554167
0.945833
1.220833
0.591667
1.208333
0.912500
0.529167
0.958333
0.908333
0.600000
1.212500
0.825000
0.800000
0.983333
0.987500
1.512500
0.637500
0.766667
0.762500
0.716667
1.075000
1.783333
0.754167
0.812500
0.712500
1.091667
0.929167
0.787500
0.795833
0.779167
0.958333
0.866667
0.745833
0.866667
1.620833
0.695833
0.595833
0.662500
1.158333
0.612500
0.754167
0.570833
0.737500
0.995833
0.558333
0.804167
0.745833
0.654167
0.704167
0.708333
0.858333
0.733333
1.425000
0.833333
0.625000
1.150000
0.762500
0.558333
0.866667
1.050000
1.191667
1.012500
0.833333
0.783333
0.816667
1.012500
1.095833
0.566667
0.733333
0.725000
1.225000
0.795833
0.883333
0.720833
1.170833
0.612500
0.941667
1.033333
1.166667
0.575000
1.141667
0.783333
0.879167
1.166667
1.091667
0.575000
0.679167
1.120833
1.237500
0.850000
1.175000
0.891667
0.541667
0.675000
0.837500
0.862500
1.108333
1.029167
1.016667
1.320833
0.845833
0.533333
0.937500
0.616667
1.195833
0.766667
1.112500
0.837500
0.854167
0.983333
1.045833
0.583333
0.841667
0.770833
0.716667
0.750000
0.562500
0.995833
0.904167
1.341667
0.983333
0.575000
1.320833
0.762500
0.754167
0.616667
0.779167
1.400000
0.720833
0.791667
1.029167
1.250000
0.629167
0.787500
0.741667
1.245833
1.050000
0.708333
0.854167
0.650000
0.725000
0.787500
1.091667
0.629167
0.579167
0.954167
0.954167
1.004167
0.570833
1.212500
1.000000
0.779167
0.800000
0.820833
0.887500
1.158333
1.204167
0.750000
0.804167
0.633333
1.066667
0.783333
1.204167
0.962500
0.729167
1.054167
0.733333
0.537500
0.687500
1.079167
1.500000
0.650000
1.050000
0.733333
0.541667
0.845833
0.875000
0.550000
0.729167
0.812500
0.862500
0.945833
0.558333
0.554167
0.829167
1.062500
0.583333
0.891667
0.825000
0.800000
0.545833
0.825000
1.487500
1.087500
0.720833
0.966667
0.775000
0.670833
0.870833
1.241667
0.645833
0.570833
1.329167
0.737500
0.925000
0.587500
0.995833
0.900000
1.020833
0.975000
1.287500
0.737500
0.954167
0.762500
1.083333
0.800000
0.916667
0.741667
0.516667
0.933333
0.775000
0.837500
0.737500
0.691667
0.941667
0.850000
0.537500
0.958333
1.458333
1.270833
0.970833
1.029167
1.037500
1.895833
0.783333
0.779167
0.795833
0.820833
0.545833
0.520833
0.695833
0.625000
0.945833
1.150000
0.591667
0.858333
1.341667
1.395833
1.416667
0.620833
0.812500
0.687500
0.929167
0.766667
0.833333
1.262500
1.516667
1.520833
0.958333
1.262500
0.950000
0.666667
1.025000
0.854167
0.720833
1.041667
0.820833
1.308333
0.795833
0.525000
1.141667
0.850000
0.787500
0.987500
0.820833
0.770833
0.712500
0.783333
0.708333
0.966667
0.929167
0.775000
0.850000
1.183333
1.237500
0.750000
0.870833
0.829167
0.925000
0.787500
0.541667
0.895833
1.162500
0.779167
0.704167
0.870833
1.295833
0.745833
0.912500
0.766667
1.183333
1.083333
0.766667
1.000000
1.075000
0.683333
0.787500
0.812500
0.841667
1.095833
1.295833
1.108333
0.758333
0.829167
1.075000
0.770833
1.116667
0.983333
1.720833
1.162500
0.854167
0.575000
0.566667
0.941667
1.575000
0.729167
0.687500
0.962500
1.008333
1.179167
1.450000
0.950000
1.133333
0.604167
0.520833
