0.766667
0.775000
0.787500
0.770833
0.737500
0.741667
0.741667
0.745833
0.754167
0.766667
0.770833
0.775000
0.775000
0.775000
0.775000
0.783333
0.787500
0.795833
0.800000
0.770833
0.766667
0.779167
0.795833
0.808333
0.800000
0.779167
0.775000
0.783333
0.775000
0.758333
0.737500
0.737500
0.737500
0.750000
0.758333
0.737500
0.725000
0.733333
0.737500
0.745833
0.762500
0.779167
0.800000
0.779167
0.758333
0.758333
0.758333
0.775000
0.783333
0.795833
0.795833
0.791667
0.770833
0.758333
0.754167
0.766667
0.779167
0.787500
0.795833
0.783333
0.783333
0.783333
0.254167
0.520833
0.775000
0.791667
0.795833
0.808333
0.808333
0.791667
0.812500
0.829167
0.825000
0.795833
0.795833
0.795833
0.766667
0.750000
0.750000
0.758333
0.779167
0.791667
0.783333
0.787500
0.804167
0.800000
0.804167
0.804167
0.812500
0.812500
0.820833
0.816667
0.812500
0.795833
0.804167
0.808333
0.808333
0.800000
0.804167
0.812500
0.791667
0.762500
0.750000
0.750000
0.766667
0.783333
0.787500
0.795833
0.816667
0.820833
0.825000
0.816667
0.804167
0.816667
0.816667
0.820833
0.816667
0.795833
0.775000
0.754167
0.754167
0.754167
0.770833
0.779167
0.787500
0.800000
0.800000
0.783333
0.779167
0.779167
0.795833
0.804167
0.820833
0.833333
0.833333
0.816667
0.820833
0.800000
0.770833
0.766667
0.779167
0.779167
0.775000
0.795833
0.783333
0.762500
0.758333
0.758333
0.758333
0.754167
0.750000
0.762500
0.770833
0.787500
0.800000
0.791667
0.762500
0.741667
0.733333
0.741667
0.750000
0.762500
0.779167
0.791667
0.795833
0.795833
0.804167
0.804167
0.816667
0.808333
0.816667
0.804167
0.816667
0.825000
0.833333
0.829167
0.829167
0.829167
0.837500
0.816667
0.816667
0.825000
0.833333
0.841667
0.825000
0.812500
0.837500
0.820833
0.804167
0.783333
0.787500
0.812500
0.820833
0.800000
0.812500
0.820833
0.820833
0.791667
0.787500
0.800000
0.808333
0.800000
0.795833
0.812500
0.841667
0.829167
0.808333
0.812500
0.816667
0.820833
0.795833
0.808333
0.820833
0.816667
0.787500
0.783333
0.783333
0.787500
0.783333
0.779167
0.775000
0.775000
0.750000
0.725000
0.720833
0.729167
0.741667
0.754167
0.766667
0.775000
0.775000
0.779167
0.783333
0.795833
0.795833
0.795833
0.791667
0.766667
0.733333
0.737500
0.737500
0.750000
0.745833
0.733333
0.725000
0.712500
0.720833
0.716667
0.708333
0.691667
0.687500
0.683333
0.691667
0.712500
0.720833
0.733333
0.741667
0.483333
0.258333
0.516667
0.216667
0.720833
0.258333
0.475000
0.737500
0.729167
0.741667
0.737500
0.725000
0.720833
0.733333
0.741667
0.762500
0.770833
0.783333
0.791667
0.795833
0.795833
0.800000
0.804167
0.816667
0.825000
0.829167
0.825000
0.820833
0.808333
0.820833
0.829167
0.820833
0.800000
0.804167
0.804167
0.800000
0.787500
0.779167
0.800000
0.808333
0.791667
0.770833
0.775000
0.779167
0.220833
0.550000
0.554167
0.116667
0.245833
0.250000
0.329167
0.375000
0.354167
0.508333
0.229167
0.729167
0.733333
0.733333
0.737500
0.745833
0.745833
0.729167
0.733333
0.741667
0.737500
0.720833
1.458333
0.754167
0.754167
0.741667
0.737500
0.737500
0.745833
0.741667
0.745833
0.754167
0.758333
0.470833
0.287500
0.750000
0.766667
0.770833
0.775000
0.762500
0.770833
0.770833
0.762500
0.775000
0.783333
0.795833
0.795833
0.804167
0.791667
0.795833
0.795833
0.787500
0.791667
0.250000
0.537500
0.787500
0.279167
0.491667
0.766667
0.783333
0.800000
0.791667
0.275000
0.508333
0.795833
0.279167
0.512500
0.295833
0.245833
0.254167
0.604167
0.183333
0.670833
0.895833
0.600000
0.195833
0.779167
0.775000
0.779167
0.787500
0.795833
0.779167
0.754167
0.762500
0.770833
0.779167
0.758333
1.495833
0.770833
0.787500
0.791667
0.808333
0.812500
0.820833
0.820833
0.820833
0.812500
0.820833
0.816667
0.812500
0.816667
0.808333
0.787500
0.779167
0.783333
0.787500
1.295833
0.233333
0.758333
0.766667
0.766667
0.758333
0.754167
0.766667
0.779167
0.775000
0.787500
0.804167
0.795833
0.795833
0.800000
0.829167
1.620833
0.829167
0.837500
0.841667
0.816667
0.791667
0.500000
0.287500
0.791667
0.787500
0.762500
0.762500
0.766667
0.787500
0.795833
0.800000
0.820833
0.829167
0.833333
0.816667
0.795833
0.804167
0.816667
0.837500
0.845833
0.841667
0.829167
0.808333
0.816667
0.841667
0.854167
0.862500
0.854167
0.829167
0.820833
0.833333
0.837500
0.850000
0.833333
0.825000
0.825000
0.829167
0.812500
0.800000
0.800000
0.791667
0.770833
0.350000
0.400000
0.754167
0.770833
0.775000
0.758333
0.754167
0.233333
0.262500
0.266667
0.770833
0.775000
1.545833
0.783333
0.791667
0.800000
0.791667
1.291667
0.258333
0.775000
0.779167
0.783333
1.570833
1.233333
0.366667
0.812500
0.808333
0.800000
0.804167
0.833333
0.825000
0.825000
0.820833
0.833333
0.820833
0.816667
0.825000
0.841667
0.945833
1.337500
0.129167
0.783333
0.208333
0.354167
0.387500
0.654167
0.216667
0.408333
0.725000
0.729167
0.725000
0.729167
0.725000
0.729167
0.716667
0.712500
0.712500
0.708333
0.720833
0.729167
0.733333
0.737500
0.550000
0.187500
0.458333
0.270833
0.495833
0.708333
0.283333
0.745833
0.300000
0.437500
0.741667
0.420833
0.333333
0.754167
0.737500
0.250000
0.483333
0.229167
0.512500
0.362500
0.395833
0.258333
0.520833
0.250000
0.516667
0.770833
0.775000
0.787500
0.683333
0.116667
0.812500
0.808333
0.795833
0.804167
0.816667
0.812500
0.804167
0.820833
0.816667
0.820833
0.833333
0.808333
0.825000
0.820833
0.816667
0.829167
0.795833
0.808333
0.812500
0.816667
0.808333
0.787500
0.533333
0.266667
0.795833
0.804167
0.800000
0.800000
0.800000
0.804167
0.787500
0.795833
0.816667
0.808333
0.833333
0.816667
0.787500
0.783333
0.770833
0.783333
0.812500
0.833333
0.850000
0.841667
0.841667
0.854167
0.858333
0.862500
0.841667
0.829167
0.837500
0.850000
0.845833
0.845833
0.858333
0.862500
0.866667
0.854167
0.858333
0.870833
0.862500
0.845833
0.858333
0.870833
0.833333
0.800000
0.775000
0.345833
0.429167
0.445833
0.475000
0.337500
0.316667
0.479167
0.245833
0.329167
0.562500
0.229167
0.391667
0.766667
0.791667
0.620833
0.170833
0.262500
0.525000
0.116667
0.662500
0.783333
0.804167
0.816667
0.804167
0.791667
0.812500
0.829167
0.833333
0.833333
0.850000
0.850000
0.858333
1.641667
0.833333
0.237500
0.250000
0.362500
1.604167
0.775000
0.783333
0.808333
0.808333
0.808333
0.808333
0.816667
0.837500
0.829167
0.829167
0.841667
0.841667
0.841667
0.841667
0.829167
0.854167
0.866667
0.854167
0.841667
0.850000
0.862500
0.862500
0.850000
0.841667
0.837500
0.829167
0.804167
0.779167
0.758333
0.758333
0.775000
0.800000
0.825000
0.829167
0.833333
0.850000
0.850000
0.858333
0.850000
0.825000
0.841667
0.841667
0.829167
0.825000
0.829167
0.837500
0.820833
0.825000
0.833333
0.845833
0.812500
0.808333
0.808333
0.820833
0.825000
0.816667
0.820833
0.829167
0.812500
0.775000
0.758333
0.766667
0.770833
0.766667
0.754167
0.750000
0.762500
0.800000
0.816667
0.841667
0.850000
0.845833
0.833333
0.808333
0.825000
0.837500
0.820833
0.795833
0.808333
0.820833
0.837500
0.841667
0.833333
0.820833
0.833333
0.833333
0.841667
0.841667
0.850000
0.841667
0.837500
0.820833
0.829167
0.845833
0.820833
0.816667
0.845833
0.845833
0.862500
0.854167
0.850000
0.854167
0.845833
0.837500
0.816667
0.829167
0.850000
0.841667
0.833333
0.866667
0.875000
0.850000
0.837500
0.845833
0.854167
0.841667
0.829167
0.845833
0.837500
0.837500
0.816667
0.829167
0.833333
0.837500
0.820833
0.841667
0.841667
0.833333
0.812500
0.812500
0.833333
0.833333
0.804167
0.791667
0.808333
0.825000
0.820833
0.791667
0.795833
0.800000
0.800000
0.762500
0.754167
0.750000
0.750000
0.745833
0.733333
0.725000
0.308333
0.420833
0.333333
0.404167
0.754167
0.241667
0.345833
0.412500
0.120833
0.362500
0.750000
0.758333
0.362500
0.395833
0.770833
0.266667
0.504167
0.791667
0.795833
0.791667
0.412500
