0.795833
0.670833
0.933333
0.800000
0.808333
0.804167
0.579167
1.029167
0.804167
0.795833
0.800000
0.658333
0.954167
0.800000
0.804167
0.800000
0.666667
0.945833
0.804167
0.808333
0.808333
0.604167
1.012500
0.800000
0.808333
0.804167
0.645833
0.970833
0.804167
0.804167
0.804167
0.800000
0.812500
0.808333
0.804167
0.808333
0.808333
0.808333
0.808333
0.812500
0.816667
0.641667
1.004167
0.812500
0.812500
0.816667
0.816667
0.816667
0.820833
0.820833
0.816667
0.816667
0.820833
0.816667
0.812500
0.816667
0.820833
0.820833
0.816667
0.816667
0.816667
0.816667
0.816667
0.812500
0.812500
0.812500
0.808333
0.816667
0.816667
0.816667
0.812500
0.816667
0.816667
0.820833
0.812500
0.816667
0.812500
0.812500
0.812500
0.816667
0.808333
0.812500
0.808333
0.808333
0.804167
0.812500
0.808333
0.808333
0.808333
0.812500
0.816667
0.808333
0.812500
0.820833
0.808333
0.816667
0.808333
0.812500
0.816667
0.812500
0.816667
0.812500
0.812500
0.812500
0.808333
0.812500
0.812500
0.808333
0.804167
0.808333
0.804167
0.800000
0.804167
0.808333
0.800000
0.804167
0.804167
0.804167
0.795833
0.800000
0.800000
0.804167
0.795833
0.795833
0.795833
0.800000
0.791667
0.791667
0.787500
0.787500
0.783333
0.783333
0.779167
0.779167
0.775000
0.775000
0.770833
0.775000
0.775000
0.779167
0.779167
0.783333
0.783333
0.787500
0.783333
0.791667
0.787500
0.795833
0.791667
0.804167
0.750000
0.854167
0.800000
0.808333
0.679167
0.929167
0.804167
0.800000
0.804167
0.670833
0.933333
0.800000
0.795833
0.800000
0.800000
0.804167
0.795833
0.804167
0.800000
0.795833
0.795833
0.791667
0.795833
0.791667
0.787500
0.791667
0.787500
0.787500
0.791667
0.650000
0.941667
0.795833
0.791667
0.795833
0.795833
0.795833
0.791667
0.800000
0.795833
0.791667
0.795833
0.587500
1.016667
0.804167
0.800000
0.800000
0.804167
0.804167
0.804167
0.808333
0.812500
0.708333
0.916667
0.695833
0.370833
1.379167
0.500000
1.145833
0.629167
1.004167
0.808333
0.804167
0.804167
0.808333
0.808333
0.808333
0.595833
1.020833
0.804167
0.800000
0.804167
0.662500
0.954167
0.804167
0.808333
0.800000
0.804167
0.804167
0.804167
0.808333
0.812500
0.808333
0.804167
0.812500
0.812500
0.812500
0.725000
0.904167
0.808333
0.808333
0.804167
0.800000
0.804167
0.800000
0.804167
0.804167
0.804167
0.800000
0.808333
0.804167
0.620833
1.000000
0.812500
0.808333
0.812500
0.812500
0.808333
0.812500
0.812500
0.812500
0.808333
0.812500
0.808333
0.808333
0.808333
0.591667
1.045833
0.808333
0.808333
0.812500
0.812500
0.808333
0.812500
0.812500
0.808333
0.812500
0.812500
0.812500
0.812500
0.812500
0.812500
0.812500
0.820833
0.812500
0.816667
0.816667
0.812500
0.816667
0.816667
0.816667
0.720833
0.916667
0.816667
0.816667
0.816667
0.812500
0.816667
0.820833
0.816667
0.816667
0.812500
0.812500
0.812500
0.716667
0.908333
0.812500
0.804167
0.808333
0.741667
0.875000
0.812500
0.808333
0.812500
0.691667
0.941667
0.812500
0.812500
0.812500
0.812500
0.808333
0.808333
0.625000
0.995833
0.804167
0.804167
0.804167
0.808333
0.800000
0.804167
0.808333
0.804167
0.808333
0.808333
0.808333
0.808333
0.808333
0.808333
0.812500
0.812500
1.633333
0.812500
0.820833
0.816667
0.816667
0.812500
0.820833
0.816667
0.812500
0.812500
0.812500
0.816667
0.812500
0.812500
0.812500
0.812500
0.812500
0.812500
0.812500
0.804167
0.812500
0.812500
0.816667
0.812500
0.808333
0.812500
0.812500
0.812500
0.812500
0.812500
0.666667
0.962500
0.804167
0.808333
0.795833
0.808333
0.808333
0.808333
0.804167
0.808333
0.812500
0.804167
0.795833
0.804167
0.804167
0.795833
0.800000
0.795833
0.791667
0.800000
0.800000
0.629167
0.983333
0.795833
0.800000
0.804167
0.800000
0.800000
1.604167
0.800000
0.800000
0.800000
0.800000
0.800000
0.800000
0.804167
0.804167
0.804167
0.808333
0.808333
0.816667
0.812500
0.808333
0.808333
0.812500
0.812500
0.808333
0.812500
0.808333
0.804167
0.812500
0.804167
0.808333
0.808333
0.808333
0.808333
0.812500
0.812500
0.808333
0.812500
0.804167
0.808333
0.808333
0.808333
0.812500
0.808333
0.808333
0.816667
0.812500
0.812500
0.812500
0.812500
0.812500
0.812500
0.816667
0.812500
0.808333
0.812500
0.808333
0.808333
0.812500
0.808333
0.725000
0.895833
0.808333
0.808333
0.812500
0.812500
0.808333
0.808333
0.808333
0.808333
0.675000
0.954167
0.675000
0.375000
0.583333
0.816667
0.812500
0.633333
1.004167
0.812500
0.725000
0.912500
0.808333
0.812500
0.816667
0.808333
0.691667
0.933333
0.691667
0.379167
1.375000
0.483333
1.162500
0.554167
1.087500
0.808333
0.808333
0.808333
0.808333
0.700000
0.920833
0.808333
0.808333
0.808333
0.704167
0.925000
0.812500
0.808333
0.808333
0.808333
0.812500
0.812500
0.812500
0.812500
0.808333
0.804167
0.804167
0.641667
0.983333
0.683333
0.375000
0.554167
0.816667
0.804167
0.804167
0.800000
0.645833
0.975000
0.800000
0.804167
0.804167
0.800000
0.804167
0.800000
0.804167
0.808333
0.725000
0.883333
0.804167
0.804167
0.804167
0.741667
0.879167
0.816667
0.808333
0.816667
0.816667
0.816667
0.812500
0.820833
0.812500
0.662500
0.975000
0.816667
0.812500
0.812500
0.812500
0.812500
0.808333
0.812500
0.808333
0.675000
0.954167
0.812500
0.808333
0.812500
0.816667
0.816667
0.816667
0.816667
0.812500
0.808333
0.816667
0.812500
0.812500
0.812500
0.812500
0.808333
0.820833
0.812500
0.812500
0.812500
0.808333
0.808333
0.825000
0.816667
0.816667
0.816667
0.820833
0.816667
0.812500
0.812500
0.804167
0.808333
0.804167
0.808333
0.804167
0.804167
0.804167
0.808333
0.804167
0.808333
0.808333
0.808333
0.804167
0.808333
0.804167
0.808333
0.800000
0.800000
0.804167
0.795833
0.800000
0.800000
0.795833
0.800000
0.800000
0.800000
0.808333
0.808333
0.812500
0.816667
0.816667
0.816667
0.820833
0.816667
0.820833
0.820833
0.825000
0.812500
0.812500
0.820833
0.733333
0.908333
0.816667
0.825000
0.816667
0.812500
0.812500
0.808333
0.812500
0.808333
0.804167
0.812500
0.800000
0.795833
0.800000
0.795833
0.795833
0.795833
0.795833
0.795833
0.800000
0.804167
0.795833
0.795833
0.804167
0.616667
0.995833
0.804167
0.800000
0.804167
0.804167
0.800000
0.800000
0.800000
0.804167
0.733333
0.875000
0.800000
0.804167
0.800000
0.800000
0.804167
0.808333
0.687500
0.933333
0.808333
0.812500
0.812500
0.808333
0.812500
0.812500
0.812500
0.733333
0.895833
0.808333
0.816667
0.804167
0.816667
0.816667
0.816667
0.812500
0.812500
0.812500
0.804167
0.808333
0.808333
0.804167
0.800000
0.804167
0.804167
0.808333
0.804167
0.725000
0.904167
0.808333
0.812500
0.812500
0.812500
0.808333
0.812500
0.808333
0.808333
0.804167
0.804167
0.808333
0.804167
0.804167
0.804167
0.808333
0.583333
1.033333
0.804167
0.800000
0.795833
0.800000
0.800000
0.800000
0.800000
0.800000
0.800000
0.800000
0.804167
0.808333
0.804167
0.733333
0.883333
0.804167
0.804167
0.804167
0.808333
0.804167
0.804167
0.804167
0.720833
0.891667
0.800000
0.800000
0.800000
0.804167
0.800000
0.795833
0.800000
0.800000
0.800000
0.808333
0.808333
0.808333
0.812500
0.691667
0.941667
0.812500
0.808333
0.804167
0.808333
0.804167
0.808333
0.804167
0.804167
0.691667
0.912500
0.800000
0.800000
0.800000
0.800000
0.800000
0.800000
0.804167
0.808333
0.800000
