0.383333
0.491667
0.395833
0.904167
0.875000
0.870833
0.891667
0.887500
0.875000
0.870833
0.879167
0.762500
0.520833
0.470833
0.841667
0.333333
0.587500
0.441667
0.312500
0.370833
0.479167
0.216667
0.637500
0.525000
0.337500
0.316667
0.325000
0.766667
0.300000
0.458333
0.387500
0.225000
0.637500
0.579167
0.270833
0.866667
0.845833
0.508333
0.337500
0.504167
0.350000
0.475000
0.400000
0.079167
0.795833
0.862500
0.858333
0.879167
0.900000
0.900000
0.883333
0.887500
0.912500
0.925000
0.895833
0.887500
0.904167
0.916667
0.900000
0.879167
0.887500
0.887500
0.904167
0.887500
0.891667
0.904167
0.912500
0.891667
0.883333
0.900000
0.908333
0.900000
0.887500
0.887500
0.887500
0.870833
0.854167
0.858333
0.862500
0.845833
0.837500
0.841667
0.829167
0.816667
0.825000
0.829167
0.833333
0.854167
0.875000
0.870833
0.870833
0.895833
0.387500
0.112500
0.400000
0.450000
0.412500
0.862500
0.887500
0.904167
0.912500
0.887500
0.883333
0.900000
0.904167
0.870833
0.870833
0.895833
0.904167
0.912500
0.883333
0.883333
0.900000
0.920833
0.929167
0.887500
0.258333
0.625000
0.341667
0.533333
0.416667
0.454167
0.408333
0.445833
0.316667
0.470833
0.504167
0.433333
0.350000
0.187500
0.337500
0.366667
0.512500
0.870833
0.866667
0.875000
0.879167
0.854167
0.870833
0.887500
0.895833
0.887500
0.883333
0.908333
0.916667
0.925000
0.895833
0.900000
0.920833
0.929167
0.908333
0.895833
0.916667
0.937500
0.945833
0.925000
0.900000
0.900000
0.916667
0.925000
0.920833
0.883333
0.858333
0.854167
0.858333
0.870833
0.875000
0.866667
0.887500
0.895833
0.887500
0.883333
0.904167
0.929167
0.925000
0.912500
0.925000
0.950000
0.929167
0.904167
0.920833
0.929167
0.929167
0.904167
0.891667
0.904167
0.900000
0.875000
0.866667
0.879167
0.883333
0.883333
0.875000
0.891667
0.895833
0.895833
0.879167
0.887500
0.904167
0.908333
0.895833
0.900000
0.920833
0.925000
0.916667
0.900000
0.900000
0.925000
0.925000
0.904167
0.887500
0.895833
0.908333
0.912500
0.895833
0.904167
0.925000
0.429167
0.495833
0.320833
0.245833
0.320833
1.033333
0.733333
0.900000
0.887500
0.879167
0.895833
0.616667
0.283333
0.920833
1.220833
0.566667
0.900000
0.504167
0.425000
0.891667
0.908333
0.900000
0.920833
0.908333
0.891667
0.737500
1.050000
0.904167
0.891667
0.875000
0.595833
0.295833
0.666667
0.245833
0.900000
0.566667
0.979167
0.225000
0.904167
0.500000
0.400000
1.495833
0.287500
0.508333
0.412500
0.900000
0.870833
0.879167
0.887500
0.875000
0.866667
0.883333
0.891667
0.883333
0.883333
0.912500
0.908333
0.891667
0.887500
0.679167
0.208333
0.904167
0.637500
0.229167
0.875000
0.483333
0.408333
0.283333
0.345833
0.258333
0.295833
0.579167
0.433333
0.441667
0.533333
0.362500
0.487500
0.404167
0.879167
0.887500
0.900000
0.900000
0.912500
0.270833
1.512500
0.912500
0.904167
1.587500
0.208333
0.616667
1.200000
0.870833
0.858333
0.858333
0.858333
0.854167
0.854167
0.879167
0.895833
0.904167
0.900000
0.900000
0.920833
0.925000
0.920833
0.908333
0.912500
0.920833
0.916667
0.904167
0.895833
0.912500
0.929167
0.933333
0.912500
0.912500
0.937500
0.925000
0.912500
0.900000
0.904167
0.933333
0.933333
0.912500
0.900000
0.900000
0.904167
0.908333
0.887500
0.883333
0.912500
0.916667
0.908333
0.883333
0.904167
0.920833
0.916667
0.887500
0.912500
0.920833
0.925000
0.900000
0.904167
0.925000
0.920833
0.891667
0.900000
0.925000
0.925000
0.900000
0.891667
0.908333
0.916667
0.900000
0.904167
0.925000
0.933333
0.912500
0.895833
0.916667
0.929167
0.941667
0.908333
0.891667
0.925000
0.929167
0.604167
0.308333
1.770833
0.904167
0.895833
0.887500
0.908333
0.925000
0.916667
0.895833
0.900000
0.916667
0.891667
0.620833
0.570833
0.266667
0.275000
0.895833
0.904167
0.941667
0.254167
0.425000
1.008333
0.879167
0.858333
0.866667
0.900000
0.900000
0.883333
0.879167
0.904167
0.920833
0.904167
0.900000
0.920833
0.933333
0.916667
0.904167
0.916667
0.929167
0.920833
0.895833
0.916667
0.929167
0.929167
0.908333
0.900000
0.912500
0.929167
0.920833
0.904167
0.929167
0.941667
0.941667
0.916667
0.891667
0.908333
0.908333
0.895833
0.883333
0.912500
0.925000
0.925000
0.900000
0.908333
0.925000
0.920833
0.904167
0.895833
0.916667
0.933333
0.929167
0.904167
0.904167
0.908333
0.916667
0.908333
0.887500
0.904167
0.916667
0.912500
0.895833
0.904167
0.916667
0.904167
0.883333
0.904167
0.916667
0.916667
0.900000
0.895833
0.904167
0.925000
0.916667
0.891667
0.916667
0.920833
0.920833
0.929167
0.908333
0.904167
0.933333
0.925000
0.916667
0.904167
0.925000
0.937500
0.916667
0.675000
0.220833
0.883333
0.337500
0.554167
0.900000
0.687500
0.312500
0.770833
0.920833
0.925000
0.912500
0.895833
0.920833
0.929167
0.937500
0.912500
0.900000
0.920833
0.950000
0.945833
0.929167
0.904167
0.929167
0.950000
0.950000
0.920833
0.912500
0.937500
0.954167
0.962500
0.916667
0.900000
0.912500
0.916667
0.895833
0.887500
0.916667
0.929167
0.929167
0.908333
0.908333
0.937500
0.945833
0.925000
0.904167
0.904167
0.904167
0.883333
0.875000
0.895833
0.916667
0.908333
0.883333
0.904167
0.937500
0.929167
0.900000
0.887500
0.920833
0.950000
0.925000
0.887500
0.908333
0.933333
0.937500
0.916667
0.887500
0.916667
0.925000
0.937500
0.904167
0.887500
0.925000
0.925000
0.912500
0.879167
0.891667
0.908333
0.912500
0.879167
0.858333
0.875000
0.887500
0.900000
0.883333
0.933333
0.775000
0.875000
0.866667
0.475000
0.391667
0.862500
0.512500
0.358333
0.875000
0.862500
0.862500
0.883333
0.904167
0.883333
0.600000
0.275000
1.429167
0.425000
1.625000
0.875000
0.883333
1.750000
0.904167
0.895833
0.887500
0.891667
0.908333
0.916667
0.887500
0.883333
0.900000
0.908333
0.891667
0.883333
0.904167
0.916667
0.904167
0.883333
0.900000
0.916667
0.908333
0.883333
0.887500
0.904167
0.908333
0.891667
0.891667
0.908333
0.912500
0.904167
0.891667
0.891667
0.916667
0.908333
0.887500
0.891667
0.666667
0.237500
0.779167
1.041667
0.887500
0.904167
0.912500
0.916667
0.904167
0.887500
0.900000
0.912500
0.912500
0.895833
0.900000
0.916667
0.920833
0.908333
0.904167
0.908333
0.908333
0.912500
0.887500
0.883333
0.900000
0.908333
0.908333
0.883333
0.891667
0.900000
0.912500
0.904167
0.908333
0.900000
0.920833
0.925000
0.920833
0.900000
0.904167
0.916667
0.916667
0.900000
0.895833
0.916667
0.920833
0.933333
0.925000
0.912500
0.908333
0.929167
0.937500
0.945833
0.925000
0.904167
0.929167
0.937500
0.937500
0.933333
0.895833
0.895833
0.891667
0.879167
0.845833
0.837500
0.845833
0.837500
0.841667
0.862500
0.879167
0.887500
0.875000
0.895833
0.908333
0.912500
0.891667
0.887500
0.900000
0.912500
0.920833
0.904167
0.908333
0.920833
0.925000
0.900000
0.908333
0.925000
0.908333
0.895833
0.904167
0.908333
0.908333
0.895833
0.916667
0.916667
0.920833
0.916667
0.900000
0.916667
0.929167
0.937500
0.925000
0.912500
0.925000
0.941667
0.933333
0.933333
0.912500
0.925000
0.933333
0.937500
0.933333
0.912500
0.929167
0.933333
0.950000
