1.204167
1.179167
1.129167
1.154167
1.158333
1.170833
1.108333
1.691667
1.133333
1.116667
1.066667
1.025000
1.091667
1.120833
1.116667
1.041667
1.329167
0.508333
0.262500
0.287500
0.804167
0.691667
0.129167
0.745833
0.304167
0.308333
0.641667
0.125000
0.433333
0.337500
0.612500
0.495833
0.991667
0.775000
0.912500
0.950000
1.037500
0.466667
0.145833
1.366667
0.983333
0.866667
0.795833
0.258333
0.345833
0.537500
0.408333
0.450000
0.700000
0.158333
0.433333
0.525000
0.466667
0.320833
1.170833
0.241667
0.387500
0.379167
0.550000
0.225000
0.645833
0.050000
0.366667
0.625000
0.458333
0.729167
1.266667
0.404167
0.391667
0.825000
1.691667
1.658333
1.654167
0.820833
0.833333
0.833333
0.837500
0.841667
0.841667
0.829167
0.845833
0.845833
0.862500
0.858333
0.879167
0.895833
0.920833
0.941667
0.941667
0.925000
0.925000
0.908333
0.904167
0.904167
0.895833
0.912500
0.920833
0.937500
0.920833
0.933333
0.950000
0.983333
1.020833
1.016667
1.054167
1.045833
1.050000
1.070833
0.783333
0.291667
0.229167
0.250000
0.204167
0.358333
0.891667
0.133333
0.320833
0.708333
0.975000
0.329167
0.633333
0.929167
0.912500
0.925000
1.854167
0.650000
0.595833
0.250000
0.391667
0.300000
0.633333
0.175000
0.870833
1.016667
1.000000
0.966667
0.991667
0.991667
0.995833
0.954167
0.975000
0.987500
1.004167
1.000000
0.958333
0.970833
0.987500
1.012500
1.025000
1.020833
1.020833
1.083333
1.075000
1.033333
0.987500
1.016667
1.016667
1.058333
1.116667
1.112500
1.050000
1.025000
1.025000
1.016667
0.991667
0.970833
0.633333
1.141667
1.095833
1.087500
1.066667
1.012500
1.004167
1.008333
1.016667
1.025000
1.041667
1.008333
0.983333
1.025000
1.050000
1.020833
1.041667
1.079167
1.079167
1.075000
1.008333
0.975000
0.437500
0.083333
0.312500
0.691667
0.383333
0.266667
0.116667
0.545833
0.441667
0.475000
0.279167
0.437500
0.212500
0.379167
0.595833
0.720833
0.295833
0.529167
0.337500
1.008333
0.212500
0.766667
0.441667
0.762500
0.933333
0.933333
0.929167
0.933333
0.925000
0.941667
0.933333
0.929167
0.904167
0.912500
0.900000
0.891667
0.904167
0.916667
0.925000
0.933333
0.916667
0.937500
0.945833
0.925000
0.937500
0.958333
0.420833
0.458333
1.008333
0.941667
0.950000
0.950000
0.937500
0.991667
1.008333
1.029167
1.100000
1.137500
1.150000
1.100000
1.070833
1.058333
1.037500
1.012500
0.983333
1.025000
1.041667
1.016667
1.016667
1.025000
1.008333
0.995833
1.050000
1.083333
1.125000
1.091667
1.066667
1.104167
1.108333
1.120833
1.087500
1.037500
1.091667
1.108333
1.066667
1.075000
1.104167
1.087500
1.033333
1.033333
1.070833
1.008333
1.045833
1.079167
1.066667
1.033333
1.037500
1.025000
1.000000
0.958333
0.950000
0.950000
0.991667
1.020833
1.037500
1.000000
0.954167
0.954167
0.945833
0.425000
0.508333
0.941667
0.950000
0.945833
0.933333
0.937500
0.941667
0.945833
0.925000
0.908333
0.895833
0.870833
0.858333
0.850000
0.850000
0.895833
0.958333
1.000000
1.008333
1.020833
1.075000
1.079167
1.083333
1.066667
1.033333
1.050000
1.058333
0.995833
1.025000
1.016667
1.037500
1.037500
1.033333
1.016667
0.995833
1.025000
1.037500
1.075000
1.083333
1.079167
1.075000
1.145833
1.170833
1.175000
1.166667
1.141667
1.100000
1.137500
1.145833
1.162500
1.145833
1.112500
1.091667
1.137500
1.133333
1.158333
1.150000
1.125000
1.158333
1.129167
1.145833
1.125000
1.129167
1.175000
1.187500
1.195833
1.158333
1.141667
1.195833
1.216667
1.195833
1.166667
0.545833
1.300000
1.245833
1.204167
1.137500
1.104167
1.137500
1.129167
1.120833
1.100000
1.083333
1.175000
1.158333
1.141667
1.158333
1.112500
1.162500
1.154167
1.058333
1.112500
1.108333
1.041667
1.050000
1.066667
1.037500
1.016667
0.579167
0.437500
1.000000
0.975000
1.008333
1.037500
1.079167
1.062500
1.045833
1.033333
1.033333
1.029167
1.020833
1.041667
1.212500
1.200000
1.187500
1.183333
1.216667
1.266667
1.320833
2.104167
1.179167
1.154167
1.095833
1.025000
0.537500
1.175000
1.091667
1.058333
1.070833
1.095833
1.116667
1.137500
1.162500
1.183333
1.266667
1.237500
1.250000
1.245833
1.262500
1.216667
1.162500
0.562500
1.295833
1.245833
1.200000
1.145833
0.554167
1.237500
1.183333
1.125000
1.120833
1.087500
0.562500
1.233333
1.179167
1.175000
1.150000
1.145833
1.166667
1.141667
1.150000
1.137500
1.141667
1.216667
1.229167
1.258333
1.241667
1.175000
1.129167
1.191667
1.225000
1.204167
1.104167
1.083333
1.050000
1.029167
1.012500
0.950000
0.987500
1.008333
1.062500
1.100000
1.120833
1.095833
1.141667
1.158333
1.166667
1.245833
1.312500
1.304167
1.287500
1.200000
1.204167
1.166667
1.095833
1.033333
1.041667
1.000000
1.016667
1.087500
1.070833
1.050000
1.066667
1.095833
1.120833
1.283333
1.262500
1.233333
1.254167
1.295833
1.283333
1.179167
1.125000
1.100000
1.100000
1.075000
1.004167
1.029167
1.016667
1.029167
1.037500
1.033333
0.983333
1.062500
1.104167
1.141667
1.154167
1.129167
1.195833
1.183333
1.237500
1.212500
1.137500
1.183333
1.195833
1.170833
1.104167
1.120833
1.062500
0.995833
0.937500
0.875000
0.887500
0.929167
1.004167
0.966667
0.270833
0.658333
0.345833
0.504167
1.020833
0.916667
0.904167
0.879167
0.858333
0.870833
0.895833
0.925000
0.962500
0.966667
0.966667
0.950000
0.966667
1.033333
1.091667
1.145833
1.141667
0.741667
1.241667
0.504167
1.537500
1.120833
1.154167
1.154167
1.079167
1.062500
1.050000
1.070833
1.054167
0.987500
1.050000
1.083333
1.066667
1.037500
0.991667
1.016667
1.045833
1.150000
1.170833
1.133333
1.087500
1.133333
1.112500
1.150000
1.166667
1.095833
1.141667
1.125000
1.141667
1.079167
1.029167
1.037500
1.079167
1.091667
1.054167
0.966667
1.004167
1.012500
1.058333
1.083333
1.070833
1.016667
1.041667
1.091667
1.129167
1.158333
1.162500
1.125000
1.137500
1.162500
1.237500
1.195833
1.091667
1.108333
1.154167
1.095833
1.037500
1.033333
1.020833
1.004167
0.966667
0.916667
0.933333
0.958333
0.991667
1.000000
1.008333
1.004167
0.966667
0.983333
1.033333
1.091667
1.154167
1.120833
1.050000
1.025000
