0.862500
0.845833
0.841667
0.833333
0.833333
0.850000
0.845833
0.841667
0.650000
0.995833
0.841667
0.845833
0.854167
0.845833
0.850000
0.845833
0.845833
0.841667
0.845833
0.862500
0.858333
0.850000
0.850000
0.854167
0.570833
1.008333
0.858333
0.854167
0.854167
0.845833
0.837500
0.829167
0.833333
0.850000
0.841667
0.837500
0.841667
0.841667
0.841667
0.845833
0.858333
0.854167
0.854167
0.858333
0.858333
0.850000
0.850000
0.866667
0.854167
0.854167
0.850000
0.845833
0.850000
0.837500
0.854167
0.850000
0.845833
0.845833
0.850000
0.845833
0.833333
0.841667
0.854167
0.850000
0.845833
0.837500
0.845833
0.833333
0.841667
0.854167
0.845833
0.841667
0.833333
0.837500
0.833333
0.854167
0.845833
0.837500
0.837500
0.837500
0.837500
0.841667
0.850000
0.837500
0.841667
0.841667
0.833333
0.845833
0.850000
0.845833
0.841667
0.837500
0.837500
0.825000
0.845833
0.837500
1.683333
0.833333
0.833333
0.845833
0.841667
0.833333
0.837500
0.829167
0.837500
0.850000
0.845833
0.841667
0.841667
0.620833
1.000000
0.862500
0.854167
0.841667
0.837500
0.833333
0.541667
1.004167
0.608333
1.000000
0.866667
0.862500
0.858333
0.841667
0.845833
0.850000
0.850000
0.845833
0.850000
0.841667
0.841667
0.858333
0.854167
0.850000
0.845833
0.841667
0.837500
0.858333
0.854167
0.850000
0.845833
0.845833
0.829167
0.850000
0.850000
0.850000
0.845833
0.854167
0.841667
0.850000
0.854167
0.850000
0.841667
0.845833
0.841667
0.858333
0.837500
0.841667
0.833333
0.837500
0.829167
0.833333
0.862500
0.854167
0.841667
0.841667
0.845833
0.841667
0.850000
0.850000
0.850000
0.854167
1.683333
0.529167
1.008333
0.870833
0.866667
0.862500
0.870833
0.862500
0.850000
0.862500
0.858333
0.850000
0.850000
0.854167
0.854167
0.850000
0.858333
0.858333
0.862500
0.545833
1.029167
0.879167
0.870833
0.866667
0.870833
0.870833
0.854167
0.879167
0.875000
0.866667
0.866667
0.850000
0.854167
0.875000
0.862500
0.862500
0.862500
0.862500
0.858333
0.875000
0.866667
0.858333
0.858333
0.854167
0.875000
0.862500
0.858333
0.858333
0.858333
0.879167
0.866667
0.862500
0.862500
0.866667
0.795833
0.883333
0.866667
0.870833
0.879167
0.787500
0.875000
0.879167
0.866667
0.879167
0.841667
0.837500
0.870833
0.866667
0.866667
0.533333
1.145833
0.891667
0.850000
0.850000
0.862500
0.862500
0.858333
0.854167
0.845833
0.550000
1.016667
0.870833
0.866667
0.862500
0.858333
0.854167
0.858333
0.866667
0.854167
0.845833
0.862500
0.870833
0.862500
0.862500
0.858333
0.841667
0.854167
0.862500
0.845833
0.845833
0.845833
0.841667
0.862500
0.854167
0.845833
0.850000
0.833333
0.837500
0.841667
0.845833
0.841667
0.837500
0.837500
0.829167
0.850000
0.837500
0.833333
0.833333
0.837500
0.833333
0.850000
0.854167
0.850000
0.854167
0.841667
0.858333
0.866667
0.858333
0.850000
0.854167
0.833333
0.845833
0.850000
0.858333
0.841667
0.837500
0.829167
0.841667
0.837500
0.854167
0.858333
0.850000
0.858333
0.850000
0.854167
0.870833
0.862500
0.854167
0.854167
0.850000
0.841667
0.858333
0.858333
0.850000
0.845833
0.845833
0.841667
0.858333
0.845833
0.845833
0.845833
0.850000
0.845833
0.866667
0.854167
0.854167
0.862500
0.862500
0.858333
0.879167
0.866667
0.866667
0.866667
0.862500
0.862500
0.875000
0.866667
0.862500
0.854167
0.858333
0.841667
0.862500
0.866667
0.866667
0.875000
0.870833
0.858333
0.875000
0.866667
0.862500
0.858333
0.850000
0.850000
0.870833
0.862500
0.858333
0.854167
0.854167
0.837500
0.858333
0.854167
0.850000
0.850000
0.850000
0.837500
0.841667
0.858333
0.858333
0.858333
0.854167
0.854167
0.850000
0.875000
0.862500
0.866667
0.862500
0.862500
0.833333
0.854167
0.854167
0.854167
0.850000
0.845833
0.841667
0.837500
0.858333
0.854167
0.854167
0.858333
0.858333
0.850000
0.866667
0.866667
0.858333
0.862500
0.858333
0.858333
0.875000
0.862500
0.866667
0.866667
0.854167
0.870833
0.866667
0.858333
0.862500
0.858333
0.862500
0.858333
0.854167
0.850000
0.845833
0.833333
0.741667
0.945833
0.833333
0.833333
0.837500
0.829167
0.845833
0.845833
0.841667
0.837500
0.841667
0.854167
0.850000
0.850000
0.841667
0.854167
0.854167
0.850000
0.845833
0.833333
0.850000
0.841667
0.841667
0.837500
0.833333
0.833333
0.862500
0.854167
0.845833
0.841667
0.829167
0.837500
0.858333
0.833333
0.833333
0.829167
0.825000
0.812500
0.820833
0.829167
0.825000
0.820833
0.816667
0.825000
0.841667
0.825000
0.820833
0.812500
0.808333
0.829167
0.812500
0.812500
0.812500
0.812500
0.804167
0.829167
0.812500
0.812500
0.812500
0.808333
0.808333
0.570833
0.966667
0.829167
0.816667
0.804167
0.800000
0.812500
0.812500
0.808333
0.812500
0.804167
0.804167
0.825000
0.812500
0.812500
0.808333
0.812500
0.816667
0.812500
0.825000
0.829167
0.820833
0.820833
0.820833
0.816667
0.533333
1.125000
0.820833
0.641667
0.966667
0.825000
0.816667
0.816667
0.804167
0.808333
0.820833
0.812500
0.800000
0.800000
0.800000
0.808333
0.812500
0.808333
0.812500
0.804167
0.833333
0.816667
0.816667
0.816667
0.808333
0.825000
0.820833
0.820833
0.816667
0.820833
0.816667
0.829167
0.825000
0.816667
0.812500
0.808333
0.812500
0.833333
0.816667
0.812500
0.808333
0.812500
0.829167
0.829167
0.816667
0.812500
0.500000
1.141667
0.820833
0.804167
0.800000
0.795833
0.591667
0.970833
0.825000
0.812500
0.816667
0.820833
0.812500
0.804167
0.808333
0.795833
0.816667
0.808333
0.795833
0.795833
0.787500
0.795833
0.791667
0.783333
0.787500
0.787500
0.783333
0.804167
0.795833
0.791667
1.608333
0.800000
0.808333
0.804167
0.804167
0.800000
0.800000
0.804167
0.816667
0.812500
0.812500
0.812500
0.804167
0.816667
0.825000
0.820833
0.820833
0.812500
0.816667
0.791667
0.841667
0.833333
0.808333
0.816667
0.816667
0.825000
0.808333
0.812500
0.812500
0.804167
0.800000
0.816667
0.820833
0.812500
0.804167
0.804167
0.608333
0.970833
0.825000
0.804167
0.804167
0.795833
0.795833
0.816667
0.804167
0.800000
0.800000
0.791667
0.525000
0.962500
0.825000
0.820833
0.541667
1.104167
0.812500
0.820833
0.804167
0.804167
0.800000
0.795833
0.533333
0.962500
0.820833
0.816667
0.804167
0.795833
0.791667
0.808333
0.795833
0.795833
0.587500
0.950000
0.804167
0.800000
0.791667
0.787500
0.791667
0.783333
0.783333
0.808333
0.795833
0.795833
0.787500
0.795833
0.787500
0.800000
0.800000
0.791667
0.783333
0.787500
0.783333
0.795833
0.791667
0.787500
0.783333
0.787500
0.783333
0.800000
0.795833
0.791667
0.783333
0.783333
0.783333
0.800000
0.800000
0.800000
0.800000
0.795833
0.808333
0.816667
0.816667
0.812500
0.816667
0.812500
0.808333
0.775000
0.875000
0.829167
0.808333
0.829167
0.812500
0.779167
0.825000
0.820833
0.800000
0.841667
0.804167
0.783333
0.800000
0.850000
0.816667
0.845833
0.516667
0.987500
0.845833
0.833333
0.833333
0.812500
0.808333
0.808333
0.808333
0.816667
0.816667
0.683333
0.937500
0.820833
0.829167
0.837500
0.837500
0.837500
0.829167
0.820833
0.841667
0.783333
0.845833
0.612500
0.995833
0.850000
