0.820833
0.825000
0.825000
0.820833
0.829167
0.825000
0.816667
0.837500
0.820833
0.829167
0.816667
0.820833
0.812500
0.829167
0.825000
0.829167
0.829167
0.825000
0.825000
0.829167
0.820833
0.829167
0.837500
0.833333
0.837500
1.620833
0.887500
0.825000
0.587500
1.008333
0.829167
0.841667
0.837500
0.837500
0.833333
0.829167
0.825000
0.829167
0.841667
0.833333
0.829167
0.829167
0.829167
0.825000
0.841667
0.833333
0.837500
0.829167
0.833333
0.837500
0.833333
0.854167
0.845833
0.841667
0.845833
0.845833
0.854167
0.808333
0.841667
0.854167
0.833333
0.854167
1.616667
0.925000
0.825000
0.820833
0.825000
0.558333
1.016667
0.862500
0.829167
0.829167
0.829167
0.820833
0.833333
0.829167
0.820833
0.820833
0.833333
0.829167
0.829167
0.837500
0.587500
1.029167
0.879167
0.854167
0.854167
0.862500
0.816667
0.854167
0.825000
0.837500
0.820833
0.829167
0.833333
0.829167
0.841667
0.795833
0.833333
0.833333
0.829167
0.833333
0.800000
0.829167
0.841667
0.829167
0.837500
0.791667
0.837500
0.833333
0.825000
0.812500
0.812500
0.808333
0.816667
0.779167
0.825000
0.825000
0.820833
0.825000
0.800000
0.812500
0.825000
0.816667
0.825000
0.825000
0.783333
0.816667
0.825000
0.820833
0.820833
0.833333
0.783333
0.833333
0.829167
0.833333
0.837500
0.795833
0.820833
0.833333
0.829167
0.845833
0.804167
1.616667
0.891667
0.829167
0.600000
1.012500
0.841667
0.816667
0.825000
0.820833
0.820833
0.825000
0.812500
0.837500
0.825000
0.841667
0.825000
0.795833
0.829167
0.829167
0.829167
0.829167
0.825000
0.804167
0.833333
0.833333
0.837500
0.850000
0.800000
0.825000
0.854167
0.829167
0.845833
0.841667
0.808333
0.850000
0.829167
0.841667
0.858333
0.800000
0.829167
0.845833
0.837500
0.841667
0.850000
0.795833
0.833333
0.845833
0.837500
0.837500
0.862500
0.795833
0.825000
0.850000
0.829167
0.837500
0.845833
0.845833
0.791667
0.708333
0.966667
0.870833
0.837500
0.841667
0.841667
0.812500
0.850000
0.829167
0.866667
0.808333
0.812500
0.854167
0.825000
0.850000
0.812500
0.829167
0.854167
0.833333
0.879167
0.808333
0.812500
0.858333
0.841667
0.870833
0.833333
0.829167
0.820833
0.858333
0.775000
0.866667
0.829167
0.841667
0.845833
0.845833
0.837500
0.795833
0.845833
0.825000
0.820833
0.816667
0.816667
0.820833
0.825000
0.820833
0.820833
0.833333
0.820833
0.783333
0.833333
0.520833
1.100000
0.920833
0.770833
0.825000
0.816667
0.804167
0.833333
0.770833
0.812500
0.812500
0.808333
0.808333
0.804167
0.787500
0.808333
0.816667
0.804167
0.795833
0.791667
0.808333
0.795833
0.800000
0.800000
0.808333
0.800000
0.800000
0.637500
0.954167
0.804167
0.812500
0.804167
0.808333
0.808333
0.808333
0.820833
0.595833
0.991667
0.820833
0.837500
0.600000
0.995833
0.850000
0.829167
0.825000
0.845833
0.829167
0.820833
0.600000
1.616667
0.945833
0.812500
0.812500
0.812500
0.812500
0.808333
0.825000
0.820833
0.816667
0.812500
0.808333
0.820833
0.812500
0.812500
0.812500
0.812500
0.808333
0.816667
0.812500
0.808333
0.804167
0.812500
0.812500
0.825000
0.816667
0.812500
0.812500
0.812500
0.816667
0.775000
0.816667
0.820833
0.820833
0.833333
0.791667
0.800000
0.820833
0.825000
0.825000
0.825000
0.787500
0.804167
0.829167
0.825000
0.825000
0.837500
0.795833
0.812500
0.820833
0.825000
0.825000
0.783333
0.816667
0.820833
0.816667
0.825000
0.783333
0.825000
0.825000
0.825000
0.829167
0.795833
0.833333
0.837500
0.829167
0.837500
0.800000
0.837500
0.841667
0.845833
0.808333
0.812500
0.837500
0.850000
0.829167
0.812500
0.812500
0.804167
0.795833
0.820833
0.783333
0.816667
0.875000
0.770833
0.820833
0.833333
0.816667
0.804167
0.820833
0.808333
0.812500
0.787500
0.587500
0.966667
0.804167
0.800000
0.795833
0.795833
0.791667
0.800000
0.804167
0.800000
0.800000
0.791667
0.795833
0.787500
0.791667
0.795833
0.791667
0.791667
0.800000
0.800000
0.804167
0.816667
0.812500
0.808333
0.808333
0.808333
0.804167
0.804167
0.800000
0.816667
0.804167
0.808333
0.816667
0.804167
0.816667
0.825000
0.820833
0.820833
0.816667
0.825000
0.825000
0.841667
0.820833
0.825000
0.816667
0.833333
0.816667
0.820833
0.812500
0.812500
0.837500
0.829167
0.604167
1.000000
0.841667
0.837500
0.829167
0.829167
0.825000
0.816667
0.829167
0.820833
0.816667
0.812500
0.812500
0.833333
0.820833
0.825000
0.816667
0.820833
0.833333
0.825000
0.829167
0.833333
0.616667
1.012500
0.600000
1.020833
0.854167
0.850000
0.841667
0.829167
0.845833
0.829167
0.829167
0.825000
0.816667
0.841667
0.829167
0.825000
0.825000
0.816667
0.820833
0.812500
0.795833
0.812500
0.812500
0.804167
0.804167
0.800000
0.791667
0.787500
0.787500
0.791667
0.779167
0.783333
0.783333
0.779167
0.791667
0.775000
0.787500
0.766667
0.783333
0.787500
0.787500
0.791667
0.762500
0.775000
0.787500
0.791667
0.787500
0.783333
0.779167
0.787500
0.791667
0.804167
0.787500
0.770833
0.795833
0.804167
0.512500
0.920833
0.958333
0.808333
0.783333
0.783333
0.787500
0.795833
0.791667
0.795833
0.791667
0.791667
0.804167
0.816667
0.791667
0.800000
0.808333
0.808333
0.808333
0.804167
0.804167
0.812500
0.812500
0.812500
0.812500
0.795833
0.820833
0.808333
0.825000
0.808333
0.800000
0.791667
0.829167
0.791667
0.800000
0.779167
0.800000
0.854167
0.758333
0.800000
0.787500
0.841667
0.775000
0.808333
0.812500
0.808333
0.812500
0.791667
0.791667
0.816667
0.816667
0.816667
0.791667
0.800000
0.808333
0.795833
0.791667
0.812500
0.800000
0.804167
0.804167
0.800000
0.808333
0.816667
0.816667
0.820833
0.816667
0.816667
0.833333
0.820833
0.812500
0.812500
0.804167
0.808333
0.812500
0.804167
0.800000
0.800000
0.783333
0.804167
0.812500
0.808333
0.804167
0.795833
0.550000
0.987500
0.829167
0.808333
0.804167
0.800000
0.816667
0.816667
0.800000
0.800000
0.804167
0.804167
0.454167
0.995833
0.841667
0.579167
0.987500
0.825000
0.808333
0.804167
0.800000
0.808333
0.816667
0.812500
0.812500
0.812500
0.816667
0.816667
0.595833
0.995833
0.833333
0.820833
0.820833
0.825000
0.829167
0.829167
0.825000
0.816667
0.820833
0.825000
0.820833
0.812500
0.812500
0.808333
0.825000
0.820833
0.816667
0.808333
0.820833
0.825000
0.816667
0.820833
0.816667
0.816667
0.570833
1.070833
0.658333
0.987500
0.820833
0.841667
0.837500
0.837500
0.833333
0.637500
1.004167
0.833333
0.833333
0.820833
0.833333
0.804167
0.808333
0.820833
0.791667
0.820833
0.816667
0.816667
0.625000
0.970833
0.825000
0.825000
0.820833
0.829167
0.795833
0.816667
0.829167
0.825000
0.829167
0.825000
0.800000
0.825000
0.829167
0.829167
0.816667
0.820833
0.833333
0.833333
0.816667
0.808333
0.804167
0.808333
0.795833
0.787500
0.833333
0.816667
0.791667
0.816667
0.783333
0.816667
0.800000
0.829167
0.791667
0.800000
0.820833
0.833333
0.758333
0.900000
0.795833
0.779167
0.820833
0.808333
0.795833
0.804167
0.787500
0.766667
0.820833
0.791667
0.795833
0.800000
0.579167
0.987500
0.866667
0.841667
0.783333
0.837500
0.829167
0.816667
0.791667
0.804167
0.808333
0.820833
0.825000
0.837500
0.795833
0.816667
0.833333
0.829167
0.837500
0.820833
0.804167
0.829167
0.833333
0.837500
