1.454167
1.787500
1.429167
1.104167
1.741667
1.483333
2.075000
0.833333
0.816667
1.841667
1.662500
0.954167
2.104167
0.808333
1.175000
1.341667
1.216667
1.645833
1.270833
1.125000
0.945833
1.220833
1.050000
1.504167
1.808333
1.062500
1.845833
1.695833
0.795833
1.358333
1.075000
0.879167
1.537500
1.987500
1.445833
1.150000
1.033333
1.962500
1.187500
0.991667
1.100000
0.920833
1.366667
0.795833
0.800000
0.820833
1.012500
1.433333
0.841667
1.483333
1.579167
1.412500
0.920833
1.250000
1.029167
1.087500
1.229167
0.858333
1.625000
1.608333
0.879167
1.850000
1.908333
0.950000
1.320833
1.883333
0.983333
0.908333
0.829167
1.454167
0.741667
1.166667
1.537500
1.162500
0.970833
2.004167
0.883333
0.829167
0.812500
0.983333
1.745833
0.937500
1.645833
1.075000
1.245833
0.900000
1.050000
1.462500
0.750000
2.008333
0.820833
1.362500
1.975000
0.729167
2.029167
1.554167
1.000000
0.837500
1.291667
1.062500
1.295833
1.162500
1.100000
1.170833
1.120833
0.895833
1.754167
1.129167
1.033333
1.183333
0.954167
1.733333
1.458333
2.050000
1.591667
1.729167
1.716667
1.591667
1.295833
0.854167
0.991667
1.083333
1.341667
1.420833
1.125000
2.041667
0.691667
1.304167
0.720833
1.033333
1.625000
0.970833
1.487500
1.537500
1.454167
1.166667
1.850000
0.979167
0.912500
1.545833
0.645833
1.666667
0.812500
1.579167
0.933333
0.920833
1.166667
1.216667
0.829167
0.837500
1.233333
0.829167
1.354167
2.079167
1.383333
1.133333
0.954167
1.341667
1.370833
1.904167
1.179167
2.050000
1.170833
1.158333
1.137500
1.758333
0.945833
0.883333
0.808333
1.100000
0.870833
1.395833
1.787500
1.237500
1.541667
1.016667
0.812500
0.950000
0.937500
1.141667
1.141667
1.941667
1.145833
0.870833
1.304167
1.108333
1.458333
1.295833
1.358333
1.108333
0.795833
1.162500
1.554167
1.195833
1.283333
2.025000
1.283333
1.295833
0.962500
1.783333
1.195833
1.258333
1.762500
0.808333
1.508333
0.754167
1.287500
1.187500
0.900000
1.070833
1.245833
1.325000
1.079167
1.887500
1.558333
1.233333
0.866667
1.450000
1.933333
1.083333
1.950000
1.570833
0.741667
1.866667
2.083333
1.245833
1.850000
0.862500
0.862500
0.891667
1.229167
1.270833
1.400000
1.208333
0.866667
2.170833
1.233333
1.495833
1.025000
1.187500
1.154167
1.775000
0.887500
1.216667
0.787500
2.108333
1.437500
1.508333
1.025000
1.433333
1.045833
2.091667
0.954167
0.791667
1.258333
1.566667
1.075000
2.129167
1.037500
1.633333
1.025000
1.954167
1.737500
1.033333
0.950000
1.008333
1.712500
1.533333
0.720833
1.316667
0.987500
0.812500
2.054167
0.729167
1.204167
0.933333
1.620833
1.050000
1.579167
2.137500
2.033333
1.887500
1.345833
1.208333
1.325000
0.887500
1.970833
1.695833
0.933333
1.920833
1.500000
0.800000
0.783333
1.112500
1.350000
0.883333
1.166667
0.975000
1.250000
0.891667
1.450000
0.845833
1.983333
1.812500
0.816667
1.945833
0.837500
1.166667
1.008333
1.204167
1.008333
1.087500
2.179167
1.554167
1.008333
1.033333
1.566667
0.920833
1.579167
1.570833
1.541667
1.087500
1.804167
0.829167
1.620833
1.354167
1.125000
1.254167
1.350000
1.212500
0.837500
1.154167
1.087500
1.570833
1.062500
1.037500
1.433333
2.012500
0.875000
1.454167
1.500000
1.654167
1.745833
0.900000
0.795833
1.150000
1.779167
1.033333
1.133333
1.354167
1.345833
1.683333
1.233333
1.604167
1.712500
1.879167
1.358333
0.929167
1.204167
0.908333
1.066667
2.020833
0.991667
1.000000
1.825000
0.983333
1.270833
1.075000
1.179167
0.895833
1.166667
1.679167
1.445833
1.070833
1.966667
0.866667
1.662500
1.958333
1.504167
1.454167
1.120833
1.833333
1.429167
1.187500
1.204167
1.175000
0.820833
1.104167
1.183333
1.175000
0.908333
1.079167
1.579167
1.175000
0.841667
1.683333
1.945833
1.033333
1.745833
0.695833
1.379167
0.837500
1.041667
1.950000
1.716667
0.879167
1.104167
1.508333
1.050000
1.158333
0.945833
1.491667
1.100000
2.108333
0.883333
0.812500
0.645833
1.533333
2.129167
1.262500
1.704167
1.066667
1.637500
1.062500
0.775000
0.833333
1.162500
0.804167
1.762500
1.091667
0.937500
1.125000
1.450000
1.333333
0.941667
1.291667
2.195833
0.825000
1.579167
0.879167
1.575000
1.412500
1.445833
1.470833
1.950000
0.754167
1.570833
0.933333
0.895833
1.216667
1.600000
1.237500
0.800000
1.787500
0.962500
0.741667
0.791667
1.058333
0.995833
1.033333
0.970833
1.283333
1.604167
0.879167
0.991667
1.466667
1.700000
1.841667
1.283333
0.783333
0.629167
1.066667
1.170833
1.337500
0.812500
1.054167
1.000000
1.754167
1.020833
1.279167
0.812500
0.820833
1.191667
1.283333
2.141667
1.008333
1.200000
