0.604167
0.604167
0.595833
0.604167
0.604167
0.600000
0.604167
0.604167
0.604167
0.604167
0.612500
0.595833
0.604167
0.604167
0.604167
0.608333
0.608333
0.604167
0.608333
0.608333
0.604167
0.608333
0.612500
0.600000
0.608333
0.612500
0.604167
0.612500
0.608333
0.616667
0.600000
0.612500
0.616667
0.608333
0.616667
0.612500
0.612500
0.612500
0.616667
0.608333
0.616667
0.612500
0.612500
0.612500
0.612500
0.612500
0.612500
0.720833
0.504167
0.612500
0.608333
0.608333
0.608333
0.608333
0.612500
0.604167
0.612500
0.616667
0.612500
0.616667
0.612500
0.616667
0.616667
0.616667
0.616667
0.620833
0.725000
0.512500
0.620833
0.625000
0.620833
0.625000
0.625000
0.629167
0.629167
0.620833
0.629167
0.629167
0.625000
0.629167
0.625000
0.629167
0.620833
0.625000
0.633333
0.616667
0.625000
0.629167
0.620833
0.629167
0.625000
0.625000
0.620833
0.625000
0.625000
0.620833
0.625000
0.625000
0.625000
0.625000
0.629167
0.629167
0.625000
0.629167
0.629167
0.625000
0.629167
0.629167
0.633333
0.625000
0.633333
0.629167
0.629167
0.629167
0.629167
0.629167
0.625000
0.629167
0.629167
0.629167
0.625000
0.633333
0.625000
0.633333
0.633333
0.633333
0.633333
0.633333
0.633333
0.633333
0.633333
0.633333
0.637500
0.633333
0.637500
0.637500
0.637500
0.633333
0.637500
0.637500
0.637500
0.633333
0.637500
0.645833
0.625000
0.637500
0.637500
0.637500
0.633333
0.637500
0.637500
0.633333
0.641667
0.641667
0.637500
0.641667
0.637500
0.650000
0.633333
0.633333
0.641667
0.637500
0.633333
0.641667
0.637500
0.641667
0.637500
0.645833
0.641667
0.641667
0.645833
0.650000
0.641667
0.645833
0.645833
0.650000
0.641667
0.641667
0.645833
0.645833
0.641667
0.645833
0.637500
0.645833
0.641667
0.645833
0.641667
0.641667
0.641667
0.641667
0.645833
0.650000
0.654167
0.641667
0.645833
0.654167
0.650000
0.645833
0.654167
0.654167
0.650000
0.654167
0.650000
0.650000
0.650000
0.650000
0.645833
0.645833
0.645833
0.645833
0.645833
0.641667
0.650000
0.645833
0.641667
0.645833
0.641667
0.645833
0.650000
0.641667
0.650000
0.641667
0.650000
0.645833
0.650000
0.645833
0.650000
0.645833
0.650000
0.650000
0.645833
0.650000
0.650000
0.645833
0.645833
0.650000
0.645833
0.645833
0.654167
0.650000
0.645833
0.650000
0.645833
0.650000
0.654167
0.650000
0.654167
0.654167
0.654167
0.658333
0.658333
0.662500
0.654167
0.666667
0.654167
0.658333
0.658333
0.658333
0.658333
0.658333
0.662500
0.654167
0.658333
0.662500
0.654167
0.658333
0.658333
0.650000
0.654167
0.654167
0.654167
0.650000
0.654167
0.658333
0.650000
0.658333
0.654167
0.654167
0.658333
0.658333
0.658333
0.658333
0.654167
0.658333
0.662500
0.654167
0.658333
0.662500
0.662500
0.658333
0.662500
0.658333
0.662500
0.658333
0.662500
0.662500
0.654167
0.662500
0.662500
0.666667
0.662500
0.666667
0.666667
0.670833
0.670833
0.675000
0.670833
0.670833
0.679167
0.679167
0.670833
0.670833
0.675000
0.675000
0.670833
0.670833
0.675000
0.666667
0.675000
0.675000
0.670833
0.675000
0.679167
0.675000
0.675000
0.675000
0.675000
0.675000
0.675000
0.670833
0.670833
0.675000
0.675000
0.670833
0.666667
0.675000
0.675000
0.675000
0.666667
0.675000
0.675000
0.670833
0.670833
0.679167
0.675000
0.675000
0.679167
0.675000
0.675000
0.666667
0.670833
0.662500
0.666667
0.670833
0.662500
0.666667
0.662500
0.666667
0.662500
0.666667
0.666667
0.670833
0.670833
0.666667
0.675000
0.670833
0.670833
0.675000
0.670833
0.675000
0.670833
0.675000
0.670833
0.666667
0.670833
0.670833
0.670833
0.666667
0.675000
0.675000
0.675000
0.670833
0.675000
0.666667
0.670833
0.666667
0.675000
0.670833
0.666667
0.670833
0.675000
0.670833
0.679167
0.683333
0.679167
0.679167
0.683333
0.683333
0.683333
0.679167
0.691667
0.687500
0.683333
0.691667
0.683333
0.683333
0.691667
0.691667
0.683333
0.683333
0.691667
0.687500
0.683333
0.687500
0.687500
0.687500
0.687500
0.687500
0.683333
0.691667
0.683333
0.687500
0.691667
0.691667
0.687500
0.683333
0.695833
0.687500
0.687500
0.691667
0.691667
0.687500
0.691667
0.658333
0.733333
0.691667
0.695833
0.695833
0.691667
0.691667
0.691667
0.687500
0.687500
0.683333
0.687500
0.679167
0.691667
0.683333
0.679167
0.695833
0.679167
0.683333
0.683333
0.679167
0.683333
0.683333
0.679167
0.683333
0.687500
0.679167
0.683333
0.675000
0.675000
0.675000
0.675000
0.675000
0.675000
0.679167
0.675000
0.670833
0.679167
0.675000
0.679167
0.679167
0.679167
0.679167
0.679167
0.675000
0.687500
0.679167
0.683333
0.675000
0.687500
0.679167
0.687500
0.687500
0.679167
0.687500
0.683333
0.687500
0.691667
0.687500
0.691667
0.691667
0.691667
0.687500
0.691667
0.691667
0.691667
0.679167
0.675000
0.679167
0.679167
0.666667
0.670833
0.662500
0.662500
0.666667
0.670833
0.662500
0.666667
0.666667
0.666667
0.666667
0.675000
0.670833
0.670833
0.675000
0.679167
0.675000
0.675000
0.679167
0.679167
0.670833
0.679167
0.675000
0.675000
0.675000
0.675000
0.679167
0.679167
0.683333
0.679167
0.679167
0.683333
0.683333
0.679167
0.683333
0.683333
0.679167
0.687500
0.683333
0.683333
0.683333
0.687500
0.683333
0.683333
0.683333
0.683333
0.670833
0.695833
0.683333
0.679167
0.683333
0.683333
0.687500
0.679167
0.658333
0.712500
0.683333
0.683333
0.687500
0.687500
0.687500
0.687500
0.687500
0.687500
0.687500
0.695833
0.687500
0.691667
0.691667
0.687500
0.687500
0.691667
0.687500
0.695833
0.695833
0.695833
0.691667
0.695833
0.691667
0.687500
0.691667
0.679167
0.675000
0.675000
0.670833
0.675000
0.675000
0.662500
0.670833
0.666667
0.666667
0.675000
0.650000
0.675000
0.658333
0.675000
0.662500
0.666667
0.662500
0.670833
0.666667
0.658333
0.662500
0.662500
0.662500
0.658333
0.658333
0.658333
0.662500
0.762500
0.550000
0.658333
0.658333
0.654167
0.654167
0.645833
0.750000
0.537500
0.650000
0.645833
0.654167
0.641667
0.654167
0.645833
0.645833
0.654167
0.645833
0.654167
0.654167
0.654167
0.658333
0.654167
0.658333
0.662500
0.658333
0.666667
0.662500
0.658333
0.662500
0.662500
0.658333
0.662500
0.654167
0.658333
0.658333
0.662500
0.654167
0.662500
0.662500
0.654167
0.666667
0.662500
0.658333
0.662500
0.666667
0.658333
0.666667
0.662500
0.666667
0.666667
0.662500
0.670833
0.662500
0.662500
0.670833
0.666667
0.662500
0.670833
0.670833
0.662500
0.675000
0.675000
0.675000
0.666667
0.670833
0.675000
0.666667
0.670833
0.679167
0.670833
0.679167
0.679167
0.679167
0.679167
0.683333
0.675000
0.675000
0.679167
0.670833
0.675000
0.679167
0.679167
0.679167
0.683333
0.683333
0.679167
0.691667
0.691667
0.687500
0.687500
0.691667
0.691667
0.683333
0.695833
0.691667
0.687500
0.695833
0.700000
0.687500
0.695833
0.700000
0.691667
0.691667
0.700000
0.691667
0.695833
0.700000
0.700000
0.691667
0.704167
0.704167
0.695833
0.700000
0.704167
0.700000
0.695833
0.704167
0.695833
0.695833
0.691667
0.704167
0.695833
0.695833
0.700000
0.695833
0.662500
0.720833
0.700000
0.691667
0.700000
0.700000
0.695833
0.691667
0.691667
0.700000
0.687500
0.695833
0.695833
0.691667
0.687500
0.695833
0.695833
0.687500
0.687500
0.691667
0.679167
0.679167
0.683333
0.787500
0.566667
0.675000
0.666667
0.783333
0.562500
0.675000
0.675000
0.666667
0.670833
0.679167
1.329167
0.675000
0.666667
0.670833
0.670833
0.666667
0.658333
0.666667
0.662500
0.658333
0.662500
0.766667
0.541667
0.670833
0.645833
0.658333
0.654167
0.654167
0.650000
0.654167
0.650000
0.645833
0.650000
0.650000
0.645833
0.650000
0.650000
0.650000
0.645833
0.650000
0.650000
0.645833
0.650000
0.641667
0.650000
0.750000
0.537500
0.654167
0.641667
0.645833
0.654167
0.641667
0.637500
0.645833
0.641667
0.645833
0.633333
0.645833
0.637500
0.645833
0.645833
0.737500
0.391667
0.795833
0.645833
0.654167
0.316667
0.312500
0.658333
0.637500
0.650000
0.650000
0.645833
0.645833
0.654167
0.645833
0.654167
0.650000
0.658333
0.654167
0.666667
0.662500
0.658333
0.670833
0.670833
0.670833
0.670833
0.679167
0.675000
0.679167
0.683333
0.683333
0.679167
0.687500
0.683333
0.687500
0.691667
0.687500
0.687500
0.687500
0.687500
0.687500
0.683333
0.687500
0.683333
0.691667
0.687500
0.687500
0.683333
0.687500
0.683333
0.687500
0.687500
0.687500
0.687500
0.687500
0.687500
0.695833
0.683333
0.695833
0.687500
0.695833
0.687500
0.687500
0.695833
0.687500
0.695833
0.695833
0.687500
0.691667
0.687500
0.695833
0.695833
0.687500
0.691667
0.691667
0.691667
0.695833
0.687500
0.691667
0.695833
0.683333
0.691667
0.691667
0.679167
0.691667
0.675000
0.687500
0.683333
0.675000
0.683333
0.675000
0.675000
0.679167
0.683333
0.670833
0.679167
0.679167
0.670833
0.670833
0.679167
0.679167
0.670833
0.679167
0.670833
0.675000
0.683333
0.679167
0.675000
0.679167
0.675000
0.670833
0.679167
0.675000
0.679167
0.675000
0.675000
0.679167
0.679167
