0.975000
0.970833
0.954167
0.912500
0.895833
0.925000
0.950000
0.958333
0.937500
0.920833
0.958333
0.983333
0.991667
0.979167
0.920833
0.908333
0.937500
0.966667
0.950000
0.916667
0.920833
0.945833
0.975000
0.970833
0.937500
0.916667
0.958333
0.987500
0.983333
0.970833
0.937500
0.920833
0.941667
0.945833
0.945833
0.925000
0.908333
0.950000
0.966667
0.966667
0.950000
0.941667
0.966667
0.975000
0.970833
0.966667
0.925000
0.920833
0.954167
0.975000
0.979167
0.962500
0.933333
0.958333
0.975000
0.958333
0.945833
0.908333
0.929167
0.975000
0.958333
0.945833
0.937500
0.900000
0.929167
0.970833
0.962500
0.945833
0.908333
0.920833
0.958333
0.958333
0.970833
0.945833
0.912500
0.933333
0.958333
0.945833
0.929167
0.908333
0.950000
0.975000
0.970833
0.966667
0.933333
0.954167
0.987500
0.979167
0.966667
0.945833
0.929167
0.950000
0.979167
0.983333
0.983333
0.954167
0.941667
0.987500
0.975000
0.954167
0.929167
0.950000
0.966667
0.991667
0.954167
0.912500
0.916667
0.962500
0.962500
0.933333
0.900000
0.916667
0.950000
0.933333
0.920833
0.904167
0.891667
0.929167
0.950000
0.962500
0.933333
0.904167
0.933333
0.954167
0.945833
0.925000
0.912500
0.941667
0.962500
0.937500
0.908333
0.900000
0.937500
0.954167
0.970833
0.958333
0.925000
0.933333
0.950000
0.945833
0.912500
0.904167
0.937500
0.950000
0.950000
0.908333
0.920833
0.945833
0.958333
0.950000
0.925000
0.908333
0.929167
0.945833
0.937500
0.904167
0.904167
0.929167
0.950000
0.937500
0.908333
0.895833
0.916667
0.929167
0.929167
0.895833
0.908333
0.945833
0.954167
0.950000
0.925000
0.891667
0.916667
0.941667
0.937500
0.916667
0.891667
0.933333
0.945833
0.954167
0.954167
0.929167
0.925000
0.945833
0.954167
0.954167
0.979167
0.941667
0.908333
0.912500
0.937500
0.950000
0.920833
0.891667
0.900000
0.937500
0.929167
0.908333
0.895833
0.937500
0.970833
0.966667
0.966667
0.925000
0.895833
0.929167
0.950000
0.979167
0.950000
0.916667
0.937500
0.958333
0.966667
0.975000
0.941667
0.900000
0.908333
0.929167
0.945833
0.933333
0.912500
0.941667
0.962500
0.954167
0.945833
0.904167
0.925000
0.950000
0.962500
0.962500
0.912500
0.912500
0.937500
0.950000
0.941667
0.920833
0.925000
0.958333
0.979167
0.933333
0.904167
0.908333
0.929167
0.937500
0.945833
0.908333
0.895833
0.933333
0.945833
0.941667
0.916667
0.883333
0.908333
0.937500
0.941667
0.912500
0.891667
0.920833
0.945833
0.950000
0.920833
0.908333
0.929167
0.962500
0.958333
0.941667
0.937500
0.966667
0.966667
0.950000
0.925000
0.875000
0.866667
0.895833
0.912500
0.916667
0.887500
0.875000
0.879167
0.908333
0.929167
0.925000
0.904167
0.929167
0.945833
0.954167
0.954167
0.929167
0.929167
0.950000
0.966667
0.970833
0.962500
0.916667
0.912500
0.929167
0.941667
0.933333
0.900000
0.891667
0.920833
0.925000
0.933333
0.912500
0.904167
0.933333
0.954167
0.962500
0.941667
0.916667
0.937500
0.941667
0.929167
0.920833
0.908333
0.950000
0.970833
0.945833
0.912500
0.891667
0.904167
0.908333
0.912500
0.900000
0.895833
0.920833
0.933333
0.929167
0.912500
0.891667
0.912500
0.929167
0.937500
0.895833
0.866667
0.908333
0.929167
0.937500
0.925000
0.891667
0.908333
0.933333
0.933333
0.900000
0.887500
0.933333
0.941667
0.933333
0.904167
0.887500
0.916667
0.941667
0.958333
0.941667
0.912500
0.920833
0.933333
0.929167
0.900000
0.875000
0.887500
0.916667
0.925000
0.904167
0.875000
0.904167
0.920833
0.916667
0.891667
0.875000
0.908333
0.916667
0.925000
0.908333
0.887500
0.925000
0.933333
0.937500
0.933333
0.887500
0.887500
0.912500
0.925000
0.904167
0.875000
0.891667
0.912500
0.920833
0.916667
0.904167
0.920833
0.916667
0.912500
0.895833
0.895833
0.912500
0.925000
0.937500
0.925000
0.920833
0.937500
0.937500
0.950000
0.904167
0.883333
0.916667
0.933333
0.929167
0.900000
0.895833
0.908333
0.920833
0.912500
0.891667
0.900000
0.933333
0.933333
0.945833
0.929167
0.900000
0.920833
0.933333
0.941667
0.912500
0.900000
0.929167
0.954167
0.954167
0.945833
0.937500
0.920833
0.933333
0.958333
0.933333
0.908333
0.904167
0.925000
0.950000
0.954167
0.937500
0.904167
0.920833
0.945833
0.958333
0.950000
0.912500
0.904167
0.925000
0.937500
0.929167
0.916667
0.900000
0.933333
0.958333
0.962500
0.954167
0.929167
0.904167
0.929167
0.945833
0.945833
0.925000
0.920833
0.950000
0.954167
0.933333
0.908333
0.912500
0.937500
0.954167
0.945833
0.904167
0.904167
0.945833
0.954167
0.958333
0.941667
0.920833
0.958333
0.945833
0.933333
0.941667
0.962500
0.933333
0.900000
0.916667
0.941667
0.945833
0.904167
0.875000
0.900000
0.937500
0.933333
0.895833
0.883333
0.920833
0.941667
0.945833
0.937500
0.908333
0.920833
0.937500
0.954167
0.954167
0.929167
0.887500
0.900000
0.929167
0.929167
0.912500
0.908333
0.945833
0.929167
0.925000
0.891667
0.916667
0.937500
0.937500
0.937500
0.900000
0.891667
0.920833
0.925000
0.912500
0.904167
0.916667
0.925000
0.925000
0.908333
0.887500
0.912500
0.954167
0.950000
0.912500
0.900000
0.937500
0.950000
0.945833
0.920833
0.900000
0.929167
0.950000
0.941667
0.912500
0.900000
0.929167
0.937500
0.954167
0.945833
0.904167
0.895833
0.929167
0.941667
0.958333
0.920833
0.912500
0.958333
0.933333
0.875000
0.954167
0.254167
0.400000
0.425000
0.541667
0.608333
0.091667
0.775000
0.454167
0.470833
0.141667
0.700000
0.804167
0.816667
0.812500
0.812500
0.266667
0.558333
1.104167
0.937500
0.554167
0.687500
0.583333
0.241667
0.679167
0.275000
0.654167
1.325000
0.437500
0.495833
0.183333
0.366667
0.700000
0.537500
0.950000
0.654167
0.500000
0.316667
0.425000
0.545833
0.154167
0.533333
0.491667
0.341667
0.820833
0.808333
0.783333
0.775000
0.775000
0.779167
0.779167
0.770833
0.750000
0.750000
0.762500
0.770833
0.779167
0.783333
0.766667
0.770833
0.770833
0.783333
0.791667
0.779167
0.304167
0.458333
0.333333
0.195833
0.233333
0.279167
0.491667
0.770833
0.770833
0.304167
0.529167
0.425000
0.275000
0.537500
0.237500
0.779167
0.445833
0.258333
0.266667
0.675000
0.508333
0.779167
0.604167
0.300000
0.866667
0.637500
0.395833
0.366667
0.762500
0.754167
0.766667
0.283333
0.491667
0.795833
0.795833
0.800000
0.795833
0.812500
0.820833
0.820833
0.825000
0.825000
0.825000
0.825000
0.820833
0.829167
0.837500
0.845833
0.854167
0.850000
0.841667
0.841667
0.850000
0.858333
0.858333
0.870833
0.866667
0.845833
0.829167
0.820833
0.820833
0.841667
0.833333
0.825000
0.987500
0.345833
0.304167
0.529167
0.358333
0.233333
0.495833
0.620833
0.116667
0.654167
0.229167
0.258333
0.395833
0.116667
0.787500
0.562500
0.375000
0.529167
0.579167
0.270833
0.491667
0.762500
0.766667
0.783333
0.791667
0.787500
0.800000
0.504167
0.295833
0.808333
0.812500
0.816667
1.320833
0.320833
0.833333
0.833333
0.833333
