0.508333
0.716667
0.687500
0.783333
0.358333
0.220833
0.954167
0.745833
0.966667
0.762500
0.641667
0.662500
0.750000
0.479167
0.737500
0.875000
0.937500
0.933333
1.070833
0.725000
0.458333
0.641667
0.670833
0.400000
0.845833
0.583333
0.525000
0.820833
0.679167
0.700000
0.487500
0.758333
0.558333
0.704167
0.720833
0.666667
0.350000
0.933333
0.516667
0.912500
0.491667
0.920833
0.641667
0.550000
1.020833
0.854167
0.820833
0.854167
0.762500
0.945833
0.487500
0.416667
0.641667
0.837500
0.545833
0.979167
0.620833
0.587500
0.483333
0.937500
0.520833
0.941667
0.354167
0.487500
0.725000
0.425000
0.270833
0.312500
0.637500
0.566667
0.195833
0.837500
0.870833
0.295833
0.766667
0.829167
0.433333
0.966667
0.595833
0.287500
0.508333
0.858333
1.120833
1.258333
0.629167
0.670833
0.920833
0.404167
0.887500
1.404167
0.733333
1.262500
0.837500
0.883333
1.187500
0.450000
1.020833
0.437500
1.137500
0.533333
0.783333
0.683333
0.504167
0.970833
0.462500
0.816667
0.587500
0.237500
0.395833
0.570833
0.350000
1.004167
0.208333
0.225000
0.654167
0.912500
1.058333
0.287500
0.841667
0.883333
0.570833
0.741667
0.412500
0.916667
0.779167
0.841667
0.991667
0.679167
0.558333
0.820833
0.958333
0.937500
0.516667
0.858333
0.500000
0.812500
0.812500
0.554167
0.975000
0.829167
0.508333
0.579167
0.850000
0.825000
0.629167
0.566667
0.504167
0.737500
0.650000
0.816667
0.850000
0.429167
0.966667
0.516667
0.916667
0.520833
0.741667
0.554167
0.662500
1.004167
0.850000
0.770833
0.883333
0.429167
0.925000
0.479167
0.879167
0.520833
0.745833
0.862500
0.825000
0.820833
0.541667
0.704167
0.650000
0.808333
0.733333
0.912500
0.708333
0.829167
0.987500
0.754167
1.087500
0.662500
0.600000
0.575000
0.891667
1.037500
0.875000
0.570833
0.625000
0.525000
0.775000
0.508333
0.779167
0.512500
0.820833
0.750000
0.537500
0.650000
0.541667
0.987500
0.487500
0.837500
0.720833
0.491667
0.462500
0.754167
0.979167
0.354167
0.741667
0.908333
0.716667
0.445833
0.875000
0.520833
0.820833
0.758333
0.316667
0.379167
0.791667
0.708333
0.829167
0.866667
0.870833
0.887500
0.458333
1.087500
0.945833
0.612500
0.695833
0.812500
0.841667
0.383333
0.825000
0.820833
0.970833
0.495833
0.937500
0.754167
0.533333
0.725000
1.070833
1.116667
0.766667
0.566667
0.691667
0.508333
0.541667
0.758333
0.579167
0.837500
0.537500
0.508333
0.425000
1.004167
0.487500
0.745833
0.629167
0.666667
0.991667
0.787500
0.362500
0.825000
0.533333
0.900000
0.520833
1.133333
0.529167
0.766667
0.750000
0.558333
0.945833
0.887500
0.675000
0.762500
0.887500
0.962500
0.520833
0.758333
0.500000
0.537500
0.525000
0.537500
0.691667
0.741667
0.941667
0.525000
0.704167
0.866667
1.325000
0.787500
0.758333
0.445833
0.833333
0.466667
0.754167
0.479167
1.070833
0.408333
1.016667
0.925000
0.295833
0.275000
0.329167
0.408333
0.912500
0.483333
0.325000
0.379167
0.533333
0.262500
0.529167
0.558333
0.287500
0.470833
0.245833
0.383333
0.641667
0.679167
0.895833
0.337500
0.595833
1.275000
0.491667
0.795833
0.404167
0.825000
0.520833
1.191667
1.412500
0.495833
1.100000
0.508333
0.558333
1.129167
0.729167
0.808333
0.541667
0.800000
0.770833
0.516667
0.754167
0.495833
0.908333
0.508333
0.866667
0.829167
0.858333
0.712500
0.554167
0.554167
0.908333
0.825000
0.750000
0.795833
0.600000
0.504167
0.712500
0.650000
1.075000
0.766667
0.516667
0.820833
0.504167
0.500000
0.691667
0.466667
1.129167
0.470833
0.583333
0.704167
1.025000
0.450000
0.970833
0.616667
0.666667
0.608333
0.854167
0.683333
0.779167
0.833333
0.912500
0.787500
0.412500
0.679167
0.854167
0.837500
0.725000
0.745833
0.733333
0.650000
0.720833
0.862500
0.841667
1.016667
0.608333
0.725000
0.804167
0.829167
0.579167
0.708333
0.933333
0.450000
0.908333
0.562500
0.637500
0.904167
0.754167
0.887500
0.516667
0.837500
0.837500
0.741667
0.658333
0.904167
0.891667
0.991667
0.445833
0.858333
0.908333
0.716667
0.512500
0.625000
0.950000
0.875000
0.766667
0.820833
0.812500
0.895833
0.341667
0.462500
0.425000
0.837500
0.595833
1.387500
0.520833
0.633333
0.308333
0.454167
0.795833
0.258333
0.491667
0.316667
0.625000
0.779167
0.729167
0.808333
0.587500
0.883333
0.483333
0.916667
1.137500
1.050000
0.387500
0.429167
0.712500
1.150000
0.491667
0.779167
0.979167
0.675000
0.900000
0.495833
0.633333
0.970833
0.537500
0.745833
0.929167
0.775000
1.125000
0.329167
0.658333
0.795833
0.454167
0.645833
0.508333
0.412500
0.904167
0.420833
1.175000
0.483333
0.795833
1.095833
0.829167
0.487500
0.820833
0.762500
0.775000
0.462500
0.854167
0.966667
0.716667
0.591667
0.816667
0.758333
0.937500
0.866667
0.420833
0.929167
0.787500
0.666667
0.983333
0.733333
0.741667
0.858333
0.970833
0.979167
0.562500
0.537500
0.525000
0.866667
0.558333
0.412500
0.912500
0.529167
0.787500
0.508333
0.508333
0.908333
0.512500
1.050000
0.654167
0.345833
0.950000
0.620833
0.729167
1.020833
0.420833
0.470833
0.812500
0.325000
0.895833
0.679167
0.566667
0.329167
0.312500
0.575000
0.554167
0.908333
0.525000
0.766667
0.262500
0.266667
0.387500
0.420833
0.262500
0.295833
0.320833
0.408333
0.429167
0.991667
0.412500
0.408333
0.275000
0.620833
0.550000
0.816667
0.900000
0.766667
0.700000
0.741667
0.804167
0.545833
0.754167
0.483333
0.975000
0.800000
0.554167
0.729167
0.645833
1.058333
0.487500
0.741667
0.741667
0.570833
0.816667
0.741667
1.004167
0.879167
0.870833
0.529167
1.154167
0.729167
0.779167
0.562500
0.416667
0.470833
0.758333
0.850000
0.900000
0.466667
0.645833
0.425000
0.933333
0.541667
0.633333
0.887500
0.945833
0.583333
0.550000
0.404167
0.629167
0.933333
0.445833
0.608333
0.725000
0.420833
0.895833
0.970833
0.441667
0.954167
0.637500
0.600000
0.683333
0.862500
0.391667
0.895833
0.825000
0.570833
0.595833
0.929167
0.629167
0.720833
0.558333
0.741667
0.845833
0.833333
0.787500
0.950000
0.858333
0.845833
0.587500
0.829167
0.666667
0.575000
0.958333
0.629167
0.633333
0.908333
1.241667
0.925000
0.862500
0.929167
0.537500
0.425000
1.012500
0.966667
0.850000
0.737500
0.645833
0.445833
0.658333
0.491667
0.654167
0.875000
0.520833
0.545833
0.562500
0.550000
0.537500
0.641667
0.987500
0.416667
0.633333
0.629167
0.962500
0.575000
0.795833
1.004167
0.641667
0.533333
0.695833
0.587500
0.766667
0.812500
0.383333
0.729167
0.645833
0.770833
0.920833
1.104167
1.054167
0.929167
0.529167
0.700000
0.804167
0.679167
0.662500
0.891667
0.558333
0.833333
1.016667
0.587500
0.483333
0.858333
0.558333
0.820833
0.520833
0.850000
0.745833
0.900000
0.670833
0.808333
0.854167
1.179167
0.550000
0.462500
0.733333
0.604167
1.025000
0.395833
0.775000
0.820833
1.020833
0.879167
0.725000
0.866667
1.112500
0.879167
0.487500
0.833333
1.012500
0.762500
0.470833
0.604167
0.650000
0.741667
0.512500
0.595833
0.770833
0.470833
0.887500
0.408333
0.845833
0.895833
0.837500
0.545833
0.858333
0.745833
1.004167
0.862500
0.720833
0.525000
0.545833
0.670833
1.054167
0.416667
0.970833
0.970833
0.829167
0.704167
0.466667
1.070833
0.850000
0.883333
0.862500
0.845833
0.837500
0.562500
0.600000
0.929167
0.837500
0.591667
1.000000
0.525000
0.662500
0.812500
0.433333
0.879167
0.866667
0.887500
0.887500
0.745833
0.862500
0.875000
0.754167
1.100000
0.750000
1.029167
0.620833
0.258333
0.775000
0.400000
0.870833
0.870833
0.183333
0.533333
0.954167
0.445833
0.862500
0.595833
0.837500
0.900000
0.616667
0.937500
0.604167
0.545833
0.791667
0.791667
0.991667
0.737500
0.350000
0.495833
0.587500
0.366667
1.229167
1.308333
0.833333
0.762500
0.383333
0.141667
0.416667
0.454167
0.845833
0.900000
0.787500
0.620833
1.254167
0.629167
1.441667
0.783333
1.200000
1.066667
0.483333
1.045833
0.620833
0.937500
0.575000
0.520833
0.570833
0.704167
0.408333
0.483333
0.929167
0.579167
0.729167
0.950000
1.000000
0.929167
0.695833
0.537500
0.954167
0.741667
0.495833
0.800000
0.850000
0.883333
0.470833
0.775000
0.837500
0.483333
0.829167
0.470833
1.045833
0.804167
0.408333
0.841667
0.854167
0.625000
0.770833
0.954167
0.820833
0.720833
0.833333
0.975000
0.841667
0.762500
0.662500
0.650000
0.579167
0.583333
0.587500
0.833333
0.520833
0.991667
0.604167
