1.087500
1.070833
1.104167
1.087500
1.091667
1.087500
1.087500
1.091667
1.083333
1.008333
1.170833
1.083333
1.087500
1.091667
1.087500
1.087500
1.087500
1.087500
1.083333
1.066667
1.112500
1.087500
1.083333
1.079167
1.100000
1.087500
1.091667
1.083333
1.087500
1.037500
1.125000
1.087500
1.091667
0.991667
1.183333
0.579167
1.187500
1.095833
0.620833
1.187500
1.091667
1.087500
1.083333
1.095833
1.062500
1.108333
1.083333
1.091667
1.083333
0.958333
1.116667
1.087500
1.087500
1.087500
1.091667
1.083333
0.875000
1.116667
1.087500
1.091667
1.041667
1.125000
1.087500
1.091667
1.083333
1.087500
1.008333
1.170833
1.087500
1.091667
1.083333
1.087500
0.958333
1.212500
1.087500
1.087500
1.087500
1.087500
1.087500
1.087500
0.958333
1.200000
1.087500
1.091667
1.087500
1.087500
0.991667
1.183333
0.679167
1.187500
1.083333
0.562500
1.191667
1.008333
1.166667
0.604167
1.187500
1.091667
1.083333
0.954167
0.591667
1.191667
1.087500
1.091667
1.095833
1.075000
1.079167
1.095833
0.170833
0.916667
0.695833
0.395833
1.087500
0.387500
0.500000
1.212500
0.633333
0.450000
1.154167
1.020833
1.087500
1.091667
1.083333
0.945833
1.191667
1.083333
1.091667
1.087500
1.091667
0.983333
1.191667
1.075000
1.100000
1.083333
1.091667
1.087500
0.941667
1.112500
1.091667
1.087500
1.087500
1.091667
0.933333
1.216667
1.083333
1.087500
1.091667
1.087500
1.087500
1.087500
1.083333
1.091667
1.087500
1.091667
1.083333
1.087500
1.033333
1.141667
1.033333
1.108333
1.095833
0.925000
1.245833
1.087500
1.091667
1.091667
0.408333
0.675000
1.079167
1.083333
1.100000
1.091667
1.083333
1.087500
1.091667
1.087500
1.087500
1.041667
1.116667
0.629167
1.187500
1.091667
1.087500
0.600000
1.191667
1.083333
1.091667
0.950000
1.191667
1.087500
1.091667
0.954167
0.729167
1.116667
1.087500
1.087500
1.041667
1.120833
1.091667
0.966667
1.112500
1.087500
1.091667
0.962500
1.200000
1.095833
1.083333
1.087500
1.083333
1.091667
1.087500
1.083333
1.091667
1.087500
1.087500
0.879167
1.204167
1.091667
1.079167
0.995833
1.183333
1.091667
1.083333
1.087500
1.087500
1.087500
1.087500
1.091667
1.083333
1.095833
1.083333
1.087500
1.087500
1.087500
1.087500
1.087500
1.087500
1.087500
1.091667
1.087500
1.087500
1.083333
1.091667
1.008333
0.687500
0.620833
0.970833
1.212500
1.083333
0.925000
1.250000
0.375000
0.712500
0.683333
0.308333
1.187500
1.004167
1.170833
1.079167
1.095833
1.087500
1.087500
1.079167
0.787500
0.312500
1.087500
0.500000
1.195833
0.816667
1.208333
1.091667
1.091667
1.095833
1.083333
1.070833
1.112500
1.066667
1.095833
0.512500
0.575000
0.808333
0.279167
1.058333
0.279167
0.475000
0.358333
1.087500
0.995833
1.116667
1.095833
1.079167
0.945833
1.200000
1.100000
1.079167
1.087500
1.091667
1.083333
1.091667
1.016667
1.116667
1.087500
1.087500
1.091667
1.087500
0.945833
1.187500
2.100000
1.675000
0.579167
1.083333
0.916667
1.204167
0.208333
0.879167
1.095833
1.079167
1.095833
1.020833
1.108333
1.091667
1.087500
1.037500
1.112500
1.087500
1.091667
1.091667
1.083333
1.087500
0.970833
1.116667
1.087500
1.087500
1.091667
1.083333
1.095833
0.629167
0.408333
1.195833
1.087500
1.083333
0.995833
1.183333
1.087500
1.008333
1.112500
1.087500
1.091667
1.000000
1.175000
1.004167
1.170833
1.008333
1.162500
0.504167
1.187500
1.008333
1.166667
1.087500
1.087500
1.008333
1.166667
1.087500
1.091667
1.087500
1.087500
1.091667
1.083333
1.087500
1.087500
1.083333
1.095833
1.087500
1.087500
1.108333
1.066667
1.079167
1.095833
1.008333
1.170833
1.083333
1.091667
1.083333
1.091667
0.991667
0.508333
1.212500
1.087500
1.087500
0.991667
1.183333
1.087500
0.954167
1.195833
1.091667
1.087500
1.066667
0.583333
0.545833
1.187500
1.087500
1.087500
0.991667
1.183333
2.175000
1.083333
1.095833
1.083333
1.091667
1.075000
1.100000
1.087500
1.087500
0.975000
1.195833
1.087500
1.095833
1.083333
1.091667
1.087500
1.087500
0.991667
1.183333
1.087500
1.091667
0.958333
1.200000
2.175000
1.083333
1.095833
2.175000
1.087500
1.087500
1.079167
1.095833
1.087500
0.916667
1.204167
0.679167
1.191667
1.087500
1.087500
0.991667
1.183333
0.600000
1.062500
1.112500
1.091667
1.087500
1.087500
1.087500
1.070833
1.104167
1.008333
1.170833
1.075000
1.000000
1.187500
1.083333
1.091667
1.087500
0.512500
1.191667
1.087500
1.087500
0.991667
1.183333
1.087500
1.095833
1.083333
1.087500
1.087500
1.087500
1.087500
1.104167
1.070833
1.087500
1.091667
1.083333
1.091667
1.083333
1.095833
1.087500
1.008333
1.166667
1.087500
1.087500
1.087500
1.091667
1.087500
1.087500
1.087500
1.087500
1.087500
1.087500
1.087500
1.091667
1.091667
1.091667
1.087500
1.087500
1.091667
1.087500
1.087500
1.087500
1.087500
1.087500
1.087500
1.083333
1.095833
1.087500
1.087500
1.087500
1.087500
1.087500
1.087500
1.008333
1.166667
1.091667
1.087500
1.087500
1.087500
1.087500
1.087500
1.087500
1.079167
1.095833
1.087500
1.091667
1.087500
1.087500
1.083333
1.091667
1.079167
1.100000
1.083333
1.087500
1.087500
1.091667
1.108333
1.062500
1.091667
1.087500
1.083333
1.091667
1.087500
1.087500
1.087500
1.091667
1.087500
1.087500
1.079167
1.095833
1.087500
1.087500
1.087500
1.087500
1.087500
1.091667
1.083333
1.091667
1.087500
1.087500
1.087500
1.087500
1.087500
1.087500
1.091667
1.087500
1.087500
1.008333
1.166667
1.079167
1.095833
1.091667
1.083333
1.091667
1.083333
1.091667
1.087500
1.083333
1.091667
1.087500
1.087500
1.087500
1.087500
1.087500
1.087500
1.091667
1.087500
1.087500
1.087500
