0.708333
0.708333
0.720833
0.720833
0.712500
0.712500
0.716667
0.712500
0.712500
0.716667
0.708333
0.708333
0.700000
0.695833
0.704167
0.695833
0.695833
0.700000
0.704167
0.691667
0.695833
0.700000
0.704167
0.700000
0.700000
0.704167
0.712500
0.716667
0.708333
0.712500
0.720833
0.716667
0.716667
0.720833
0.708333
0.712500
0.716667
0.716667
0.704167
0.712500
0.712500
0.712500
0.708333
0.708333
0.716667
0.708333
0.708333
0.716667
0.716667
0.708333
0.712500
0.716667
0.712500
0.716667
0.712500
0.712500
0.708333
0.716667
0.720833
0.720833
0.716667
0.720833
0.716667
0.708333
0.708333
0.712500
0.716667
0.712500
0.712500
0.716667
0.708333
0.708333
0.708333
0.708333
0.708333
0.708333
0.708333
0.704167
0.704167
0.704167
0.704167
0.700000
0.704167
0.708333
0.700000
0.700000
0.704167
0.708333
0.708333
0.700000
0.704167
0.708333
0.708333
0.700000
0.700000
0.704167
0.704167
0.700000
0.695833
0.695833
0.700000
0.700000
0.695833
0.695833
0.700000
0.695833
0.700000
0.700000
0.700000
0.695833
0.700000
0.700000
0.704167
0.704167
0.704167
0.704167
0.708333
0.275000
0.429167
0.704167
0.700000
0.700000
0.704167
0.700000
0.695833
0.700000
0.695833
0.295833
0.341667
0.200000
0.120833
0.812500
0.529167
0.504167
0.337500
0.166667
0.870833
0.375000
1.012500
0.825000
0.416667
0.837500
0.679167
0.687500
0.687500
0.687500
0.683333
0.683333
0.687500
0.683333
0.445833
0.245833
0.683333
0.687500
0.683333
0.691667
0.687500
0.691667
0.691667
0.691667
0.687500
0.695833
0.691667
0.691667
0.695833
0.691667
0.687500
0.695833
0.700000
0.691667
0.691667
0.691667
0.695833
0.695833
0.691667
0.695833
0.695833
0.695833
0.695833
0.695833
0.700000
0.687500
0.695833
0.254167
0.437500
0.070833
0.470833
0.495833
1.037500
0.691667
0.433333
0.258333
0.695833
0.679167
0.512500
0.420833
0.291667
0.829167
0.683333
0.683333
0.679167
0.675000
0.679167
0.675000
0.679167
0.675000
0.679167
0.679167
0.679167
0.675000
0.683333
0.675000
0.683333
0.679167
0.679167
0.675000
0.679167
0.675000
0.400000
0.279167
0.675000
0.670833
0.675000
0.675000
0.675000
0.679167
0.454167
0.654167
0.237500
0.308333
0.691667
0.070833
0.270833
0.666667
0.670833
0.670833
0.675000
0.666667
0.670833
0.670833
0.670833
0.670833
0.666667
0.670833
0.675000
0.670833
0.675000
0.670833
0.675000
0.675000
0.679167
0.679167
0.679167
0.683333
0.683333
0.683333
0.683333
0.683333
0.687500
0.687500
0.683333
0.687500
0.687500
0.691667
0.683333
0.687500
0.691667
0.691667
0.691667
0.687500
0.695833
0.695833
0.691667
0.691667
0.700000
0.695833
0.700000
0.704167
0.704167
0.708333
0.704167
0.704167
0.712500
0.708333
0.704167
0.708333
0.704167
0.704167
0.704167
0.700000
0.695833
0.700000
0.695833
0.700000
0.695833
0.691667
0.700000
0.695833
0.700000
0.695833
0.695833
0.695833
0.700000
0.700000
0.700000
0.700000
0.700000
0.700000
0.695833
0.695833
0.695833
0.691667
0.695833
0.687500
0.691667
0.691667
0.695833
0.691667
0.695833
0.695833
0.695833
0.700000
0.695833
0.691667
0.700000
0.691667
0.691667
0.687500
0.695833
0.691667
0.691667
0.687500
0.691667
0.691667
0.687500
0.687500
0.683333
0.687500
0.687500
0.687500
0.683333
0.687500
0.679167
0.687500
0.683333
0.683333
0.683333
0.683333
0.687500
0.683333
0.683333
0.683333
0.679167
0.679167
0.683333
0.679167
0.683333
0.683333
0.679167
0.683333
0.683333
0.683333
0.679167
0.683333
0.687500
0.687500
0.687500
0.687500
0.687500
0.691667
0.695833
0.691667
0.700000
0.695833
0.700000
0.704167
0.708333
0.708333
0.708333
0.712500
0.712500
0.708333
0.712500
0.712500
0.716667
0.716667
0.716667
0.716667
0.712500
0.716667
0.720833
0.716667
0.716667
0.712500
0.720833
0.720833
0.716667
0.720833
0.725000
0.729167
0.725000
0.729167
0.729167
0.725000
0.720833
0.725000
0.725000
0.729167
0.720833
0.720833
0.720833
0.720833
0.720833
0.725000
0.720833
0.716667
0.716667
0.720833
0.725000
0.720833
0.725000
0.720833
0.716667
0.720833
0.725000
0.729167
0.725000
0.729167
0.733333
0.733333
0.733333
0.729167
0.733333
0.737500
0.729167
0.725000
0.729167
0.720833
0.720833
0.729167
0.737500
0.733333
0.725000
0.733333
0.725000
0.729167
0.720833
0.725000
0.725000
0.712500
0.712500
0.712500
0.712500
0.708333
0.712500
0.712500
0.708333
0.695833
0.704167
0.704167
0.704167
0.704167
0.704167
0.700000
0.700000
0.704167
0.704167
0.708333
0.708333
0.712500
0.708333
0.712500
0.712500
0.720833
0.716667
0.712500
0.712500
0.720833
0.716667
0.712500
0.720833
0.712500
0.716667
0.716667
0.708333
0.704167
0.704167
0.700000
0.695833
0.695833
0.691667
0.691667
0.691667
0.116667
0.645833
0.616667
0.687500
0.687500
0.683333
0.683333
0.575000
0.795833
0.683333
0.683333
0.683333
0.683333
0.687500
0.683333
0.683333
0.683333
0.687500
0.687500
0.683333
0.687500
0.683333
0.683333
0.683333
0.683333
0.679167
0.679167
0.679167
0.679167
0.679167
0.679167
0.679167
0.679167
0.683333
0.679167
0.679167
0.679167
0.679167
0.679167
0.679167
0.675000
0.675000
0.679167
0.675000
0.675000
0.679167
0.675000
0.679167
0.683333
0.675000
0.683333
0.679167
0.687500
0.679167
0.683333
0.683333
0.687500
0.683333
0.687500
0.683333
0.687500
0.687500
0.691667
0.687500
0.691667
0.687500
0.695833
0.695833
0.250000
0.433333
0.700000
0.691667
0.691667
0.687500
0.687500
0.687500
0.687500
0.687500
0.683333
0.683333
0.679167
0.683333
0.679167
0.683333
0.679167
0.679167
0.679167
0.679167
0.683333
0.675000
0.679167
0.516667
0.229167
0.608333
0.670833
0.258333
0.425000
0.625000
0.720833
0.441667
0.237500
0.675000
0.675000
0.670833
0.675000
0.675000
0.670833
0.675000
0.675000
0.670833
0.258333
0.416667
0.262500
0.279167
0.787500
0.679167
0.670833
0.670833
0.666667
0.670833
0.670833
0.666667
0.670833
0.670833
0.670833
0.670833
0.666667
0.666667
0.675000
0.666667
0.675000
0.666667
0.670833
0.662500
0.670833
0.670833
0.670833
0.670833
0.670833
0.675000
0.670833
0.675000
0.670833
0.670833
0.679167
0.679167
0.670833
0.229167
0.450000
0.858333
0.500000
0.683333
0.675000
0.683333
0.679167
0.679167
0.683333
0.687500
0.691667
0.691667
0.691667
0.695833
0.691667
0.700000
0.695833
0.704167
0.708333
0.700000
0.708333
0.708333
0.704167
0.708333
0.712500
0.708333
0.704167
0.708333
0.716667
0.704167
0.708333
0.712500
0.704167
0.708333
0.708333
0.704167
0.704167
0.704167
0.708333
0.695833
0.704167
0.712500
0.712500
0.712500
0.708333
0.716667
0.708333
0.712500
0.704167
0.704167
0.708333
0.708333
0.708333
0.704167
0.700000
0.583333
0.475000
0.379167
0.425000
0.241667
0.695833
0.700000
0.691667
0.695833
0.695833
0.695833
0.700000
0.691667
0.691667
0.700000
0.695833
0.700000
0.695833
0.695833
0.695833
0.700000
0.691667
0.695833
0.695833
0.695833
0.695833
0.695833
0.691667
0.695833
0.700000
0.695833
0.695833
0.695833
0.691667
0.695833
0.695833
0.695833
0.691667
0.695833
0.700000
0.695833
0.700000
0.687500
0.695833
0.695833
0.687500
0.691667
0.691667
0.691667
0.691667
0.683333
0.687500
0.691667
0.687500
0.691667
0.687500
0.691667
0.687500
0.691667
0.683333
0.687500
0.691667
0.683333
0.687500
0.683333
0.683333
0.683333
0.683333
0.316667
0.366667
0.683333
0.679167
0.679167
0.683333
0.675000
0.683333
0.679167
0.245833
0.433333
0.679167
0.679167
0.679167
0.679167
0.679167
0.245833
0.437500
0.350000
0.320833
1.133333
0.487500
0.541667
0.541667
0.679167
0.679167
0.679167
0.679167
0.683333
0.679167
0.687500
0.687500
0.687500
0.687500
0.687500
0.687500
0.687500
0.691667
0.687500
0.687500
0.687500
0.687500
0.695833
0.695833
0.704167
0.708333
0.712500
0.708333
0.708333
0.700000
0.712500
0.791667
0.504167
0.595833
0.225000
0.700000
0.266667
0.437500
0.700000
0.700000
0.687500
0.262500
0.420833
0.691667
0.695833
0.437500
0.245833
0.691667
0.683333
0.695833
0.391667
0.150000
0.833333
0.691667
0.600000
0.904167
0.575000
0.683333
0.687500
0.691667
0.695833
0.695833
0.695833
0.295833
0.408333
0.708333
0.708333
0.716667
0.708333
0.704167
0.700000
0.704167
0.708333
0.704167
0.691667
0.325000
0.370833
0.695833
0.695833
0.695833
0.683333
0.695833
0.695833
0.700000
0.704167
0.691667
0.708333
0.708333
0.708333
0.708333
0.708333
0.720833
0.729167
0.733333
0.733333
0.725000
0.729167
0.733333
0.729167
0.733333
0.716667
0.729167
0.725000
0.725000
0.720833
0.720833
0.720833
0.725000
0.720833
0.708333
0.720833
0.716667
0.716667
0.716667
0.716667
0.720833
0.725000
0.720833
0.725000
0.716667
0.720833
0.720833
0.708333
0.712500
0.716667
0.716667
0.712500
0.716667
0.720833
0.716667
0.712500
0.708333
0.716667
0.712500
0.712500
0.716667
0.712500
0.708333
0.708333
0.708333
0.708333
0.708333
0.704167
0.700000
0.712500
0.704167
