0.520833
0.879167
0.729167
0.579167
1.408333
0.858333
0.591667
0.687500
0.858333
0.558333
0.741667
0.858333
0.537500
0.875000
0.716667
0.591667
0.854167
0.687500
0.720833
0.600000
0.687500
0.875000
0.558333
0.695833
0.891667
0.712500
0.700000
0.687500
0.737500
0.545833
0.862500
0.575000
0.725000
0.837500
0.587500
0.845833
0.720833
0.704167
0.729167
0.700000
0.566667
0.733333
0.700000
0.708333
0.700000
0.733333
0.683333
0.875000
0.525000
0.887500
0.704167
0.679167
0.758333
0.666667
1.316667
0.716667
0.833333
0.725000
0.716667
0.700000
0.504167
0.670833
0.954167
0.583333
0.720833
0.712500
0.816667
0.570833
0.870833
0.579167
0.833333
0.587500
0.695833
0.729167
0.704167
0.720833
0.708333
0.720833
0.729167
0.708333
0.679167
0.891667
0.712500
0.720833
0.662500
0.404167
0.812500
0.712500
0.654167
0.979167
0.558333
0.691667
0.854167
0.741667
0.704167
0.520833
0.887500
0.562500
0.833333
0.579167
0.725000
1.425000
0.704167
0.725000
0.700000
0.725000
0.704167
0.691667
0.812500
0.766667
0.566667
0.716667
0.845833
0.579167
0.720833
1.437500
0.716667
0.716667
0.841667
0.525000
0.808333
0.829167
0.720833
0.587500
0.725000
0.716667
0.575000
1.000000
0.720833
0.570833
1.345833
0.912500
0.608333
0.712500
0.833333
0.566667
0.883333
0.704167
0.712500
0.483333
0.816667
1.429167
1.391667
1.541667
1.270833
1.412500
0.691667
0.850000
1.291667
1.433333
1.383333
1.454167
1.400000
1.433333
1.416667
1.425000
1.416667
1.416667
1.429167
1.425000
1.425000
1.425000
1.433333
1.425000
1.425000
1.433333
0.625000
0.804167
0.725000
0.841667
0.583333
0.850000
0.537500
0.408333
0.854167
0.825000
0.875000
0.579167
0.725000
0.691667
0.841667
0.575000
0.720833
0.691667
0.875000
0.512500
0.891667
0.700000
0.720833
0.562500
0.716667
0.695833
0.720833
0.695833
0.720833
0.700000
0.691667
0.691667
0.900000
0.695833
0.583333
0.845833
0.583333
0.704167
0.725000
0.704167
0.862500
0.525000
0.904167
0.712500
0.716667
0.695833
0.729167
0.566667
0.691667
0.862500
0.729167
0.708333
0.583333
0.708333
0.725000
0.704167
0.725000
0.850000
0.583333
0.704167
0.729167
0.708333
0.725000
0.712500
0.725000
0.850000
0.587500
0.708333
0.841667
0.587500
0.733333
0.704167
0.650000
0.804167
0.562500
1.233333
0.887500
0.862500
0.691667
0.720833
0.712500
0.720833
0.708333
0.725000
0.704167
0.716667
0.691667
0.691667
0.691667
0.908333
0.554167
0.858333
0.700000
0.583333
0.700000
0.716667
0.670833
0.887500
0.691667
0.725000
0.712500
0.716667
0.558333
0.720833
0.695833
0.862500
0.687500
0.737500
0.562500
0.716667
0.858333
0.570833
0.854167
0.579167
0.704167
0.650000
0.687500
0.658333
1.008333
0.720833
0.487500
0.816667
0.708333
0.729167
0.712500
0.870833
0.537500
0.895833
0.716667
0.720833
0.716667
0.712500
0.575000
0.729167
0.845833
0.545833
0.875000
0.737500
0.700000
0.720833
0.579167
0.729167
0.704167
0.658333
1.641667
0.729167
0.583333
0.708333
0.733333
0.845833
0.516667
0.700000
0.937500
0.591667
0.729167
0.633333
0.729167
0.666667
0.862500
0.708333
0.729167
1.441667
0.708333
0.695833
0.870833
0.591667
1.404167
0.879167
0.566667
0.720833
0.700000
0.725000
0.612500
0.783333
0.870833
0.725000
0.566667
0.716667
0.695833
0.720833
0.695833
0.729167
0.841667
0.575000
0.700000
0.716667
0.691667
0.725000
0.695833
0.716667
0.575000
0.820833
1.400000
1.387500
1.529167
0.504167
0.741667
1.404167
1.550000
1.245833
0.687500
0.716667
1.554167
1.258333
1.408333
1.416667
1.420833
1.412500
0.383333
0.920833
1.433333
1.412500
1.429167
1.537500
1.283333
1.458333
1.429167
1.429167
1.433333
1.441667
2.150000
0.654167
0.800000
0.737500
0.716667
0.737500
0.716667
0.733333
0.854167
0.591667
0.687500
0.908333
0.708333
0.733333
0.704167
0.729167
0.716667
0.716667
0.579167
0.729167
0.704167
0.850000
0.720833
0.554167
0.783333
0.470833
1.033333
0.720833
0.704167
0.695833
0.583333
0.729167
0.695833
0.858333
0.533333
0.904167
0.708333
1.308333
0.820833
0.737500
0.700000
0.583333
0.841667
0.554167
0.895833
0.720833
0.658333
0.754167
0.695833
0.587500
0.704167
0.645833
0.691667
0.658333
1.004167
0.720833
0.708333
0.675000
0.758333
0.708333
0.500000
0.716667
0.754167
0.920833
0.716667
0.729167
0.704167
0.587500
0.858333
0.579167
0.716667
0.641667
0.712500
0.766667
0.895833
0.583333
0.708333
0.837500
0.729167
0.545833
0.879167
0.716667
0.716667
0.575000
1.433333
0.837500
0.725000
0.575000
0.716667
1.429167
0.704167
0.712500
0.712500
0.708333
0.708333
0.679167
0.879167
0.712500
0.650000
0.745833
0.654167
0.729167
0.404167
1.000000
0.675000
0.716667
0.525000
0.879167
0.695833
0.720833
0.695833
0.691667
0.725000
0.691667
0.712500
0.704167
0.479167
0.925000
0.700000
0.708333
0.691667
0.591667
0.720833
0.687500
0.670833
0.887500
0.733333
0.566667
0.833333
0.545833
0.641667
0.716667
0.908333
0.729167
0.562500
0.745833
0.670833
0.875000
0.691667
0.720833
0.725000
0.566667
0.691667
0.700000
0.745833
0.704167
0.675000
0.866667
0.745833
0.658333
0.729167
0.704167
0.725000
0.575000
0.858333
0.545833
0.683333
1.604167
0.520833
0.608333
0.833333
0.704167
0.850000
0.695833
0.591667
1.420833
0.833333
0.587500
0.666667
0.891667
1.287500
1.420833
1.425000
2.725000
1.491667
1.558333
1.412500
0.679167
0.716667
1.275000
1.408333
1.566667
1.025000
1.629167
1.420833
1.408333
1.408333
1.416667
1.416667
1.562500
1.408333
1.412500
1.270833
1.425000
2.258333
0.575000
0.829167
0.737500
0.700000
0.725000
0.566667
0.862500
0.570833
0.858333
0.570833
1.429167
0.854167
0.533333
0.891667
0.708333
0.720833
0.720833
0.579167
1.433333
0.704167
0.870833
0.708333
0.583333
0.704167
0.725000
0.708333
0.725000
0.845833
0.554167
0.866667
0.708333
0.720833
0.712500
0.570833
0.866667
0.558333
0.725000
0.704167
0.720833
0.670833
0.716667
0.866667
0.725000
0.708333
0.708333
0.729167
0.558333
1.433333
0.687500
0.866667
0.733333
0.712500
0.712500
0.683333
0.754167
0.554167
0.858333
0.708333
0.725000
0.545833
1.583333
0.683333
0.708333
0.720833
0.733333
0.645833
0.754167
0.570833
0.725000
0.700000
0.691667
0.891667
0.716667
0.725000
1.304167
0.716667
1.437500
0.716667
1.433333
0.708333
0.720833
0.854167
0.545833
0.883333
0.720833
0.720833
0.716667
0.716667
0.579167
0.712500
0.712500
0.716667
0.679167
0.887500
0.716667
0.712500
0.712500
0.712500
0.575000
0.708333
0.712500
0.712500
0.712500
0.845833
0.579167
0.712500
0.679167
0.883333
0.708333
0.679167
0.725000
0.658333
0.729167
0.562500
0.720833
0.695833
1.383333
0.895833
0.691667
0.729167
0.704167
0.675000
0.741667
0.558333
0.837500
0.558333
0.883333
0.725000
0.691667
0.720833
0.479167
0.950000
0.558333
0.725000
0.679167
0.875000
0.716667
0.700000
0.716667
0.695833
0.725000
0.562500
0.866667
0.554167
0.866667
0.550000
0.862500
0.566667
0.858333
0.558333
0.725000
0.700000
0.866667
0.520833
1.462500
0.850000
0.708333
0.691667
0.583333
0.866667
0.570833
0.845833
0.704167
0.587500
0.691667
0.683333
0.691667
0.891667
0.695833
0.712500
0.558333
0.854167
0.554167
0.720833
0.662500
0.725000
0.629167
0.804167
1.412500
1.420833
1.408333
0.695833
0.691667
1.608333
1.275000
1.425000
1.429167
0.670833
0.895833
1.800000
1.008333
