1.050000
1.062500
1.079167
1.083333
1.116667
1.112500
1.087500
1.091667
1.116667
1.125000
1.091667
1.100000
1.075000
1.066667
1.058333
1.020833
1.020833
1.050000
1.029167
0.995833
1.041667
1.054167
1.070833
1.033333
1.058333
1.083333
1.070833
1.066667
1.104167
1.087500
1.079167
1.087500
1.116667
1.104167
1.112500
1.125000
1.125000
1.116667
1.095833
1.125000
1.133333
1.141667
1.120833
1.095833
1.120833
1.133333
1.108333
1.091667
1.116667
1.100000
1.079167
1.070833
1.025000
1.020833
1.041667
1.004167
1.037500
1.054167
1.058333
1.095833
1.095833
1.137500
1.104167
1.079167
1.050000
1.066667
1.012500
1.029167
0.966667
1.025000
1.100000
1.108333
1.108333
1.145833
1.150000
1.150000
1.087500
1.104167
1.120833
1.087500
1.070833
1.062500
1.070833
1.087500
1.066667
1.066667
1.062500
1.045833
1.066667
1.083333
1.066667
1.033333
1.050000
1.050000
1.070833
1.075000
1.050000
1.070833
1.095833
1.112500
1.079167
1.104167
1.104167
1.116667
1.095833
1.112500
1.091667
1.095833
1.075000
1.079167
1.054167
1.029167
1.041667
1.062500
1.066667
1.050000
1.104167
1.116667
1.120833
1.091667
1.104167
1.100000
1.062500
0.879167
0.191667
1.025000
1.012500
1.029167
1.037500
1.054167
1.050000
1.062500
1.100000
1.095833
1.066667
1.079167
1.095833
1.104167
1.083333
1.087500
1.066667
1.083333
1.070833
1.083333
1.095833
1.091667
1.100000
1.120833
1.104167
1.091667
1.095833
1.062500
1.037500
1.037500
1.050000
1.041667
1.041667
1.087500
1.112500
1.075000
1.075000
1.079167
1.079167
1.091667
1.058333
1.079167
1.120833
1.120833
1.129167
1.125000
1.100000
1.112500
1.145833
1.133333
1.120833
1.125000
1.104167
1.091667
1.108333
1.116667
1.100000
1.104167
1.137500
1.116667
1.120833
1.070833
1.083333
1.087500
1.108333
1.091667
1.083333
1.112500
1.075000
1.079167
1.079167
1.083333
1.079167
1.075000
1.041667
1.037500
1.062500
1.087500
1.066667
1.087500
1.112500
1.100000
1.087500
1.091667
1.108333
1.100000
1.087500
1.070833
1.050000
1.070833
1.083333
1.079167
1.091667
1.070833
1.095833
1.108333
1.075000
1.070833
1.045833
1.062500
1.083333
1.079167
1.116667
1.129167
1.116667
1.091667
1.120833
1.116667
1.087500
1.112500
1.108333
1.120833
1.116667
1.075000
1.108333
1.112500
1.066667
1.091667
1.145833
1.104167
1.120833
1.087500
1.062500
1.083333
1.062500
1.004167
1.033333
1.058333
1.062500
1.095833
1.079167
1.091667
1.112500
1.070833
1.066667
1.116667
1.070833
1.091667
1.125000
1.129167
1.083333
1.116667
1.050000
1.079167
1.079167
1.091667
1.120833
1.141667
1.145833
1.100000
1.108333
1.104167
1.112500
1.079167
1.100000
1.108333
1.066667
1.058333
1.058333
1.045833
1.025000
0.991667
1.020833
1.033333
1.054167
1.062500
1.037500
1.070833
1.087500
1.070833
1.066667
1.095833
1.108333
1.095833
1.108333
1.104167
1.116667
1.062500
1.050000
1.054167
1.037500
1.062500
1.079167
1.020833
1.058333
0.987500
0.400000
0.629167
1.041667
1.041667
1.070833
1.079167
1.087500
1.083333
1.079167
1.083333
1.079167
1.079167
1.075000
1.083333
1.087500
1.087500
1.079167
1.100000
1.033333
1.016667
1.058333
1.033333
1.012500
1.004167
0.983333
1.000000
1.012500
1.012500
1.050000
1.075000
1.079167
1.066667
1.091667
1.104167
1.070833
1.095833
1.054167
1.041667
1.041667
1.004167
1.020833
1.045833
1.070833
1.058333
1.070833
1.045833
1.041667
1.070833
1.066667
1.037500
1.062500
1.091667
1.054167
1.087500
1.112500
1.125000
1.087500
1.100000
1.112500
1.108333
1.070833
1.116667
1.125000
1.133333
1.087500
1.095833
1.079167
1.058333
1.100000
1.058333
1.050000
1.058333
1.066667
0.520833
0.533333
1.037500
1.012500
2.033333
1.016667
2.083333
1.087500
1.087500
1.100000
1.104167
1.104167
1.083333
1.095833
1.108333
1.062500
1.091667
1.091667
1.150000
0.995833
1.025000
0.383333
0.308333
0.445833
0.233333
0.820833
0.379167
0.683333
0.662500
0.387500
0.412500
0.450000
0.191667
0.912500
1.404167
0.287500
0.495833
0.541667
0.262500
0.391667
0.220833
0.687500
0.262500
0.433333
0.454167
0.575000
0.520833
0.875000
0.183333
0.400000
0.204167
0.470833
0.850000
0.237500
0.795833
0.287500
1.095833
1.091667
1.062500
1.062500
1.083333
1.083333
1.100000
1.091667
1.091667
1.095833
1.091667
1.075000
1.066667
1.087500
1.070833
1.050000
1.029167
1.066667
1.054167
1.075000
1.091667
1.066667
1.062500
1.104167
1.129167
1.120833
1.100000
1.133333
1.133333
1.150000
1.125000
1.129167
1.129167
1.108333
1.104167
1.120833
1.108333
1.137500
1.120833
1.108333
1.095833
1.104167
1.125000
1.116667
1.108333
1.112500
1.095833
1.087500
1.070833
1.054167
1.058333
1.075000
1.083333
1.087500
1.095833
1.070833
1.091667
1.079167
1.091667
1.066667
1.058333
1.029167
1.045833
1.062500
1.041667
1.066667
1.091667
1.083333
1.091667
1.087500
1.116667
1.120833
1.091667
1.112500
1.129167
1.133333
1.108333
1.116667
1.112500
1.100000
1.075000
1.087500
1.062500
1.037500
1.020833
1.033333
1.025000
1.016667
1.029167
1.008333
1.016667
1.050000
1.070833
1.079167
1.087500
1.112500
1.104167
1.133333
1.100000
1.129167
1.120833
1.095833
1.125000
1.120833
1.108333
1.150000
1.145833
1.116667
1.145833
1.170833
1.108333
1.095833
1.108333
1.129167
1.104167
1.108333
1.108333
1.066667
1.095833
1.079167
1.091667
1.083333
1.087500
0.887500
0.175000
1.050000
1.037500
1.058333
1.041667
1.070833
1.079167
1.075000
1.075000
1.087500
1.062500
1.054167
1.054167
1.058333
1.058333
1.058333
1.054167
1.075000
1.045833
1.045833
1.066667
1.075000
1.062500
1.095833
1.112500
1.079167
1.075000
1.045833
1.012500
0.816667
0.262500
0.300000
0.204167
0.295833
0.262500
0.866667
0.162500
0.687500
0.354167
1.079167
1.095833
