0.829167
0.820833
0.825000
0.829167
0.825000
0.825000
0.820833
0.825000
0.808333
0.825000
0.637500
0.887500
0.837500
0.833333
0.833333
0.829167
0.841667
0.833333
0.833333
0.825000
0.837500
0.833333
0.837500
0.829167
0.829167
0.825000
0.833333
0.829167
0.833333
0.829167
0.829167
0.833333
0.829167
0.833333
0.833333
0.820833
0.841667
0.583333
0.920833
0.870833
0.850000
0.833333
0.833333
0.829167
0.833333
0.833333
0.829167
0.841667
0.833333
0.833333
0.816667
0.833333
0.833333
0.829167
0.829167
0.820833
0.829167
0.829167
0.825000
0.837500
0.829167
0.829167
0.816667
0.829167
0.833333
0.816667
0.833333
0.633333
0.933333
0.854167
0.841667
0.829167
0.829167
0.845833
0.837500
0.833333
0.825000
0.841667
0.837500
0.829167
0.837500
0.837500
0.833333
0.825000
0.841667
0.833333
0.829167
0.837500
0.833333
0.833333
0.833333
0.833333
0.833333
0.833333
0.829167
0.833333
0.829167
0.829167
0.833333
0.829167
0.816667
0.837500
0.833333
0.829167
0.829167
0.829167
0.825000
0.833333
0.829167
0.820833
0.829167
0.829167
0.829167
0.587500
0.929167
0.870833
0.833333
0.841667
0.829167
0.829167
0.841667
0.833333
0.837500
0.829167
0.837500
0.837500
0.837500
0.837500
0.837500
0.833333
0.829167
0.841667
0.837500
0.833333
0.829167
0.833333
0.833333
0.833333
0.825000
0.829167
0.825000
0.820833
0.837500
0.829167
0.825000
0.816667
0.837500
0.829167
0.820833
0.837500
0.833333
0.833333
0.829167
0.837500
0.837500
0.833333
0.833333
0.833333
0.833333
0.837500
0.820833
0.833333
0.837500
0.591667
0.933333
0.883333
0.841667
0.829167
0.845833
0.841667
0.833333
0.841667
0.841667
0.837500
0.833333
0.841667
0.837500
0.820833
0.837500
0.833333
0.825000
0.845833
0.837500
0.816667
0.833333
0.825000
0.820833
0.808333
0.791667
0.833333
0.812500
0.787500
0.804167
0.787500
0.812500
0.800000
0.800000
0.800000
0.787500
0.812500
0.800000
0.800000
0.575000
0.912500
0.837500
0.808333
0.791667
0.804167
0.804167
0.562500
0.933333
0.812500
0.804167
0.804167
0.787500
0.812500
0.800000
0.795833
0.808333
0.691667
0.879167
0.800000
0.812500
0.808333
0.812500
0.808333
0.812500
0.616667
0.950000
0.845833
0.833333
0.637500
0.891667
0.845833
0.829167
0.600000
0.908333
0.875000
0.837500
0.616667
0.962500
0.841667
0.825000
0.812500
0.837500
0.608333
0.966667
0.833333
0.733333
0.887500
0.833333
0.825000
0.820833
0.804167
0.820833
0.650000
0.825000
0.920833
0.825000
0.812500
0.804167
0.816667
0.812500
0.808333
0.825000
0.816667
0.820833
0.804167
0.820833
0.820833
0.816667
0.829167
0.829167
0.820833
0.825000
0.550000
0.954167
0.858333
0.837500
0.825000
0.820833
0.812500
0.829167
0.825000
0.816667
0.829167
0.825000
0.825000
0.812500
0.825000
0.654167
0.954167
0.829167
0.820833
0.820833
0.812500
0.820833
0.812500
0.825000
0.820833
0.820833
0.816667
0.700000
0.895833
0.829167
0.816667
0.820833
0.825000
0.550000
0.941667
0.875000
0.829167
0.812500
0.829167
0.820833
0.804167
0.829167
0.816667
0.795833
0.720833
0.841667
0.858333
0.816667
0.795833
0.808333
0.800000
0.804167
0.800000
0.795833
0.820833
0.808333
0.791667
0.816667
0.812500
0.800000
0.812500
0.812500
0.808333
0.812500
0.791667
0.733333
0.850000
0.825000
0.820833
0.795833
0.816667
0.808333
0.816667
0.808333
0.795833
0.812500
0.800000
0.816667
0.579167
0.929167
0.837500
0.808333
0.816667
0.812500
0.812500
0.820833
0.804167
0.812500
0.812500
0.812500
0.558333
0.958333
0.812500
0.808333
0.791667
0.816667
0.812500
0.812500
0.812500
0.820833
0.816667
0.812500
0.820833
0.804167
0.820833
0.804167
0.820833
0.816667
0.825000
0.816667
0.812500
0.808333
0.795833
0.812500
0.804167
0.820833
0.808333
0.795833
0.808333
0.808333
0.804167
0.808333
0.808333
0.800000
0.804167
0.800000
0.795833
0.820833
0.808333
0.800000
0.812500
0.812500
0.808333
0.812500
0.812500
0.795833
0.808333
0.804167
0.800000
0.816667
0.812500
0.804167
0.820833
0.812500
0.566667
0.925000
0.858333
0.820833
0.808333
0.820833
0.816667
0.816667
0.808333
0.820833
0.816667
0.812500
0.825000
0.820833
0.820833
0.804167
0.820833
0.800000
0.812500
0.812500
0.795833
0.808333
0.808333
0.808333
0.812500
0.808333
0.800000
0.812500
0.808333
0.812500
0.825000
0.820833
0.812500
0.825000
0.833333
0.812500
0.808333
0.841667
0.829167
0.825000
0.812500
0.820833
0.833333
0.829167
0.812500
0.837500
0.833333
0.816667
0.825000
0.591667
0.908333
0.854167
0.829167
0.812500
0.829167
0.816667
0.808333
0.820833
0.816667
0.804167
0.595833
0.908333
0.825000
0.816667
0.820833
0.820833
0.816667
0.808333
0.637500
0.916667
0.841667
0.825000
0.825000
0.816667
0.800000
0.820833
0.816667
0.825000
0.816667
0.829167
0.837500
0.829167
0.700000
0.937500
0.833333
0.812500
0.825000
0.816667
0.829167
0.825000
0.812500
0.829167
0.825000
0.825000
0.812500
0.825000
0.820833
0.808333
0.829167
0.816667
0.816667
0.812500
0.812500
0.820833
0.804167
0.600000
0.929167
0.850000
0.829167
0.825000
0.820833
0.829167
0.820833
0.816667
0.829167
0.816667
0.816667
0.804167
0.816667
0.816667
0.816667
0.800000
0.812500
0.816667
0.650000
0.812500
0.912500
0.816667
0.808333
0.812500
0.812500
0.800000
0.820833
0.816667
0.812500
0.804167
0.825000
0.816667
0.804167
0.825000
0.816667
0.816667
0.812500
0.820833
0.820833
0.816667
0.808333
0.820833
0.816667
0.820833
0.812500
0.825000
0.825000
0.816667
0.516667
0.937500
0.866667
0.820833
0.825000
0.825000
0.641667
0.929167
0.829167
0.816667
0.820833
0.804167
0.825000
0.820833
0.820833
0.812500
0.816667
0.820833
0.820833
0.816667
0.833333
0.825000
0.829167
0.816667
0.837500
0.833333
0.829167
0.829167
0.833333
0.829167
0.816667
0.829167
0.829167
0.829167
0.820833
0.837500
0.829167
0.833333
0.820833
0.841667
0.837500
0.837500
0.829167
0.841667
0.833333
0.829167
0.825000
0.833333
0.829167
0.825000
0.812500
0.825000
0.825000
0.808333
0.829167
0.820833
0.825000
0.816667
0.820833
0.604167
0.916667
0.854167
0.820833
0.808333
0.816667
0.816667
0.804167
0.816667
0.816667
0.800000
0.633333
0.829167
0.875000
0.812500
0.804167
0.791667
0.408333
0.175000
0.941667
0.816667
0.804167
0.791667
0.808333
0.787500
0.804167
0.795833
0.779167
0.795833
0.795833
0.800000
0.791667
0.783333
0.804167
0.579167
0.920833
0.812500
0.795833
0.783333
0.787500
0.791667
0.779167
0.787500
0.791667
0.787500
0.791667
0.791667
0.795833
0.745833
0.833333
0.791667
0.795833
0.550000
0.929167
0.816667
0.791667
0.791667
0.783333
0.795833
0.645833
0.833333
0.858333
0.804167
0.800000
0.791667
0.800000
0.804167
0.804167
0.795833
0.804167
0.804167
0.791667
0.808333
0.804167
0.800000
0.791667
0.812500
0.795833
0.808333
0.804167
0.800000
0.791667
0.808333
0.804167
0.804167
0.795833
0.812500
0.804167
0.804167
0.804167
0.812500
0.808333
0.812500
0.795833
0.808333
0.808333
0.808333
0.795833
0.808333
0.804167
0.612500
0.950000
0.816667
0.808333
0.800000
0.812500
0.812500
0.808333
0.804167
0.808333
0.725000
0.875000
0.808333
0.808333
0.812500
0.804167
0.600000
0.925000
0.829167
0.812500
0.816667
0.812500
0.808333
0.804167
0.820833
0.812500
0.670833
0.925000
0.812500
0.820833
0.820833
0.820833
0.804167
0.654167
0.925000
