0.704167
0.700000
0.695833
0.695833
0.700000
0.645833
0.745833
0.712500
0.708333
0.708333
0.700000
0.704167
0.704167
0.720833
0.716667
0.716667
0.700000
0.687500
0.700000
0.704167
0.716667
0.716667
0.641667
0.779167
0.700000
0.708333
0.720833
0.716667
0.712500
0.700000
0.708333
0.716667
0.720833
0.729167
0.566667
1.025000
0.958333
0.925000
0.908333
0.866667
0.837500
0.812500
0.816667
0.795833
0.766667
1.462500
0.725000
0.716667
0.720833
0.720833
0.729167
0.725000
0.733333
0.720833
0.716667
0.729167
0.729167
0.720833
0.545833
1.016667
0.929167
0.904167
0.854167
0.791667
0.775000
0.754167
0.741667
0.729167
0.708333
0.700000
0.712500
0.712500
0.720833
0.712500
0.600000
1.075000
0.958333
0.912500
0.850000
0.833333
0.820833
0.804167
0.770833
0.550000
1.054167
0.733333
1.095833
0.854167
0.825000
0.795833
1.487500
0.725000
0.712500
0.700000
0.700000
0.704167
0.708333
0.704167
0.712500
0.716667
0.712500
0.712500
0.704167
0.700000
0.720833
0.729167
0.725000
0.725000
0.725000
0.708333
0.712500
0.720833
0.720833
0.720833
1.412500
0.720833
0.704167
0.720833
0.716667
0.720833
0.716667
0.712500
0.712500
1.450000
0.729167
0.712500
0.725000
0.733333
0.504167
1.112500
0.720833
0.958333
0.837500
1.216667
0.466667
0.700000
0.725000
0.720833
0.725000
0.725000
0.712500
0.704167
0.704167
0.704167
0.716667
0.725000
0.712500
0.716667
0.725000
0.729167
0.570833
1.066667
0.954167
0.900000
0.875000
0.875000
0.862500
0.829167
0.779167
0.754167
0.762500
0.741667
0.741667
0.733333
0.716667
0.716667
0.729167
0.725000
0.716667
0.712500
0.716667
0.708333
0.708333
0.708333
0.537500
0.987500
0.895833
0.883333
0.820833
0.808333
0.791667
0.775000
0.754167
0.729167
1.458333
0.741667
0.729167
0.725000
0.712500
0.566667
1.050000
0.750000
1.066667
0.600000
1.050000
0.941667
0.904167
0.837500
0.804167
0.800000
0.800000
0.758333
0.737500
0.716667
0.712500
0.720833
0.729167
0.725000
0.716667
0.708333
0.708333
0.716667
0.729167
0.729167
0.729167
0.733333
0.720833
0.720833
0.733333
0.729167
0.745833
1.145833
1.087500
1.362500
0.745833
0.716667
0.733333
0.720833
0.729167
0.729167
0.720833
0.716667
0.716667
0.716667
0.725000
0.729167
0.737500
0.729167
0.720833
0.729167
0.733333
0.737500
0.729167
0.725000
0.729167
0.729167
0.737500
0.745833
0.733333
0.733333
0.729167
0.737500
0.733333
0.737500
0.720833
0.725000
0.729167
0.737500
0.670833
0.795833
0.741667
0.725000
0.733333
0.725000
0.716667
0.720833
0.725000
0.729167
0.729167
0.725000
0.716667
0.716667
0.716667
0.725000
0.733333
1.470833
0.733333
0.733333
0.733333
0.733333
0.729167
0.716667
0.725000
0.725000
0.737500
0.733333
0.729167
0.725000
0.712500
0.720833
0.733333
0.725000
0.491667
1.050000
0.954167
0.912500
0.879167
0.862500
0.833333
0.566667
1.025000
0.925000
1.725000
0.775000
2.862500
0.695833
0.683333
0.683333
0.679167
0.683333
0.679167
0.679167
0.679167
0.695833
0.704167
0.704167
0.700000
0.700000
0.700000
0.529167
0.854167
0.708333
0.691667
0.691667
0.679167
0.679167
1.362500
0.695833
0.683333
0.691667
0.687500
0.695833
0.695833
0.704167
0.700000
0.712500
0.708333
1.387500
0.691667
0.691667
0.695833
0.695833
0.700000
0.691667
0.691667
0.687500
0.687500
0.683333
0.683333
0.687500
0.687500
0.687500
0.691667
0.687500
0.695833
0.695833
0.691667
0.695833
0.700000
0.483333
0.954167
0.525000
0.991667
0.862500
0.766667
0.775000
0.716667
0.695833
1.383333
0.704167
0.695833
0.687500
0.687500
0.691667
0.691667
0.691667
0.700000
0.691667
0.695833
1.100000
0.987500
0.704167
1.383333
0.712500
0.695833
0.695833
0.691667
0.695833
0.700000
0.712500
0.716667
0.708333
0.708333
0.708333
0.716667
0.716667
0.629167
0.787500
0.712500
0.720833
0.733333
0.729167
0.729167
0.720833
0.716667
0.720833
0.725000
0.729167
0.729167
1.445833
0.716667
0.712500
0.529167
0.895833
0.729167
0.704167
0.712500
0.704167
1.404167
0.733333
0.704167
0.712500
0.716667
0.720833
0.720833
0.716667
0.716667
0.712500
0.700000
0.695833
0.700000
0.691667
0.662500
0.741667
0.716667
0.695833
0.591667
1.008333
0.908333
0.870833
0.858333
0.829167
0.795833
0.758333
0.725000
0.729167
0.733333
0.725000
0.629167
0.891667
0.754167
0.737500
0.750000
0.704167
0.758333
0.708333
0.712500
0.725000
0.720833
0.720833
0.708333
0.700000
0.708333
0.712500
0.716667
0.712500
0.716667
0.704167
0.712500
0.720833
0.720833
0.725000
0.716667
0.712500
0.712500
0.720833
0.729167
0.729167
0.720833
0.716667
0.720833
0.737500
0.737500
0.733333
0.725000
0.725000
0.733333
0.733333
0.729167
0.720833
0.545833
0.679167
0.929167
0.737500
0.729167
0.729167
0.720833
0.708333
0.712500
0.716667
0.716667
0.720833
0.712500
0.708333
0.712500
0.708333
1.395833
0.537500
0.995833
0.891667
0.854167
0.850000
0.866667
0.854167
0.804167
0.604167
1.041667
0.966667
0.912500
0.862500
0.825000
0.825000
0.820833
0.762500
0.725000
0.725000
0.729167
0.720833
0.720833
0.712500
0.500000
0.979167
0.858333
0.783333
0.741667
0.712500
0.712500
0.708333
0.700000
0.695833
0.687500
0.687500
0.683333
0.687500
0.700000
1.404167
0.720833
0.470833
0.229167
0.700000
0.700000
0.700000
0.570833
1.029167
0.858333
0.875000
0.800000
0.770833
0.737500
0.720833
0.712500
0.712500
0.708333
0.704167
0.700000
0.704167
0.704167
0.700000
1.416667
0.725000
1.454167
0.733333
0.720833
0.716667
0.712500
0.720833
0.725000
0.720833
0.725000
0.716667
0.712500
0.725000
0.725000
0.716667
0.720833
0.720833
0.708333
0.712500
0.720833
0.716667
0.725000
0.729167
0.733333
0.720833
1.433333
1.387500
0.775000
0.716667
0.708333
0.704167
0.712500
1.416667
0.725000
0.700000
0.700000
0.695833
0.700000
0.704167
0.704167
0.695833
0.700000
0.700000
0.695833
0.704167
0.704167
0.712500
0.712500
0.708333
0.704167
0.712500
0.716667
0.725000
0.725000
0.720833
0.733333
0.720833
0.737500
0.762500
0.745833
0.737500
0.729167
0.725000
0.725000
0.733333
0.733333
0.741667
0.545833
1.029167
0.937500
0.916667
0.900000
0.845833
0.820833
0.833333
0.816667
0.791667
0.737500
0.725000
0.720833
0.716667
0.712500
0.708333
0.579167
1.012500
0.908333
0.850000
0.808333
1.512500
1.450000
0.733333
0.708333
0.720833
0.700000
0.708333
0.725000
0.725000
0.604167
1.000000
1.841667
0.879167
0.845833
0.804167
1.537500
0.758333
0.729167
0.716667
0.704167
0.708333
0.708333
0.704167
0.700000
0.700000
0.704167
0.700000
0.708333
0.700000
0.700000
0.708333
0.700000
0.700000
0.708333
0.716667
0.716667
0.720833
0.720833
0.716667
0.733333
0.733333
1.433333
0.716667
0.704167
0.704167
0.704167
0.695833
0.695833
0.704167
0.708333
0.720833
0.720833
0.712500
0.712500
0.708333
0.708333
0.720833
0.712500
0.708333
0.704167
0.712500
0.708333
0.712500
0.704167
0.712500
0.695833
0.695833
0.708333
0.700000
0.704167
0.691667
0.704167
0.708333
0.708333
0.712500
0.712500
0.712500
0.712500
0.708333
0.712500
0.708333
0.704167
0.695833
0.700000
0.708333
0.716667
0.712500
0.708333
0.516667
0.995833
0.908333
0.854167
0.662500
0.979167
0.858333
0.812500
0.787500
1.812500
0.512500
0.566667
0.662500
0.675000
0.662500
0.654167
0.566667
0.720833
0.666667
0.670833
0.662500
0.679167
0.687500
0.691667
0.700000
0.700000
0.700000
0.700000
0.625000
0.804167
0.725000
0.708333
0.716667
0.708333
0.716667
0.704167
0.695833
0.695833
0.691667
0.691667
0.683333
0.679167
0.683333
0.691667
0.700000
0.683333
0.695833
0.691667
0.695833
0.608333
0.845833
0.700000
0.704167
0.708333
0.700000
0.700000
0.695833
0.679167
0.679167
0.679167
0.675000
0.679167
0.670833
0.583333
0.800000
0.704167
0.704167
0.695833
0.691667
0.683333
0.683333
0.683333
0.562500
