0.716667
0.712500
0.712500
0.708333
0.712500
0.708333
0.708333
0.712500
0.716667
0.720833
0.720833
0.716667
0.712500
0.712500
0.712500
0.708333
0.712500
0.704167
0.708333
0.704167
0.708333
0.704167
0.704167
0.700000
0.708333
0.704167
0.712500
0.712500
0.712500
0.712500
0.708333
0.712500
0.708333
0.708333
0.712500
0.708333
0.704167
0.700000
0.704167
0.704167
0.704167
0.704167
0.700000
0.708333
0.720833
0.716667
0.716667
0.712500
0.720833
0.708333
0.708333
0.708333
0.712500
0.708333
0.712500
0.712500
0.708333
0.708333
0.700000
0.704167
0.700000
0.708333
0.708333
0.683333
0.666667
0.375000
0.829167
0.766667
0.716667
0.716667
0.712500
0.712500
0.708333
0.708333
0.704167
0.704167
0.708333
0.708333
0.708333
0.708333
0.712500
0.716667
0.725000
0.716667
0.712500
0.720833
0.712500
0.712500
0.708333
0.712500
0.708333
0.704167
0.716667
0.708333
0.712500
0.712500
0.712500
0.712500
0.712500
0.720833
0.720833
0.716667
0.712500
0.716667
0.712500
0.712500
0.716667
0.712500
0.708333
0.712500
0.708333
0.712500
0.708333
0.704167
0.708333
0.712500
0.716667
0.729167
0.725000
0.720833
0.712500
0.716667
0.716667
0.712500
0.712500
0.712500
0.712500
0.708333
0.716667
0.708333
0.712500
0.708333
0.712500
0.712500
0.720833
0.716667
0.712500
0.708333
0.716667
0.712500
0.704167
0.704167
0.695833
0.695833
0.695833
0.687500
0.691667
0.700000
0.704167
0.712500
0.712500
0.720833
0.716667
0.720833
0.716667
0.716667
0.720833
0.716667
0.716667
0.716667
0.712500
0.716667
0.720833
0.720833
0.716667
0.720833
0.712500
0.720833
0.716667
0.712500
0.712500
0.712500
0.708333
0.708333
0.704167
0.708333
0.700000
0.700000
0.704167
0.704167
0.712500
0.712500
0.712500
0.712500
0.712500
0.712500
0.712500
0.708333
0.708333
0.712500
0.708333
0.704167
0.708333
0.704167
0.704167
0.704167
0.712500
0.712500
0.712500
0.712500
0.712500
0.712500
0.708333
0.558333
0.825000
0.712500
0.708333
0.708333
0.695833
0.700000
0.650000
0.745833
0.712500
0.712500
0.712500
0.716667
0.708333
0.712500
0.712500
0.712500
0.708333
0.708333
0.712500
0.712500
0.712500
0.712500
0.708333
0.675000
0.683333
0.433333
0.879167
0.737500
0.720833
0.712500
0.708333
0.712500
0.712500
0.704167
0.700000
0.700000
0.700000
0.700000
0.704167
0.700000
0.704167
0.704167
0.708333
0.712500
0.712500
0.712500
0.704167
0.708333
0.704167
0.704167
0.700000
0.708333
0.704167
0.704167
0.704167
0.700000
0.704167
0.700000
0.708333
0.708333
0.712500
0.712500
0.708333
0.712500
0.708333
0.704167
0.704167
0.700000
0.708333
0.704167
0.700000
0.704167
0.704167
0.700000
0.704167
0.704167
0.700000
0.695833
0.700000
0.708333
0.720833
0.716667
0.716667
0.712500
0.712500
0.712500
0.708333
0.708333
0.708333
0.708333
0.700000
0.712500
0.704167
0.704167
0.704167
0.704167
0.708333
0.708333
0.712500
0.716667
0.720833
0.716667
0.708333
0.712500
0.712500
0.700000
0.720833
0.712500
0.712500
0.708333
0.708333
0.712500
0.708333
0.695833
0.695833
0.675000
0.758333
0.729167
0.720833
0.720833
0.716667
0.700000
0.712500
0.704167
0.704167
0.708333
0.712500
0.720833
0.716667
0.716667
0.720833
0.720833
0.720833
0.716667
0.716667
0.712500
0.712500
0.712500
0.716667
0.720833
0.716667
0.720833
0.716667
0.712500
0.716667
0.712500
0.712500
0.712500
0.712500
0.708333
0.704167
0.708333
0.708333
0.708333
0.704167
0.708333
0.704167
0.708333
0.716667
0.716667
0.716667
0.720833
0.716667
0.716667
0.712500
0.712500
0.712500
0.712500
0.708333
0.712500
0.708333
0.704167
0.708333
0.708333
0.704167
0.708333
0.704167
0.708333
0.704167
0.691667
0.679167
0.666667
0.666667
0.762500
0.712500
0.720833
0.712500
0.712500
0.708333
0.716667
0.712500
0.708333
0.704167
0.708333
0.704167
0.679167
0.666667
0.666667
0.758333
0.704167
0.704167
0.708333
0.708333
0.712500
0.725000
0.725000
0.716667
0.716667
0.725000
0.716667
0.716667
0.716667
0.708333
0.712500
0.708333
0.708333
0.708333
0.708333
0.708333
0.712500
0.712500
0.712500
0.712500
0.712500
0.708333
0.712500
0.704167
0.687500
0.679167
0.762500
0.720833
0.712500
0.716667
0.716667
0.708333
0.712500
0.708333
0.708333
0.708333
0.708333
0.704167
0.708333
0.708333
0.712500
0.716667
0.720833
0.720833
0.720833
0.720833
0.716667
0.716667
0.712500
0.712500
0.708333
0.712500
0.704167
0.704167
0.704167
0.700000
0.704167
0.708333
0.716667
0.712500
0.720833
0.716667
0.716667
0.712500
0.716667
0.716667
0.712500
0.708333
0.708333
0.704167
0.712500
0.708333
0.708333
0.704167
0.708333
0.708333
0.716667
0.716667
0.716667
0.716667
0.720833
0.716667
0.712500
0.708333
0.712500
0.704167
0.708333
0.708333
0.708333
0.704167
0.708333
0.700000
0.704167
0.691667
0.700000
0.687500
0.691667
0.704167
0.708333
0.712500
0.716667
0.725000
0.720833
0.725000
0.725000
0.720833
0.716667
0.670833
0.666667
0.670833
0.700000
0.400000
0.858333
0.750000
0.712500
0.720833
0.725000
0.720833
0.716667
0.716667
0.712500
0.716667
0.712500
0.712500
0.712500
0.712500
0.708333
0.708333
0.708333
0.708333
0.708333
0.687500
0.670833
0.683333
0.733333
0.716667
0.716667
0.712500
0.712500
0.704167
0.712500
0.708333
0.708333
0.704167
0.704167
0.704167
0.704167
0.704167
0.704167
0.700000
0.704167
0.700000
0.700000
0.708333
0.712500
0.716667
0.716667
0.712500
0.712500
0.712500
0.712500
0.712500
0.712500
0.708333
0.708333
0.708333
0.708333
0.700000
0.704167
0.708333
0.716667
0.716667
0.716667
0.712500
0.712500
0.708333
0.708333
0.708333
0.712500
0.712500
0.712500
0.708333
0.708333
0.704167
0.704167
0.700000
0.700000
0.704167
0.716667
0.716667
0.712500
0.708333
0.712500
0.708333
0.704167
0.704167
0.708333
0.708333
0.704167
0.708333
0.708333
0.712500
0.708333
0.704167
0.708333
0.716667
0.716667
0.716667
0.708333
0.708333
0.712500
0.712500
0.708333
0.712500
0.708333
0.708333
0.708333
0.704167
0.708333
0.704167
0.704167
0.704167
0.704167
0.700000
0.704167
0.716667
0.712500
0.716667
0.712500
0.708333
0.716667
0.708333
0.704167
0.708333
0.704167
0.708333
0.704167
0.704167
0.700000
0.704167
0.700000
0.704167
0.704167
0.708333
0.708333
0.712500
0.708333
0.708333
0.712500
0.704167
0.704167
0.704167
0.704167
0.712500
0.704167
0.708333
0.704167
0.712500
0.704167
0.712500
0.712500
0.716667
0.716667
0.708333
0.712500
0.712500
0.708333
0.708333
0.704167
0.708333
0.704167
0.708333
0.708333
0.700000
0.708333
0.704167
0.704167
0.708333
0.708333
0.708333
0.712500
0.708333
0.708333
0.708333
0.708333
0.712500
0.720833
0.716667
0.716667
0.708333
0.712500
0.712500
0.712500
0.679167
0.666667
0.687500
0.758333
0.716667
0.704167
0.708333
0.704167
0.708333
0.704167
0.712500
0.712500
0.716667
0.712500
0.708333
0.716667
0.712500
0.712500
0.708333
0.704167
0.708333
0.704167
0.704167
0.704167
0.708333
0.704167
0.712500
0.704167
0.708333
0.704167
0.708333
0.716667
0.720833
0.716667
0.716667
0.712500
0.708333
0.704167
0.708333
0.704167
0.704167
0.708333
0.700000
0.708333
0.708333
0.704167
0.704167
0.695833
0.708333
0.712500
0.720833
0.716667
0.716667
0.712500
0.712500
0.716667
0.708333
0.712500
0.716667
0.704167
0.712500
0.704167
0.712500
0.704167
0.708333
0.704167
0.712500
0.704167
0.712500
0.712500
0.716667
0.712500
0.716667
0.712500
0.712500
0.716667
0.708333
0.712500
0.712500
0.712500
0.712500
0.708333
0.708333
0.708333
0.712500
0.716667
0.725000
0.720833
0.720833
0.716667
0.704167
0.700000
0.700000
0.691667
0.695833
0.700000
0.708333
0.712500
0.716667
0.716667
0.716667
0.716667
0.720833
0.716667
0.720833
0.720833
0.725000
0.729167
0.725000
0.720833
0.725000
0.720833
0.720833
0.716667
0.716667
0.708333
0.708333
0.704167
0.700000
0.700000
0.700000
0.700000
0.700000
0.712500
0.704167
0.704167
0.708333
0.708333
0.708333
0.708333
0.708333
0.708333
0.704167
0.704167
0.704167
0.704167
0.704167
0.708333
0.716667
0.708333
0.708333
0.704167
0.379167
0.862500
0.720833
0.708333
0.704167
0.700000
0.695833
0.695833
0.691667
0.695833
0.691667
0.695833
0.695833
0.700000
0.708333
0.708333
0.712500
0.708333
0.708333
0.708333
0.708333
0.704167
0.704167
0.704167
0.704167
0.704167
0.704167
0.708333
0.700000
0.704167
0.704167
0.700000
0.700000
0.675000
0.679167
0.666667
0.770833
0.716667
