0.554167
0.420833
0.145833
0.562500
0.566667
0.566667
0.570833
0.570833
0.570833
0.570833
0.566667
0.566667
0.570833
0.575000
0.350000
0.791667
0.575000
0.570833
0.579167
0.575000
0.579167
0.245833
0.329167
0.583333
0.362500
0.212500
0.587500
0.587500
0.583333
0.583333
0.316667
0.266667
0.270833
0.312500
0.583333
0.579167
0.575000
0.579167
1.158333
0.575000
0.570833
0.575000
0.575000
0.579167
0.800000
0.345833
0.579167
0.579167
1.166667
0.575000
0.575000
0.583333
0.225000
0.312500
0.266667
0.358333
0.870833
0.291667
0.575000
0.570833
0.566667
0.570833
0.558333
0.570833
0.566667
0.562500
0.558333
0.558333
0.562500
0.558333
0.570833
0.562500
0.562500
0.562500
0.562500
0.566667
0.570833
0.562500
0.570833
0.562500
0.562500
0.575000
0.570833
0.562500
0.791667
0.925000
0.575000
0.570833
0.575000
0.866667
0.287500
0.575000
0.004167
0.575000
0.579167
0.575000
0.583333
0.579167
1.150000
0.579167
0.583333
0.350000
0.216667
0.400000
0.220833
0.462500
0.708333
0.366667
0.216667
0.570833
1.145833
0.566667
0.558333
0.558333
0.558333
1.225000
0.875000
0.929167
0.883333
0.558333
1.120833
0.558333
1.133333
0.558333
0.566667
0.562500
0.562500
0.570833
0.562500
0.562500
0.554167
1.175000
0.583333
1.162500
0.566667
0.575000
0.566667
1.133333
0.566667
0.566667
0.566667
0.704167
0.404167
0.562500
1.112500
0.558333
0.558333
0.562500
0.458333
0.454167
0.208333
0.562500
0.566667
0.562500
0.691667
0.429167
0.575000
1.129167
0.570833
0.395833
0.179167
0.570833
1.120833
0.566667
0.562500
0.575000
1.162500
0.575000
0.579167
0.579167
0.925000
0.216667
0.566667
0.558333
1.320833
0.358333
0.562500
0.570833
0.566667
0.566667
0.558333
0.583333
0.566667
1.720833
0.575000
0.879167
0.275000
0.604167
0.595833
0.595833
1.079167
0.100000
0.579167
0.583333
1.008333
0.708333
0.575000
0.570833
0.562500
0.562500
0.570833
0.575000
0.562500
0.779167
0.345833
0.558333
0.187500
0.379167
0.770833
0.362500
0.591667
0.587500
0.575000
0.575000
1.137500
0.191667
0.379167
0.470833
1.270833
0.566667
0.570833
0.570833
0.562500
0.566667
0.562500
0.566667
0.562500
0.245833
0.891667
0.562500
1.033333
1.220833
0.566667
0.570833
0.566667
0.570833
1.141667
0.566667
0.645833
0.491667
0.350000
0.775000
1.125000
0.558333
1.129167
0.570833
1.133333
0.570833
1.137500
0.579167
0.570833
1.137500
0.575000
0.566667
0.566667
0.558333
0.566667
0.570833
0.570833
0.704167
1.004167
0.570833
0.579167
0.937500
0.212500
0.562500
0.570833
0.558333
0.570833
0.575000
0.570833
0.566667
1.129167
0.562500
1.133333
0.562500
0.562500
1.129167
0.558333
0.566667
0.575000
0.579167
1.166667
0.579167
0.570833
0.570833
0.570833
0.887500
0.254167
0.570833
0.916667
0.233333
0.570833
0.566667
0.570833
0.562500
0.566667
0.570833
0.575000
0.833333
0.295833
0.562500
0.566667
1.129167
0.558333
0.795833
0.320833
0.558333
0.554167
1.125000
1.133333
0.575000
0.566667
0.566667
0.566667
0.570833
0.562500
0.350000
0.225000
0.579167
0.575000
0.570833
0.566667
0.570833
0.566667
0.570833
0.566667
0.579167
0.583333
0.783333
0.387500
0.583333
0.908333
0.270833
0.587500
0.587500
1.158333
0.579167
0.587500
0.829167
1.270833
0.245833
0.591667
0.591667
0.579167
0.587500
0.583333
0.579167
0.579167
0.579167
0.566667
0.566667
0.800000
0.325000
0.579167
0.575000
0.583333
0.570833
0.570833
1.150000
0.570833
0.562500
0.575000
0.566667
0.562500
1.129167
1.125000
0.570833
0.566667
0.566667
0.566667
0.220833
0.920833
0.570833
0.570833
1.145833
0.579167
0.579167
0.570833
0.579167
0.583333
0.587500
0.579167
0.575000
0.579167
0.587500
0.579167
0.583333
0.570833
0.579167
1.158333
1.154167
0.595833
0.300000
0.500000
0.466667
1.108333
0.579167
1.166667
0.575000
0.575000
0.570833
0.566667
0.566667
0.575000
0.579167
0.579167
0.570833
0.566667
0.570833
0.570833
0.575000
0.583333
0.575000
0.575000
0.570833
0.575000
0.570833
0.579167
0.583333
0.579167
0.575000
0.591667
0.220833
0.358333
0.583333
0.583333
0.575000
0.579167
0.575000
0.587500
0.595833
0.579167
0.575000
0.575000
1.158333
0.575000
0.579167
1.145833
0.583333
0.583333
0.587500
0.579167
0.583333
0.583333
0.583333
0.583333
0.579167
0.950000
0.220833
0.595833
0.587500
0.583333
0.583333
0.600000
0.600000
0.591667
0.583333
0.575000
0.595833
0.658333
0.637500
1.216667
0.600000
0.595833
0.591667
0.600000
0.608333
0.591667
0.591667
0.587500
0.595833
0.587500
0.587500
0.591667
0.587500
0.608333
0.595833
0.604167
0.612500
0.608333
0.620833
0.616667
0.612500
0.612500
0.604167
0.620833
0.616667
0.604167
0.600000
0.595833
0.587500
1.158333
0.570833
0.579167
0.604167
0.595833
1.187500
0.595833
0.595833
0.591667
0.600000
0.604167
0.600000
0.600000
0.591667
0.595833
0.587500
0.595833
0.591667
0.583333
0.587500
0.583333
0.583333
0.591667
0.587500
0.579167
0.575000
0.583333
0.604167
0.587500
0.591667
0.575000
0.595833
0.625000
0.604167
0.600000
0.591667
0.591667
0.591667
0.587500
0.579167
0.591667
0.595833
0.587500
0.579167
0.579167
0.595833
0.604167
0.587500
0.591667
0.587500
0.608333
0.595833
0.595833
0.591667
0.591667
0.579167
0.579167
1.166667
0.575000
0.575000
0.566667
0.587500
0.600000
0.595833
1.183333
0.583333
0.587500
0.587500
0.620833
0.604167
0.587500
0.583333
0.583333
0.583333
0.570833
0.570833
0.570833
0.587500
0.591667
0.579167
0.579167
0.575000
0.595833
1.187500
0.600000
0.604167
0.591667
0.587500
0.583333
0.604167
0.595833
0.583333
0.591667
0.583333
0.204167
0.466667
0.541667
0.591667
0.595833
1.195833
0.587500
0.595833
0.595833
0.587500
0.587500
0.579167
0.587500
0.587500
0.587500
0.579167
0.583333
0.579167
0.595833
0.591667
0.587500
1.175000
0.595833
0.595833
0.591667
0.600000
0.587500
0.604167
0.604167
0.591667
0.587500
0.604167
0.587500
0.591667
0.583333
0.591667
0.587500
0.587500
0.591667
1.175000
0.591667
0.595833
0.587500
0.587500
0.583333
0.575000
0.579167
0.570833
0.583333
0.591667
0.575000
0.583333
0.587500
0.587500
1.154167
0.583333
0.587500
0.595833
0.583333
0.575000
0.587500
0.587500
0.579167
0.575000
0.575000
1.183333
0.583333
1.183333
0.604167
0.604167
1.179167
0.587500
0.587500
0.604167
0.591667
0.583333
0.587500
1.204167
1.204167
0.595833
0.612500
1.237500
0.604167
0.595833
0.620833
0.633333
0.616667
0.608333
0.595833
1.275000
0.612500
0.604167
0.604167
0.608333
0.591667
0.587500
0.587500
0.604167
0.608333
0.600000
0.608333
0.591667
0.587500
0.591667
0.216667
0.370833
0.600000
0.595833
0.595833
0.579167
0.600000
0.612500
0.604167
0.595833
0.245833
0.337500
0.604167
0.612500
0.595833
0.587500
0.583333
0.604167
0.350000
0.241667
0.595833
0.591667
0.591667
0.591667
0.591667
0.600000
0.595833
0.587500
0.583333
0.579167
0.575000
0.575000
0.579167
0.583333
0.575000
0.570833
1.020833
0.141667
0.583333
0.575000
0.575000
1.145833
0.637500
0.533333
0.591667
0.575000
0.579167
0.608333
0.604167
0.587500
0.591667
0.583333
0.612500
0.608333
0.595833
0.600000
0.591667
0.645833
0.625000
0.608333
0.595833
0.595833
0.604167
0.600000
0.587500
0.600000
0.591667
0.600000
0.604167
0.595833
0.600000
0.604167
0.620833
0.629167
0.987500
0.858333
0.425000
0.350000
0.366667
0.737500
0.591667
1.195833
0.595833
0.583333
0.591667
0.604167
1.208333
0.591667
0.600000
1.183333
0.604167
0.620833
1.183333
1.204167
0.604167
0.583333
0.779167
0.387500
0.583333
0.570833
0.575000
0.595833
0.358333
0.220833
0.575000
0.575000
0.575000
0.579167
0.570833
0.583333
0.579167
0.575000
0.583333
0.900000
0.287500
0.608333
0.608333
0.600000
0.595833
0.587500
0.591667
0.583333
1.150000
0.570833
1.175000
0.587500
0.633333
0.600000
0.608333
0.591667
0.608333
0.591667
0.579167
0.570833
0.575000
0.583333
0.587500
0.579167
0.575000
0.579167
0.579167
0.591667
0.583333
0.600000
0.616667
0.604167
0.595833
0.600000
0.595833
0.583333
0.583333
0.579167
0.579167
0.583333
0.579167
0.575000
0.575000
0.570833
0.579167
1.166667
0.575000
0.575000
0.587500
0.579167
0.579167
0.579167
0.575000
0.587500
0.337500
0.270833
0.595833
0.604167
0.587500
0.620833
0.620833
0.604167
0.612500
0.600000
0.600000
1.204167
0.595833
0.583333
0.579167
0.575000
0.587500
0.587500
0.587500
1.183333
0.587500
0.629167
0.616667
0.600000
0.612500
0.604167
0.620833
1.204167
0.608333
0.608333
0.608333
0.600000
0.600000
0.583333
0.595833
0.595833
0.583333
0.587500
0.587500
0.612500
0.591667
0.587500
0.291667
0.295833
0.220833
0.362500
0.654167
0.629167
0.604167
0.604167
0.595833
1.220833
0.616667
0.612500
0.604167
0.616667
0.595833
0.587500
0.587500
0.604167
1.275000
0.616667
0.616667
0.612500
0.604167
0.587500
0.604167
1.200000
0.591667
0.587500
0.608333
0.600000
1.175000
1.212500
0.604167
0.600000
0.587500
0.595833
0.600000
0.366667
0.229167
0.591667
0.583333
0.587500
0.600000
0.587500
0.604167
0.608333
0.858333
0.354167
0.991667
0.225000
0.608333
0.595833
0.591667
0.591667
0.591667
0.595833
0.587500
0.591667
0.579167
0.608333
0.612500
0.600000
0.604167
0.595833
0.612500
0.391667
0.229167
0.600000
0.616667
1.204167
0.591667
0.616667
0.625000
0.604167
0.587500
0.587500
0.612500
0.616667
0.591667
0.595833
0.587500
0.595833
0.608333
1.191667
0.591667
0.629167
1.187500
0.583333
1.183333
0.612500
0.608333
1.183333
0.375000
0.245833
0.616667
0.608333
0.375000
0.233333
0.508333
0.700000
0.595833
0.595833
0.595833
0.587500
0.591667
0.591667
0.579167
