0.695833
0.700000
0.700000
0.700000
0.695833
0.695833
0.687500
0.695833
0.691667
0.700000
0.704167
0.704167
0.708333
0.700000
0.695833
0.704167
0.700000
0.700000
0.704167
0.700000
0.704167
0.695833
0.700000
0.695833
0.695833
0.700000
0.691667
0.700000
0.691667
0.695833
0.695833
0.695833
0.700000
0.712500
0.708333
0.704167
0.708333
0.695833
0.700000
0.691667
0.691667
0.695833
0.691667
0.687500
0.675000
0.670833
0.687500
0.716667
0.700000
0.695833
0.691667
0.695833
0.695833
0.704167
0.708333
0.708333
0.708333
0.708333
0.712500
0.708333
0.708333
0.704167
0.700000
0.708333
0.700000
0.700000
0.700000
0.700000
0.704167
0.704167
0.708333
0.720833
0.720833
0.716667
0.712500
0.716667
0.716667
0.712500
0.712500
0.712500
0.704167
0.708333
0.700000
0.700000
0.704167
0.695833
0.704167
0.708333
0.716667
0.716667
0.716667
0.708333
0.712500
0.708333
0.704167
0.704167
0.704167
0.700000
0.704167
0.695833
0.700000
0.704167
0.700000
0.704167
0.708333
0.712500
0.716667
0.716667
0.708333
0.708333
0.712500
0.708333
0.704167
0.704167
0.700000
0.708333
0.695833
0.700000
0.700000
0.700000
0.700000
0.704167
0.708333
0.712500
0.716667
0.716667
0.708333
0.712500
0.708333
0.708333
0.704167
0.700000
0.704167
0.700000
0.700000
0.695833
0.700000
0.700000
0.700000
0.700000
0.704167
0.700000
0.700000
0.695833
0.700000
0.704167
0.700000
0.704167
0.708333
0.700000
0.700000
0.695833
0.695833
0.704167
0.712500
0.716667
0.716667
0.712500
0.712500
0.712500
0.712500
0.704167
0.666667
0.654167
0.645833
0.716667
0.745833
0.704167
0.704167
0.704167
0.704167
0.700000
0.691667
0.679167
0.691667
0.687500
0.691667
0.700000
0.704167
0.708333
0.704167
0.708333
0.704167
0.691667
0.658333
0.650000
0.750000
0.750000
0.720833
0.712500
0.712500
0.712500
0.708333
0.708333
0.704167
0.700000
0.691667
0.683333
0.675000
0.670833
0.662500
0.658333
0.704167
0.720833
0.712500
0.708333
0.700000
0.708333
0.700000
0.704167
0.695833
0.700000
0.695833
0.695833
0.700000
0.695833
0.691667
0.695833
0.695833
0.695833
0.712500
0.704167
0.704167
0.704167
0.704167
0.704167
0.700000
0.700000
0.700000
0.700000
0.695833
0.695833
0.700000
0.695833
0.695833
0.700000
0.695833
0.704167
0.712500
0.712500
0.708333
0.700000
0.691667
0.675000
0.675000
0.695833
0.700000
0.700000
0.695833
0.695833
0.691667
0.687500
0.687500
0.691667
0.687500
0.695833
0.695833
0.700000
0.700000
0.691667
0.704167
0.704167
0.700000
0.695833
0.700000
0.695833
0.695833
0.700000
0.691667
0.695833
0.700000
0.704167
0.716667
0.712500
0.712500
0.712500
0.708333
0.708333
0.704167
0.700000
0.695833
0.691667
0.687500
0.679167
0.675000
0.666667
0.704167
0.700000
0.712500
0.708333
0.704167
0.700000
0.704167
0.700000
0.700000
0.691667
0.700000
0.695833
0.695833
0.695833
0.691667
0.695833
0.691667
0.691667
0.695833
0.695833
0.704167
0.704167
0.700000
0.695833
0.700000
0.675000
0.708333
0.704167
0.695833
0.695833
0.691667
0.700000
0.695833
0.695833
0.695833
0.695833
0.700000
0.708333
0.708333
0.712500
0.708333
0.712500
0.708333
0.704167
0.700000
0.700000
0.704167
0.695833
0.695833
0.691667
0.695833
0.691667
0.695833
0.695833
0.695833
0.695833
0.695833
0.700000
0.708333
0.708333
0.712500
0.708333
0.712500
0.712500
0.708333
0.704167
0.700000
0.704167
0.704167
0.708333
0.704167
0.695833
0.700000
0.700000
0.704167
0.700000
0.691667
0.662500
0.654167
0.712500
0.745833
0.695833
0.704167
0.704167
0.712500
0.716667
0.720833
0.716667
0.720833
0.716667
0.716667
0.716667
0.712500
0.712500
0.708333
0.704167
0.708333
0.704167
0.704167
0.712500
0.708333
0.704167
0.708333
0.704167
0.712500
0.712500
0.716667
0.716667
0.712500
0.712500
0.712500
0.712500
0.712500
0.704167
0.704167
0.704167
0.708333
0.704167
0.704167
0.700000
0.700000
0.708333
0.720833
0.716667
0.720833
0.720833
0.716667
0.712500
0.712500
0.712500
0.708333
0.708333
0.700000
0.708333
0.704167
0.704167
0.708333
0.704167
0.704167
0.712500
0.716667
0.720833
0.720833
0.716667
0.704167
0.695833
0.695833
0.695833
0.700000
0.704167
0.708333
0.716667
0.720833
0.725000
0.729167
0.729167
0.725000
0.729167
0.720833
0.704167
0.687500
0.683333
0.679167
0.666667
0.804167
0.720833
0.712500
0.712500
0.708333
0.704167
0.712500
0.704167
0.704167
0.700000
0.704167
0.716667
0.716667
0.716667
0.712500
0.712500
0.712500
0.712500
0.708333
0.708333
0.708333
0.704167
0.708333
0.704167
0.704167
0.704167
0.704167
0.700000
0.704167
0.700000
0.708333
0.716667
0.716667
0.712500
0.712500
0.716667
0.712500
0.708333
0.716667
0.708333
0.708333
0.704167
0.704167
0.704167
0.700000
0.700000
0.691667
0.675000
0.704167
0.704167
0.725000
0.708333
0.704167
0.704167
0.716667
0.712500
0.712500
0.708333
0.704167
0.704167
0.700000
0.700000
0.700000
0.704167
0.695833
0.695833
0.700000
0.695833
0.695833
0.695833
0.700000
0.700000
0.712500
0.712500
0.716667
0.708333
0.704167
0.704167
0.704167
0.704167
0.700000
0.700000
0.708333
0.700000
0.700000
0.695833
0.700000
0.700000
0.700000
0.695833
0.695833
0.700000
0.695833
0.695833
0.700000
0.700000
0.700000
0.700000
0.695833
0.700000
0.695833
0.700000
0.708333
0.712500
0.712500
0.708333
0.704167
0.708333
0.704167
0.700000
0.695833
0.695833
0.700000
0.691667
0.695833
0.695833
0.687500
0.695833
0.691667
0.700000
0.704167
0.704167
0.704167
0.700000
0.691667
0.691667
0.695833
0.695833
0.691667
0.691667
0.695833
0.695833
0.687500
0.687500
0.687500
0.666667
0.658333
0.716667
0.679167
0.741667
0.700000
0.704167
0.700000
0.695833
0.700000
0.700000
0.695833
0.691667
0.695833
0.695833
0.695833
0.691667
0.700000
0.695833
0.704167
0.712500
0.708333
0.704167
0.695833
0.700000
0.695833
0.695833
0.695833
0.691667
0.700000
0.691667
0.700000
0.700000
0.700000
0.695833
0.691667
0.700000
0.691667
0.695833
0.704167
0.704167
0.704167
0.700000
0.695833
0.700000
0.695833
0.695833
0.695833
0.695833
0.691667
0.691667
0.691667
0.691667
0.691667
0.695833
0.704167
0.700000
0.700000
0.695833
0.700000
0.700000
0.695833
0.691667
0.695833
0.695833
0.695833
0.687500
0.687500
0.679167
0.683333
0.675000
0.675000
0.679167
0.687500
0.700000
0.708333
0.708333
0.716667
0.720833
0.716667
0.716667
0.716667
0.712500
0.704167
0.708333
0.704167
0.708333
0.700000
0.679167
0.658333
0.645833
0.637500
0.691667
0.775000
0.708333
0.700000
0.704167
0.700000
0.704167
0.700000
0.700000
0.695833
0.675000
0.662500
0.641667
0.695833
0.700000
0.679167
0.683333
0.687500
0.695833
0.700000
0.704167
0.704167
0.704167
0.708333
0.700000
0.704167
0.704167
0.454167
0.695833
0.695833
0.700000
0.700000
0.691667
0.695833
0.691667
0.695833
0.704167
0.712500
0.712500
0.712500
0.708333
0.708333
0.712500
0.700000
0.704167
0.700000
0.700000
0.695833
0.700000
0.695833
0.695833
0.695833
0.700000
0.708333
0.704167
0.708333
0.700000
0.679167
0.675000
0.691667
0.725000
0.695833
0.695833
0.691667
0.695833
0.695833
0.695833
0.695833
0.695833
0.704167
0.700000
0.700000
0.704167
0.700000
0.700000
0.712500
0.712500
0.716667
0.712500
0.704167
0.704167
0.704167
0.695833
0.700000
0.695833
0.700000
0.695833
0.700000
0.695833
0.700000
0.695833
0.700000
0.695833
0.704167
0.700000
0.700000
0.700000
0.700000
0.700000
0.708333
0.712500
0.712500
0.708333
0.700000
0.708333
0.704167
0.700000
0.691667
0.700000
0.695833
0.691667
0.695833
0.691667
0.683333
0.662500
0.654167
0.712500
0.712500
0.741667
0.708333
0.712500
0.708333
0.712500
0.700000
0.704167
0.704167
0.700000
0.700000
0.700000
0.700000
0.675000
0.666667
0.704167
0.758333
0.716667
0.716667
0.712500
0.716667
0.716667
0.716667
0.700000
0.687500
0.683333
0.679167
0.670833
0.666667
0.666667
0.695833
0.733333
0.704167
0.712500
0.716667
0.720833
0.716667
0.712500
0.716667
0.712500
0.716667
0.716667
0.712500
0.700000
0.704167
0.700000
0.700000
0.700000
0.704167
0.704167
0.695833
0.700000
0.695833
0.700000
0.708333
0.716667
0.712500
0.716667
0.708333
0.716667
0.708333
0.712500
0.704167
0.704167
0.700000
0.704167
0.700000
0.700000
0.700000
0.700000
0.700000
0.700000
0.695833
0.700000
0.700000
0.700000
0.704167
0.704167
0.708333
0.700000
0.691667
0.687500
0.683333
0.683333
0.691667
0.695833
0.704167
0.708333
0.712500
0.712500
0.716667
0.716667
0.716667
0.720833
0.725000
