1.025000
1.000000
1.000000
1.016667
1.012500
0.975000
0.975000
1.000000
0.995833
0.995833
0.954167
0.979167
0.979167
0.983333
0.954167
0.995833
1.000000
0.995833
0.954167
0.987500
1.004167
1.012500
1.016667
0.995833
0.966667
0.983333
0.987500
0.991667
0.995833
0.970833
0.945833
0.979167
0.575000
0.404167
0.991667
0.979167
0.979167
1.041667
1.025000
1.029167
1.095833
1.070833
1.054167
1.091667
1.066667
1.029167
1.075000
1.041667
1.004167
1.029167
1.025000
0.966667
0.954167
0.970833
0.958333
0.916667
0.954167
0.958333
0.925000
0.933333
0.958333
0.958333
0.929167
0.970833
0.970833
0.945833
0.945833
0.970833
0.958333
0.950000
0.966667
0.966667
0.945833
0.975000
0.979167
0.966667
0.945833
0.995833
1.000000
1.004167
0.983333
1.025000
1.020833
1.020833
1.000000
1.041667
1.033333
1.020833
1.083333
1.087500
1.045833
1.108333
1.079167
1.004167
1.025000
1.012500
0.991667
0.962500
0.933333
0.908333
0.858333
0.854167
0.845833
0.866667
0.879167
0.845833
0.895833
0.900000
0.908333
0.883333
0.925000
0.929167
0.945833
0.925000
0.979167
0.979167
0.983333
0.970833
1.000000
0.995833
0.970833
1.008333
0.991667
0.966667
1.000000
1.004167
0.970833
1.012500
1.012500
1.004167
0.995833
1.016667
1.025000
1.016667
0.995833
1.025000
1.033333
1.029167
1.050000
1.045833
1.029167
1.087500
1.083333
1.083333
1.112500
1.087500
1.058333
1.112500
1.070833
1.016667
1.050000
1.050000
0.995833
1.037500
1.050000
1.029167
1.012500
1.058333
0.987500
0.979167
0.987500
0.966667
0.962500
0.945833
0.916667
0.950000
0.937500
0.912500
0.954167
0.962500
0.925000
0.975000
0.983333
0.975000
0.954167
0.991667
0.983333
0.954167
1.008333
1.004167
0.975000
0.975000
1.004167
0.991667
0.979167
0.962500
0.991667
0.995833
0.966667
1.012500
1.004167
0.987500
1.025000
1.000000
0.987500
1.037500
1.020833
0.987500
1.000000
1.020833
1.004167
0.970833
1.012500
1.004167
0.979167
1.020833
1.016667
0.987500
1.004167
1.025000
1.033333
1.000000
1.029167
1.016667
0.995833
1.025000
1.008333
1.004167
1.050000
1.029167
1.016667
1.045833
1.045833
1.041667
1.066667
1.054167
1.029167
1.020833
1.075000
1.050000
1.062500
1.095833
1.058333
1.054167
1.079167
1.037500
1.025000
1.054167
1.016667
1.000000
1.037500
0.991667
0.975000
1.008333
0.995833
0.962500
1.004167
1.000000
0.954167
0.975000
0.991667
0.937500
0.933333
0.945833
0.920833
0.933333
0.929167
0.912500
0.954167
0.958333
0.954167
0.950000
0.991667
1.000000
0.979167
1.012500
1.008333
0.991667
1.025000
1.016667
1.000000
1.033333
1.020833
1.008333
1.045833
1.037500
1.016667
1.050000
1.037500
1.012500
1.062500
1.050000
1.025000
1.087500
1.079167
1.091667
1.091667
1.095833
1.058333
1.054167
1.108333
1.070833
0.541667
1.283333
1.108333
1.645833
1.075000
1.025000
0.983333
1.008333
0.995833
0.945833
0.912500
0.941667
0.954167
0.925000
0.966667
0.983333
0.962500
0.945833
0.987500
1.008333
0.975000
0.966667
1.000000
1.004167
0.991667
0.975000
1.008333
1.000000
0.975000
1.029167
1.020833
0.975000
0.991667
0.991667
0.966667
0.987500
1.000000
0.983333
0.966667
1.004167
1.004167
0.983333
0.995833
1.012500
1.008333
0.987500
1.004167
1.016667
1.012500
0.987500
1.029167
1.025000
1.012500
1.012500
1.045833
1.045833
1.020833
1.037500
1.054167
1.037500
1.016667
1.045833
1.058333
1.050000
1.012500
1.045833
1.054167
1.033333
1.020833
1.058333
1.054167
1.029167
1.033333
1.041667
1.033333
1.000000
0.991667
1.029167
1.016667
0.995833
1.050000
1.041667
1.000000
1.054167
1.050000
1.000000
1.033333
1.033333
0.991667
1.000000
1.025000
0.966667
1.054167
1.033333
1.041667
1.008333
1.000000
0.991667
1.004167
1.008333
0.991667
1.025000
1.025000
0.991667
1.016667
1.016667
1.016667
1.016667
0.991667
0.945833
0.975000
0.975000
0.979167
0.954167
1.004167
1.012500
0.987500
1.029167
1.041667
1.029167
1.020833
1.041667
1.000000
1.029167
1.041667
1.012500
1.016667
1.025000
1.012500
0.987500
1.020833
1.004167
0.991667
1.020833
1.004167
0.987500
1.025000
1.029167
0.995833
1.041667
1.041667
0.991667
1.025000
1.037500
1.000000
1.004167
1.020833
1.016667
1.008333
0.970833
0.954167
0.975000
0.837500
1.066667
0.945833
0.962500
0.958333
0.962500
0.958333
0.954167
0.920833
0.912500
0.933333
0.937500
0.929167
0.954167
0.970833
0.979167
0.950000
0.983333
0.979167
0.987500
0.950000
0.991667
0.991667
0.966667
0.995833
1.000000
0.983333
0.983333
0.995833
0.991667
0.970833
0.954167
0.966667
0.962500
0.933333
0.970833
0.970833
0.970833
0.975000
0.970833
0.950000
0.933333
0.962500
0.966667
0.966667
0.945833
0.958333
0.958333
0.979167
0.979167
0.991667
0.987500
0.970833
0.970833
0.962500
0.925000
0.950000
0.950000
0.920833
0.945833
0.791667
1.245833
0.454167
0.291667
0.458333
0.454167
0.329167
0.537500
0.283333
0.450000
0.512500
0.662500
0.279167
0.412500
0.454167
0.383333
0.833333
0.700000
0.233333
0.754167
0.850000
0.845833
0.845833
0.854167
0.841667
0.820833
0.833333
0.804167
0.795833
0.845833
0.829167
0.858333
0.341667
0.533333
0.475000
0.379167
0.829167
0.750000
0.216667
0.787500
0.854167
1.683333
0.820833
0.816667
0.804167
0.791667
0.787500
0.233333
0.558333
0.750000
0.254167
0.483333
0.737500
0.725000
0.737500
0.729167
0.770833
0.816667
0.816667
0.833333
0.625000
0.291667
0.883333
0.937500
0.895833
0.929167
0.945833
0.937500
0.266667
0.620833
0.925000
0.933333
0.920833
0.895833
0.945833
0.958333
0.929167
0.941667
0.933333
0.916667
0.912500
0.933333
0.916667
0.900000
0.925000
0.920833
0.891667
0.925000
0.937500
0.937500
0.950000
0.925000
0.950000
0.941667
0.904167
0.950000
0.950000
0.950000
0.954167
0.950000
0.941667
0.920833
0.883333
0.908333
0.891667
0.900000
0.883333
0.929167
0.945833
0.937500
0.991667
0.987500
0.970833
1.050000
0.745833
0.112500
0.233333
0.604167
0.491667
0.675000
0.975000
0.916667
0.945833
0.929167
0.925000
0.912500
0.941667
0.941667
0.929167
0.966667
0.958333
0.941667
0.979167
0.995833
0.975000
1.000000
1.020833
0.975000
1.004167
0.991667
0.987500
0.966667
0.962500
0.945833
0.904167
0.904167
0.283333
0.641667
0.895833
0.454167
0.450000
0.900000
0.920833
0.895833
