0.612500
0.612500
0.612500
0.612500
0.616667
0.620833
0.625000
0.629167
0.641667
0.658333
0.662500
0.675000
0.687500
0.700000
0.700000
0.708333
0.716667
0.720833
0.725000
0.729167
0.733333
0.287500
0.445833
0.450000
0.283333
0.733333
0.220833
0.504167
0.708333
0.700000
0.262500
0.420833
0.675000
0.654167
0.383333
0.266667
0.641667
0.637500
0.629167
0.370833
0.258333
0.620833
0.629167
0.616667
0.625000
0.608333
0.616667
0.408333
0.829167
0.604167
0.620833
0.616667
0.608333
0.608333
0.608333
0.612500
0.608333
0.604167
0.604167
0.608333
0.370833
0.237500
0.604167
0.608333
0.600000
0.600000
0.604167
0.604167
0.600000
0.604167
0.600000
0.604167
0.604167
0.608333
0.600000
0.604167
0.600000
0.695833
0.512500
0.604167
0.387500
0.216667
0.608333
0.608333
0.604167
0.608333
0.170833
0.437500
0.616667
0.608333
0.616667
0.608333
0.604167
0.608333
0.612500
0.204167
0.404167
0.608333
0.612500
0.612500
0.620833
0.608333
0.612500
0.612500
0.616667
0.616667
0.612500
0.612500
0.608333
0.620833
0.616667
0.333333
0.404167
0.487500
0.612500
0.620833
0.616667
0.612500
0.216667
0.400000
0.612500
0.616667
0.616667
0.608333
0.608333
0.612500
0.608333
0.608333
0.604167
0.608333
0.604167
0.612500
0.612500
0.604167
0.612500
0.608333
0.616667
0.616667
0.616667
0.612500
0.612500
0.616667
0.612500
0.608333
0.608333
0.612500
0.237500
0.375000
0.608333
0.608333
0.612500
0.608333
0.616667
0.608333
0.254167
0.970833
0.616667
0.616667
0.620833
0.616667
0.612500
0.612500
0.612500
0.612500
0.608333
0.604167
0.604167
0.608333
0.608333
0.595833
0.604167
0.604167
0.600000
0.600000
0.595833
0.600000
0.595833
0.600000
0.729167
1.041667
0.604167
0.595833
0.291667
0.304167
0.595833
0.600000
0.591667
0.595833
0.595833
0.595833
0.600000
0.591667
0.600000
0.604167
0.604167
0.604167
0.604167
0.441667
0.770833
0.091667
0.504167
0.600000
0.600000
0.604167
0.604167
0.595833
0.600000
0.600000
0.600000
0.608333
0.600000
0.604167
0.604167
0.604167
1.216667
0.600000
0.595833
0.600000
0.600000
0.604167
0.595833
0.595833
0.604167
0.600000
0.604167
0.608333
0.595833
0.600000
0.604167
0.600000
0.604167
0.608333
0.608333
0.612500
0.616667
0.620833
0.620833
0.620833
0.616667
0.616667
0.616667
0.616667
0.616667
0.608333
0.612500
0.608333
0.612500
0.612500
0.612500
0.600000
0.608333
0.604167
0.608333
0.604167
0.604167
0.604167
0.604167
0.604167
0.608333
0.604167
0.608333
0.600000
0.600000
0.608333
0.600000
0.604167
0.604167
0.604167
0.604167
0.608333
0.608333
0.600000
0.600000
0.608333
0.604167
0.345833
0.254167
0.604167
0.329167
0.283333
0.608333
0.612500
0.608333
0.608333
0.608333
0.608333
0.433333
0.779167
0.604167
0.608333
0.604167
0.608333
0.604167
0.600000
0.604167
0.600000
0.612500
0.604167
0.608333
0.358333
0.250000
0.608333
0.612500
0.604167
0.608333
0.608333
0.608333
0.608333
0.612500
0.670833
0.295833
0.262500
0.620833
0.620833
0.616667
0.620833
0.608333
0.608333
0.608333
0.616667
0.612500
0.608333
0.612500
0.608333
0.612500
0.608333
0.608333
0.604167
0.612500
0.600000
0.608333
0.608333
0.625000
0.620833
0.612500
0.620833
0.616667
0.616667
0.616667
0.612500
0.616667
0.612500
0.612500
0.616667
0.616667
0.616667
0.616667
0.608333
0.608333
0.608333
0.612500
0.600000
0.608333
0.216667
0.387500
0.608333
0.762500
0.466667
0.600000
0.350000
0.258333
0.604167
0.612500
0.620833
0.608333
0.370833
0.245833
0.616667
0.341667
0.275000
0.625000
0.616667
0.620833
0.608333
0.612500
0.608333
0.612500
0.608333
0.608333
0.608333
0.200000
0.400000
0.604167
0.608333
0.608333
0.600000
0.604167
0.608333
0.608333
0.316667
0.287500
0.312500
0.291667
0.612500
0.608333
0.608333
0.612500
0.604167
0.608333
0.608333
0.604167
0.612500
0.566667
0.650000
0.612500
0.616667
0.612500
0.608333
0.604167
0.616667
0.325000
0.287500
0.620833
0.612500
0.616667
0.620833
0.620833
0.620833
0.625000
0.616667
0.616667
0.620833
0.620833
0.620833
0.620833
0.620833
0.625000
0.620833
0.620833
0.616667
0.616667
0.616667
0.612500
0.620833
0.612500
0.616667
0.366667
0.245833
0.616667
0.616667
0.616667
0.612500
0.604167
0.608333
0.612500
0.612500
0.616667
0.612500
0.620833
0.620833
0.629167
0.350000
0.275000
0.629167
0.625000
0.616667
0.620833
0.620833
0.620833
0.620833
0.433333
0.641667
0.208333
0.575000
0.245833
0.375000
0.620833
0.620833
0.612500
0.625000
0.608333
0.633333
0.625000
0.625000
0.625000
0.620833
0.625000
0.633333
0.629167
0.633333
0.629167
0.637500
0.629167
0.637500
0.633333
0.633333
0.637500
0.641667
0.645833
0.645833
0.645833
0.645833
0.104167
0.533333
0.637500
0.641667
0.637500
0.641667
0.637500
0.641667
0.637500
0.637500
0.633333
0.633333
0.625000
0.620833
0.637500
0.625000
0.620833
0.625000
0.312500
0.329167
0.275000
0.991667
0.641667
0.645833
0.641667
0.645833
0.650000
0.645833
0.645833
0.641667
0.637500
0.629167
0.650000
0.641667
0.641667
0.641667
0.641667
0.641667
0.637500
0.637500
0.637500
0.637500
0.641667
0.637500
0.641667
0.641667
0.633333
0.625000
0.637500
0.629167
0.616667
0.633333
0.629167
0.625000
0.625000
0.625000
0.625000
0.625000
0.620833
0.641667
0.629167
0.633333
0.633333
0.641667
0.625000
0.650000
0.637500
0.620833
0.658333
1.287500
0.645833
0.650000
0.645833
0.645833
0.650000
0.654167
0.641667
0.670833
0.666667
0.670833
0.670833
0.670833
0.666667
0.666667
0.670833
0.670833
0.666667
0.670833
0.675000
0.683333
0.683333
0.383333
0.983333
0.683333
0.683333
0.691667
0.683333
0.687500
0.675000
0.670833
0.675000
0.658333
0.675000
0.666667
0.662500
0.658333
0.650000
0.650000
0.641667
0.637500
0.633333
0.629167
0.629167
0.625000
0.633333
0.629167
0.629167
0.625000
0.629167
0.625000
0.625000
0.625000
0.625000
0.629167
0.629167
0.625000
0.625000
0.625000
0.629167
0.625000
0.625000
0.620833
0.633333
0.629167
0.625000
0.625000
0.625000
0.620833
0.620833
0.620833
0.620833
0.612500
0.620833
0.620833
0.629167
0.633333
0.629167
0.637500
0.650000
0.637500
0.658333
0.641667
0.637500
0.637500
0.633333
0.633333
0.633333
0.633333
0.629167
0.625000
0.633333
0.620833
0.629167
0.629167
0.625000
0.629167
0.620833
0.625000
0.620833
0.620833
0.625000
0.620833
0.625000
0.616667
0.612500
0.625000
0.616667
0.250000
0.370833
0.616667
0.616667
0.616667
0.616667
0.612500
0.612500
0.616667
0.608333
0.608333
0.625000
0.612500
0.616667
0.616667
0.612500
0.212500
1.012500
0.612500
0.770833
0.458333
0.620833
0.612500
0.629167
0.620833
0.687500
0.208333
0.333333
0.616667
0.620833
0.620833
0.616667
0.620833
0.312500
0.216667
0.700000
0.608333
0.620833
0.612500
0.608333
0.604167
0.520833
0.266667
0.225000
0.212500
0.608333
0.608333
0.612500
0.604167
0.604167
0.612500
0.616667
0.612500
0.604167
0.608333
0.366667
0.504167
0.350000
0.608333
0.608333
0.604167
0.616667
0.608333
0.608333
0.608333
0.608333
0.608333
0.612500
0.604167
0.612500
0.808333
0.420833
0.608333
0.612500
0.620833
0.616667
0.608333
0.612500
0.612500
0.620833
0.616667
0.616667
0.612500
0.616667
0.616667
0.620833
0.612500
0.608333
0.612500
0.620833
0.620833
0.625000
0.629167
0.633333
0.637500
0.633333
0.625000
0.629167
0.633333
0.620833
0.616667
0.620833
0.616667
0.625000
0.616667
0.620833
0.612500
0.616667
0.625000
0.608333
0.608333
0.612500
0.620833
0.604167
0.612500
0.608333
0.612500
0.612500
0.600000
0.608333
0.612500
0.620833
0.600000
0.612500
0.333333
0.275000
0.612500
0.608333
0.604167
0.362500
0.245833
0.604167
0.620833
0.612500
0.608333
0.612500
0.612500
0.620833
0.604167
0.612500
0.608333
0.616667
0.629167
0.616667
0.620833
0.608333
0.612500
0.616667
0.608333
0.604167
0.608333
0.608333
0.612500
0.600000
0.604167
0.600000
0.604167
0.604167
0.600000
0.600000
0.608333
0.600000
0.600000
0.420833
0.787500
0.608333
0.604167
0.600000
0.604167
0.604167
0.612500
0.616667
0.370833
0.241667
0.370833
0.225000
0.612500
0.608333
0.608333
0.612500
0.612500
0.616667
0.600000
0.608333
0.604167
0.608333
0.608333
0.608333
0.616667
0.600000
0.329167
0.275000
0.425000
0.325000
0.470833
0.608333
0.604167
0.604167
0.608333
0.620833
0.595833
0.616667
0.300000
0.312500
0.608333
0.612500
0.604167
0.608333
0.608333
0.604167
0.616667
0.612500
0.629167
0.625000
0.616667
0.283333
0.354167
0.629167
0.612500
0.637500
0.620833
0.608333
0.633333
0.608333
0.616667
0.612500
0.629167
0.616667
0.620833
0.612500
0.625000
0.620833
0.612500
0.616667
0.620833
0.616667
0.620833
0.616667
0.620833
0.612500
0.612500
0.620833
0.620833
0.616667
0.616667
0.612500
0.616667
0.616667
0.616667
0.612500
0.616667
0.616667
0.608333
0.612500
0.620833
0.612500
0.604167
0.612500
0.612500
0.612500
1.616667
0.250000
0.291667
0.341667
0.620833
0.645833
0.629167
0.625000
0.612500
0.637500
0.629167
0.625000
0.612500
0.620833
0.620833
0.620833
0.625000
0.620833
0.620833
0.616667
0.620833
0.625000
0.633333
0.629167
0.629167
0.612500
0.629167
0.633333
0.637500
0.637500
0.637500
0.641667
0.645833
0.625000
0.641667
0.633333
0.633333
0.412500
0.216667
0.712500
0.562500
0.620833
0.633333
0.620833
0.595833
0.662500
0.620833
0.620833
0.616667
0.637500
0.625000
0.620833
0.620833
0.620833
0.629167
0.608333
0.629167
0.612500
0.612500
0.625000
0.620833
0.620833
0.612500
0.616667
0.633333
0.620833
0.608333
0.616667
0.625000
0.633333
0.308333
0.325000
0.708333
0.408333
0.187500
0.241667
0.595833
0.208333
0.162500
0.229167
0.425000
0.629167
0.625000
0.645833
0.629167
0.633333
0.637500
0.633333
0.629167
0.612500
0.625000
0.620833
0.633333
0.629167
0.625000
0.612500
0.620833
0.633333
0.608333
0.616667
0.616667
0.625000
0.650000
0.633333
0.633333
0.637500
0.620833
0.654167
0.629167
0.612500
0.645833
0.625000
0.604167
0.612500
0.616667
0.633333
0.604167
0.633333
0.612500
0.583333
0.641667
0.604167
0.625000
0.408333
0.812500
0.620833
0.325000
0.283333
