0.662500
0.629167
0.300000
0.937500
0.933333
0.554167
0.366667
0.529167
0.120833
0.283333
0.929167
0.933333
0.925000
0.925000
0.929167
0.925000
0.929167
0.929167
0.920833
0.937500
0.937500
0.920833
0.933333
0.925000
0.925000
0.929167
0.929167
0.929167
0.925000
0.925000
1.862500
0.937500
0.929167
0.929167
0.925000
0.933333
0.925000
0.929167
0.920833
0.929167
0.933333
0.933333
0.929167
0.933333
0.933333
0.920833
0.941667
0.929167
0.937500
0.925000
0.933333
0.941667
0.925000
0.937500
0.937500
0.929167
0.929167
0.925000
0.929167
0.925000
0.920833
0.920833
0.925000
0.925000
0.920833
0.916667
0.929167
0.920833
0.929167
0.916667
0.925000
0.925000
0.937500
0.933333
0.925000
0.925000
0.925000
0.933333
0.929167
0.929167
0.916667
0.925000
0.925000
0.925000
0.933333
0.916667
0.929167
0.912500
0.929167
0.920833
0.933333
0.920833
0.925000
0.929167
0.929167
0.925000
0.920833
0.925000
0.933333
0.925000
0.933333
0.925000
0.929167
0.937500
0.925000
0.937500
0.929167
0.341667
0.595833
0.941667
0.929167
0.937500
0.933333
0.933333
0.933333
0.941667
0.933333
0.941667
0.941667
0.933333
0.937500
0.941667
0.937500
0.937500
0.937500
0.937500
0.937500
0.933333
0.941667
0.937500
0.937500
0.941667
0.941667
0.941667
0.933333
0.937500
0.933333
0.941667
0.933333
0.937500
0.937500
0.937500
0.941667
0.937500
0.937500
0.941667
0.950000
0.937500
0.941667
1.629167
1.195833
0.945833
0.941667
0.700000
1.166667
0.945833
0.937500
0.700000
1.150000
0.933333
0.933333
0.683333
1.175000
0.933333
0.929167
0.725000
1.133333
0.929167
0.929167
0.929167
0.929167
0.933333
0.933333
0.937500
0.933333
0.933333
0.933333
0.933333
0.929167
0.929167
0.916667
0.920833
0.920833
0.920833
0.925000
0.925000
0.929167
0.933333
0.937500
0.933333
0.920833
0.966667
0.937500
0.937500
0.933333
0.929167
0.933333
0.933333
0.933333
0.937500
0.933333
0.933333
0.850000
0.987500
0.937500
0.925000
0.933333
0.933333
0.929167
0.933333
0.937500
0.937500
0.933333
0.945833
0.937500
0.937500
0.950000
0.933333
0.945833
0.945833
0.941667
0.950000
0.941667
0.950000
0.941667
0.941667
0.950000
0.945833
0.941667
0.950000
0.945833
0.945833
0.945833
0.941667
0.950000
0.941667
0.950000
0.941667
0.945833
0.941667
0.950000
0.937500
0.945833
0.950000
0.941667
0.954167
0.937500
0.954167
0.941667
0.950000
0.950000
1.908333
0.945833
0.945833
0.945833
0.941667
0.950000
0.950000
0.945833
0.945833
0.954167
0.954167
0.954167
0.954167
0.958333
0.954167
0.950000
0.958333
0.954167
0.958333
0.954167
0.962500
0.958333
0.958333
0.958333
0.700000
1.220833
0.962500
0.962500
0.954167
0.954167
0.716667
1.179167
0.954167
0.950000
0.941667
0.941667
0.941667
0.945833
0.945833
0.762500
1.129167
0.950000
0.937500
0.941667
0.941667
0.941667
0.945833
0.950000
0.941667
0.941667
0.941667
0.945833
0.945833
0.945833
0.950000
0.950000
0.937500
0.950000
0.950000
0.945833
0.950000
0.950000
0.958333
0.950000
0.962500
0.954167
0.954167
0.954167
0.958333
0.729167
1.175000
0.958333
0.958333
0.950000
0.941667
0.954167
0.945833
0.950000
0.954167
0.950000
0.954167
0.950000
0.945833
0.941667
0.941667
0.945833
0.941667
0.970833
0.966667
1.883333
0.908333
1.808333
0.895833
0.900000
0.879167
0.879167
0.875000
0.887500
0.891667
0.891667
0.895833
0.891667
1.750000
0.887500
0.875000
0.870833
0.870833
0.866667
0.875000
0.858333
0.883333
0.887500
0.870833
0.862500
0.875000
0.870833
0.883333
0.850000
0.866667
0.862500
0.866667
0.862500
0.858333
0.858333
0.858333
0.866667
0.862500
0.870833
0.858333
0.870833
0.858333
0.866667
0.858333
0.866667
0.866667
0.866667
0.862500
0.862500
0.866667
0.862500
0.879167
0.854167
0.870833
0.854167
0.858333
0.887500
0.854167
0.870833
0.862500
0.870833
0.870833
0.875000
0.879167
0.862500
0.883333
0.875000
0.875000
0.879167
0.883333
0.875000
0.870833
0.883333
0.883333
0.875000
0.887500
0.891667
0.875000
0.887500
0.887500
0.887500
0.891667
0.891667
0.887500
0.900000
0.895833
0.845833
0.945833
0.904167
0.904167
0.900000
0.908333
0.841667
0.966667
0.900000
0.904167
0.904167
0.916667
0.904167
0.900000
0.904167
0.908333
0.912500
0.908333
0.908333
0.904167
0.908333
0.916667
0.916667
0.912500
0.908333
0.920833
0.904167
0.916667
0.916667
0.908333
0.916667
0.916667
0.925000
0.916667
0.920833
0.912500
0.929167
0.920833
0.925000
0.925000
0.925000
0.704167
1.150000
0.933333
0.929167
0.916667
0.925000
0.916667
0.920833
0.912500
0.929167
0.916667
0.925000
0.679167
0.245833
0.920833
0.933333
0.929167
0.929167
0.941667
0.912500
0.745833
1.125000
0.937500
0.929167
0.929167
0.929167
0.929167
0.929167
0.929167
0.929167
0.933333
0.933333
0.933333
0.700000
1.162500
0.937500
0.933333
0.925000
0.925000
0.925000
0.916667
0.925000
0.920833
0.925000
0.925000
0.929167
0.929167
0.941667
0.929167
0.929167
0.929167
0.933333
0.937500
0.929167
0.925000
0.933333
0.933333
0.929167
0.937500
0.929167
0.929167
0.937500
0.929167
0.941667
0.929167
0.937500
0.775000
1.100000
0.941667
0.937500
0.933333
0.925000
0.933333
0.937500
0.929167
0.937500
0.720833
1.133333
0.941667
0.937500
0.929167
0.925000
0.925000
0.925000
0.925000
0.933333
0.925000
0.933333
0.916667
0.725000
1.145833
0.933333
0.933333
0.925000
0.925000
0.925000
0.925000
0.929167
0.933333
0.920833
0.920833
0.929167
0.933333
0.933333
0.941667
0.920833
0.929167
0.933333
0.941667
0.933333
0.720833
1.158333
0.950000
0.937500
0.945833
0.933333
0.700000
1.170833
0.933333
0.941667
0.700000
1.158333
0.941667
0.929167
0.929167
0.929167
0.929167
0.925000
0.937500
0.925000
0.929167
0.925000
0.925000
0.929167
0.945833
0.929167
0.929167
0.937500
0.941667
0.929167
0.941667
0.925000
0.954167
0.925000
0.950000
0.933333
0.945833
0.941667
0.950000
0.950000
0.937500
0.325000
0.608333
0.945833
0.954167
0.933333
0.937500
0.941667
0.941667
0.945833
0.945833
0.708333
1.175000
0.954167
0.950000
0.937500
0.945833
0.691667
1.183333
0.370833
0.575000
0.933333
0.937500
0.937500
0.933333
0.937500
0.941667
0.537500
0.387500
0.941667
0.933333
0.691667
1.183333
0.958333
0.933333
0.933333
0.933333
0.933333
0.945833
1.625000
1.166667
0.941667
0.933333
1.870833
0.945833
0.933333
0.933333
0.929167
0.933333
0.937500
0.920833
0.941667
0.937500
0.925000
0.937500
0.933333
0.937500
0.733333
