0.825000
0.825000
0.829167
0.829167
0.829167
0.816667
0.820833
0.816667
0.816667
0.812500
0.825000
0.825000
0.825000
0.816667
0.820833
0.812500
0.829167
0.829167
0.833333
0.820833
0.829167
0.825000
0.820833
0.829167
0.837500
0.837500
0.833333
0.833333
0.825000
0.829167
0.833333
0.845833
0.833333
0.829167
0.825000
0.820833
0.825000
0.837500
0.816667
0.820833
0.820833
0.825000
0.816667
0.820833
0.825000
0.816667
0.825000
0.812500
0.825000
0.812500
0.816667
0.812500
0.808333
0.812500
0.816667
0.820833
0.812500
0.812500
0.808333
0.808333
0.816667
0.829167
0.825000
0.816667
0.812500
0.812500
0.816667
0.820833
0.820833
0.812500
0.816667
0.812500
0.816667
0.816667
0.829167
0.833333
0.829167
0.833333
0.820833
0.825000
0.837500
0.825000
0.820833
0.829167
0.820833
0.820833
0.833333
0.825000
0.820833
0.820833
0.816667
0.808333
0.812500
0.829167
0.825000
0.816667
0.816667
0.812500
0.820833
0.820833
0.833333
0.833333
0.825000
0.825000
0.820833
0.816667
0.825000
0.833333
0.825000
0.825000
0.820833
0.816667
0.820833
0.829167
0.837500
0.825000
0.825000
0.820833
0.820833
0.820833
0.820833
0.825000
0.820833
0.816667
0.820833
0.816667
0.820833
0.825000
0.820833
0.820833
0.816667
0.808333
0.820833
0.829167
0.825000
0.829167
0.829167
0.829167
0.825000
0.825000
0.833333
0.841667
0.837500
0.833333
0.833333
0.829167
0.837500
0.841667
0.845833
0.845833
0.845833
0.841667
0.837500
0.837500
0.841667
0.858333
0.854167
0.850000
0.845833
0.845833
0.850000
0.850000
0.845833
0.837500
0.829167
0.829167
0.829167
0.837500
0.550000
1.112500
0.833333
0.825000
0.816667
0.825000
0.833333
0.829167
0.820833
0.820833
0.825000
0.820833
0.833333
0.833333
0.829167
0.820833
0.820833
0.816667
0.812500
0.829167
0.825000
0.825000
0.816667
0.820833
0.816667
0.829167
0.816667
0.816667
0.808333
0.808333
0.812500
0.825000
0.820833
0.816667
0.816667
0.820833
0.820833
0.820833
0.825000
0.833333
0.825000
0.816667
0.816667
0.812500
0.808333
0.812500
0.816667
0.812500
0.804167
0.800000
0.804167
0.800000
0.804167
0.808333
0.804167
0.804167
0.804167
0.800000
0.800000
0.808333
0.808333
0.812500
0.812500
0.808333
0.808333
0.816667
0.820833
0.816667
0.812500
0.804167
0.804167
0.808333
0.808333
0.804167
0.804167
0.800000
0.804167
0.816667
0.816667
0.812500
0.812500
0.816667
0.812500
0.829167
0.825000
0.816667
0.816667
0.816667
0.808333
0.812500
0.820833
0.808333
0.800000
0.804167
0.795833
0.795833
0.804167
0.808333
0.812500
0.804167
0.804167
0.804167
0.804167
0.620833
0.975000
0.825000
0.820833
0.816667
0.816667
0.812500
0.825000
0.829167
0.820833
0.816667
0.825000
0.820833
0.825000
0.841667
0.833333
0.833333
0.829167
0.833333
0.825000
0.829167
0.837500
0.837500
0.833333
0.829167
0.829167
0.825000
0.829167
0.837500
0.841667
0.841667
0.833333
0.837500
0.833333
0.837500
0.845833
0.833333
0.833333
0.829167
0.825000
0.820833
0.825000
0.816667
0.820833
0.829167
0.825000
0.825000
0.820833
0.825000
0.820833
0.820833
0.829167
0.833333
0.829167
0.825000
0.829167
0.829167
0.820833
0.825000
0.829167
0.833333
0.833333
0.829167
0.833333
0.829167
0.829167
0.833333
0.841667
0.833333
0.829167
0.829167
0.825000
0.833333
0.833333
0.829167
0.820833
0.820833
0.816667
0.816667
0.820833
0.820833
0.812500
0.812500
0.808333
0.812500
0.820833
0.812500
0.812500
0.812500
0.804167
0.804167
0.800000
0.800000
0.812500
0.812500
0.812500
1.612500
0.816667
0.808333
0.820833
0.816667
0.825000
0.825000
0.820833
0.812500
0.816667
0.825000
0.820833
0.812500
0.816667
0.812500
0.816667
0.816667
0.820833
0.825000
0.825000
0.825000
0.829167
0.825000
0.825000
0.829167
0.820833
0.820833
0.816667
0.812500
0.808333
0.808333
0.808333
0.804167
0.804167
0.800000
0.800000
0.795833
0.800000
0.800000
0.795833
0.795833
0.791667
0.800000
0.800000
0.800000
0.800000
0.800000
0.791667
0.816667
0.812500
0.808333
0.804167
0.804167
0.800000
0.804167
0.816667
0.808333
0.812500
0.812500
0.816667
0.812500
0.816667
0.820833
0.820833
0.820833
0.820833
0.816667
0.812500
0.812500
0.820833
0.820833
0.820833
0.816667
0.812500
0.808333
0.808333
0.816667
0.825000
0.820833
0.816667
0.816667
0.816667
0.812500
0.816667
0.820833
0.812500
0.804167
0.800000
0.800000
0.787500
0.791667
0.795833
0.795833
0.795833
0.791667
0.791667
0.791667
0.800000
0.808333
0.808333
0.804167
1.616667
0.804167
0.808333
0.804167
0.804167
0.800000
0.795833
0.795833
0.808333
0.808333
0.804167
0.804167
0.800000
0.800000
0.795833
0.800000
0.804167
0.804167
0.800000
0.795833
0.795833
0.795833
0.795833
0.795833
0.800000
0.795833
0.791667
0.795833
0.787500
0.800000
0.804167
0.804167
0.804167
0.800000
0.800000
0.800000
0.800000
0.808333
0.812500
0.812500
0.808333
0.812500
0.808333
0.808333
0.820833
0.816667
0.816667
0.816667
0.812500
0.808333
0.808333
0.820833
0.816667
0.816667
0.825000
0.829167
0.825000
0.820833
0.829167
0.833333
0.829167
0.829167
0.820833
0.825000
0.825000
0.820833
0.825000
0.825000
0.816667
0.820833
0.816667
0.825000
0.820833
0.812500
0.620833
0.962500
0.808333
0.808333
0.812500
0.804167
0.804167
0.804167
0.795833
0.791667
0.804167
0.804167
0.800000
0.800000
0.800000
0.804167
0.812500
0.820833
0.816667
0.816667
0.812500
0.808333
0.808333
0.816667
0.812500
0.816667
0.816667
0.812500
0.808333
0.812500
0.808333
0.812500
0.808333
0.800000
0.800000
0.800000
0.804167
0.808333
0.812500
0.808333
0.804167
0.804167
0.800000
0.800000
0.804167
0.812500
0.812500
0.804167
0.808333
0.808333
0.808333
0.812500
0.825000
0.816667
0.816667
0.816667
0.812500
0.816667
0.825000
0.825000
0.825000
0.820833
0.825000
0.820833
0.820833
0.825000
0.820833
0.812500
0.812500
0.816667
0.812500
0.816667
0.812500
0.808333
0.804167
0.804167
0.800000
0.800000
0.812500
0.804167
0.804167
0.800000
0.804167
0.800000
0.816667
0.808333
0.812500
0.808333
0.812500
0.808333
0.812500
0.825000
0.825000
0.816667
0.816667
0.812500
0.812500
0.812500
0.816667
0.825000
0.820833
0.816667
0.820833
0.812500
0.629167
0.966667
0.837500
0.808333
0.816667
0.812500
0.812500
0.816667
0.812500
0.808333
0.825000
0.820833
0.816667
0.820833
0.812500
0.812500
0.804167
0.812500
0.812500
0.808333
0.800000
0.795833
0.791667
0.791667
0.804167
0.795833
0.791667
0.791667
0.791667
0.791667
0.791667
0.795833
0.800000
0.791667
0.791667
0.787500
0.783333
0.787500
0.791667
0.795833
0.795833
0.791667
0.795833
0.787500
0.787500
0.795833
0.787500
0.783333
0.783333
0.779167
0.783333
0.783333
0.795833
0.795833
0.787500
0.787500
0.787500
0.783333
0.795833
0.800000
0.787500
0.791667
0.787500
0.787500
0.783333
0.795833
0.791667
0.787500
0.787500
0.787500
0.779167
0.787500
0.795833
0.787500
0.787500
0.787500
0.787500
0.787500
0.804167
0.795833
0.795833
0.791667
0.787500
0.787500
0.791667
0.791667
0.791667
0.787500
0.787500
0.783333
0.783333
0.800000
0.791667
0.795833
0.791667
0.795833
0.795833
0.800000
0.812500
0.808333
0.804167
0.808333
0.804167
0.808333
0.816667
0.812500
0.808333
0.816667
0.812500
0.812500
0.812500
0.825000
0.825000
0.816667
0.816667
0.812500
0.812500
0.812500
