1.766667
0.783333
0.816667
0.758333
0.891667
0.783333
1.012500
1.533333
1.004167
1.441667
1.645833
1.387500
1.333333
0.904167
1.458333
1.258333
1.383333
1.420833
1.279167
0.729167
1.337500
0.933333
2.175000
1.479167
0.891667
1.504167
1.491667
1.500000
1.029167
1.075000
0.812500
1.000000
1.325000
1.433333
0.787500
1.166667
1.425000
1.862500
0.816667
1.104167
1.004167
1.283333
1.929167
1.104167
0.866667
1.179167
1.208333
0.995833
1.633333
1.254167
0.783333
0.787500
0.766667
1.108333
1.583333
1.425000
0.800000
0.770833
1.104167
2.095833
1.170833
1.533333
1.254167
0.875000
1.966667
1.433333
1.095833
0.825000
1.533333
1.495833
0.837500
1.266667
0.891667
1.704167
1.270833
1.125000
0.850000
1.512500
0.895833
1.458333
1.558333
1.420833
0.895833
1.000000
1.175000
1.120833
1.800000
1.583333
1.720833
0.887500
1.004167
1.108333
0.941667
0.816667
1.195833
0.783333
1.341667
1.800000
0.754167
1.150000
0.904167
1.125000
0.816667
0.845833
0.825000
1.037500
1.400000
1.158333
1.616667
1.020833
0.870833
1.637500
1.691667
0.833333
0.833333
1.733333
1.137500
1.233333
1.029167
0.745833
1.091667
1.837500
1.141667
1.487500
1.166667
1.966667
0.737500
1.337500
1.108333
1.075000
0.908333
1.470833
0.766667
0.875000
0.970833
1.550000
0.991667
1.358333
1.550000
0.900000
1.491667
1.158333
0.912500
1.266667
1.695833
2.120833
1.533333
1.133333
0.908333
0.766667
1.283333
0.762500
1.608333
0.845833
1.083333
0.858333
1.408333
1.062500
0.879167
1.879167
1.962500
1.370833
1.891667
1.237500
0.933333
0.862500
1.512500
0.795833
1.320833
1.254167
0.966667
0.762500
1.091667
0.829167
1.704167
0.708333
1.925000
1.095833
1.237500
1.050000
0.779167
1.025000
0.895833
1.775000
1.645833
1.145833
1.533333
1.095833
1.420833
0.766667
0.762500
1.029167
1.033333
1.287500
0.975000
1.291667
1.079167
1.491667
1.816667
2.275000
1.020833
1.154167
1.241667
0.825000
0.895833
0.870833
1.304167
1.795833
1.470833
0.920833
1.087500
1.241667
0.883333
0.945833
1.183333
0.925000
0.912500
2.129167
0.958333
1.075000
1.358333
1.320833
0.904167
0.791667
1.066667
0.725000
2.116667
1.562500
1.445833
0.904167
1.316667
0.841667
1.795833
0.875000
1.220833
1.516667
1.304167
0.845833
1.441667
0.945833
1.512500
1.012500
1.541667
1.887500
1.408333
1.587500
1.125000
1.270833
1.620833
0.870833
1.050000
0.929167
0.908333
1.550000
1.358333
1.079167
1.104167
1.429167
1.300000
0.975000
1.579167
0.829167
1.183333
0.862500
0.800000
0.650000
1.258333
0.816667
1.591667
1.775000
1.204167
1.195833
1.133333
0.933333
0.675000
1.116667
1.300000
0.854167
0.991667
0.975000
1.700000
1.945833
1.150000
0.687500
1.012500
1.020833
1.175000
0.979167
1.675000
1.666667
1.154167
1.116667
1.083333
1.187500
0.900000
1.295833
1.000000
1.400000
0.975000
1.412500
1.550000
0.687500
1.887500
0.658333
1.212500
1.262500
1.262500
1.125000
2.020833
0.937500
0.783333
1.958333
1.791667
1.291667
1.908333
0.829167
1.550000
0.829167
1.612500
0.908333
1.866667
0.787500
1.420833
1.595833
1.087500
1.050000
1.591667
1.408333
1.558333
1.087500
0.829167
1.512500
1.195833
0.775000
0.904167
1.154167
0.895833
1.237500
1.416667
1.016667
0.825000
1.283333
1.279167
1.250000
0.908333
0.925000
0.929167
1.191667
0.712500
2.166667
0.800000
0.920833
0.916667
0.804167
0.833333
1.158333
1.537500
1.008333
1.108333
1.941667
2.025000
1.558333
0.970833
1.525000
1.000000
1.450000
1.491667
0.929167
1.033333
1.520833
1.279167
1.087500
1.462500
1.187500
0.837500
0.875000
0.804167
1.045833
0.912500
2.070833
0.766667
0.987500
0.920833
0.929167
1.091667
1.012500
1.037500
2.262500
1.191667
1.329167
1.133333
1.125000
0.891667
1.412500
1.887500
1.012500
1.350000
0.779167
1.812500
1.120833
0.912500
1.654167
0.833333
1.462500
1.054167
0.854167
1.516667
1.429167
0.766667
0.941667
1.141667
1.341667
1.112500
0.983333
1.070833
1.216667
1.816667
2.229167
1.516667
1.100000
0.941667
1.791667
1.495833
0.725000
1.329167
1.262500
1.333333
1.316667
1.416667
0.841667
1.654167
0.966667
1.516667
1.508333
1.083333
0.783333
1.245833
1.895833
1.054167
1.545833
1.354167
1.087500
0.829167
1.441667
0.775000
0.970833
1.483333
0.904167
1.433333
1.175000
1.687500
1.008333
1.266667
1.354167
1.858333
1.029167
1.241667
1.937500
1.554167
0.841667
1.362500
1.066667
0.800000
0.795833
1.358333
1.612500
1.170833
0.900000
1.179167
1.762500
1.016667
2.150000
0.941667
1.608333
1.137500
1.554167
1.150000
0.787500
0.858333
1.016667
1.033333
1.379167
1.233333
1.045833
2.016667
0.987500
1.358333
1.183333
1.562500
2.225000
0.662500
0.991667
1.308333
1.212500
1.008333
1.320833
1.912500
0.970833
1.354167
1.141667
1.170833
1.291667
1.012500
1.329167
1.616667
1.350000
0.762500
0.916667
1.145833
1.650000
1.404167
