0.595833
0.383333
0.208333
0.245833
0.354167
0.587500
0.591667
0.375000
0.220833
0.591667
0.583333
0.391667
0.195833
0.595833
0.591667
0.583333
0.591667
0.587500
0.575000
0.229167
0.354167
0.237500
0.366667
0.575000
0.495833
0.087500
0.579167
0.754167
0.425000
0.558333
0.029167
0.475000
0.495833
0.204167
0.587500
0.583333
0.583333
0.583333
0.245833
0.337500
0.583333
0.595833
0.579167
0.570833
0.595833
0.587500
0.491667
0.687500
0.583333
0.687500
0.158333
0.333333
0.270833
0.304167
0.504167
0.733333
0.208333
0.295833
0.633333
0.458333
0.462500
1.058333
0.212500
0.575000
0.370833
0.366667
0.395833
0.704167
1.016667
0.629167
0.208333
0.925000
0.845833
0.620833
0.304167
0.854167
1.600000
0.191667
0.591667
0.587500
0.595833
0.500000
0.695833
0.587500
0.591667
0.591667
0.591667
0.587500
0.591667
0.587500
0.250000
0.920833
0.595833
0.587500
0.591667
0.754167
0.454167
0.604167
0.595833
0.595833
0.595833
0.600000
0.604167
0.595833
0.266667
0.316667
0.245833
0.350000
0.595833
0.600000
0.225000
0.379167
0.504167
0.325000
0.362500
0.595833
0.591667
0.725000
0.337500
0.595833
0.708333
0.320833
0.204167
0.266667
0.391667
0.383333
0.395833
0.204167
0.783333
0.437500
0.854167
0.520833
0.212500
0.545833
0.629167
0.237500
0.454167
0.466667
0.354167
0.212500
0.633333
0.400000
0.554167
0.550000
0.520833
0.725000
0.379167
0.304167
0.679167
0.750000
0.475000
0.229167
0.325000
0.250000
0.275000
0.370833
0.508333
0.566667
0.245833
0.529167
0.733333
0.504167
1.270833
0.900000
0.291667
0.208333
0.958333
0.925000
0.645833
0.395833
0.537500
0.962500
0.366667
0.545833
0.387500
0.241667
0.420833
0.525000
0.729167
0.400000
0.495833
0.566667
0.250000
0.400000
0.316667
0.545833
0.441667
0.304167
0.283333
0.525000
0.291667
0.375000
0.525000
1.162500
1.195833
0.562500
0.733333
0.500000
1.008333
1.816667
1.579167
2.020833
0.933333
0.212500
0.770833
1.450000
0.850000
1.095833
1.762500
1.754167
1.754167
0.795833
0.404167
2.354167
1.175000
0.587500
0.595833
0.600000
0.595833
0.583333
0.587500
0.591667
0.295833
0.475000
0.412500
0.591667
0.591667
0.762500
0.212500
0.508333
0.512500
0.350000
0.587500
0.591667
0.600000
0.587500
0.579167
0.587500
0.583333
0.591667
0.595833
0.700000
0.283333
0.254167
0.183333
0.337500
0.212500
0.737500
0.237500
0.587500
0.587500
0.583333
0.270833
0.437500
0.845833
0.220833
0.583333
0.587500
0.587500
0.600000
0.591667
0.591667
0.583333
0.587500
0.595833
0.600000
0.591667
0.583333
0.587500
0.591667
0.600000
0.600000
0.591667
0.595833
0.591667
0.600000
0.595833
0.591667
0.591667
0.587500
0.433333
0.375000
0.225000
0.395833
0.441667
0.229167
0.320833
0.612500
0.275000
0.600000
0.516667
0.312500
0.183333
0.408333
0.295833
0.545833
0.487500
0.766667
0.641667
0.383333
0.416667
0.208333
0.387500
0.591667
0.583333
0.295833
0.900000
0.350000
0.237500
0.587500
0.595833
0.608333
0.595833
0.583333
0.591667
0.595833
0.591667
0.604167
0.608333
0.595833
0.595833
0.600000
0.595833
0.587500
0.583333
0.591667
0.600000
0.604167
0.587500
0.591667
0.625000
0.595833
0.600000
0.600000
0.595833
0.600000
0.604167
0.600000
0.600000
0.595833
0.591667
0.583333
0.604167
0.600000
0.604167
0.591667
0.600000
0.595833
0.595833
0.595833
0.591667
0.591667
0.595833
0.600000
0.591667
0.595833
0.600000
0.583333
0.587500
0.587500
0.687500
0.508333
0.600000
0.591667
0.262500
0.291667
0.287500
0.337500
0.400000
0.212500
0.591667
0.595833
0.595833
0.591667
0.554167
0.604167
0.633333
0.637500
0.595833
0.595833
0.595833
0.587500
0.595833
0.562500
0.616667
0.579167
0.587500
0.591667
0.354167
0.250000
0.300000
0.412500
0.258333
0.216667
0.587500
0.337500
0.445833
0.404167
0.408333
0.254167
0.175000
0.279167
0.220833
0.520833
0.450000
0.645833
0.591667
0.583333
0.587500
0.595833
0.608333
0.662500
0.241667
0.291667
0.379167
0.216667
0.216667
0.566667
0.479167
0.520833
0.233333
0.358333
0.791667
0.400000
0.587500
0.591667
0.591667
0.591667
0.587500
0.587500
0.595833
0.591667
0.587500
0.587500
0.591667
0.591667
0.591667
0.587500
0.591667
0.595833
0.583333
0.587500
0.600000
0.762500
0.445833
0.595833
0.587500
0.591667
0.595833
0.591667
0.579167
0.583333
0.404167
0.783333
0.595833
0.591667
0.591667
0.587500
0.591667
0.591667
0.587500
0.583333
0.583333
0.587500
0.591667
0.587500
0.583333
0.587500
0.591667
0.591667
0.591667
0.583333
0.583333
0.591667
0.487500
3.300000
0.379167
0.595833
0.366667
0.216667
0.429167
0.758333
0.587500
0.583333
0.600000
0.595833
0.583333
0.595833
0.595833
0.595833
0.608333
0.600000
0.595833
0.591667
0.600000
0.604167
0.604167
0.612500
0.604167
0.595833
0.383333
0.212500
0.595833
0.608333
0.604167
0.600000
0.604167
0.600000
0.604167
0.600000
0.600000
0.600000
0.591667
0.591667
0.604167
0.375000
0.233333
0.595833
0.600000
0.612500
0.591667
0.600000
0.600000
0.595833
0.591667
0.595833
0.504167
0.554167
0.725000
0.595833
0.804167
0.391667
0.270833
0.320833
0.612500
3.475000
0.679167
0.325000
0.279167
0.366667
2.525000
1.095833
0.512500
0.533333
0.216667
0.291667
0.358333
0.787500
0.391667
0.412500
0.837500
0.466667
0.295833
0.400000
0.458333
0.658333
1.191667
1.179167
1.187500
0.587500
0.591667
0.587500
0.591667
0.587500
0.587500
0.591667
0.591667
0.587500
0.591667
0.587500
0.591667
0.591667
0.587500
0.587500
0.591667
0.629167
0.604167
0.604167
0.595833
0.595833
0.591667
0.591667
0.595833
0.591667
0.587500
0.595833
0.591667
0.591667
0.591667
0.587500
0.587500
0.579167
0.587500
0.591667
0.604167
0.600000
0.595833
0.595833
0.591667
0.591667
0.595833
0.591667
0.587500
0.587500
0.595833
0.600000
0.591667
0.254167
0.337500
0.591667
0.595833
0.229167
0.354167
0.275000
0.845833
0.250000
1.341667
0.362500
0.300000
0.758333
0.587500
0.591667
0.533333
0.400000
0.479167
0.241667
1.025000
0.341667
0.475000
0.729167
1.054167
1.170833
1.762500
1.166667
0.358333
0.554167
0.300000
1.758333
0.808333
0.379167
1.183333
1.104167
1.270833
0.454167
0.245833
0.241667
0.250000
0.395833
1.033333
0.683333
0.445833
0.625000
0.654167
0.904167
1.179167
1.191667
0.591667
1.183333
0.595833
0.595833
0.408333
0.783333
0.595833
0.595833
0.595833
1.675000
0.541667
1.850000
1.116667
0.483333
0.233333
0.554167
0.308333
1.158333
0.320833
1.120833
0.491667
0.358333
0.641667
0.583333
0.345833
0.891667
0.383333
0.354167
0.225000
0.445833
0.329167
0.704167
0.729167
0.383333
0.516667
0.170833
0.437500
0.562500
1.100000
1.116667
1.187500
1.195833
1.775000
1.854167
0.591667
0.595833
0.587500
0.587500
0.595833
0.595833
0.587500
0.579167
0.591667
0.591667
0.587500
0.595833
0.591667
0.604167
0.595833
0.591667
0.591667
0.604167
0.595833
0.587500
0.591667
0.591667
0.595833
0.595833
0.583333
0.295833
0.175000
0.229167
0.495833
1.062500
0.966667
0.287500
0.216667
0.641667
0.237500
0.712500
1.416667
0.550000
0.933333
1.216667
1.175000
1.758333
0.583333
1.762500
0.583333
0.583333
0.587500
0.595833
0.591667
0.587500
0.587500
0.587500
0.583333
0.587500
0.591667
0.587500
0.587500
0.591667
0.587500
0.583333
0.583333
0.595833
0.600000
0.587500
0.587500
1.650000
0.737500
0.587500
0.579167
0.591667
1.045833
0.720833
0.583333
0.591667
0.333333
2.237500
0.320833
1.137500
0.591667
0.775000
0.291667
0.800000
0.220833
0.458333
0.812500
0.795833
0.700000
1.112500
0.400000
0.920833
0.883333
0.654167
0.204167
0.404167
1.233333
1.179167
1.183333
1.779167
1.775000
0.591667
0.595833
0.591667
0.595833
0.587500
0.591667
0.591667
0.587500
0.587500
0.583333
0.587500
0.587500
0.587500
0.591667
0.583333
0.583333
0.591667
0.591667
0.591667
0.591667
0.400000
0.187500
0.600000
0.545833
0.629167
0.591667
0.575000
0.600000
0.604167
0.587500
0.583333
0.587500
0.591667
0.591667
0.587500
0.587500
0.591667
0.325000
0.270833
0.587500
0.604167
0.591667
0.600000
0.579167
0.825000
2.091667
0.212500
0.700000
0.295833
1.458333
1.650000
0.316667
0.812500
0.275000
0.366667
0.295833
0.395833
0.254167
0.566667
0.116667
0.475000
0.325000
0.683333
0.612500
0.691667
1.016667
0.229167
0.362500
0.425000
0.254167
0.637500
0.775000
0.370833
0.333333
0.587500
1.033333
0.950000
0.962500
0.645833
0.270833
0.200000
0.937500
1.045833
0.204167
0.887500
0.241667
0.775000
0.662500
0.658333
0.412500
0.191667
0.300000
0.316667
0.429167
0.720833
0.845833
0.354167
1.020833
0.558333
0.904167
0.320833
0.591667
0.966667
0.754167
0.612500
0.312500
0.316667
1.554167
0.245833
0.312500
0.225000
0.416667
0.345833
0.504167
0.233333
0.212500
0.204167
0.662500
0.625000
0.183333
0.483333
0.641667
0.679167
0.562500
0.433333
0.391667
0.116667
0.345833
0.083333
0.458333
0.237500
0.291667
0.208333
0.208333
0.358333
0.883333
0.633333
0.758333
0.225000
0.491667
0.529167
0.241667
0.200000
0.612500
1.000000
0.991667
1.116667
1.166667
0.966667
1.454167
1.766667
1.687500
1.529167
0.891667
0.229167
0.579167
0.487500
0.712500
1.733333
0.433333
0.366667
0.495833
0.458333
0.587500
0.583333
0.579167
0.416667
0.462500
0.562500
0.916667
0.583333
0.391667
1.379167
0.579167
0.587500
0.587500
0.595833
0.600000
0.591667
0.587500
0.591667
0.425000
0.762500
0.262500
0.325000
0.587500
0.587500
0.591667
0.591667
0.583333
0.587500
0.591667
0.600000
0.595833
0.591667
0.591667
0.587500
0.591667
0.583333
0.587500
0.591667
0.566667
0.612500
0.587500
0.587500
0.591667
0.595833
0.591667
0.554167
0.345833
0.875000
0.654167
0.600000
0.320833
0.470833
0.766667
1.045833
0.229167
0.329167
0.304167
0.720833
0.454167
0.591667
0.587500
0.591667
0.587500
0.583333
0.591667
0.591667
0.587500
0.733333
1.595833
0.704167
0.320833
0.491667
0.237500
0.504167
0.225000
0.562500
0.366667
0.337500
0.379167
1.516667
0.820833
1.175000
