0.504167
0.500000
0.495833
0.504167
0.495833
0.500000
0.500000
0.495833
0.500000
0.500000
0.500000
0.500000
0.500000
0.504167
0.500000
0.500000
0.500000
0.500000
0.500000
0.500000
0.500000
0.500000
0.500000
0.500000
0.500000
0.504167
0.500000
0.504167
0.495833
0.500000
0.504167
0.500000
0.500000
0.504167
0.500000
0.504167
0.504167
0.504167
0.500000
0.504167
0.504167
0.504167
0.500000
0.504167
0.500000
0.508333
0.504167
0.504167
0.495833
0.508333
0.500000
0.504167
0.495833
0.508333
0.504167
0.508333
0.500000
0.504167
0.495833
0.508333
0.500000
0.504167
0.504167
0.508333
0.508333
0.500000
0.504167
0.504167
0.504167
0.508333
0.504167
0.504167
0.500000
0.508333
0.504167
0.504167
0.500000
0.508333
0.500000
0.504167
0.500000
0.508333
0.504167
0.504167
0.495833
0.508333
0.504167
0.508333
0.504167
0.504167
0.508333
0.504167
0.504167
0.504167
0.504167
0.504167
0.504167
0.504167
0.500000
0.508333
0.504167
0.504167
0.504167
0.504167
0.504167
0.504167
0.500000
0.504167
0.504167
0.508333
0.504167
0.504167
0.508333
0.504167
0.504167
0.508333
0.500000
0.508333
0.504167
0.504167
0.508333
0.504167
0.537500
0.491667
0.504167
0.508333
0.504167
0.504167
0.508333
0.508333
0.508333
0.504167
0.537500
0.491667
0.500000
0.508333
0.504167
0.508333
0.504167
0.504167
0.508333
0.504167
0.504167
0.512500
0.508333
0.504167
0.508333
0.508333
0.504167
0.508333
0.508333
0.508333
0.504167
0.508333
0.508333
0.508333
0.512500
0.504167
0.508333
0.508333
0.508333
0.508333
0.508333
0.508333
0.504167
0.508333
0.508333
0.508333
0.504167
0.508333
0.512500
0.508333
0.508333
0.508333
0.504167
0.508333
0.508333
0.512500
0.504167
0.512500
0.504167
0.508333
0.508333
0.508333
0.508333
0.508333
0.504167
0.508333
0.508333
0.508333
0.504167
0.512500
0.504167
0.508333
0.508333
0.508333
0.504167
0.512500
0.504167
0.504167
0.508333
0.512500
0.504167
0.508333
0.508333
0.512500
0.508333
0.508333
0.508333
0.504167
0.508333
0.512500
0.504167
0.512500
0.504167
0.512500
0.508333
0.508333
0.508333
0.508333
0.508333
0.512500
0.504167
0.512500
0.512500
0.508333
0.512500
0.508333
0.508333
0.512500
0.504167
0.512500
0.508333
0.512500
0.333333
0.645833
0.508333
0.512500
0.779167
0.508333
0.512500
0.512500
0.512500
0.512500
0.508333
0.512500
0.512500
0.512500
0.508333
0.512500
0.508333
0.512500
0.508333
0.512500
0.508333
0.508333
0.508333
0.512500
0.508333
0.512500
0.508333
0.508333
0.508333
0.512500
0.508333
0.508333
0.512500
0.512500
0.512500
0.508333
0.508333
0.512500
0.508333
0.512500
0.508333
0.508333
0.512500
0.508333
0.512500
0.508333
0.512500
0.508333
0.508333
0.508333
0.512500
0.508333
0.508333
0.512500
0.512500
0.512500
0.508333
0.512500
0.508333
0.508333
0.512500
0.508333
0.512500
0.508333
0.512500
0.508333
0.512500
0.508333
0.512500
0.508333
0.508333
0.512500
0.512500
0.508333
0.508333
0.512500
0.512500
0.512500
0.508333
0.512500
0.512500
0.508333
0.508333
0.512500
0.508333
0.512500
0.508333
0.512500
0.512500
0.512500
0.508333
0.508333
0.508333
0.512500
0.512500
0.508333
0.512500
0.512500
0.508333
0.370833
0.662500
0.504167
0.512500
0.516667
0.512500
0.512500
0.512500
0.537500
0.500000
0.508333
0.512500
0.512500
0.508333
0.516667
0.508333
0.508333
0.516667
0.512500
0.508333
0.512500
0.512500
0.512500
0.512500
0.512500
0.512500
0.512500
0.516667
0.508333
0.545833
0.495833
0.508333
0.520833
0.508333
0.516667
0.508333
0.512500
0.512500
0.516667
0.512500
0.512500
0.512500
0.512500
0.516667
0.512500
0.541667
0.500000
0.508333
0.516667
0.512500
0.508333
0.387500
0.641667
0.504167
0.512500
0.516667
0.508333
0.516667
0.508333
0.516667
0.512500
0.516667
0.512500
0.508333
0.512500
0.516667
0.508333
0.545833
0.495833
0.508333
0.516667
0.508333
0.516667
0.508333
0.512500
0.512500
0.516667
0.512500
0.512500
0.512500
0.512500
0.512500
0.516667
0.512500
0.512500
0.512500
0.508333
0.512500
0.516667
0.508333
0.545833
0.495833
0.516667
0.512500
0.512500
0.512500
0.512500
0.516667
0.512500
0.516667
0.512500
0.516667
0.512500
0.512500
0.516667
0.512500
0.512500
0.512500
0.512500
0.516667
0.512500
0.512500
0.512500
0.508333
0.516667
0.516667
0.512500
0.512500
0.512500
0.508333
0.520833
0.512500
0.516667
0.512500
0.512500
0.508333
0.520833
0.512500
0.512500
0.512500
0.508333
0.516667
0.512500
0.512500
0.512500
0.512500
0.516667
0.516667
0.512500
0.512500
0.512500
0.512500
0.512500
0.512500
0.512500
0.545833
0.495833
0.516667
0.512500
0.516667
0.512500
0.545833
0.500000
0.508333
0.520833
0.512500
0.512500
0.516667
0.512500
0.516667
0.512500
0.512500
0.516667
0.512500
0.516667
0.512500
0.516667
0.512500
0.512500
0.512500
0.512500
0.512500
0.516667
0.512500
0.512500
0.512500
0.512500
0.516667
0.512500
0.512500
0.550000
0.495833
0.512500
0.512500
0.516667
0.516667
0.516667
0.512500
0.516667
0.512500
0.516667
0.512500
0.512500
0.516667
0.512500
0.516667
0.512500
0.508333
0.520833
0.512500
0.516667
0.512500
0.516667
0.512500
0.516667
0.512500
0.516667
0.383333
0.641667
0.504167
0.512500
0.520833
0.512500
0.512500
0.516667
0.516667
0.512500
0.516667
0.512500
0.516667
0.516667
0.516667
0.512500
0.512500
0.516667
0.516667
0.512500
0.516667
0.512500
0.512500
0.516667
0.516667
0.512500
0.516667
0.512500
0.508333
0.516667
0.516667
0.512500
0.512500
0.516667
0.512500
0.520833
0.512500
0.516667
0.512500
0.512500
0.516667
0.512500
0.516667
0.512500
0.516667
0.508333
0.516667
0.516667
0.512500
0.550000
0.500000
0.508333
0.520833
0.512500
0.516667
0.512500
0.512500
0.516667
0.512500
0.516667
0.512500
0.512500
0.516667
0.516667
0.512500
0.550000
0.500000
0.508333
0.520833
0.512500
0.516667
0.512500
0.516667
0.512500
0.520833
0.512500
0.516667
0.512500
0.512500
0.516667
0.516667
0.512500
0.516667
0.512500
0.512500
0.516667
0.512500
0.516667
0.545833
0.500000
0.508333
0.516667
0.516667
0.512500
0.516667
0.512500
0.516667
0.516667
0.516667
0.512500
0.512500
0.516667
0.512500
0.512500
0.516667
0.516667
0.512500
0.516667
0.512500
0.512500
0.512500
0.512500
0.516667
0.375000
0.654167
0.508333
0.512500
0.512500
0.512500
0.516667
0.512500
0.512500
0.508333
0.516667
0.512500
0.512500
0.512500
0.512500
0.512500
0.512500
0.512500
0.512500
0.512500
0.512500
0.516667
0.516667
0.508333
0.516667
0.512500
0.512500
0.512500
0.516667
0.512500
0.512500
0.512500
0.508333
0.512500
0.516667
0.512500
0.512500
0.512500
0.508333
0.512500
0.516667
0.512500
0.512500
0.512500
0.512500
0.516667
0.516667
0.512500
0.512500
0.512500
0.516667
0.512500
0.512500
0.512500
0.508333
0.516667
0.512500
0.512500
0.516667
0.512500
0.508333
0.516667
0.512500
0.512500
0.512500
0.512500
0.508333
0.516667
0.512500
0.512500
0.516667
0.516667
0.508333
0.516667
0.512500
0.516667
0.512500
0.516667
0.512500
0.516667
0.512500
0.516667
0.508333
0.516667
0.516667
0.512500
0.512500
0.512500
0.512500
0.516667
0.512500
0.512500
0.512500
0.512500
0.512500
0.516667
0.508333
0.516667
0.375000
0.645833
0.504167
0.512500
0.512500
0.512500
0.508333
0.516667
0.512500
0.508333
0.516667
0.512500
0.512500
0.512500
0.512500
0.508333
0.512500
1.025000
0.512500
0.508333
0.512500
0.508333
0.512500
0.512500
0.512500
0.512500
0.512500
0.508333
0.508333
0.516667
0.508333
0.512500
0.508333
0.512500
0.512500
0.512500
0.512500
0.512500
0.508333
0.512500
0.512500
0.512500
0.512500
0.512500
0.512500
0.512500
0.512500
0.508333
0.516667
0.512500
0.508333
0.512500
0.512500
0.512500
0.512500
0.508333
0.516667
0.512500
0.512500
0.512500
0.516667
0.508333
0.516667
0.512500
0.508333
0.512500
0.512500
0.512500
0.516667
0.512500
0.512500
0.512500
0.512500
0.516667
0.512500
0.512500
0.512500
0.508333
0.516667
0.508333
0.512500
0.512500
0.508333
0.512500
0.512500
0.512500
0.512500
0.508333
0.508333
0.512500
0.512500
0.512500
0.512500
0.508333
0.512500
0.516667
0.487500
0.533333
0.512500
0.508333
0.512500
0.512500
0.512500
0.512500
0.508333
0.508333
0.512500
0.512500
0.512500
0.508333
0.512500
0.508333
0.516667
0.508333
0.512500
0.512500
0.508333
0.512500
0.512500
0.512500
0.512500
0.508333
0.512500
0.512500
0.512500
0.508333
0.512500
0.512500
0.512500
0.512500
0.512500
0.512500
0.512500
0.508333
0.512500
0.512500
0.512500
0.508333
0.512500
0.512500
0.512500
0.512500
0.508333
0.512500
0.508333
0.512500
0.508333
0.512500
0.508333
0.512500
0.508333
0.512500
0.508333
0.512500
0.508333
0.512500
0.508333
0.512500
0.508333
0.512500
0.508333
0.512500
0.512500
0.504167
0.512500
0.512500
0.508333
0.508333
0.512500
0.512500
0.512500
0.512500
0.508333
0.512500
0.508333
0.512500
0.508333
0.512500
0.512500
0.508333
0.508333
0.512500
0.508333
0.512500
0.508333
0.504167
0.512500
0.508333
0.508333
0.512500
0.512500
0.508333
0.516667
0.508333
0.512500
0.508333
0.508333
0.512500
0.512500
0.512500
0.512500
0.508333
0.512500
0.512500
0.512500
0.512500
0.508333
0.512500
0.512500
0.512500
0.508333
0.512500
0.512500
0.508333
0.516667
0.508333
0.512500
0.508333
0.512500
0.508333
0.512500
0.512500
0.508333
0.512500
0.508333
0.508333
0.512500
0.508333
0.512500
0.512500
0.512500
0.512500
0.512500
0.512500
0.508333
0.508333
0.516667
0.508333
0.512500
0.508333
0.508333
0.512500
0.512500
0.508333
0.512500
0.508333
0.508333
0.512500
0.512500
0.508333
0.512500
0.508333
0.508333
0.508333
0.512500
0.512500
0.508333
0.508333
0.512500
0.516667
0.508333
0.512500
0.512500
0.508333
0.512500
0.512500
0.508333
0.516667
0.512500
0.512500
0.512500
0.516667
0.508333
0.512500
0.508333
0.516667
0.508333
0.512500
0.508333
0.512500
0.512500
0.508333
0.512500
0.504167
0.508333
0.508333
0.512500
0.504167
0.508333
0.508333
0.512500
0.508333
0.508333
0.512500
0.508333
0.508333
0.508333
0.512500
0.512500
0.508333
0.508333
0.508333
0.508333
0.512500
0.508333
0.508333
0.504167
0.512500
0.508333
0.508333
0.500000
0.512500
0.508333
0.508333
0.504167
0.512500
0.508333
0.508333
0.508333
0.504167
0.508333
0.508333
0.508333
0.500000
0.508333
0.508333
0.508333
0.500000
0.508333
0.508333
0.508333
0.504167
0.508333
0.508333
0.508333
0.504167
0.504167
0.508333
0.508333
0.504167
0.508333
0.508333
0.508333
0.504167
0.508333
0.500000
0.508333
0.504167
0.508333
0.504167
0.504167
0.508333
0.504167
0.504167
0.504167
0.508333
0.504167
0.504167
0.504167
0.504167
0.504167
0.500000
0.508333
0.504167
0.508333
0.504167
0.504167
0.508333
0.504167
0.508333
0.500000
0.504167
0.504167
0.504167
0.495833
0.508333
0.500000
0.504167
0.500000
0.504167
0.504167
0.504167
0.500000
0.504167
0.504167
0.504167
0.495833
0.508333
0.500000
0.504167
0.504167
0.504167
0.504167
0.504167
0.500000
0.500000
0.504167
0.504167
0.504167
0.504167
0.500000
0.504167
0.504167
0.504167
0.500000
0.504167
0.504167
0.504167
0.504167
0.500000
0.500000
0.508333
0.504167
0.504167
0.504167
0.500000
0.504167
0.504167
0.504167
0.500000
0.508333
0.504167
0.504167
0.504167
0.500000
0.508333
0.500000
0.508333
0.500000
0.500000
0.504167
0.500000
0.504167
0.504167
0.504167
0.504167
0.504167
0.504167
0.504167
0.504167
0.500000
0.495833
0.504167
0.504167
0.504167
0.495833
0.504167
0.500000
0.495833
0.500000
0.504167
0.500000
0.500000
0.504167
0.495833
0.500000
0.500000
0.500000
0.500000
0.500000
0.500000
0.500000
0.504167
0.495833
0.504167
0.500000
0.500000
0.495833
0.504167
0.495833
0.500000
