0.754167
0.758333
0.604167
0.883333
0.766667
0.762500
0.766667
0.762500
0.762500
0.762500
0.604167
0.887500
0.766667
0.770833
0.766667
0.762500
0.766667
0.762500
0.762500
0.762500
0.762500
0.762500
0.758333
0.762500
0.762500
0.758333
0.762500
0.758333
0.762500
0.616667
0.875000
0.766667
0.766667
0.762500
0.762500
0.762500
0.762500
0.762500
0.758333
0.758333
0.762500
0.758333
0.758333
0.758333
0.758333
0.758333
0.758333
0.758333
0.758333
0.758333
0.758333
0.625000
0.700000
0.908333
0.762500
0.766667
0.766667
0.762500
0.762500
0.762500
0.762500
0.762500
0.758333
0.762500
0.758333
0.762500
0.758333
0.754167
0.762500
0.758333
0.758333
0.754167
0.758333
0.616667
0.870833
0.762500
0.762500
0.758333
0.758333
0.754167
0.754167
0.754167
0.750000
0.745833
0.754167
0.750000
0.750000
0.745833
0.750000
0.750000
0.745833
0.745833
0.745833
0.750000
0.745833
0.741667
0.745833
0.745833
0.745833
0.737500
0.750000
0.741667
0.745833
0.633333
0.833333
0.745833
0.745833
0.733333
0.750000
0.741667
0.737500
0.733333
0.745833
0.737500
0.620833
0.825000
0.750000
0.737500
0.737500
0.733333
0.741667
0.625000
0.825000
0.741667
0.741667
0.737500
0.733333
0.733333
0.737500
0.466667
0.900000
0.762500
0.750000
0.741667
0.666667
0.804167
0.729167
0.741667
0.737500
0.733333
0.725000
0.741667
0.733333
0.733333
0.729167
0.737500
0.733333
0.737500
0.729167
0.737500
0.733333
0.737500
0.729167
0.737500
0.737500
0.733333
0.733333
0.737500
0.737500
0.733333
0.733333
0.737500
0.608333
0.837500
0.741667
0.741667
0.737500
0.737500
0.729167
0.737500
0.733333
0.733333
0.729167
0.733333
0.733333
0.733333
0.729167
0.733333
0.733333
0.733333
0.729167
0.729167
0.737500
0.733333
0.729167
0.729167
0.737500
0.733333
0.733333
0.729167
0.741667
0.733333
0.737500
0.733333
0.737500
0.737500
0.737500
0.733333
0.741667
0.733333
0.737500
0.733333
0.737500
0.604167
0.841667
0.745833
0.741667
0.737500
0.737500
0.733333
0.737500
0.733333
0.733333
0.733333
0.733333
0.733333
0.733333
0.729167
0.733333
0.733333
0.733333
0.729167
0.733333
0.733333
0.733333
0.729167
0.733333
0.733333
0.733333
0.733333
0.733333
0.733333
0.733333
0.733333
0.733333
0.737500
0.733333
0.650000
0.804167
0.741667
0.733333
0.737500
0.737500
0.741667
0.733333
0.737500
0.737500
0.741667
0.733333
0.608333
0.845833
0.745833
0.566667
0.858333
0.758333
0.750000
0.741667
0.745833
0.629167
0.837500
0.741667
0.741667
0.741667
0.745833
0.737500
0.741667
0.737500
0.741667
0.741667
0.737500
0.737500
0.741667
0.741667
0.737500
0.741667
0.741667
0.737500
0.741667
0.737500
0.612500
0.845833
0.745833
0.741667
0.745833
0.741667
0.745833
0.737500
0.745833
0.741667
0.741667
0.616667
0.841667
0.745833
0.745833
0.741667
0.745833
0.745833
0.741667
0.745833
0.741667
0.745833
0.741667
0.745833
0.741667
0.745833
0.745833
0.741667
0.745833
0.745833
0.741667
0.745833
0.741667
0.750000
0.675000
0.804167
0.745833
0.750000
0.745833
0.658333
0.816667
0.745833
0.750000
0.745833
0.750000
0.750000
0.745833
0.745833
0.704167
0.795833
0.750000
0.745833
0.750000
0.750000
0.745833
0.750000
0.750000
0.750000
0.750000
0.745833
0.750000
0.750000
0.750000
0.750000
0.750000
0.754167
0.670833
0.816667
0.750000
0.754167
0.750000
0.754167
0.750000
0.754167
0.625000
0.866667
0.745833
0.758333
0.754167
0.754167
0.754167
0.754167
0.754167
0.754167
0.750000
0.758333
0.750000
0.754167
0.754167
0.754167
0.754167
0.754167
0.754167
0.754167
0.754167
0.754167
0.754167
0.754167
0.754167
0.754167
0.754167
0.758333
0.754167
0.754167
0.754167
0.754167
0.754167
0.754167
0.754167
0.758333
0.754167
0.754167
0.754167
0.754167
0.754167
0.754167
0.754167
0.758333
0.754167
0.754167
0.754167
0.758333
0.637500
0.866667
0.754167
0.758333
0.762500
0.758333
0.758333
0.762500
0.758333
0.758333
0.762500
0.758333
0.762500
0.758333
0.762500
0.758333
0.758333
0.762500
0.762500
0.758333
0.758333
0.758333
0.766667
0.758333
0.758333
0.762500
0.762500
0.629167
0.879167
0.754167
0.770833
0.762500
0.766667
0.762500
0.766667
0.762500
0.762500
0.762500
0.762500
0.762500
0.762500
0.762500
0.762500
0.762500
0.758333
0.762500
0.762500
0.758333
0.762500
0.758333
0.758333
0.604167
0.879167
0.766667
0.766667
0.758333
0.762500
0.754167
0.758333
0.754167
0.754167
0.754167
0.754167
0.600000
0.866667
0.762500
0.754167
0.754167
0.750000
0.745833
0.750000
0.750000
0.745833
0.741667
0.750000
0.741667
0.604167
0.862500
0.750000
0.745833
0.745833
0.741667
0.745833
0.741667
0.741667
0.737500
0.745833
0.737500
0.741667
0.737500
0.741667
0.737500
0.737500
0.737500
0.741667
0.737500
0.737500
0.733333
0.741667
0.737500
0.737500
0.737500
0.741667
0.733333
0.737500
0.737500
0.741667
0.737500
0.737500
0.737500
0.737500
0.741667
0.737500
0.737500
0.741667
0.737500
0.741667
0.737500
0.741667
0.737500
0.741667
0.737500
0.741667
0.741667
0.741667
0.737500
0.741667
0.741667
0.741667
0.737500
0.741667
0.741667
0.741667
0.741667
0.741667
0.745833
0.741667
0.741667
0.741667
0.745833
0.741667
0.745833
0.741667
0.745833
0.745833
0.745833
0.741667
0.745833
0.745833
0.745833
0.745833
0.745833
0.745833
0.745833
0.745833
0.745833
0.745833
0.750000
0.745833
0.745833
0.750000
0.745833
0.750000
0.750000
0.745833
0.750000
0.745833
0.754167
0.745833
0.750000
0.750000
0.750000
0.750000
0.750000
0.750000
0.750000
0.750000
0.750000
0.750000
0.650000
0.841667
0.750000
0.754167
0.754167
0.754167
0.562500
0.887500
0.762500
0.762500
0.758333
0.758333
0.762500
0.754167
0.758333
0.758333
0.754167
0.758333
0.754167
0.754167
0.758333
0.754167
0.758333
0.754167
0.758333
0.754167
0.758333
0.754167
0.762500
0.754167
0.758333
0.758333
0.758333
0.758333
0.758333
0.758333
0.758333
0.758333
0.758333
0.758333
0.758333
0.604167
0.883333
0.766667
0.762500
0.762500
0.758333
0.766667
0.754167
0.766667
0.762500
0.758333
0.758333
0.762500
0.658333
0.850000
0.758333
0.766667
0.758333
0.762500
0.758333
0.762500
0.758333
0.758333
0.758333
0.762500
0.754167
0.758333
0.758333
0.758333
0.754167
0.754167
0.754167
0.758333
0.754167
0.754167
0.754167
0.754167
0.754167
0.754167
0.754167
0.754167
0.750000
0.750000
0.754167
0.754167
0.750000
0.750000
0.750000
0.754167
0.745833
0.750000
0.750000
0.754167
0.608333
0.866667
0.754167
0.754167
0.754167
0.750000
0.754167
0.750000
0.750000
0.750000
0.750000
0.750000
0.750000
0.745833
0.750000
0.750000
0.745833
0.750000
0.745833
0.750000
0.750000
0.745833
0.745833
0.750000
0.750000
0.745833
0.745833
0.750000
0.745833
0.741667
0.750000
0.745833
0.745833
0.745833
0.745833
0.750000
0.741667
0.750000
0.741667
0.750000
0.745833
0.745833
0.745833
0.750000
0.745833
0.745833
0.745833
0.750000
0.745833
0.745833
0.745833
0.745833
0.745833
0.745833
0.741667
0.745833
0.741667
0.741667
0.741667
0.741667
0.741667
0.741667
0.737500
0.741667
0.741667
0.741667
0.737500
0.741667
0.741667
0.737500
0.741667
0.737500
0.737500
0.737500
0.737500
0.737500
0.737500
0.741667
0.737500
0.733333
0.741667
0.737500
0.737500
0.733333
0.745833
0.737500
0.741667
0.733333
0.741667
0.741667
0.737500
0.733333
0.741667
0.737500
0.737500
0.733333
0.737500
0.737500
0.733333
0.729167
0.737500
0.733333
0.733333
0.729167
0.737500
0.733333
0.729167
0.733333
0.733333
0.733333
0.733333
0.729167
0.733333
0.733333
0.733333
0.729167
0.737500
0.733333
0.733333
0.729167
0.733333
0.733333
0.733333
0.733333
0.729167
0.733333
0.733333
0.729167
0.733333
0.733333
0.733333
0.733333
0.729167
0.737500
0.629167
0.833333
0.737500
0.745833
0.737500
0.733333
0.737500
0.737500
0.620833
0.833333
0.741667
0.741667
0.737500
0.733333
0.733333
0.737500
0.737500
0.733333
0.729167
0.737500
0.733333
0.733333
0.729167
0.733333
0.629167
0.820833
0.733333
0.733333
0.733333
