0.595833
0.600000
0.591667
0.595833
0.595833
0.595833
0.595833
0.591667
0.595833
0.600000
0.595833
0.591667
0.595833
0.595833
0.595833
0.591667
0.595833
0.595833
0.595833
0.600000
0.595833
0.595833
0.600000
0.600000
0.600000
0.600000
0.595833
0.600000
0.600000
0.600000
0.595833
0.595833
0.600000
0.595833
0.600000
0.600000
0.595833
0.600000
0.600000
0.604167
0.595833
0.595833
0.604167
0.595833
0.600000
0.591667
0.595833
0.595833
0.591667
0.591667
0.591667
0.633333
0.562500
0.583333
0.558333
0.479167
0.245833
0.237500
0.241667
0.304167
0.304167
0.354167
0.833333
0.595833
0.595833
0.595833
0.595833
0.600000
0.600000
0.595833
0.595833
0.600000
0.600000
0.595833
0.600000
0.600000
0.600000
0.600000
0.595833
0.595833
0.595833
0.600000
0.254167
0.333333
0.595833
0.595833
0.591667
0.595833
0.595833
0.595833
0.595833
0.595833
0.595833
0.600000
0.595833
0.595833
0.591667
0.595833
0.600000
0.591667
0.591667
0.595833
0.591667
0.595833
0.587500
0.595833
0.591667
0.591667
0.591667
0.591667
0.591667
0.591667
0.591667
0.591667
0.587500
0.595833
0.595833
0.587500
0.595833
0.595833
0.591667
0.591667
0.591667
0.595833
0.591667
0.591667
0.591667
0.595833
0.595833
0.595833
0.587500
0.595833
0.595833
0.595833
0.600000
0.591667
0.595833
0.595833
0.595833
0.591667
0.595833
0.591667
0.591667
0.591667
0.595833
0.591667
0.595833
0.591667
0.591667
0.595833
0.591667
0.587500
0.595833
0.591667
0.595833
0.587500
0.587500
0.591667
0.591667
0.587500
0.591667
0.591667
0.591667
0.791667
0.387500
0.587500
0.591667
0.591667
0.591667
0.587500
0.595833
0.587500
0.591667
0.587500
0.595833
0.483333
0.404167
0.295833
0.587500
0.591667
0.591667
0.591667
0.591667
0.587500
0.591667
0.591667
0.587500
0.587500
0.587500
0.591667
0.587500
0.595833
0.587500
0.591667
0.595833
0.591667
0.595833
0.591667
0.600000
0.595833
0.725000
0.466667
0.595833
0.595833
0.595833
0.591667
0.591667
0.587500
0.595833
0.591667
0.591667
0.591667
0.591667
0.583333
0.591667
0.591667
0.583333
0.591667
0.587500
0.587500
0.583333
0.587500
0.587500
0.583333
0.583333
0.587500
0.587500
0.587500
0.583333
0.591667
0.591667
0.587500
0.587500
0.591667
0.591667
0.587500
0.587500
0.591667
0.583333
0.587500
0.587500
0.587500
0.587500
0.591667
0.587500
0.591667
0.587500
0.591667
0.587500
0.462500
0.387500
0.320833
0.587500
0.591667
0.587500
0.587500
0.587500
0.587500
0.587500
0.579167
0.587500
0.587500
0.700000
0.470833
0.779167
0.487500
0.375000
0.704167
0.583333
0.579167
0.587500
0.583333
0.587500
0.583333
0.583333
0.587500
0.587500
0.533333
0.641667
0.591667
0.591667
0.583333
0.591667
0.762500
0.325000
0.675000
0.600000
0.583333
0.591667
0.591667
0.591667
0.587500
0.583333
0.591667
0.591667
0.587500
0.591667
0.591667
0.587500
0.591667
0.587500
0.583333
0.587500
0.591667
0.583333
0.583333
0.487500
0.687500
0.583333
0.583333
0.587500
0.583333
0.587500
0.583333
0.583333
0.587500
0.583333
0.583333
0.583333
0.583333
0.587500
0.583333
0.583333
0.583333
0.583333
0.583333
0.583333
0.579167
0.583333
0.583333
0.583333
0.587500
0.583333
0.583333
0.583333
0.591667
0.583333
0.591667
0.587500
0.587500
0.583333
0.587500
0.587500
0.591667
0.583333
0.583333
0.587500
0.587500
0.583333
0.587500
0.587500
0.583333
0.587500
0.587500
0.583333
0.587500
0.587500
0.583333
0.583333
0.587500
0.587500
0.587500
0.583333
0.583333
0.587500
0.587500
0.583333
0.583333
0.583333
0.587500
0.587500
0.583333
0.583333
0.587500
0.583333
0.587500
0.583333
0.587500
0.583333
0.587500
0.587500
0.583333
0.587500
0.579167
0.579167
0.583333
0.583333
0.583333
0.583333
0.587500
0.595833
0.583333
0.587500
0.579167
0.575000
0.604167
0.595833
0.587500
0.600000
0.591667
0.587500
0.583333
0.587500
0.591667
0.575000
0.591667
0.591667
0.583333
0.595833
0.587500
0.587500
0.587500
0.595833
0.591667
0.587500
0.587500
0.583333
0.591667
0.591667
0.587500
0.583333
0.575000
0.600000
0.587500
0.583333
0.587500
0.583333
0.587500
0.595833
0.587500
0.583333
0.587500
0.583333
0.591667
0.583333
0.587500
0.587500
0.583333
0.583333
0.587500
0.583333
0.583333
0.583333
0.583333
0.583333
0.583333
0.579167
0.583333
0.579167
0.583333
0.579167
0.583333
0.587500
0.575000
0.583333
0.583333
0.583333
0.583333
0.579167
0.587500
0.583333
0.783333
0.383333
0.579167
0.583333
0.579167
0.541667
0.625000
0.579167
0.579167
0.579167
0.579167
0.583333
0.583333
0.583333
0.583333
0.583333
0.583333
0.583333
0.583333
0.583333
0.583333
0.583333
0.583333
0.583333
0.583333
0.583333
0.583333
0.587500
0.583333
0.587500
0.587500
0.587500
0.579167
0.600000
0.587500
0.587500
0.579167
0.595833
0.591667
0.587500
0.583333
0.587500
0.591667
0.591667
0.587500
0.587500
0.587500
0.591667
0.591667
0.591667
0.587500
0.587500
0.587500
0.587500
0.587500
0.587500
0.583333
0.591667
0.583333
0.275000
0.308333
0.587500
0.587500
0.587500
0.587500
0.579167
0.587500
0.583333
0.583333
0.587500
0.583333
0.587500
0.587500
0.579167
0.587500
0.583333
0.583333
0.583333
0.583333
0.575000
0.587500
0.579167
0.579167
0.575000
0.566667
0.591667
0.575000
0.579167
0.570833
0.579167
0.579167
0.575000
0.579167
0.579167
0.575000
0.579167
0.575000
0.579167
0.575000
0.575000
0.566667
0.583333
0.575000
0.575000
0.575000
0.570833
0.570833
0.575000
0.570833
0.583333
0.583333
0.575000
0.579167
0.575000
0.579167
0.566667
0.587500
0.579167
0.575000
0.575000
0.579167
0.579167
0.579167
0.575000
0.579167
0.579167
0.575000
0.579167
0.575000
0.579167
0.579167
0.579167
0.579167
0.575000
0.579167
0.579167
0.579167
0.579167
0.579167
0.579167
0.575000
0.587500
0.570833
0.575000
0.587500
0.516667
0.629167
0.583333
0.570833
0.579167
0.583333
0.575000
0.570833
0.591667
0.579167
0.583333
0.570833
0.595833
0.583333
0.583333
0.583333
0.604167
0.591667
0.641667
0.520833
0.583333
0.587500
0.737500
0.425000
0.583333
0.579167
0.587500
0.579167
0.579167
0.583333
0.583333
0.491667
0.654167
0.279167
0.300000
0.579167
0.591667
0.587500
0.575000
0.583333
0.575000
0.583333
0.583333
0.583333
0.579167
0.579167
0.579167
0.579167
0.579167
0.575000
0.570833
0.579167
0.554167
0.791667
0.600000
0.350000
0.583333
0.562500
0.370833
0.212500
0.566667
0.579167
0.575000
0.575000
0.575000
0.570833
0.562500
0.583333
0.575000
0.579167
0.570833
0.570833
0.570833
0.579167
0.570833
0.570833
0.570833
0.575000
0.566667
0.575000
0.570833
0.566667
0.575000
0.575000
0.570833
0.575000
0.579167
0.579167
0.575000
0.583333
0.583333
0.587500
0.579167
0.583333
0.583333
0.583333
0.579167
0.583333
0.579167
0.579167
0.579167
0.575000
0.583333
0.575000
0.575000
0.579167
0.579167
0.579167
0.570833
0.579167
0.579167
0.575000
0.575000
0.579167
0.587500
0.575000
0.916667
0.391667
0.858333
0.591667
0.729167
0.579167
0.583333
0.579167
1.162500
0.575000
0.487500
0.641667
0.587500
0.583333
0.587500
0.583333
0.587500
0.583333
0.570833
0.600000
0.587500
0.579167
0.591667
0.587500
0.587500
0.583333
0.591667
0.512500
0.662500
0.545833
0.629167
0.591667
0.595833
0.579167
0.591667
0.587500
0.587500
0.583333
0.587500
0.583333
0.583333
0.587500
0.579167
0.587500
0.579167
0.579167
0.587500
0.583333
0.583333
0.583333
0.583333
0.583333
0.583333
0.579167
0.575000
0.591667
0.583333
0.583333
0.579167
0.516667
0.666667
0.587500
0.579167
0.583333
0.583333
0.579167
0.575000
0.579167
0.583333
0.579167
0.579167
0.575000
0.583333
0.579167
0.579167
0.579167
0.583333
0.583333
0.258333
0.325000
0.583333
0.425000
0.387500
0.625000
0.300000
0.583333
0.329167
0.270833
0.558333
0.583333
0.583333
0.579167
0.583333
0.583333
0.583333
0.583333
0.583333
0.583333
0.587500
0.579167
0.583333
0.583333
0.587500
0.583333
0.583333
0.587500
0.583333
0.587500
0.583333
0.587500
0.583333
0.587500
0.579167
0.600000
0.591667
0.587500
0.591667
0.583333
0.587500
0.587500
0.579167
0.579167
0.600000
0.583333
0.587500
0.583333
0.579167
0.587500
0.583333
0.583333
0.583333
0.583333
0.575000
0.579167
0.591667
0.470833
0.695833
0.583333
0.579167
0.570833
0.595833
0.587500
0.579167
0.583333
0.583333
0.587500
0.579167
0.583333
0.579167
0.579167
0.579167
0.570833
0.570833
0.570833
0.595833
0.591667
0.579167
0.575000
0.591667
0.579167
0.579167
0.575000
0.587500
0.583333
0.579167
0.562500
0.591667
0.579167
0.583333
0.579167
0.579167
0.579167
0.579167
0.579167
0.579167
0.575000
0.583333
0.579167
0.575000
0.575000
0.575000
0.583333
0.575000
0.575000
0.579167
0.579167
0.583333
0.579167
0.575000
0.600000
0.583333
0.579167
0.583333
0.583333
0.583333
0.579167
0.583333
0.587500
0.583333
0.575000
0.575000
0.600000
0.583333
0.583333
0.579167
0.583333
0.579167
0.575000
0.566667
0.604167
0.583333
0.579167
0.583333
0.579167
0.583333
0.583333
0.579167
0.579167
0.587500
0.587500
0.570833
0.595833
0.583333
0.587500
0.583333
0.583333
0.583333
0.583333
0.579167
0.583333
0.575000
0.237500
0.329167
0.720833
0.466667
0.583333
0.270833
0.316667
0.537500
0.375000
0.250000
0.366667
0.541667
0.837500
0.583333
0.583333
0.583333
0.583333
0.591667
0.587500
0.595833
0.587500
0.591667
0.595833
0.595833
0.587500
0.587500
0.587500
0.591667
0.587500
0.591667
0.587500
0.587500
0.583333
0.579167
0.587500
0.604167
0.591667
0.516667
0.654167
0.587500
0.591667
0.587500
0.600000
0.587500
0.587500
0.591667
0.587500
0.583333
0.587500
0.587500
0.591667
0.600000
0.591667
0.591667
0.591667
0.591667
0.595833
0.591667
0.583333
0.620833
0.595833
0.591667
0.591667
0.591667
0.595833
0.595833
0.595833
0.595833
0.591667
0.595833
0.591667
0.595833
0.600000
0.579167
0.587500
0.616667
0.595833
0.595833
0.591667
0.591667
0.595833
0.591667
0.595833
0.587500
0.595833
0.595833
0.591667
0.591667
0.587500
0.591667
0.591667
0.587500
0.583333
0.587500
0.587500
0.583333
0.587500
0.583333
0.583333
0.587500
0.587500
0.583333
0.583333
0.504167
0.654167
0.591667
0.583333
0.587500
0.583333
0.591667
0.591667
0.591667
0.587500
0.591667
0.591667
0.587500
0.587500
0.587500
0.591667
0.591667
0.591667
0.591667
0.591667
0.595833
0.591667
