0.200000
0.375000
0.183333
0.275000
0.229167
0.441667
0.566667
0.562500
0.729167
0.404167
0.570833
0.562500
0.570833
0.562500
0.566667
0.562500
0.545833
0.591667
0.562500
0.562500
0.566667
0.462500
0.225000
0.316667
0.320833
0.925000
0.612500
0.429167
0.212500
0.295833
0.295833
0.387500
0.570833
0.458333
0.641667
0.495833
0.437500
0.791667
1.129167
0.558333
0.537500
0.583333
0.566667
0.562500
0.562500
0.562500
0.750000
2.300000
1.529167
1.050000
0.558333
0.400000
0.716667
0.554167
0.570833
0.554167
0.562500
0.562500
0.554167
0.562500
0.554167
0.550000
0.583333
0.562500
0.566667
0.570833
0.525000
0.608333
0.570833
0.412500
0.291667
0.633333
0.933333
0.570833
0.350000
0.779167
0.366667
1.008333
0.354167
0.566667
0.479167
0.629167
0.600000
0.450000
0.679167
0.566667
0.566667
0.300000
0.812500
0.704167
0.633333
0.379167
0.562500
0.562500
0.458333
0.437500
0.225000
0.604167
0.700000
0.395833
0.550000
0.566667
0.270833
0.516667
0.316667
0.358333
0.783333
0.691667
0.404167
0.583333
0.562500
0.562500
0.662500
0.250000
0.308333
0.258333
0.766667
0.554167
0.562500
0.537500
0.554167
0.654167
0.508333
0.562500
0.562500
0.562500
0.566667
0.562500
0.383333
0.741667
0.920833
0.220833
0.333333
0.687500
0.666667
0.566667
0.537500
0.600000
0.533333
0.600000
0.445833
0.687500
0.545833
0.587500
0.420833
0.379167
0.350000
0.275000
0.954167
0.375000
0.341667
1.108333
0.645833
0.220833
0.387500
0.262500
0.741667
0.479167
0.304167
0.816667
1.150000
0.579167
0.570833
0.566667
0.554167
0.591667
0.583333
0.566667
0.575000
0.570833
0.562500
0.566667
0.566667
0.570833
0.558333
0.554167
0.587500
0.570833
0.566667
0.566667
0.558333
0.583333
0.562500
0.570833
0.570833
0.566667
0.558333
0.550000
0.600000
0.575000
0.566667
0.570833
0.575000
0.570833
0.570833
0.570833
0.579167
0.579167
0.558333
0.562500
0.608333
0.575000
0.575000
0.579167
0.575000
0.579167
0.575000
0.575000
0.575000
0.570833
0.575000
0.525000
0.583333
0.595833
0.583333
0.575000
0.570833
0.570833
0.566667
0.570833
0.575000
0.570833
0.566667
0.575000
0.550000
0.587500
0.570833
0.587500
0.562500
0.583333
0.570833
0.579167
0.570833
0.575000
0.566667
0.558333
0.591667
0.575000
0.570833
0.575000
0.570833
0.570833
0.270833
0.508333
1.100000
1.291667
0.545833
0.337500
0.183333
0.908333
0.566667
0.575000
0.570833
0.566667
0.570833
0.562500
0.291667
0.283333
0.562500
0.554167
0.591667
0.583333
0.570833
0.575000
0.570833
0.566667
0.570833
0.566667
0.570833
0.529167
0.579167
0.595833
0.575000
0.566667
0.570833
0.575000
0.575000
0.570833
0.570833
0.570833
0.550000
0.583333
0.595833
0.579167
0.575000
0.579167
0.570833
0.575000
0.566667
0.550000
0.600000
0.583333
0.579167
0.575000
0.575000
0.275000
0.279167
0.483333
0.658333
0.441667
0.287500
0.387500
0.595833
0.600000
0.408333
0.683333
0.641667
0.729167
0.279167
0.595833
0.695833
0.566667
0.554167
0.600000
0.583333
0.575000
0.570833
0.758333
0.670833
0.283333
0.550000
0.616667
0.570833
0.570833
0.562500
0.554167
0.595833
0.479167
0.650000
0.570833
0.566667
0.566667
0.570833
0.566667
0.570833
0.570833
0.566667
0.562500
0.550000
0.591667
0.566667
0.570833
0.566667
0.566667
0.566667
0.566667
0.570833
0.566667
0.566667
0.570833
0.550000
0.587500
0.566667
0.570833
0.570833
0.566667
0.566667
0.566667
0.575000
0.558333
0.545833
0.587500
0.587500
0.433333
0.204167
0.495833
0.895833
0.525000
0.283333
0.570833
0.541667
0.566667
0.587500
0.587500
0.562500
0.570833
0.566667
0.429167
0.708333
0.566667
0.566667
0.550000
0.583333
0.566667
0.733333
0.383333
0.587500
0.566667
0.566667
0.566667
0.566667
0.550000
0.579167
0.566667
0.566667
0.566667
0.566667
0.562500
0.570833
0.566667
0.566667
0.566667
0.562500
0.545833
0.595833
0.575000
0.570833
0.570833
0.570833
0.570833
0.566667
0.575000
0.570833
0.570833
0.558333
0.554167
0.587500
0.566667
0.570833
0.570833
0.570833
0.562500
1.216667
0.070833
0.270833
0.962500
0.220833
0.283333
0.945833
1.141667
0.566667
0.666667
0.462500
0.566667
0.566667
0.566667
0.562500
0.570833
0.558333
0.575000
0.558333
0.558333
0.554167
0.595833
0.558333
0.583333
0.541667
0.595833
0.554167
0.583333
0.562500
0.570833
0.570833
0.545833
0.587500
0.566667
0.570833
0.570833
0.404167
0.979167
0.700000
1.558333
0.587500
0.450000
0.425000
0.425000
0.687500
0.379167
0.358333
0.279167
0.725000
0.704167
0.991667
0.883333
1.362500
0.558333
0.579167
0.566667
0.566667
0.562500
0.562500
0.566667
0.562500
0.558333
0.566667
0.541667
0.262500
0.320833
0.570833
2.908333
0.458333
0.570833
0.233333
0.175000
0.612500
0.583333
0.616667
0.583333
0.554167
0.583333
1.616667
0.629167
0.562500
0.558333
0.620833
0.483333
0.575000
0.487500
0.370833
0.266667
0.537500
0.579167
0.562500
0.558333
0.291667
0.266667
0.562500
0.558333
0.558333
0.545833
0.545833
0.579167
0.566667
0.558333
0.554167
0.566667
0.545833
0.575000
0.533333
0.587500
0.487500
0.604167
0.554167
0.591667
0.554167
0.558333
0.562500
0.562500
0.562500
0.533333
0.337500
0.295833
0.287500
0.391667
0.683333
0.579167
0.962500
0.495833
0.375000
0.450000
0.550000
0.591667
0.570833
0.566667
0.550000
0.575000
0.525000
0.608333
0.562500
0.566667
0.391667
0.433333
0.258333
0.595833
0.554167
0.579167
0.262500
0.304167
0.270833
0.287500
0.566667
0.558333
0.262500
0.300000
0.570833
0.741667
0.454167
0.487500
0.562500
0.537500
0.408333
0.433333
0.220833
0.637500
0.591667
0.575000
0.570833
0.566667
0.241667
0.320833
0.575000
0.570833
0.570833
0.570833
0.558333
0.545833
0.595833
0.570833
0.329167
0.220833
0.591667
0.550000
0.250000
0.916667
2.720833
0.554167
0.775000
0.620833
0.600000
0.429167
0.675000
1.025000
0.437500
0.833333
0.475000
0.275000
0.966667
0.925000
0.441667
1.370833
0.429167
0.691667
0.570833
0.279167
0.558333
0.562500
0.600000
1.258333
1.150000
0.254167
0.220833
0.741667
0.354167
0.529167
0.245833
0.225000
0.216667
0.420833
0.208333
0.512500
0.270833
0.216667
0.366667
0.445833
0.429167
0.345833
0.754167
0.512500
0.404167
2.104167
0.291667
0.983333
0.208333
0.275000
0.950000
1.145833
1.129167
1.687500
0.937500
0.429167
0.516667
0.258333
0.662500
0.770833
0.470833
1.004167
0.570833
0.558333
0.558333
0.562500
1.116667
0.562500
0.562500
0.558333
0.545833
0.575000
0.562500
0.562500
0.562500
0.562500
0.562500
1.595833
0.170833
0.479167
1.050000
0.445833
0.808333
0.908333
0.437500
0.370833
1.133333
1.129167
1.470833
0.225000
1.675000
1.125000
1.812500
0.441667
0.566667
0.558333
0.225000
0.908333
0.266667
0.850000
0.566667
0.562500
0.545833
0.583333
0.566667
0.562500
0.558333
0.566667
0.562500
0.558333
0.450000
0.670833
0.550000
0.533333
0.575000
0.575000
0.558333
0.554167
0.558333
0.554167
0.562500
0.541667
0.575000
0.566667
0.558333
0.225000
0.333333
0.558333
0.662500
0.454167
0.558333
0.545833
0.537500
0.587500
0.566667
0.558333
0.562500
0.562500
0.562500
0.558333
0.562500
0.562500
0.558333
0.558333
0.558333
0.545833
0.545833
0.583333
0.562500
0.562500
0.558333
0.554167
0.562500
0.562500
0.558333
0.562500
0.558333
0.562500
0.562500
0.554167
0.558333
0.566667
0.550000
0.550000
0.583333
0.562500
0.558333
0.566667
0.562500
0.558333
0.566667
0.558333
0.666667
0.208333
0.254167
0.562500
0.566667
0.633333
0.437500
0.608333
0.562500
0.562500
0.562500
0.562500
0.566667
0.558333
0.562500
0.566667
0.566667
0.258333
0.287500
0.541667
0.583333
0.562500
0.562500
0.562500
0.562500
0.566667
0.558333
0.562500
0.562500
0.562500
0.558333
0.554167
0.545833
0.583333
0.570833
0.566667
0.570833
0.562500
0.570833
0.566667
0.566667
0.562500
0.570833
0.545833
0.583333
0.570833
0.566667
0.562500
0.566667
0.566667
0.562500
0.562500
0.566667
0.558333
0.545833
0.587500
0.570833
0.566667
0.562500
0.566667
0.570833
0.566667
0.566667
0.570833
0.570833
0.562500
0.570833
0.570833
0.570833
0.562500
0.562500
0.554167
0.591667
0.570833
0.570833
0.566667
0.566667
0.283333
0.416667
0.241667
0.279167
3.333333
1.104167
0.583333
0.579167
0.408333
0.720833
0.566667
0.562500
0.566667
0.620833
0.283333
0.341667
0.620833
0.279167
0.670833
0.562500
0.558333
0.566667
0.558333
0.562500
0.562500
0.562500
0.558333
0.558333
0.550000
0.545833
0.587500
0.562500
0.562500
0.562500
0.558333
0.562500
0.562500
0.562500
0.558333
0.562500
0.554167
0.558333
0.550000
0.550000
0.579167
0.558333
0.558333
0.558333
0.658333
0.333333
0.687500
0.562500
0.554167
0.566667
0.283333
0.279167
0.266667
0.270833
0.975000
0.350000
0.241667
0.691667
0.750000
0.237500
0.195833
0.425000
0.237500
0.966667
1.112500
0.683333
1.008333
0.558333
0.570833
0.562500
0.562500
0.566667
0.558333
0.566667
0.562500
0.562500
0.541667
0.583333
0.566667
0.562500
0.533333
0.591667
0.366667
0.262500
0.412500
0.654167
0.337500
0.225000
0.562500
0.554167
0.550000
0.591667
0.562500
0.566667
0.570833
0.566667
0.270833
0.300000
0.570833
0.570833
0.575000
0.570833
0.579167
0.575000
0.558333
0.587500
0.566667
0.583333
0.587500
0.579167
0.570833
0.754167
0.495833
0.900000
0.420833
0.304167
0.525000
0.258333
0.366667
0.483333
0.458333
0.241667
0.604167
0.408333
0.258333
0.387500
0.266667
0.375000
0.275000
0.504167
0.208333
0.520833
0.650000
0.562500
0.358333
0.504167
0.879167
0.295833
0.375000
0.220833
0.591667
0.791667
0.362500
0.291667
0.554167
0.241667
0.325000
0.520833
0.270833
0.354167
0.458333
0.687500
0.616667
0.275000
0.225000
0.620833
0.516667
0.925000
0.212500
0.558333
0.133333
0.279167
0.245833
0.433333
0.354167
0.845833
0.545833
0.587500
1.133333
0.945833
0.762500
0.566667
0.391667
0.754167
0.550000
0.258333
0.904167
0.566667
0.370833
0.195833
0.570833
0.566667
0.566667
0.729167
0.520833
0.270833
0.458333
0.741667
0.679167
0.545833
0.587500
0.375000
0.695833
0.625000
0.575000
0.554167
0.583333
0.562500
0.566667
0.487500
0.629167
0.404167
0.420833
0.358333
0.525000
0.566667
0.566667
0.562500
0.562500
0.566667
0.566667
0.562500
0.570833
0.562500
0.545833
0.583333
0.566667
0.687500
0.450000
0.795833
0.354167
0.295833
0.325000
0.412500
0.637500
0.604167
0.291667
0.804167
0.654167
0.491667
0.575000
0.566667
0.566667
0.566667
0.537500
0.591667
0.558333
0.566667
0.554167
0.566667
0.566667
0.558333
0.520833
0.595833
0.541667
0.579167
0.500000
0.612500
