0.625000
0.620833
0.616667
0.620833
0.608333
0.620833
0.625000
0.616667
0.620833
0.616667
0.612500
0.625000
0.625000
0.620833
0.625000
0.612500
0.629167
0.620833
0.620833
0.620833
0.612500
0.629167
0.620833
0.616667
0.625000
0.616667
0.620833
0.620833
0.616667
0.620833
0.616667
0.620833
0.620833
0.620833
0.616667
0.616667
0.612500
0.625000
0.620833
0.620833
0.620833
0.612500
0.625000
0.620833
0.625000
0.620833
0.612500
0.629167
0.620833
0.625000
0.625000
0.612500
0.625000
0.625000
0.625000
0.620833
0.620833
0.616667
0.625000
0.625000
0.620833
0.620833
0.612500
0.625000
0.625000
0.620833
0.620833
0.608333
0.629167
0.620833
0.620833
0.616667
0.612500
0.620833
0.620833
0.620833
0.616667
0.612500
0.625000
0.625000
0.620833
0.620833
0.616667
0.625000
0.625000
0.620833
0.625000
0.612500
0.629167
0.629167
0.620833
0.625000
0.616667
0.625000
0.625000
0.620833
0.620833
0.608333
0.629167
0.620833
0.616667
0.616667
0.612500
0.620833
0.616667
0.616667
0.616667
0.608333
0.620833
0.620833
0.620833
0.616667
0.608333
0.625000
0.620833
0.620833
0.625000
0.612500
0.625000
0.620833
0.625000
0.620833
0.612500
0.625000
0.625000
0.620833
0.625000
0.612500
0.625000
0.620833
0.620833
0.620833
0.620833
0.616667
0.629167
0.620833
0.620833
0.616667
0.612500
0.620833
0.395833
0.841667
0.625000
0.608333
0.620833
0.616667
0.612500
0.612500
0.604167
0.620833
0.612500
0.616667
0.612500
0.604167
0.620833
0.612500
0.616667
0.612500
0.608333
0.620833
0.616667
0.616667
0.612500
0.612500
0.616667
0.620833
0.616667
0.620833
0.608333
0.616667
0.616667
0.616667
0.612500
0.612500
0.608333
0.620833
0.612500
0.612500
0.608333
0.608333
0.616667
0.612500
0.612500
0.608333
0.608333
0.612500
0.612500
0.612500
0.608333
0.608333
0.612500
0.612500
0.612500
0.383333
0.837500
0.620833
0.616667
0.612500
0.612500
0.608333
0.620833
0.616667
0.616667
0.612500
0.604167
0.616667
0.612500
0.612500
0.608333
0.604167
0.620833
0.612500
0.612500
0.612500
0.845833
0.383333
0.612500
0.354167
0.029167
0.841667
0.541667
0.066667
0.400000
0.837500
0.504167
0.391667
0.333333
0.608333
0.616667
0.616667
0.616667
0.612500
0.608333
0.612500
0.616667
0.612500
0.612500
0.608333
0.604167
0.616667
0.612500
0.612500
0.612500
0.612500
0.612500
0.616667
0.616667
0.616667
0.612500
0.608333
0.625000
0.616667
0.616667
0.616667
0.608333
0.616667
0.620833
0.612500
0.616667
0.612500
0.616667
0.620833
0.620833
0.616667
0.620833
0.612500
0.620833
0.620833
0.616667
0.620833
0.608333
0.620833
0.616667
0.612500
0.616667
0.608333
0.620833
0.616667
0.616667
0.620833
0.612500
0.620833
0.616667
0.616667
0.616667
0.612500
0.612500
0.616667
0.612500
0.616667
0.616667
0.400000
0.820833
0.620833
0.612500
0.612500
0.608333
0.616667
0.616667
0.616667
0.612500
0.608333
0.616667
0.616667
0.616667
0.616667
0.608333
0.612500
0.620833
0.616667
0.616667
0.616667
0.608333
0.616667
0.616667
0.616667
0.616667
0.604167
0.625000
0.616667
0.616667
0.612500
0.612500
0.620833
0.616667
0.616667
0.616667
0.612500
0.616667
0.620833
0.616667
0.616667
0.612500
0.612500
0.620833
0.612500
0.616667
0.608333
0.612500
0.616667
0.616667
0.612500
0.612500
0.604167
0.620833
0.616667
0.612500
0.616667
0.608333
0.620833
0.620833
0.616667
0.620833
0.608333
0.625000
0.620833
0.616667
0.620833
0.612500
0.616667
0.620833
0.616667
0.620833
0.616667
0.616667
0.620833
0.616667
0.616667
0.608333
0.620833
0.616667
0.616667
0.620833
0.620833
0.608333
0.620833
0.616667
0.616667
0.616667
0.612500
0.620833
0.620833
0.616667
0.620833
0.612500
0.625000
0.620833
0.620833
0.616667
0.616667
0.625000
0.625000
0.620833
0.620833
0.608333
0.629167
0.616667
0.625000
0.620833
0.616667
0.625000
0.620833
0.620833
0.625000
0.612500
0.620833
0.625000
0.620833
0.620833
0.616667
0.612500
0.625000
0.620833
0.616667
0.620833
0.612500
0.625000
0.620833
0.620833
0.616667
0.612500
0.620833
0.620833
0.616667
0.612500
0.612500
0.616667
0.616667
0.616667
0.620833
0.608333
0.625000
0.620833
0.620833
0.625000
0.616667
0.620833
0.625000
0.620833
0.625000
0.616667
0.625000
0.629167
0.625000
0.625000
0.625000
0.620833
0.625000
0.625000
0.625000
0.625000
0.616667
0.620833
0.625000
0.620833
0.387500
0.854167
0.629167
0.620833
0.620833
0.620833
0.616667
0.616667
0.620833
0.620833
0.620833
0.612500
0.616667
0.625000
0.620833
0.616667
0.616667
0.612500
0.625000
0.625000
0.620833
0.620833
0.612500
0.629167
0.625000
0.625000
0.625000
0.616667
0.625000
0.620833
0.625000
0.620833
0.612500
0.620833
0.625000
0.625000
0.620833
0.620833
0.612500
0.629167
0.620833
0.620833
0.616667
0.612500
0.625000
0.616667
0.620833
0.616667
0.616667
0.612500
0.620833
0.620833
0.616667
0.616667
0.612500
0.620833
0.620833
0.620833
0.620833
0.612500
0.629167
0.625000
0.625000
0.625000
0.620833
0.629167
0.629167
0.629167
0.629167
0.625000
0.625000
0.629167
0.629167
0.633333
0.625000
0.629167
0.633333
0.629167
0.629167
0.625000
0.629167
0.629167
0.629167
0.625000
0.629167
0.616667
0.629167
0.620833
0.625000
0.620833
0.616667
0.625000
0.625000
0.620833
0.625000
0.616667
0.629167
0.625000
0.625000
0.625000
0.616667
0.629167
0.629167
0.629167
0.625000
0.625000
0.625000
0.633333
0.629167
0.629167
0.620833
0.629167
0.629167
0.629167
0.629167
0.620833
0.625000
0.625000
0.625000
0.620833
0.616667
0.620833
0.625000
0.620833
0.620833
0.616667
0.620833
0.625000
0.625000
0.625000
0.620833
0.620833
0.629167
0.625000
0.625000
0.625000
0.616667
0.629167
0.625000
0.625000
0.625000
0.616667
0.633333
0.625000
0.629167
0.629167
0.620833
0.629167
0.633333
0.625000
0.625000
0.625000
0.620833
0.633333
0.629167
0.625000
0.629167
0.616667
0.633333
0.629167
0.625000
0.629167
0.616667
0.629167
0.629167
0.629167
0.625000
0.616667
0.633333
0.625000
0.625000
0.625000
0.625000
0.629167
0.625000
0.625000
0.625000
0.616667
0.625000
0.625000
0.620833
0.625000
0.616667
0.629167
0.625000
0.625000
0.625000
0.616667
0.629167
0.629167
0.629167
0.629167
0.620833
0.629167
0.629167
0.625000
0.625000
0.616667
0.629167
0.625000
0.625000
0.620833
0.616667
0.625000
0.625000
0.625000
0.625000
0.612500
0.625000
0.625000
0.620833
0.625000
0.612500
0.629167
0.625000
0.625000
0.625000
0.616667
0.625000
0.625000
0.625000
0.625000
0.616667
0.629167
0.629167
0.625000
0.625000
0.616667
0.633333
0.629167
0.625000
0.629167
0.620833
0.633333
0.637500
0.633333
0.629167
0.629167
0.629167
0.633333
0.629167
0.633333
0.625000
0.625000
0.629167
0.625000
0.625000
0.625000
0.616667
0.629167
0.625000
0.620833
0.625000
0.608333
0.629167
0.625000
0.625000
0.629167
0.616667
0.633333
0.629167
0.633333
0.629167
0.625000
0.633333
0.629167
0.629167
0.629167
0.625000
0.620833
0.629167
0.625000
0.625000
0.625000
0.616667
0.633333
0.625000
0.625000
0.625000
0.612500
0.629167
0.625000
0.625000
0.629167
0.620833
0.629167
0.629167
0.625000
0.629167
0.620833
0.633333
0.629167
0.629167
0.633333
0.620833
0.637500
0.637500
0.633333
0.629167
0.633333
0.637500
0.637500
0.633333
0.625000
0.391667
0.875000
0.637500
0.633333
0.620833
0.633333
0.633333
0.633333
0.629167
0.616667
0.633333
0.633333
0.629167
0.629167
0.620833
0.633333
0.629167
0.629167
0.629167
0.620833
0.629167
0.629167
0.629167
0.633333
0.629167
0.620833
0.637500
0.629167
0.633333
0.625000
0.629167
0.637500
0.629167
0.633333
0.620833
0.633333
0.633333
0.629167
0.633333
0.616667
0.637500
0.629167
0.629167
0.629167
0.625000
0.625000
0.400000
0.858333
0.633333
0.625000
0.620833
0.633333
0.629167
0.629167
0.625000
0.620833
0.633333
0.629167
0.625000
0.629167
0.612500
0.633333
0.625000
0.625000
0.625000
0.616667
0.629167
0.625000
0.620833
0.616667
0.625000
0.625000
0.620833
0.625000
0.620833
0.616667
0.629167
0.625000
0.625000
0.625000
0.620833
0.629167
0.629167
0.625000
0.625000
0.625000
0.629167
0.633333
0.629167
0.620833
0.633333
0.637500
0.633333
0.637500
0.625000
0.637500
0.637500
0.633333
0.633333
0.629167
0.637500
0.637500
0.633333
0.633333
0.625000
0.641667
0.637500
0.633333
0.637500
0.629167
0.637500
0.633333
0.637500
0.637500
0.629167
0.633333
0.641667
0.637500
0.637500
0.633333
0.637500
0.641667
0.633333
0.633333
0.629167
0.633333
0.633333
0.629167
0.629167
0.629167
0.625000
0.633333
0.629167
0.629167
0.629167
0.625000
0.633333
0.633333
0.629167
0.633333
0.625000
0.637500
0.629167
0.633333
0.620833
0.633333
0.633333
0.633333
0.633333
0.633333
0.629167
0.633333
0.633333
0.633333
0.629167
0.629167
0.633333
0.633333
0.633333
0.629167
0.620833
0.637500
0.629167
0.637500
0.629167
0.620833
0.637500
0.633333
0.629167
0.629167
0.620833
0.633333
0.629167
0.633333
0.625000
0.625000
0.633333
0.625000
0.629167
0.629167
0.616667
0.633333
0.625000
0.625000
0.625000
0.620833
0.629167
0.629167
0.629167
0.629167
0.620833
0.633333
0.633333
0.629167
0.629167
0.620833
0.633333
0.633333
0.633333
0.633333
0.629167
0.637500
0.633333
0.637500
0.637500
0.620833
0.641667
0.633333
0.633333
0.637500
0.629167
0.637500
0.641667
0.641667
0.641667
0.637500
0.641667
0.641667
0.637500
0.641667
0.637500
0.633333
0.641667
0.633333
0.637500
0.633333
0.629167
0.641667
0.637500
0.637500
0.637500
0.629167
0.641667
0.641667
0.633333
0.637500
0.625000
0.641667
0.637500
0.637500
0.637500
0.633333
0.637500
0.637500
0.633333
