0.775000
0.758333
0.766667
0.766667
0.779167
0.775000
0.779167
2.325000
0.737500
2.237500
0.741667
0.733333
0.745833
1.487500
0.770833
0.766667
1.537500
0.766667
0.783333
0.791667
0.787500
1.562500
0.795833
0.783333
0.595833
0.991667
0.870833
0.845833
0.829167
0.879167
0.725000
0.791667
0.791667
0.795833
0.791667
0.783333
0.791667
0.783333
0.783333
0.766667
0.762500
0.733333
0.533333
0.983333
0.829167
0.812500
0.791667
0.770833
0.770833
0.783333
0.779167
0.787500
0.775000
0.766667
0.787500
0.783333
0.787500
0.783333
0.770833
0.779167
0.783333
0.783333
0.762500
0.775000
0.783333
0.787500
0.791667
0.787500
0.779167
0.762500
0.766667
0.758333
0.754167
0.758333
0.779167
0.770833
0.766667
0.770833
0.579167
0.941667
0.829167
0.795833
0.783333
0.766667
0.770833
0.779167
0.783333
0.787500
0.770833
0.791667
0.804167
0.800000
0.804167
0.808333
0.791667
0.775000
0.754167
0.745833
0.754167
0.758333
0.775000
0.787500
0.787500
0.787500
0.800000
0.791667
0.800000
0.812500
0.637500
0.987500
0.883333
0.845833
0.825000
0.816667
0.800000
0.808333
0.795833
0.554167
1.016667
0.870833
0.837500
0.825000
0.820833
0.816667
0.795833
0.808333
0.795833
0.800000
0.783333
0.787500
0.779167
0.775000
0.779167
0.770833
0.766667
0.766667
0.775000
0.783333
0.775000
0.775000
0.783333
0.779167
0.770833
0.750000
0.766667
0.766667
0.762500
0.750000
0.754167
0.770833
0.766667
0.770833
0.762500
1.508333
0.770833
0.758333
0.762500
0.741667
0.750000
0.758333
0.770833
0.770833
0.770833
0.754167
0.570833
0.950000
0.841667
0.816667
0.779167
0.758333
0.729167
0.741667
0.737500
0.737500
0.729167
0.725000
0.754167
0.754167
0.762500
0.762500
0.758333
0.770833
0.775000
0.766667
0.770833
0.770833
0.758333
0.745833
0.762500
0.758333
0.758333
0.758333
0.754167
0.766667
0.754167
0.670833
0.841667
0.775000
0.766667
0.775000
0.779167
0.762500
0.762500
0.766667
0.775000
0.770833
0.770833
1.516667
0.783333
0.770833
0.620833
0.991667
0.862500
0.641667
0.970833
0.837500
0.550000
1.041667
0.787500
0.787500
0.783333
0.775000
0.762500
0.758333
0.754167
0.758333
0.766667
0.758333
0.754167
0.750000
0.754167
0.762500
0.762500
0.758333
0.750000
0.745833
0.758333
0.762500
0.754167
0.762500
0.758333
0.750000
0.745833
0.729167
0.750000
0.754167
0.750000
0.758333
0.758333
0.758333
0.745833
0.762500
0.770833
0.770833
0.770833
0.770833
0.766667
0.754167
0.433333
0.916667
0.554167
1.000000
0.870833
0.837500
0.812500
0.804167
0.804167
0.800000
0.791667
0.783333
0.804167
0.804167
0.804167
0.808333
0.787500
0.783333
0.804167
0.795833
0.800000
0.787500
0.787500
0.787500
0.787500
0.783333
0.783333
0.770833
0.783333
0.791667
0.787500
0.787500
0.779167
0.775000
0.779167
0.795833
0.791667
0.783333
0.775000
0.770833
0.779167
0.783333
0.779167
0.766667
0.758333
0.762500
0.766667
0.783333
0.770833
0.770833
0.770833
0.766667
0.779167
0.783333
0.766667
0.766667
0.775000
0.770833
0.766667
0.750000
0.750000
0.754167
0.762500
0.754167
0.750000
0.745833
0.775000
0.766667
0.754167
0.750000
0.741667
0.758333
0.758333
0.758333
0.758333
0.745833
0.758333
0.750000
0.750000
0.745833
0.741667
0.720833
0.729167
0.725000
0.716667
0.720833
0.708333
0.716667
0.725000
0.637500
0.841667
0.737500
0.741667
0.741667
1.487500
0.745833
0.745833
0.487500
0.941667
0.812500
0.787500
0.770833
0.758333
0.745833
0.754167
0.745833
0.458333
0.945833
0.816667
0.750000
0.754167
0.754167
0.750000
0.758333
0.750000
0.758333
0.762500
0.758333
0.750000
0.745833
0.758333
0.758333
0.766667
0.750000
0.750000
0.762500
0.758333
0.754167
0.758333
0.737500
0.750000
0.750000
0.745833
0.737500
0.750000
0.750000
0.754167
0.758333
0.758333
0.762500
0.758333
0.766667
0.775000
0.779167
0.770833
0.766667
0.733333
0.791667
0.766667
0.775000
0.770833
0.770833
0.775000
0.766667
0.570833
0.983333
0.862500
0.845833
0.825000
0.825000
0.808333
0.800000
1.620833
0.812500
0.812500
0.816667
0.800000
0.800000
0.808333
0.812500
0.812500
0.800000
0.791667
0.787500
0.550000
0.983333
0.891667
0.858333
0.837500
0.833333
0.837500
0.825000
0.825000
0.804167
0.783333
0.795833
0.779167
0.775000
0.762500
0.750000
0.770833
0.725000
0.870833
0.787500
0.787500
0.791667
0.816667
0.804167
0.800000
0.800000
0.791667
0.791667
0.804167
0.812500
0.812500
0.804167
0.808333
0.800000
0.787500
0.795833
0.808333
0.800000
0.795833
0.795833
0.800000
0.787500
0.775000
0.795833
0.795833
0.791667
0.808333
1.579167
0.804167
0.804167
0.795833
0.791667
0.795833
0.808333
0.808333
0.825000
0.816667
0.820833
0.812500
0.812500
0.804167
0.812500
0.804167
0.804167
0.795833
0.791667
0.766667
0.770833
0.775000
0.762500
0.779167
0.766667
0.604167
0.970833
0.837500
0.816667
0.800000
0.791667
0.770833
0.516667
0.937500
0.854167
0.829167
0.812500
0.800000
0.662500
0.920833
0.808333
0.800000
0.795833
0.783333
0.775000
0.775000
0.779167
0.783333
0.783333
0.795833
0.595833
0.966667
0.866667
0.845833
0.820833
0.800000
0.800000
0.795833
0.800000
0.783333
0.779167
0.779167
0.783333
0.770833
0.750000
0.762500
0.741667
0.725000
0.720833
0.720833
0.720833
0.733333
0.754167
0.770833
0.762500
0.770833
0.791667
0.787500
0.795833
0.783333
0.787500
0.791667
0.775000
0.787500
0.800000
0.804167
0.800000
0.791667
0.787500
0.783333
0.770833
0.775000
0.791667
0.787500
0.779167
0.800000
0.804167
0.791667
0.795833
0.800000
0.804167
0.804167
0.800000
0.770833
0.779167
0.779167
0.779167
0.775000
0.783333
0.795833
0.787500
0.795833
0.800000
0.720833
0.912500
0.575000
1.008333
0.875000
0.870833
0.854167
0.858333
0.837500
0.841667
0.825000
0.820833
0.820833
0.812500
0.816667
0.808333
0.808333
0.816667
0.816667
0.816667
0.804167
0.825000
0.804167
0.787500
0.795833
0.787500
0.791667
0.741667
0.741667
0.754167
0.758333
0.754167
0.762500
0.754167
0.741667
0.762500
0.762500
0.754167
0.758333
0.779167
0.779167
0.770833
0.766667
0.775000
0.779167
0.770833
0.766667
0.779167
0.779167
0.770833
0.758333
0.779167
0.783333
0.783333
0.529167
1.004167
0.870833
0.816667
0.816667
0.800000
0.787500
0.770833
0.766667
0.775000
0.779167
0.775000
0.770833
0.783333
0.775000
0.770833
0.775000
0.758333
0.758333
0.762500
0.766667
0.766667
0.762500
0.762500
0.758333
0.612500
0.925000
0.737500
0.912500
0.800000
0.787500
0.766667
0.762500
0.745833
0.754167
0.741667
0.691667
0.791667
0.754167
0.750000
0.745833
0.745833
0.754167
0.754167
0.745833
0.608333
0.912500
0.812500
0.791667
0.770833
0.758333
0.750000
0.741667
0.737500
0.741667
0.741667
0.733333
0.729167
0.733333
0.725000
0.737500
0.733333
0.737500
0.729167
0.729167
0.737500
0.741667
0.737500
0.733333
0.737500
0.725000
0.729167
0.716667
0.712500
0.700000
0.704167
0.720833
0.725000
0.729167
0.712500
0.766667
0.737500
0.745833
0.745833
0.750000
0.741667
0.733333
0.745833
0.741667
0.750000
0.754167
0.745833
0.745833
0.741667
0.754167
0.770833
0.766667
0.779167
0.762500
0.762500
0.758333
0.762500
0.762500
1.541667
0.762500
0.758333
0.758333
0.750000
0.762500
0.766667
0.783333
0.704167
0.862500
0.766667
0.762500
0.758333
0.766667
0.679167
0.866667
0.762500
0.775000
0.770833
0.775000
0.783333
0.787500
0.783333
0.783333
0.775000
0.783333
0.783333
0.779167
0.787500
0.787500
0.787500
0.787500
0.795833
0.800000
0.804167
0.800000
0.500000
0.995833
0.895833
0.870833
0.858333
