0.704167
0.737500
0.750000
0.745833
0.754167
0.750000
0.745833
0.787500
0.737500
0.783333
0.758333
0.766667
0.633333
0.845833
0.758333
0.737500
0.687500
0.725000
0.725000
0.729167
0.395833
1.079167
0.770833
0.720833
0.733333
0.770833
0.733333
0.737500
0.729167
0.704167
0.720833
0.725000
0.716667
0.683333
0.712500
0.716667
0.725000
0.725000
0.758333
0.741667
0.725000
0.733333
0.720833
0.691667
0.704167
0.720833
0.725000
0.725000
0.716667
0.720833
0.754167
0.754167
0.729167
0.737500
0.737500
0.725000
0.712500
0.741667
0.737500
0.729167
0.720833
0.737500
0.750000
0.741667
0.725000
0.729167
0.758333
0.745833
0.695833
0.720833
0.737500
0.787500
0.750000
0.766667
0.754167
0.729167
0.741667
0.762500
0.745833
0.729167
0.741667
0.770833
0.754167
0.741667
0.741667
0.479167
1.025000
0.787500
0.745833
0.766667
0.750000
0.733333
0.750000
0.766667
0.754167
0.733333
0.750000
0.745833
0.762500
0.758333
0.745833
0.741667
0.766667
0.762500
0.745833
0.741667
0.766667
0.762500
0.754167
0.741667
0.750000
0.770833
0.754167
0.745833
0.712500
0.745833
0.754167
0.745833
0.775000
0.787500
0.754167
0.766667
0.762500
0.750000
0.737500
0.758333
0.762500
0.754167
0.733333
0.741667
0.758333
0.758333
0.741667
0.729167
0.741667
0.754167
0.758333
0.745833
0.733333
0.737500
0.754167
0.762500
0.754167
0.704167
0.741667
0.737500
0.741667
0.745833
0.741667
0.741667
0.737500
0.733333
0.733333
0.733333
0.733333
0.729167
0.754167
0.741667
0.733333
0.737500
0.729167
0.716667
0.712500
0.729167
0.741667
0.741667
0.725000
0.729167
0.745833
0.487500
0.987500
0.779167
0.733333
0.733333
0.750000
0.750000
0.733333
0.725000
0.737500
0.725000
0.737500
0.729167
0.741667
0.737500
0.729167
0.712500
0.737500
0.741667
0.725000
0.720833
0.733333
0.741667
0.737500
0.725000
0.720833
0.729167
0.745833
0.750000
0.741667
0.712500
0.750000
0.745833
0.754167
0.750000
0.741667
0.737500
0.733333
0.733333
0.729167
0.716667
0.733333
0.741667
0.737500
0.720833
0.737500
0.745833
0.737500
0.712500
0.712500
0.725000
0.729167
0.754167
0.754167
0.745833
0.750000
0.737500
0.725000
0.425000
1.033333
0.783333
0.745833
0.729167
0.741667
0.754167
0.745833
0.737500
0.700000
0.737500
0.741667
0.741667
0.737500
0.737500
0.737500
0.750000
0.766667
0.750000
0.754167
0.729167
0.725000
0.737500
0.745833
0.750000
0.741667
0.729167
0.754167
0.758333
0.750000
0.750000
0.737500
0.737500
0.758333
0.745833
0.800000
0.766667
0.758333
0.745833
0.741667
0.750000
0.754167
0.762500
0.762500
0.750000
0.737500
0.754167
0.762500
0.758333
0.750000
0.745833
0.383333
1.116667
0.812500
0.750000
0.750000
0.762500
0.762500
0.754167
0.741667
0.745833
0.762500
0.758333
0.745833
0.483333
0.995833
0.808333
0.754167
0.754167
0.579167
0.941667
0.637500
0.870833
0.629167
0.875000
0.779167
0.745833
0.741667
0.737500
0.750000
0.754167
0.750000
0.737500
0.729167
0.725000
0.758333
0.750000
0.750000
0.729167
0.741667
0.733333
0.733333
0.720833
0.725000
0.725000
0.737500
0.741667
0.475000
0.970833
0.758333
0.741667
0.741667
0.737500
0.483333
0.958333
0.775000
0.750000
0.737500
0.729167
0.737500
0.750000
0.750000
0.741667
0.729167
0.741667
0.750000
0.750000
0.745833
0.487500
0.966667
0.783333
0.758333
0.750000
0.741667
0.754167
0.758333
0.758333
0.737500
0.745833
0.758333
0.758333
0.745833
0.737500
0.754167
0.766667
0.758333
0.741667
0.716667
0.737500
0.754167
0.758333
0.750000
0.750000
0.750000
0.737500
0.729167
0.737500
0.750000
0.754167
0.741667
0.737500
0.750000
0.762500
0.758333
0.745833
0.754167
0.770833
0.762500
0.754167
0.745833
0.754167
0.770833
0.758333
0.741667
0.758333
0.762500
0.758333
0.754167
0.733333
0.754167
0.762500
0.766667
0.754167
0.600000
0.891667
0.716667
0.758333
0.787500
0.766667
0.762500
0.741667
0.745833
0.745833
0.737500
0.733333
0.733333
0.737500
0.741667
0.729167
0.725000
0.737500
0.745833
0.737500
0.720833
0.741667
0.745833
0.737500
0.729167
0.737500
0.745833
0.745833
0.741667
0.729167
0.754167
0.750000
0.750000
0.741667
0.750000
0.762500
0.762500
0.745833
0.745833
0.762500
0.762500
0.758333
0.745833
0.745833
0.762500
0.766667
0.762500
0.745833
0.741667
0.750000
0.766667
0.762500
0.745833
0.745833
0.758333
0.766667
0.770833
0.754167
0.750000
0.758333
0.766667
0.758333
0.741667
0.750000
0.762500
0.770833
0.758333
0.745833
0.754167
0.762500
0.775000
0.758333
0.741667
0.754167
0.766667
0.766667
0.758333
0.741667
0.754167
0.766667
0.766667
0.754167
0.741667
0.750000
0.766667
0.766667
0.754167
0.741667
0.758333
0.770833
0.766667
0.745833
0.745833
0.750000
0.754167
0.762500
0.750000
0.716667
0.741667
0.750000
0.754167
0.758333
0.762500
0.754167
0.741667
0.733333
0.725000
0.729167
0.737500
0.741667
0.741667
0.720833
0.720833
0.737500
0.741667
0.720833
0.729167
0.729167
0.737500
0.737500
0.733333
0.708333
0.716667
0.737500
0.745833
0.745833
0.737500
0.733333
0.720833
0.741667
0.733333
0.712500
0.720833
0.729167
0.754167
0.750000
0.750000
0.737500
0.720833
0.733333
0.745833
0.737500
0.725000
0.716667
0.479167
0.954167
0.770833
0.741667
0.716667
0.729167
0.712500
0.737500
0.741667
0.741667
0.741667
0.729167
0.704167
0.725000
0.708333
0.758333
0.741667
0.750000
0.737500
0.725000
0.695833
0.725000
0.725000
0.762500
0.737500
0.745833
0.741667
0.733333
0.491667
0.904167
0.741667
0.495833
1.595833
0.812500
0.741667
0.729167
0.704167
0.720833
0.729167
0.725000
0.716667
0.712500
0.737500
0.729167
0.720833
0.708333
0.750000
0.366667
1.100000
0.775000
0.729167
0.379167
1.058333
0.766667
0.729167
0.587500
0.862500
0.741667
0.737500
0.737500
0.729167
0.720833
0.741667
0.741667
0.737500
0.733333
0.733333
0.741667
0.745833
0.733333
0.745833
0.729167
0.729167
0.758333
0.470833
1.016667
0.791667
0.733333
0.741667
0.741667
0.729167
0.708333
0.729167
0.741667
0.758333
0.750000
0.741667
0.750000
0.737500
0.725000
0.725000
0.733333
0.737500
0.729167
0.720833
0.720833
0.729167
0.733333
0.729167
0.720833
0.720833
0.729167
0.741667
0.725000
0.725000
0.720833
0.733333
0.737500
0.741667
0.716667
0.737500
0.741667
0.737500
0.733333
0.729167
0.729167
0.737500
0.733333
0.725000
0.733333
0.737500
0.725000
0.725000
0.725000
0.737500
0.729167
0.716667
0.720833
0.729167
0.712500
0.720833
0.716667
0.729167
0.733333
0.712500
0.729167
0.733333
0.745833
0.729167
0.716667
0.737500
0.745833
0.745833
0.733333
0.725000
0.737500
0.745833
0.737500
0.700000
0.729167
0.737500
0.762500
0.754167
0.754167
0.741667
0.729167
0.729167
0.737500
0.737500
0.725000
0.720833
0.725000
0.720833
0.741667
0.733333
0.737500
0.720833
0.716667
0.729167
0.733333
0.733333
0.725000
0.720833
0.716667
0.733333
0.741667
0.729167
0.729167
0.729167
0.733333
0.737500
0.737500
0.725000
0.725000
0.733333
0.737500
0.729167
0.479167
0.950000
0.750000
0.725000
0.729167
0.725000
0.720833
0.708333
0.720833
0.725000
0.720833
0.712500
0.716667
0.725000
0.725000
0.712500
0.712500
0.725000
0.725000
0.716667
0.704167
0.716667
0.725000
0.725000
0.712500
0.708333
0.712500
0.716667
0.716667
0.708333
0.708333
0.712500
0.720833
0.716667
0.712500
0.712500
0.708333
0.720833
0.725000
0.720833
0.712500
0.712500
0.729167
0.725000
0.720833
0.720833
0.716667
0.729167
0.729167
0.720833
0.720833
0.720833
0.716667
0.733333
0.725000
0.716667
0.708333
0.729167
0.733333
0.725000
0.712500
0.712500
0.729167
0.729167
0.716667
0.712500
0.712500
0.716667
0.733333
0.725000
0.716667
0.712500
0.712500
0.737500
0.720833
0.708333
0.716667
0.725000
0.704167
0.712500
0.720833
0.716667
0.520833
0.895833
0.729167
0.712500
0.708333
0.695833
0.700000
0.712500
0.708333
0.704167
0.700000
0.695833
0.708333
0.712500
0.708333
0.700000
0.700000
0.704167
0.712500
0.708333
0.700000
0.700000
0.704167
0.712500
0.708333
0.700000
0.700000
0.695833
0.704167
0.720833
0.712500
0.720833
