0.562500
0.566667
0.566667
0.575000
0.562500
0.562500
0.562500
0.566667
0.570833
0.566667
0.562500
0.562500
0.566667
0.566667
0.566667
0.562500
0.562500
0.562500
0.570833
0.562500
0.562500
0.562500
0.566667
0.566667
0.566667
0.562500
0.562500
0.558333
0.566667
0.566667
0.562500
0.558333
0.558333
0.558333
0.562500
0.566667
0.558333
0.558333
0.558333
0.558333
0.562500
0.562500
0.558333
0.562500
0.562500
0.566667
0.570833
0.566667
0.583333
0.583333
0.587500
0.604167
0.612500
0.608333
0.604167
0.608333
0.625000
0.412500
0.208333
0.612500
0.612500
0.616667
0.616667
0.625000
0.620833
0.612500
0.879167
0.954167
0.604167
0.616667
0.575000
0.612500
0.595833
0.591667
0.591667
0.595833
0.595833
0.587500
0.583333
0.604167
0.575000
0.575000
0.579167
0.579167
0.583333
0.570833
0.570833
0.575000
0.587500
0.570833
0.575000
0.575000
0.579167
0.579167
0.575000
0.570833
0.575000
0.575000
0.579167
0.575000
0.575000
0.575000
0.579167
0.583333
0.575000
0.575000
0.587500
0.591667
0.591667
0.587500
0.591667
0.600000
0.600000
0.608333
0.604167
0.600000
0.600000
0.608333
0.608333
0.625000
0.616667
0.608333
0.616667
0.612500
0.620833
0.612500
0.608333
0.600000
0.600000
0.595833
0.608333
0.600000
0.591667
0.591667
0.587500
0.591667
0.587500
0.583333
0.579167
0.579167
0.575000
0.579167
0.575000
0.583333
0.570833
0.575000
0.570833
0.570833
0.579167
0.570833
0.570833
0.566667
0.570833
0.575000
0.579167
0.570833
0.570833
0.570833
0.575000
0.579167
0.570833
0.570833
0.566667
0.570833
0.575000
0.575000
0.570833
0.566667
0.570833
0.575000
0.570833
0.579167
0.570833
0.566667
0.570833
0.575000
0.575000
0.570833
0.566667
0.566667
0.570833
0.570833
0.575000
0.566667
0.566667
0.570833
0.570833
0.575000
0.575000
0.566667
0.575000
0.570833
0.575000
0.570833
0.575000
0.566667
0.570833
0.575000
0.575000
0.570833
0.566667
0.570833
0.570833
0.570833
0.575000
0.570833
0.570833
0.566667
0.570833
0.504167
0.625000
0.570833
0.566667
0.570833
0.570833
0.575000
0.570833
0.566667
0.570833
0.566667
0.575000
0.575000
0.570833
0.566667
0.566667
0.570833
0.575000
0.570833
0.566667
0.570833
0.566667
0.570833
0.570833
0.570833
0.566667
0.566667
0.470833
0.287500
0.300000
0.650000
0.562500
0.554167
0.562500
0.558333
0.558333
0.558333
0.562500
0.570833
0.566667
0.558333
0.558333
0.558333
0.562500
0.566667
0.570833
0.562500
0.558333
0.558333
0.566667
0.566667
0.566667
0.558333
0.562500
0.558333
0.566667
0.566667
0.566667
0.562500
0.558333
0.562500
0.566667
0.566667
0.562500
0.558333
0.558333
0.562500
0.566667
0.566667
0.562500
0.558333
0.558333
0.566667
0.566667
0.566667
0.558333
0.562500
0.562500
0.566667
0.566667
0.562500
0.562500
0.558333
0.566667
0.570833
0.558333
0.562500
0.562500
0.566667
0.562500
0.570833
0.558333
0.562500
0.558333
0.562500
0.562500
0.570833
0.562500
0.562500
0.562500
0.562500
0.562500
0.566667
0.570833
0.566667
0.562500
0.566667
0.566667
0.570833
0.570833
0.570833
0.566667
0.562500
0.566667
0.570833
0.575000
0.570833
0.566667
0.570833
0.566667
0.570833
0.579167
0.566667
0.566667
0.566667
0.566667
0.566667
0.575000
0.562500
0.566667
0.566667
0.566667
0.570833
0.570833
0.566667
0.566667
0.562500
0.566667
0.566667
0.575000
0.570833
0.566667
0.566667
0.562500
0.570833
0.570833
0.570833
0.566667
0.562500
0.566667
0.570833
0.570833
0.570833
0.566667
0.566667
0.566667
0.570833
0.575000
0.570833
0.566667
0.566667
0.570833
0.570833
0.570833
0.575000
0.391667
0.258333
0.241667
0.237500
0.562500
0.566667
0.566667
0.575000
0.566667
0.562500
0.566667
0.566667
0.570833
0.575000
0.566667
0.566667
0.566667
0.570833
0.566667
0.633333
0.516667
0.570833
0.566667
0.566667
0.570833
0.575000
0.575000
0.575000
0.566667
0.570833
0.570833
0.570833
0.575000
0.575000
0.566667
0.570833
0.566667
0.716667
0.429167
0.570833
0.570833
0.566667
0.566667
0.570833
0.570833
0.229167
0.916667
0.566667
0.570833
0.566667
0.570833
0.579167
0.570833
0.566667
0.566667
0.570833
0.566667
0.575000
0.575000
0.566667
0.570833
0.570833
0.575000
0.575000
0.566667
0.570833
0.570833
0.570833
0.575000
0.575000
0.566667
0.570833
0.570833
0.566667
0.575000
0.575000
0.579167
0.566667
0.570833
0.570833
0.570833
0.579167
0.575000
0.570833
0.566667
0.570833
0.570833
0.575000
0.575000
0.566667
0.570833
0.566667
0.575000
0.570833
0.575000
0.579167
0.570833
0.570833
0.570833
0.570833
0.575000
0.579167
0.579167
0.570833
0.575000
0.570833
0.575000
0.579167
0.575000
0.570833
0.570833
0.570833
0.570833
0.579167
0.575000
0.570833
0.570833
0.570833
0.566667
0.579167
0.575000
0.570833
0.566667
0.570833
0.570833
0.575000
0.570833
0.570833
0.570833
0.570833
0.570833
0.570833
0.579167
0.570833
0.570833
0.570833
0.570833
0.575000
0.579167
0.570833
0.566667
0.570833
0.570833
0.575000
0.579167
0.575000
0.570833
0.570833
0.570833
0.575000
0.575000
0.579167
0.570833
0.570833
0.570833
0.325000
0.816667
0.570833
0.579167
0.570833
0.566667
0.570833
0.566667
0.570833
0.566667
0.575000
0.575000
0.570833
0.566667
0.570833
0.570833
0.570833
0.579167
0.570833
0.575000
0.570833
0.570833
0.579167
0.570833
0.575000
0.575000
0.570833
0.583333
0.579167
0.570833
0.570833
0.575000
0.575000
0.579167
0.575000
0.570833
0.570833
0.575000
0.575000
0.579167
0.570833
0.570833
0.566667
0.575000
0.570833
0.579167
0.575000
0.566667
0.575000
0.570833
0.575000
0.579167
0.575000
0.570833
0.570833
0.575000
0.579167
0.579167
0.570833
0.575000
0.570833
0.575000
0.579167
0.579167
0.575000
0.575000
0.570833
0.575000
0.575000
0.579167
0.575000
0.566667
0.570833
0.575000
0.575000
0.579167
0.570833
0.566667
0.575000
0.570833
0.575000
0.579167
0.575000
0.404167
0.737500
0.570833
0.575000
0.579167
0.575000
0.566667
0.570833
0.570833
0.570833
0.579167
0.579167
0.570833
0.570833
0.575000
0.570833
0.579167
0.579167
0.575000
0.570833
0.575000
0.579167
0.579167
0.575000
0.570833
0.575000
0.579167
0.575000
0.587500
0.575000
0.575000
0.579167
0.575000
0.575000
0.587500
0.579167
0.570833
0.575000
0.575000
0.575000
0.575000
0.579167
0.575000
0.570833
0.570833
0.570833
0.575000
0.579167
0.575000
0.570833
0.566667
0.570833
0.570833
0.575000
0.575000
0.579167
0.570833
0.570833
0.575000
0.570833
0.575000
0.579167
0.579167
0.575000
0.575000
0.575000
0.570833
0.583333
0.583333
0.570833
0.570833
0.575000
0.570833
0.579167
0.579167
0.575000
0.575000
0.570833
0.575000
0.575000
0.583333
0.575000
0.575000
0.570833
0.575000
0.575000
0.575000
0.575000
0.583333
0.579167
0.575000
0.575000
0.575000
0.575000
0.575000
0.583333
0.587500
0.575000
0.579167
0.579167
0.579167
0.587500
0.587500
0.575000
0.579167
0.575000
0.579167
0.575000
0.587500
0.583333
0.579167
0.575000
0.579167
0.579167
0.583333
0.583333
0.575000
0.575000
0.575000
0.579167
0.575000
0.583333
0.579167
0.587500
0.575000
0.575000
0.575000
0.579167
0.575000
0.579167
0.587500
0.579167
0.575000
0.579167
0.575000
0.579167
0.579167
0.587500
0.583333
0.575000
0.579167
0.575000
0.579167
0.579167
0.587500
0.579167
0.575000
0.579167
0.575000
0.575000
0.583333
0.587500
0.579167
0.579167
0.579167
0.579167
0.579167
0.579167
0.587500
0.587500
0.579167
0.579167
0.583333
0.579167
0.583333
0.591667
0.583333
0.579167
0.579167
0.587500
0.583333
0.591667
0.579167
0.579167
0.583333
0.583333
0.587500
0.587500
0.579167
0.583333
0.579167
0.583333
0.591667
0.583333
0.579167
0.579167
0.583333
0.583333
0.591667
0.583333
0.579167
0.583333
0.583333
0.587500
0.587500
0.579167
0.583333
0.579167
0.583333
0.587500
0.583333
0.579167
0.579167
0.587500
0.579167
0.579167
0.579167
0.583333
0.583333
0.587500
0.579167
0.579167
0.579167
0.575000
0.583333
0.583333
0.579167
0.629167
0.525000
0.583333
0.583333
0.579167
0.575000
0.575000
0.575000
0.579167
0.579167
0.583333
0.575000
0.570833
0.575000
0.575000
0.579167
0.579167
0.575000
0.575000
0.575000
0.575000
0.570833
0.583333
0.579167
0.575000
0.570833
0.579167
0.575000
0.579167
0.579167
0.583333
0.575000
0.579167
0.575000
0.579167
0.579167
0.587500
0.575000
0.575000
0.579167
0.583333
0.579167
0.575000
0.575000
0.579167
0.579167
0.583333
0.579167
0.575000
0.575000
0.575000
0.579167
0.587500
0.575000
0.575000
0.579167
0.575000
0.579167
0.583333
0.579167
0.575000
0.575000
0.575000
0.579167
0.583333
0.583333
0.570833
0.575000
0.579167
0.575000
0.583333
0.579167
0.575000
0.575000
0.579167
0.583333
0.583333
0.575000
0.579167
0.579167
0.579167
0.583333
0.579167
0.579167
0.579167
0.579167
0.579167
0.587500
0.579167
0.579167
0.579167
0.579167
0.583333
0.579167
0.579167
0.579167
0.583333
0.579167
0.587500
0.579167
0.583333
0.579167
0.583333
0.587500
0.583333
0.583333
0.579167
0.579167
0.583333
0.583333
0.579167
0.579167
0.579167
0.579167
0.583333
0.579167
0.575000
0.579167
0.575000
0.579167
0.583333
0.579167
0.575000
0.575000
0.583333
0.583333
0.579167
0.579167
0.579167
0.579167
0.583333
0.583333
0.579167
0.575000
0.575000
0.579167
0.579167
0.583333
0.575000
0.575000
0.575000
0.579167
0.583333
0.575000
0.575000
0.575000
0.575000
0.575000
0.583333
0.579167
0.579167
0.575000
0.579167
0.575000
0.579167
0.587500
0.575000
0.579167
0.579167
0.583333
0.579167
0.587500
0.579167
0.579167
0.579167
0.583333
0.587500
0.575000
0.579167
0.579167
0.579167
0.579167
0.583333
0.579167
0.575000
0.575000
0.575000
0.583333
0.579167
0.575000
0.575000
0.575000
0.579167
0.583333
0.575000
0.575000
0.575000
0.583333
0.583333
0.570833
0.575000
0.575000
0.579167
0.579167
0.579167
0.575000
0.575000
0.575000
0.583333
0.579167
0.575000
0.575000
0.579167
0.579167
0.583333
0.575000
0.575000
0.575000
0.583333
0.575000
0.575000
0.575000
0.575000
0.579167
0.583333
0.575000
0.579167
0.329167
0.825000
0.583333
0.583333
0.575000
0.579167
0.575000
0.575000
0.587500
0.575000
0.575000
0.579167
0.575000
0.587500
0.575000
0.575000
0.579167
0.570833
0.583333
0.583333
0.579167
0.570833
0.579167
0.375000
0.783333
0.575000
0.575000
0.575000
0.579167
0.579167
0.583333
0.575000
0.575000
0.575000
0.575000
0.579167
0.579167
0.579167
0.570833
0.575000
0.575000
