0.820833
0.816667
0.816667
0.816667
0.816667
0.820833
0.812500
0.812500
0.820833
0.808333
0.816667
0.808333
0.812500
0.825000
0.825000
0.820833
0.812500
0.816667
0.825000
0.820833
0.816667
0.812500
0.808333
0.820833
0.820833
0.816667
0.812500
0.812500
0.829167
0.825000
0.825000
0.820833
0.825000
0.820833
0.825000
0.825000
0.816667
0.825000
0.837500
0.825000
0.825000
0.820833
0.825000
0.829167
0.825000
0.825000
0.816667
0.825000
0.837500
0.837500
0.829167
0.825000
0.820833
0.841667
0.825000
0.833333
0.825000
0.820833
0.845833
0.841667
0.845833
0.845833
0.833333
0.837500
0.850000
0.837500
0.837500
0.837500
0.829167
0.845833
0.854167
0.850000
0.845833
0.841667
0.841667
0.866667
0.858333
0.862500
0.854167
0.850000
0.845833
0.866667
0.862500
0.854167
0.854167
0.845833
0.858333
0.866667
0.854167
0.858333
0.854167
0.841667
0.862500
0.850000
0.854167
0.862500
0.858333
0.858333
0.866667
0.862500
0.862500
0.862500
0.854167
0.858333
0.854167
0.845833
0.845833
0.841667
0.829167
0.858333
0.845833
0.841667
0.833333
0.829167
0.837500
0.845833
0.845833
0.841667
0.833333
0.833333
0.854167
0.850000
0.841667
0.845833
0.833333
0.837500
0.845833
0.841667
0.833333
0.833333
0.820833
0.825000
0.833333
0.829167
0.825000
0.825000
0.820833
0.837500
0.833333
0.829167
0.820833
0.820833
0.833333
0.654167
0.991667
0.837500
0.825000
0.825000
0.825000
0.837500
0.829167
0.825000
0.820833
0.825000
0.833333
0.837500
0.837500
0.829167
0.841667
0.841667
0.845833
0.837500
0.833333
0.833333
0.850000
0.841667
0.837500
0.837500
0.829167
0.829167
0.850000
0.587500
0.987500
0.854167
0.850000
0.566667
0.991667
0.854167
0.854167
0.858333
0.845833
0.841667
0.850000
0.850000
0.837500
0.833333
0.829167
0.841667
0.837500
0.829167
0.829167
0.829167
0.829167
0.829167
0.833333
0.829167
0.829167
0.829167
0.825000
0.845833
0.837500
0.833333
0.837500
0.837500
0.837500
0.837500
0.841667
0.833333
0.833333
0.841667
0.837500
0.833333
0.833333
0.833333
0.841667
0.645833
0.979167
0.633333
0.983333
0.608333
0.979167
0.854167
0.845833
0.837500
0.850000
0.837500
0.837500
0.829167
0.841667
0.833333
0.837500
0.833333
0.837500
0.837500
0.837500
0.833333
0.829167
0.825000
0.841667
0.829167
0.825000
0.825000
0.829167
0.833333
0.829167
0.829167
0.825000
0.658333
0.983333
0.841667
0.833333
0.837500
0.850000
0.850000
0.854167
0.845833
0.862500
0.854167
0.845833
0.837500
0.833333
0.829167
0.837500
0.833333
0.829167
0.825000
0.833333
0.845833
0.841667
0.595833
0.987500
0.854167
0.845833
0.845833
0.833333
0.829167
0.820833
0.820833
0.633333
0.983333
0.833333
0.825000
0.820833
0.833333
0.833333
0.829167
0.829167
0.833333
0.833333
0.829167
0.825000
0.820833
0.829167
0.833333
0.829167
0.829167
0.604167
0.983333
0.850000
0.854167
0.837500
0.841667
0.837500
0.833333
0.845833
0.837500
0.837500
0.833333
0.837500
0.862500
0.850000
0.850000
0.841667
0.654167
1.000000
0.858333
0.845833
0.841667
0.837500
0.837500
0.850000
0.850000
0.841667
0.841667
0.841667
0.866667
0.862500
0.862500
0.591667
1.016667
0.870833
0.862500
0.858333
0.858333
0.850000
0.858333
0.854167
0.845833
0.841667
0.837500
0.850000
0.850000
0.845833
0.841667
0.841667
0.850000
0.858333
0.854167
0.854167
0.845833
0.858333
0.854167
0.845833
0.850000
0.841667
0.845833
0.858333
0.854167
0.845833
0.837500
0.837500
0.854167
0.850000
0.841667
0.841667
0.837500
0.850000
0.845833
0.837500
0.837500
0.837500
0.837500
0.837500
0.841667
0.845833
0.841667
0.841667
0.833333
0.833333
0.833333
0.758333
0.916667
0.841667
0.829167
0.837500
0.837500
0.833333
0.833333
0.829167
0.825000
0.841667
0.825000
0.829167
0.820833
0.820833
0.841667
0.837500
0.837500
0.837500
0.833333
0.833333
0.841667
0.845833
0.837500
0.833333
0.829167
0.825000
0.841667
0.841667
0.837500
0.833333
0.837500
0.837500
0.854167
0.850000
0.850000
0.845833
0.845833
0.866667
0.858333
0.845833
0.845833
0.833333
0.850000
0.841667
0.829167
0.829167
0.837500
0.845833
0.841667
0.716667
0.970833
0.841667
0.850000
0.841667
0.833333
0.829167
0.825000
0.816667
0.820833
0.820833
0.829167
0.833333
0.829167
0.820833
0.825000
0.825000
0.829167
0.833333
0.825000
0.825000
0.825000
0.829167
0.833333
0.833333
0.829167
0.825000
0.820833
0.837500
0.829167
0.820833
0.825000
0.820833
0.833333
0.829167
0.825000
0.825000
0.829167
0.825000
0.825000
0.829167
0.829167
0.833333
0.837500
0.833333
0.829167
0.829167
0.820833
0.833333
0.829167
0.825000
0.833333
0.825000
0.837500
0.837500
0.837500
0.837500
0.837500
0.650000
0.995833
0.858333
0.845833
0.833333
0.837500
0.841667
0.841667
0.837500
0.837500
0.825000
0.850000
0.845833
0.833333
0.662500
0.987500
0.862500
0.850000
0.837500
0.837500
0.829167
0.633333
0.991667
0.862500
0.845833
0.833333
0.854167
0.854167
0.841667
0.845833
0.837500
0.837500
0.858333
0.866667
0.850000
0.845833
0.837500
0.845833
0.870833
0.854167
0.870833
0.862500
0.850000
0.862500
0.854167
0.845833
0.845833
0.850000
0.845833
0.841667
0.841667
0.841667
0.858333
0.850000
0.850000
0.845833
0.850000
0.862500
0.858333
0.858333
0.854167
0.850000
0.866667
0.862500
0.862500
0.858333
0.850000
0.850000
0.866667
0.866667
0.591667
1.016667
0.879167
0.870833
0.870833
0.862500
0.858333
0.858333
0.845833
0.850000
0.858333
0.862500
0.858333
0.854167
0.854167
0.854167
0.862500
0.870833
0.862500
0.854167
0.850000
0.850000
0.858333
0.862500
0.858333
0.862500
0.608333
1.012500
0.879167
0.870833
0.870833
0.866667
0.854167
0.862500
0.858333
0.858333
0.850000
0.841667
0.854167
0.858333
0.854167
0.854167
0.850000
0.854167
0.745833
0.912500
0.883333
0.850000
0.850000
0.841667
0.841667
0.829167
0.841667
0.845833
0.833333
0.833333
0.829167
0.833333
0.841667
0.841667
0.833333
0.829167
0.845833
0.837500
0.833333
0.829167
0.833333
0.837500
0.816667
0.850000
0.829167
0.829167
0.837500
0.837500
0.837500
0.833333
0.829167
0.833333
0.845833
0.837500
0.837500
0.833333
0.854167
0.708333
0.983333
0.845833
0.841667
0.854167
0.845833
0.841667
0.829167
0.833333
0.854167
0.845833
0.845833
0.837500
0.841667
0.841667
0.837500
0.833333
0.829167
0.837500
0.845833
0.837500
0.833333
0.845833
0.837500
0.833333
0.829167
0.850000
0.845833
0.841667
0.845833
0.841667
0.841667
0.850000
0.845833
0.837500
0.833333
0.841667
0.841667
0.833333
0.833333
0.825000
0.837500
0.837500
0.833333
0.837500
0.833333
0.833333
0.845833
0.833333
0.833333
0.825000
0.825000
0.837500
0.841667
0.837500
0.837500
0.833333
0.850000
0.854167
0.841667
0.845833
0.841667
0.858333
0.870833
0.650000
1.000000
0.870833
0.866667
0.862500
0.854167
0.850000
0.837500
0.845833
0.850000
0.841667
0.845833
0.841667
0.841667
0.670833
1.004167
0.866667
0.866667
0.854167
0.850000
0.866667
0.858333
0.854167
0.854167
0.850000
0.850000
0.862500
0.858333
0.858333
0.850000
0.845833
0.862500
0.675000
1.000000
0.783333
0.929167
0.850000
0.866667
0.862500
