0.741667
0.750000
0.750000
0.679167
0.837500
0.758333
0.750000
0.750000
0.483333
1.029167
0.562500
0.954167
0.520833
0.987500
0.458333
1.045833
0.754167
0.754167
0.750000
0.745833
0.475000
1.020833
0.512500
1.004167
0.458333
1.058333
0.745833
0.737500
0.750000
0.745833
0.750000
0.520833
0.983333
0.745833
0.745833
0.754167
0.758333
0.766667
0.770833
0.766667
0.766667
0.766667
0.466667
1.083333
0.508333
1.029167
0.470833
1.054167
0.762500
0.754167
0.754167
0.745833
0.741667
0.525000
0.991667
0.770833
0.762500
0.754167
0.750000
0.754167
0.504167
1.029167
0.616667
0.920833
0.754167
0.754167
0.612500
0.908333
0.775000
0.637500
0.891667
0.762500
0.675000
0.858333
0.762500
0.654167
0.870833
0.758333
0.758333
0.762500
0.766667
0.770833
0.779167
0.775000
0.770833
0.566667
1.004167
0.779167
0.770833
0.775000
0.645833
0.887500
0.766667
0.766667
0.770833
0.770833
0.770833
0.770833
0.758333
0.775000
0.770833
0.770833
0.775000
0.775000
0.595833
0.950000
0.775000
0.658333
0.887500
0.766667
0.620833
0.929167
0.758333
0.762500
0.770833
0.770833
0.775000
0.775000
0.770833
0.770833
0.775000
0.779167
0.779167
0.779167
0.783333
0.775000
0.766667
0.775000
0.775000
0.779167
0.779167
0.783333
0.775000
0.770833
0.775000
0.779167
0.550000
1.033333
0.604167
0.970833
0.562500
0.975000
0.462500
1.095833
0.775000
0.775000
0.766667
0.758333
0.766667
0.766667
0.770833
0.775000
0.708333
0.829167
0.758333
0.654167
0.883333
0.762500
0.758333
0.645833
0.854167
0.537500
0.975000
0.754167
0.745833
0.745833
0.750000
0.708333
0.795833
0.750000
0.750000
0.737500
0.608333
0.883333
0.745833
0.741667
0.737500
0.566667
0.920833
0.750000
0.741667
0.741667
0.637500
0.845833
0.741667
0.745833
0.741667
0.504167
0.983333
0.750000
0.741667
0.745833
0.562500
0.925000
0.741667
0.741667
0.745833
0.495833
1.000000
0.741667
0.737500
0.737500
0.566667
0.916667
0.741667
0.733333
0.737500
0.504167
0.991667
0.745833
0.737500
0.741667
0.554167
0.925000
0.745833
0.741667
0.745833
0.504167
0.970833
0.741667
0.741667
0.733333
0.591667
0.887500
0.745833
0.741667
0.737500
0.562500
0.904167
0.741667
0.733333
0.729167
0.512500
0.945833
0.733333
0.729167
0.725000
0.600000
0.862500
0.733333
0.737500
0.733333
0.500000
0.966667
0.625000
0.412500
0.620833
0.575000
0.720833
0.650000
0.816667
0.741667
0.733333
0.737500
0.495833
0.979167
0.745833
0.737500
0.741667
0.554167
0.933333
0.750000
0.745833
0.745833
0.487500
1.025000
0.754167
0.745833
0.716667
0.366667
0.620833
0.579167
0.741667
0.741667
0.654167
0.845833
0.745833
0.758333
0.758333
0.470833
1.041667
0.608333
0.908333
0.754167
0.416667
1.091667
0.466667
1.050000
0.758333
0.745833
0.745833
0.741667
0.745833
0.750000
0.754167
0.616667
0.887500
0.750000
0.750000
0.583333
0.933333
0.758333
0.745833
0.741667
0.750000
0.754167
0.512500
1.016667
0.766667
0.754167
0.745833
0.750000
0.504167
1.025000
0.766667
0.762500
0.762500
0.758333
0.754167
0.525000
1.004167
0.770833
0.766667
0.625000
0.916667
0.762500
0.770833
0.766667
0.770833
0.770833
0.770833
0.770833
0.608333
0.925000
0.770833
0.766667
0.616667
0.937500
0.779167
0.662500
0.887500
0.729167
0.345833
0.666667
0.600000
0.779167
0.525000
1.058333
0.516667
1.062500
0.466667
1.112500
0.775000
0.775000
0.766667
0.766667
0.766667
0.512500
1.033333
0.770833
0.758333
0.754167
0.758333
0.495833
1.037500
0.683333
0.854167
0.754167
0.754167
0.758333
0.762500
0.633333
0.900000
0.775000
0.762500
0.766667
0.766667
0.770833
0.770833
0.770833
0.770833
0.766667
0.762500
0.770833
0.770833
0.779167
0.779167
0.783333
0.775000
0.766667
0.533333
1.025000
0.787500
0.783333
0.787500
0.779167
0.766667
0.779167
0.612500
0.958333
0.775000
0.675000
0.862500
0.762500
0.766667
0.766667
0.766667
0.762500
0.754167
0.754167
0.629167
0.891667
0.758333
0.758333
0.758333
0.754167
0.758333
0.766667
0.554167
0.983333
0.758333
0.758333
0.762500
0.762500
0.762500
0.575000
0.954167
0.758333
0.754167
0.629167
0.891667
0.758333
0.758333
0.750000
0.745833
0.750000
0.679167
0.829167
0.733333
0.387500
1.112500
0.462500
1.033333
0.454167
1.000000
0.454167
0.995833
0.454167
0.991667
0.445833
0.983333
0.450000
0.958333
0.454167
0.937500
0.479167
0.920833
0.487500
0.908333
0.525000
0.887500
0.545833
0.891667
0.595833
0.866667
0.720833
0.733333
0.733333
0.512500
0.962500
0.733333
0.729167
0.633333
0.850000
0.733333
0.737500
0.729167
0.729167
0.733333
0.741667
0.745833
0.741667
0.745833
0.741667
0.666667
0.829167
0.750000
0.750000
0.754167
0.762500
0.762500
0.762500
0.554167
1.000000
0.779167
0.770833
0.775000
0.541667
1.004167
0.783333
0.770833
0.779167
0.795833
0.787500
0.783333
0.775000
0.775000
0.783333
0.779167
0.779167
0.787500
0.779167
0.620833
0.945833
0.783333
0.775000
0.604167
0.983333
0.779167
0.766667
0.616667
0.945833
0.779167
0.629167
0.954167
0.787500
0.695833
0.858333
0.779167
0.625000
0.954167
0.787500
0.779167
0.779167
0.587500
0.987500
0.783333
0.791667
0.683333
0.366667
0.762500
0.533333
0.770833
0.775000
0.783333
0.787500
0.783333
0.787500
0.783333
0.783333
0.779167
0.779167
0.479167
1.100000
0.483333
1.091667
0.787500
0.775000
0.770833
0.629167
0.929167
0.762500
0.766667
0.770833
0.770833
0.770833
0.775000
0.575000
0.966667
0.783333
0.779167
0.779167
0.787500
0.779167
0.770833
0.775000
0.616667
0.950000
0.783333
0.779167
0.779167
0.770833
0.766667
0.779167
0.770833
0.775000
0.779167
0.775000
0.708333
0.825000
0.775000
0.775000
0.775000
0.783333
0.770833
0.770833
0.779167
0.579167
0.995833
0.791667
0.787500
0.779167
0.775000
0.525000
1.050000
0.795833
0.787500
0.795833
0.791667
0.783333
0.795833
0.700000
0.887500
0.787500
0.654167
0.916667
0.687500
0.345833
1.300000
0.787500
0.779167
0.770833
0.766667
0.483333
1.075000
0.508333
1.087500
0.454167
1.133333
0.779167
0.783333
0.691667
0.354167
1.291667
0.791667
0.775000
0.775000
0.779167
0.700000
0.875000
0.783333
0.787500
0.645833
0.937500
0.791667
0.783333
0.662500
0.916667
0.787500
0.779167
0.675000
0.883333
0.783333
0.662500
0.916667
0.791667
0.587500
1.012500
0.625000
0.950000
0.616667
0.958333
0.562500
1.020833
0.475000
1.095833
0.637500
0.945833
0.625000
0.937500
0.600000
0.954167
0.566667
1.000000
0.487500
1.083333
0.783333
0.766667
0.766667
0.775000
0.779167
0.533333
1.050000
0.787500
0.775000
0.762500
0.775000
0.787500
0.516667
1.070833
0.800000
0.791667
0.783333
0.775000
0.533333
1.037500
0.620833
0.954167
0.787500
0.770833
0.775000
0.520833
1.058333
0.791667
0.783333
0.783333
0.770833
0.766667
0.612500
0.945833
0.791667
0.783333
0.787500
0.783333
0.779167
0.775000
0.575000
1.008333
0.787500
0.791667
0.783333
0.779167
0.791667
0.604167
0.975000
0.795833
0.708333
0.858333
0.779167
0.783333
0.787500
0.783333
0.779167
0.779167
0.770833
0.779167
0.783333
0.791667
0.787500
0.791667
0.787500
0.495833
1.087500
0.541667
1.058333
0.470833
1.133333
0.783333
0.779167
0.783333
0.608333
0.966667
0.783333
0.779167
0.766667
0.766667
0.783333
0.779167
0.787500
0.787500
0.787500
0.783333
0.779167
0.779167
0.612500
0.979167
0.787500
0.745833
0.825000
0.779167
0.783333
0.779167
0.779167
0.608333
0.937500
0.762500
0.754167
0.766667
0.491667
1.075000
0.633333
0.925000
0.766667
0.766667
0.691667
0.854167
0.558333
0.995833
0.779167
0.762500
0.766667
0.770833
0.695833
0.862500
0.783333
0.783333
0.658333
0.354167
0.745833
0.566667
0.775000
0.783333
0.791667
0.795833
0.783333
0.783333
0.558333
1.016667
0.783333
0.770833
0.762500
0.754167
0.766667
0.525000
0.987500
0.683333
0.412500
1.070833
0.545833
