0.479167
0.483333
0.479167
0.483333
0.479167
0.483333
0.479167
0.483333
0.487500
0.479167
0.483333
0.483333
0.483333
0.483333
0.479167
0.487500
0.479167
0.479167
0.483333
0.483333
0.483333
0.483333
0.479167
0.479167
0.487500
0.479167
0.483333
0.479167
0.483333
0.479167
0.483333
0.479167
0.483333
0.483333
0.312500
0.300000
0.495833
0.541667
0.483333
0.483333
0.487500
0.479167
0.483333
0.483333
0.483333
0.483333
0.483333
0.479167
0.483333
0.479167
0.483333
0.479167
0.483333
0.479167
0.483333
0.483333
0.483333
0.479167
0.475000
0.487500
0.479167
0.483333
0.479167
0.479167
0.483333
0.479167
0.483333
0.479167
0.479167
0.483333
0.479167
0.483333
0.479167
0.479167
0.483333
0.483333
0.479167
0.479167
0.479167
0.483333
0.483333
0.479167
0.479167
0.483333
0.479167
0.483333
0.479167
0.483333
0.479167
0.479167
0.483333
0.483333
0.479167
0.483333
0.483333
0.483333
0.483333
0.479167
0.483333
0.479167
0.483333
0.479167
0.483333
0.479167
0.483333
0.479167
0.483333
0.483333
0.483333
0.479167
0.479167
0.483333
0.479167
0.483333
0.479167
0.479167
0.487500
0.479167
0.483333
0.479167
0.475000
0.483333
0.483333
0.479167
0.479167
0.475000
0.487500
0.479167
0.483333
0.479167
0.479167
0.483333
0.483333
0.479167
0.479167
0.483333
0.483333
0.479167
0.479167
0.483333
0.483333
0.483333
0.483333
0.479167
0.483333
0.483333
0.483333
0.479167
0.483333
0.483333
0.479167
0.479167
0.483333
0.483333
0.479167
0.483333
0.479167
0.483333
0.483333
0.483333
0.483333
0.483333
0.479167
0.483333
0.483333
0.483333
0.479167
0.483333
0.483333
0.479167
0.483333
0.483333
0.479167
0.483333
0.483333
0.479167
0.487500
0.483333
0.483333
0.483333
0.483333
0.483333
0.483333
0.483333
0.483333
0.479167
0.483333
0.483333
0.483333
0.487500
0.479167
0.483333
0.479167
0.483333
0.483333
0.483333
0.479167
0.487500
0.479167
0.483333
0.483333
0.483333
0.479167
0.483333
0.479167
0.487500
0.479167
0.483333
0.483333
0.483333
0.479167
0.483333
0.483333
0.483333
0.479167
0.487500
0.483333
0.479167
0.487500
0.479167
0.479167
0.483333
0.483333
0.483333
0.483333
0.479167
0.487500
0.483333
0.483333
0.483333
0.483333
0.479167
0.483333
0.483333
0.483333
0.483333
0.483333
0.479167
0.487500
0.479167
0.483333
0.483333
0.479167
0.483333
0.483333
0.483333
0.483333
0.479167
0.479167
0.483333
0.483333
0.483333
0.483333
0.483333
0.483333
0.483333
0.483333
0.483333
0.479167
0.487500
0.312500
0.600000
0.495833
0.487500
0.487500
0.487500
0.483333
0.483333
0.487500
0.483333
0.483333
0.487500
0.483333
0.483333
0.483333
0.483333
0.487500
0.483333
0.483333
0.483333
0.487500
0.483333
0.487500
0.483333
0.483333
0.483333
0.483333
0.483333
0.483333
0.483333
0.487500
0.487500
0.483333
0.487500
0.483333
0.483333
0.483333
0.487500
0.487500
0.483333
0.487500
0.479167
0.487500
0.483333
0.487500
0.483333
0.483333
0.483333
0.483333
0.483333
0.487500
0.479167
0.487500
0.483333
0.487500
0.487500
0.483333
0.487500
0.483333
0.483333
0.487500
0.487500
0.483333
0.483333
0.487500
0.487500
0.483333
0.487500
0.483333
0.483333
0.483333
0.487500
0.483333
0.483333
0.483333
0.483333
0.483333
0.483333
0.483333
0.487500
0.483333
0.483333
0.487500
0.483333
0.487500
0.483333
0.487500
0.483333
0.483333
0.487500
0.483333
0.483333
0.487500
0.483333
0.487500
0.487500
0.487500
0.487500
0.483333
0.483333
0.491667
0.483333
0.483333
0.483333
0.483333
0.487500
0.487500
0.483333
0.487500
0.483333
0.487500
0.487500
0.487500
0.483333
0.487500
0.483333
0.487500
0.483333
0.487500
0.487500
0.483333
0.487500
0.487500
0.487500
0.487500
0.483333
0.487500
0.487500
0.487500
0.487500
0.483333
0.487500
0.487500
0.487500
0.487500
0.483333
0.487500
0.329167
0.316667
0.441667
0.558333
0.487500
0.483333
0.495833
0.487500
0.491667
0.483333
0.491667
0.483333
0.491667
0.487500
0.487500
0.487500
0.491667
0.483333
0.491667
0.487500
0.487500
0.487500
0.491667
0.487500
0.491667
0.487500
0.487500
0.487500
0.487500
0.487500
0.491667
0.487500
0.487500
0.491667
0.487500
0.487500
0.487500
0.487500
0.487500
0.487500
0.491667
0.491667
0.487500
0.487500
0.487500
0.487500
0.337500
0.745833
0.566667
0.487500
0.487500
0.495833
0.487500
0.491667
0.487500
0.487500
0.487500
0.495833
0.487500
0.487500
0.487500
0.491667
0.487500
0.491667
0.487500
0.487500
0.491667
0.487500
0.487500
0.491667
0.487500
0.487500
0.491667
0.487500
0.487500
0.491667
0.487500
0.487500
0.491667
0.491667
0.487500
0.487500
0.487500
0.491667
0.487500
0.491667
0.487500
0.491667
0.487500
0.491667
0.483333
0.491667
0.491667
0.487500
0.491667
0.487500
0.491667
0.491667
0.487500
0.491667
0.491667
0.487500
0.491667
0.491667
0.487500
0.491667
0.491667
0.487500
0.491667
0.491667
0.487500
0.491667
0.487500
0.495833
0.491667
0.491667
0.491667
0.491667
0.491667
0.491667
0.491667
0.491667
0.491667
0.491667
0.491667
0.491667
0.487500
0.495833
0.487500
0.495833
0.491667
0.491667
0.491667
0.491667
0.491667
0.495833
0.487500
0.491667
0.495833
0.487500
0.495833
0.487500
0.491667
0.491667
0.487500
0.491667
0.495833
0.487500
0.491667
0.491667
0.491667
0.491667
0.491667
0.487500
0.491667
0.491667
0.491667
0.491667
0.491667
0.487500
0.491667
0.491667
0.491667
0.491667
0.491667
0.487500
0.491667
0.491667
0.487500
0.491667
0.491667
0.491667
0.487500
0.491667
0.491667
0.491667
0.491667
0.491667
0.491667
0.491667
0.495833
0.487500
0.491667
0.487500
0.491667
0.487500
0.491667
0.487500
0.491667
0.491667
0.487500
0.491667
0.491667
0.487500
0.491667
0.491667
0.491667
0.491667
0.491667
0.487500
0.491667
0.487500
0.487500
0.491667
0.491667
0.491667
0.491667
0.483333
0.495833
0.491667
0.491667
0.487500
0.325000
0.620833
0.504167
0.495833
0.495833
0.491667
0.491667
0.491667
0.495833
0.487500
0.495833
0.491667
0.491667
0.491667
0.491667
0.491667
0.491667
0.491667
0.495833
0.495833
0.491667
0.491667
0.491667
0.495833
0.495833
0.487500
0.495833
0.491667
0.491667
0.491667
0.491667
0.491667
0.491667
0.487500
0.495833
0.495833
0.491667
0.491667
0.337500
0.741667
0.583333
0.491667
0.491667
0.495833
0.491667
0.500000
0.491667
0.491667
0.495833
0.487500
0.495833
0.495833
0.491667
0.495833
0.491667
0.487500
0.495833
0.495833
0.487500
0.495833
0.491667
0.491667
0.495833
0.491667
0.491667
0.495833
0.491667
0.491667
0.495833
0.491667
0.491667
0.495833
0.491667
0.495833
0.495833
0.491667
0.495833
0.491667
0.383333
0.604167
0.495833
0.491667
0.495833
0.491667
0.491667
0.491667
0.495833
0.491667
0.495833
0.491667
0.491667
0.495833
0.495833
0.491667
0.491667
0.495833
0.491667
0.491667
0.495833
0.491667
0.495833
0.491667
0.495833
0.495833
0.491667
0.495833
0.491667
0.495833
0.491667
0.495833
0.491667
0.491667
0.495833
0.491667
0.495833
0.495833
0.491667
0.495833
0.491667
0.491667
0.500000
0.491667
0.495833
0.495833
0.491667
0.495833
0.500000
0.491667
0.500000
0.495833
0.495833
0.500000
0.495833
0.495833
0.491667
0.500000
0.495833
0.491667
0.495833
0.495833
0.495833
0.495833
0.495833
0.491667
0.500000
0.491667
0.500000
0.495833
0.495833
0.495833
0.495833
0.491667
0.495833
0.500000
0.491667
0.495833
0.495833
0.491667
0.495833
0.500000
0.491667
0.495833
0.495833
0.500000
0.495833
0.495833
0.495833
0.491667
0.495833
0.495833
0.495833
0.491667
0.495833
0.491667
0.495833
0.495833
0.491667
0.495833
0.495833
0.491667
0.495833
0.495833
0.495833
0.495833
0.495833
0.495833
0.495833
0.495833
0.495833
0.491667
0.495833
0.495833
0.495833
0.495833
0.495833
0.491667
0.495833
0.491667
0.495833
0.491667
0.500000
0.491667
0.495833
0.491667
0.495833
0.495833
0.495833
0.491667
0.500000
0.491667
0.495833
0.495833
0.495833
0.491667
0.495833
0.495833
0.495833
0.500000
0.491667
0.495833
0.495833
0.491667
0.495833
0.500000
0.491667
0.495833
0.495833
0.495833
0.495833
0.495833
0.491667
0.500000
0.495833
0.491667
0.495833
0.500000
0.491667
0.495833
0.495833
0.495833
0.500000
0.491667
0.500000
0.495833
0.495833
0.500000
0.495833
0.495833
0.495833
0.495833
0.495833
0.495833
0.495833
0.495833
0.495833
0.495833
0.500000
0.491667
0.500000
0.495833
0.491667
0.495833
0.500000
0.491667
0.500000
0.495833
0.495833
0.495833
0.495833
0.495833
0.495833
0.495833
0.495833
0.495833
0.495833
0.495833
0.495833
0.495833
0.500000
0.495833
0.495833
0.495833
0.495833
0.495833
0.495833
0.495833
0.495833
0.495833
0.491667
0.350000
0.633333
0.695833
0.495833
0.500000
0.500000
0.500000
0.500000
0.495833
0.500000
0.495833
0.495833
0.500000
0.500000
0.491667
0.500000
0.495833
0.500000
0.500000
0.491667
0.500000
0.495833
0.500000
0.491667
0.500000
0.495833
0.495833
0.495833
0.500000
0.495833
0.495833
0.495833
0.500000
0.495833
0.495833
0.500000
0.495833
0.495833
0.495833
0.500000
0.495833
0.500000
0.495833
0.500000
0.495833
0.495833
0.495833
0.500000
0.491667
0.500000
0.500000
0.495833
0.500000
0.495833
0.495833
0.500000
0.500000
0.500000
0.495833
0.500000
0.495833
0.495833
0.495833
0.337500
0.754167
0.587500
0.495833
0.500000
0.500000
0.500000
0.500000
0.495833
0.500000
0.495833
0.500000
0.500000
0.500000
0.500000
0.495833
0.495833
0.500000
0.495833
0.495833
0.500000
0.495833
0.500000
0.495833
0.495833
0.500000
0.491667
0.504167
0.495833
0.500000
0.495833
0.495833
0.495833
0.504167
0.495833
0.500000
0.495833
0.495833
0.500000
0.500000
0.495833
0.495833
0.500000
0.491667
0.500000
0.495833
0.495833
0.500000
0.495833
0.495833
0.500000
0.495833
0.500000
0.495833
0.495833
0.500000
0.495833
0.495833
0.500000
0.495833
0.500000
0.495833
0.500000
0.495833
0.500000
0.495833
0.495833
0.500000
0.500000
0.495833
0.495833
0.495833
0.500000
0.500000
0.495833
0.500000
0.491667
0.500000
0.495833
0.500000
0.500000
0.495833
0.495833
0.500000
0.491667
0.504167
0.495833
0.500000
0.495833
0.500000
0.491667
0.504167
0.495833
0.495833
0.495833
0.500000
0.495833
0.500000
0.495833
0.495833
0.500000
0.500000
0.495833
0.500000
0.495833
0.500000
0.495833
0.495833
0.500000
0.495833
0.500000
0.495833
0.495833
0.500000
0.500000
0.500000
0.495833
0.500000
0.495833
0.500000
0.500000
0.495833
0.500000
0.495833
0.500000
0.495833
0.500000
0.500000
0.495833
0.500000
0.500000
0.495833
0.500000
0.495833
0.500000
0.500000
0.495833
0.500000
0.495833
0.495833
0.500000
0.500000
0.495833
0.495833
0.500000
0.495833
0.500000
0.500000
0.495833
0.500000
0.495833
0.500000
0.500000
0.500000
0.495833
0.500000
0.500000
0.500000
0.500000
0.495833
0.500000
0.491667
0.495833
0.500000
0.500000
0.495833
0.495833
0.500000
0.495833
0.500000
0.495833
0.500000
0.495833
0.495833
0.504167
0.495833
0.495833
0.495833
0.495833
0.495833
0.495833
0.495833
0.504167
0.495833
0.500000
0.491667
0.500000
0.495833
0.500000
0.495833
0.495833
0.495833
0.495833
0.500000
0.495833
0.495833
0.495833
0.500000
0.495833
0.500000
0.495833
0.495833
0.495833
0.495833
0.500000
0.495833
0.495833
0.500000
0.495833
0.495833
0.500000
0.495833
0.495833
0.500000
0.495833
0.495833
0.495833
0.500000
0.495833
0.495833
0.500000
0.495833
0.500000
0.495833
0.500000
0.491667
0.500000
0.495833
0.500000
0.491667
0.500000
0.495833
0.495833
0.495833
0.500000
0.495833
0.495833
0.500000
0.495833
0.325000
0.312500
0.304167
0.595833
0.554167
0.495833
0.500000
0.508333
0.500000
0.500000
0.329167
0.616667
0.529167
0.491667
0.504167
0.500000
0.500000
0.500000
0.504167
0.500000
0.500000
0.500000
0.500000
0.500000
0.500000
0.495833
0.500000
0.500000
0.500000
0.500000
0.500000
0.495833
0.500000
0.495833
0.500000
0.500000
0.500000
0.495833
0.500000
0.495833
0.495833
0.500000
0.500000
0.495833
0.500000
0.500000
0.500000
0.495833
0.500000
0.495833
0.500000
0.500000
0.495833
0.500000
0.495833
0.500000
0.500000
0.495833
0.500000
0.495833
0.500000
0.495833
0.500000
0.500000
0.495833
0.495833
0.500000
0.500000
0.500000
0.495833
0.500000
