0.775000
0.775000
0.566667
0.979167
0.770833
0.770833
0.775000
0.562500
0.983333
0.775000
0.775000
0.675000
0.866667
0.783333
0.775000
0.650000
0.904167
0.775000
0.775000
0.775000
0.775000
0.779167
0.779167
0.775000
0.775000
0.783333
0.779167
0.783333
0.787500
0.654167
0.908333
0.783333
0.775000
0.779167
0.787500
0.783333
0.783333
0.783333
0.779167
0.779167
0.779167
0.779167
0.775000
0.779167
0.775000
0.770833
0.779167
0.766667
0.650000
0.900000
0.770833
0.770833
0.775000
0.770833
0.779167
0.683333
0.879167
0.779167
0.779167
0.779167
0.779167
0.783333
0.783333
0.783333
0.783333
0.683333
0.879167
0.779167
0.775000
0.775000
0.779167
0.683333
0.866667
0.775000
0.770833
0.770833
0.775000
0.775000
0.783333
0.629167
0.945833
0.783333
0.783333
0.779167
0.779167
0.775000
0.779167
0.775000
0.604167
0.958333
0.783333
0.783333
0.783333
0.779167
0.700000
0.879167
0.791667
0.791667
0.791667
0.691667
0.891667
0.795833
0.791667
0.787500
0.637500
0.941667
0.783333
0.783333
0.787500
0.662500
0.908333
0.654167
0.358333
0.437500
0.916667
0.779167
0.791667
0.783333
0.637500
0.945833
0.783333
0.787500
0.779167
0.783333
0.783333
0.783333
0.783333
0.583333
0.995833
0.783333
0.783333
0.783333
0.587500
0.987500
0.783333
0.783333
0.783333
0.775000
0.787500
0.625000
0.941667
0.779167
0.775000
0.775000
0.770833
0.766667
0.558333
0.991667
0.770833
0.770833
0.775000
0.641667
0.904167
0.770833
0.775000
0.770833
0.591667
0.958333
0.775000
0.770833
0.779167
0.775000
0.766667
0.795833
0.783333
0.787500
0.783333
0.716667
0.854167
0.783333
0.783333
0.787500
0.654167
0.925000
0.787500
0.787500
0.783333
0.779167
0.779167
0.775000
0.779167
0.787500
0.725000
0.841667
0.783333
0.783333
0.787500
0.783333
0.787500
0.783333
0.791667
0.783333
0.783333
0.787500
0.787500
0.791667
0.783333
0.787500
0.783333
0.783333
0.783333
0.783333
0.787500
0.637500
0.941667
0.787500
0.779167
0.779167
0.775000
0.783333
0.783333
0.783333
0.783333
0.783333
0.783333
0.737500
0.850000
0.791667
0.791667
0.791667
0.787500
0.795833
0.795833
0.795833
0.795833
0.795833
0.791667
0.791667
0.791667
0.795833
0.800000
0.795833
0.800000
0.791667
0.662500
0.933333
0.650000
0.341667
0.600000
0.795833
0.787500
0.666667
0.920833
0.791667
0.795833
0.795833
0.520833
1.083333
0.804167
0.795833
0.795833
0.666667
0.933333
0.791667
0.787500
0.645833
0.937500
0.787500
0.787500
0.666667
0.916667
0.791667
0.787500
0.662500
0.925000
0.795833
0.795833
0.675000
0.925000
0.795833
0.791667
0.754167
0.837500
0.791667
0.787500
0.691667
0.887500
0.783333
0.783333
0.783333
0.670833
0.904167
0.783333
0.787500
0.787500
0.791667
0.787500
0.670833
0.925000
0.791667
0.791667
0.787500
0.666667
0.920833
0.787500
0.787500
0.791667
0.629167
0.954167
0.787500
0.787500
0.787500
0.791667
0.791667
0.650000
0.945833
0.783333
0.787500
0.783333
0.712500
0.854167
0.787500
0.787500
0.783333
0.650000
0.933333
0.787500
0.783333
0.779167
0.783333
0.787500
0.787500
0.787500
0.779167
0.795833
0.783333
0.783333
0.783333
0.787500
0.687500
0.887500
0.783333
0.783333
0.791667
0.587500
1.008333
0.795833
0.795833
0.791667
0.795833
0.804167
0.562500
1.037500
0.800000
0.791667
0.791667
0.791667
0.791667
0.800000
0.716667
0.887500
0.800000
0.795833
0.795833
0.708333
0.883333
0.791667
0.795833
0.795833
0.675000
0.920833
0.787500
0.795833
0.791667
0.687500
0.912500
0.795833
0.795833
0.791667
0.791667
0.795833
0.791667
0.800000
0.687500
0.916667
0.795833
0.795833
0.791667
0.795833
0.795833
0.795833
0.795833
0.791667
0.679167
0.912500
0.800000
0.800000
0.808333
0.666667
0.954167
0.804167
0.800000
0.800000
0.716667
0.891667
0.804167
0.795833
0.795833
0.662500
0.933333
0.795833
0.795833
0.795833
0.675000
0.912500
0.795833
0.791667
0.791667
0.800000
0.795833
0.795833
0.791667
0.791667
0.650000
0.920833
0.791667
0.787500
0.791667
0.575000
1.025000
0.795833
0.795833
0.795833
0.637500
0.975000
0.800000
0.795833
0.795833
0.800000
0.791667
0.795833
0.562500
1.033333
0.795833
0.791667
0.783333
0.787500
0.791667
0.662500
0.920833
0.787500
0.791667
0.783333
0.787500
0.783333
0.791667
0.783333
0.787500
0.779167
0.779167
0.779167
0.783333
0.779167
0.779167
0.779167
0.779167
0.783333
0.783333
0.779167
0.783333
0.783333
0.779167
0.775000
0.775000
0.775000
0.779167
0.775000
0.637500
0.929167
0.779167
0.783333
0.791667
0.787500
0.791667
0.795833
0.620833
0.975000
0.795833
0.791667
0.795833
0.637500
0.950000
0.795833
0.787500
0.791667
0.791667
0.800000
0.791667
0.670833
0.929167
0.791667
0.791667
0.791667
0.662500
0.920833
0.787500
0.787500
0.787500
0.787500
0.791667
0.791667
0.795833
0.795833
0.795833
0.791667
0.683333
0.908333
0.795833
0.795833
0.791667
0.600000
0.991667
0.787500
0.787500
0.791667
0.625000
0.962500
0.791667
0.787500
0.787500
0.783333
0.787500
0.729167
0.845833
0.787500
0.783333
0.650000
0.933333
0.791667
0.791667
0.795833
0.791667
0.791667
0.675000
0.929167
0.800000
0.804167
0.804167
0.800000
0.641667
0.970833
0.804167
0.795833
0.795833
0.791667
0.795833
0.787500
0.550000
1.029167
0.787500
0.783333
0.791667
0.529167
1.050000
0.787500
0.783333
0.783333
0.787500
0.783333
0.787500
0.537500
1.037500
0.791667
0.791667
0.791667
0.800000
0.795833
0.795833
0.800000
0.795833
0.800000
0.800000
0.800000
0.795833
0.795833
0.787500
0.791667
0.787500
0.791667
0.783333
0.787500
0.783333
0.787500
0.783333
0.779167
0.783333
0.775000
0.783333
0.650000
0.916667
0.783333
0.775000
0.779167
0.783333
0.787500
0.783333
0.787500
0.783333
0.779167
0.645833
0.920833
0.787500
0.779167
0.775000
0.725000
0.829167
0.779167
0.779167
0.783333
0.616667
0.941667
0.779167
0.779167
0.779167
0.637500
0.945833
0.787500
0.787500
0.783333
0.683333
0.891667
0.783333
0.783333
0.783333
1.579167
0.787500
0.783333
0.783333
0.783333
0.787500
0.779167
0.783333
0.625000
0.937500
0.783333
0.779167
0.779167
0.779167
0.783333
0.779167
0.779167
0.641667
0.920833
0.779167
0.779167
0.783333
0.562500
1.008333
0.787500
0.783333
0.783333
0.779167
0.608333
0.970833
0.658333
0.345833
0.575000
0.791667
0.783333
0.791667
0.791667
0.787500
0.695833
0.895833
0.800000
0.795833
0.795833
0.625000
0.970833
0.791667
0.791667
0.729167
0.850000
0.787500
0.787500
0.666667
0.920833
0.800000
0.791667
0.637500
0.950000
0.791667
0.787500
0.720833
0.858333
0.787500
0.791667
0.654167
0.933333
0.795833
0.787500
0.704167
0.891667
0.800000
0.795833
0.650000
0.937500
0.787500
0.791667
0.783333
0.616667
0.970833
0.791667
0.791667
0.787500
0.791667
0.791667
0.725000
0.875000
0.795833
0.791667
0.791667
0.670833
0.912500
0.787500
0.787500
0.787500
0.650000
0.920833
0.783333
0.787500
0.779167
0.729167
0.841667
0.787500
0.783333
0.791667
0.783333
0.791667
0.791667
0.791667
0.787500
0.787500
0.787500
0.787500
0.791667
0.791667
0.791667
0.795833
0.791667
0.795833
0.795833
0.800000
0.804167
0.800000
0.795833
0.800000
0.791667
0.795833
0.800000
0.795833
0.787500
0.787500
0.783333
0.787500
0.787500
0.783333
0.791667
0.787500
0.787500
0.787500
0.791667
0.791667
0.787500
0.795833
0.795833
0.791667
0.791667
0.791667
0.791667
0.791667
0.795833
0.795833
0.795833
0.545833
1.050000
0.791667
0.791667
0.783333
0.791667
0.783333
0.783333
0.787500
0.787500
0.783333
0.787500
0.787500
0.662500
0.916667
0.787500
0.779167
0.783333
0.787500
