0.437500
0.575000
0.608333
0.295833
0.516667
0.566667
0.287500
0.350000
0.245833
0.400000
0.362500
0.279167
0.641667
0.804167
0.500000
0.745833
0.500000
0.633333
0.700000
0.583333
0.645833
0.404167
0.650000
0.412500
0.441667
0.270833
0.375000
0.237500
0.404167
0.279167
0.379167
0.675000
0.495833
0.341667
0.287500
0.237500
0.879167
0.583333
0.258333
0.487500
0.754167
0.766667
0.775000
0.475000
0.295833
0.779167
0.783333
0.787500
0.983333
0.312500
0.716667
0.450000
2.225000
0.695833
0.720833
0.683333
0.625000
0.295833
0.458333
1.320833
1.308333
0.562500
0.300000
0.300000
0.312500
1.100000
1.120833
0.458333
0.320833
0.320833
0.450000
0.504167
0.625000
0.720833
0.295833
0.633333
0.216667
0.516667
0.300000
0.300000
1.362500
0.841667
0.795833
0.437500
0.462500
0.879167
0.754167
0.791667
0.700000
0.441667
0.425000
0.425000
0.504167
0.537500
0.620833
0.700000
1.229167
0.245833
0.375000
0.741667
0.487500
0.312500
0.312500
1.037500
0.929167
0.491667
1.229167
0.683333
1.170833
0.741667
1.754167
1.316667
0.370833
0.450000
0.354167
0.741667
0.475000
0.754167
0.504167
0.841667
0.300000
0.312500
1.000000
0.458333
0.783333
0.620833
0.491667
0.133333
0.737500
0.616667
1.133333
0.766667
0.425000
1.050000
1.804167
0.312500
0.637500
0.991667
0.891667
1.258333
0.629167
1.525000
1.125000
0.925000
1.141667
0.900000
0.629167
1.937500
1.816667
1.354167
0.212500
0.316667
1.666667
1.504167
0.333333
0.725000
0.825000
1.162500
0.737500
1.266667
1.933333
0.400000
0.729167
0.150000
1.279167
0.637500
0.637500
0.645833
0.645833
1.275000
1.154167
0.762500
0.645833
1.004167
0.916667
0.504167
0.354167
0.416667
0.245833
0.329167
1.025000
0.937500
0.716667
1.229167
0.645833
0.641667
1.300000
0.479167
0.304167
1.037500
0.625000
0.229167
0.287500
0.916667
0.187500
0.337500
0.608333
0.508333
0.491667
0.470833
1.091667
0.587500
0.995833
0.537500
0.141667
0.712500
0.304167
0.304167
0.154167
0.954167
0.733333
0.516667
1.116667
0.666667
0.475000
0.737500
0.983333
1.754167
0.916667
0.691667
0.137500
2.166667
0.391667
0.491667
0.420833
1.504167
0.425000
0.958333
0.333333
0.925000
1.033333
1.287500
0.637500
0.295833
0.341667
0.300000
0.425000
0.295833
0.908333
0.908333
0.366667
0.287500
0.570833
0.408333
0.629167
1.145833
0.758333
0.375000
0.250000
0.304167
0.975000
0.866667
0.395833
0.408333
0.854167
1.254167
0.645833
0.241667
0.741667
0.287500
0.491667
1.125000
0.737500
0.795833
0.458333
0.795833
1.279167
0.629167
0.720833
0.325000
0.391667
0.462500
1.658333
0.425000
0.445833
0.454167
0.833333
0.416667
1.262500
0.229167
0.258333
1.045833
1.300000
0.637500
0.216667
0.441667
0.658333
0.408333
0.487500
0.408333
0.775000
0.129167
0.379167
0.520833
0.625000
0.775000
0.683333
0.337500
0.566667
0.333333
0.525000
1.383333
1.566667
0.345833
0.625000
0.437500
0.341667
0.583333
0.233333
0.954167
1.041667
0.225000
0.283333
1.000000
0.637500
0.312500
0.408333
0.908333
0.933333
0.387500
0.325000
0.562500
0.445833
0.445833
0.612500
0.412500
0.641667
0.650000
0.366667
0.912500
0.333333
0.308333
1.295833
0.658333
0.654167
0.333333
0.458333
0.829167
0.341667
1.316667
0.212500
0.633333
0.637500
0.341667
1.270833
1.400000
1.158333
0.329167
0.341667
0.270833
0.704167
0.362500
0.654167
1.104167
0.441667
0.150000
0.850000
0.845833
0.516667
1.016667
1.425000
0.329167
0.312500
0.312500
0.966667
1.370833
1.166667
1.095833
0.637500
0.325000
0.945833
1.470833
0.633333
0.441667
0.208333
0.158333
0.470833
0.408333
0.833333
0.804167
0.695833
1.500000
0.858333
0.608333
0.820833
0.775000
1.770833
1.354167
1.545833
0.758333
0.304167
0.429167
1.445833
0.675000
0.466667
0.562500
0.337500
1.362500
1.325000
1.016667
0.291667
0.454167
0.208333
0.404167
0.479167
0.437500
0.629167
0.637500
0.308333
0.420833
0.283333
0.291667
1.079167
0.166667
0.933333
1.000000
0.637500
0.416667
0.233333
0.875000
1.525000
0.437500
0.216667
1.375000
1.316667
1.208333
1.291667
1.279167
2.516667
0.625000
0.625000
1.879167
0.633333
0.629167
0.633333
1.245833
1.245833
0.616667
0.262500
0.354167
0.633333
0.620833
0.620833
1.254167
0.633333
0.633333
1.254167
1.320833
0.550000
0.625000
0.266667
0.358333
1.041667
0.216667
0.745833
0.512500
0.629167
0.620833
0.620833
0.629167
0.616667
0.312500
0.437500
1.129167
0.625000
0.629167
0.625000
0.354167
0.279167
0.637500
0.633333
0.633333
0.625000
0.633333
1.354167
0.520833
0.595833
0.166667
1.116667
1.275000
0.637500
1.262500
0.637500
0.620833
0.750000
0.508333
1.258333
1.262500
0.637500
1.270833
0.633333
0.625000
0.629167
0.237500
0.400000
0.629167
0.625000
0.637500
0.645833
0.258333
1.008333
0.637500
0.641667
0.625000
0.633333
0.704167
1.204167
1.070833
0.216667
0.645833
0.587500
0.691667
0.641667
0.633333
0.562500
0.595833
0.416667
0.241667
0.283333
0.291667
0.291667
0.520833
0.645833
0.645833
0.620833
0.037500
1.295833
0.645833
0.591667
0.520833
0.945833
0.329167
0.329167
0.637500
0.529167
0.808333
1.133333
0.462500
0.291667
0.491667
0.679167
0.737500
0.675000
0.500000
0.637500
0.645833
0.633333
0.337500
0.279167
0.433333
0.354167
0.250000
0.233333
0.645833
0.633333
0.554167
0.608333
0.441667
0.300000
0.391667
0.612500
0.266667
0.629167
0.487500
0.783333
0.633333
0.187500
0.445833
0.520833
0.754167
0.633333
0.633333
0.633333
0.262500
0.375000
0.629167
0.283333
0.341667
1.262500
0.004167
0.270833
0.358333
0.629167
0.316667
0.308333
0.212500
0.412500
0.637500
0.633333
0.629167
0.458333
0.795833
0.191667
0.433333
0.625000
0.625000
0.625000
0.629167
0.400000
0.229167
0.633333
0.904167
0.308333
0.466667
0.620833
0.800000
0.320833
0.462500
0.504167
0.825000
0.329167
0.754167
0.425000
0.583333
0.450000
0.308333
0.745833
0.620833
0.283333
0.350000
0.195833
0.437500
0.300000
0.312500
0.900000
0.600000
0.600000
0.762500
0.312500
0.916667
0.641667
0.979167
1.395833
0.470833
0.362500
0.325000
0.275000
1.025000
0.641667
0.495833
0.150000
0.633333
0.675000
0.408333
0.887500
0.216667
0.437500
0.304167
0.766667
0.854167
1.279167
1.725000
0.616667
0.229167
1.300000
0.466667
0.304167
0.308333
0.741667
0.758333
1.004167
0.925000
0.600000
0.304167
0.375000
0.766667
0.750000
1.550000
1.445833
1.275000
0.641667
1.287500
0.629167
1.691667
0.441667
0.416667
0.458333
0.300000
0.458333
0.466667
1.050000
0.470833
1.004167
0.279167
0.237500
0.233333
0.308333
0.533333
0.370833
0.766667
0.150000
0.504167
0.225000
0.583333
0.650000
1.291667
0.504167
0.304167
0.445833
0.437500
0.225000
0.533333
0.633333
0.741667
0.912500
0.366667
0.604167
0.154167
0.812500
0.320833
0.745833
0.516667
0.337500
0.300000
0.091667
0.662500
0.516667
0.641667
0.629167
0.633333
0.204167
0.429167
0.637500
0.633333
0.637500
0.629167
1.266667
0.645833
0.537500
0.770833
0.654167
0.654167
0.666667
0.437500
0.433333
0.445833
0.295833
1.029167
0.050000
0.604167
0.654167
0.645833
0.362500
0.287500
0.629167
0.670833
0.391667
0.466667
1.083333
0.650000
0.487500
0.212500
0.591667
0.645833
0.770833
0.520833
0.645833
0.645833
0.545833
0.500000
0.312500
0.587500
0.304167
0.345833
0.650000
0.641667
1.016667
0.266667
0.645833
0.329167
0.308333
0.654167
0.662500
0.504167
0.441667
0.425000
0.750000
0.745833
0.750000
0.762500
0.770833
0.216667
0.304167
0.258333
0.783333
0.795833
0.791667
0.791667
0.787500
0.779167
0.775000
0.758333
0.745833
0.879167
0.562500
0.254167
0.441667
0.550000
0.508333
0.300000
0.670833
0.341667
0.329167
1.000000
0.333333
0.658333
0.208333
0.445833
0.566667
0.737500
0.654167
0.658333
0.200000
0.445833
0.650000
0.650000
0.654167
0.654167
0.645833
0.350000
0.295833
0.275000
0.375000
0.650000
0.641667
0.662500
0.275000
0.375000
0.654167
0.641667
0.666667
0.650000
0.475000
0.825000
0.650000
0.654167
0.641667
0.283333
0.366667
0.645833
0.366667
0.283333
0.333333
0.308333
0.654167
0.641667
0.291667
0.350000
0.487500
0.362500
0.220833
0.212500
0.445833
0.608333
0.220833
0.220833
0.429167
0.337500
0.304167
0.654167
0.650000
0.650000
0.637500
0.837500
0.450000
0.641667
0.637500
0.641667
0.650000
0.645833
0.637500
0.637500
0.208333
0.433333
0.637500
0.316667
0.445833
0.525000
0.633333
0.637500
0.637500
0.637500
0.650000
0.641667
0.654167
0.233333
0.416667
0.645833
0.645833
0.641667
0.341667
0.400000
0.275000
0.283333
0.429167
0.445833
0.595833
0.450000
0.304167
0.329167
0.645833
0.637500
0.308333
0.320833
0.291667
0.579167
0.595833
0.445833
0.629167
0.625000
1.025000
0.233333
0.233333
0.295833
0.808333
0.541667
0.300000
0.329167
0.495833
0.254167
0.516667
0.620833
0.208333
0.420833
0.362500
0.287500
0.612500
0.425000
0.550000
0.750000
0.562500
0.495833
0.362500
0.537500
0.670833
0.608333
0.479167
0.995833
1.175000
0.120833
0.225000
0.341667
0.312500
0.216667
0.412500
0.595833
0.483333
0.320833
0.720833
0.541667
0.895833
0.795833
0.979167
0.633333
0.637500
0.625000
0.637500
0.633333
0.637500
0.641667
0.637500
1.262500
0.262500
1.004167
1.258333
1.258333
1.091667
0.629167
2.083333
0.750000
0.412500
1.375000
0.729167
1.170833
0.854167
0.616667
1.079167
0.500000
0.233333
1.808333
0.379167
0.566667
0.958333
0.629167
0.354167
0.345833
1.200000
0.637500
1.266667
0.625000
