0.395833
0.275000
0.600000
0.379167
0.445833
0.541667
0.437500
0.533333
0.383333
0.320833
0.283333
0.437500
0.225000
0.308333
0.408333
0.358333
0.666667
0.270833
0.375000
0.883333
0.387500
0.608333
0.387500
0.604167
0.275000
0.345833
0.366667
0.675000
0.633333
0.641667
0.991667
0.416667
0.283333
0.283333
0.695833
0.279167
0.450000
0.520833
0.466667
0.512500
0.229167
0.445833
0.304167
0.395833
0.583333
0.362500
0.608333
0.125000
0.566667
0.287500
0.462500
0.520833
0.629167
0.354167
0.395833
0.100000
0.483333
0.458333
0.258333
0.275000
0.420833
0.375000
0.195833
0.583333
0.395833
0.591667
0.400000
0.450000
0.533333
0.404167
0.300000
0.283333
0.345833
0.629167
0.466667
0.533333
0.458333
0.216667
0.308333
0.445833
0.212500
0.316667
0.458333
0.295833
0.241667
0.245833
0.395833
0.545833
0.787500
0.637500
0.354167
0.458333
0.237500
0.279167
1.004167
0.450000
0.529167
1.000000
0.237500
0.716667
0.804167
0.220833
0.408333
0.579167
0.391667
0.275000
0.325000
0.383333
0.604167
0.612500
0.383333
0.529167
0.450000
0.262500
0.737500
0.100000
0.879167
1.000000
0.379167
0.612500
0.829167
0.145833
1.008333
0.920833
0.520833
0.529167
0.995833
0.987500
0.995833
0.991667
0.983333
0.575000
0.420833
0.254167
0.733333
0.983333
1.004167
0.987500
0.987500
1.004167
0.975000
0.995833
0.991667
0.995833
0.358333
0.629167
0.987500
0.350000
0.641667
0.991667
0.995833
0.991667
0.395833
0.583333
1.504167
0.479167
0.991667
0.991667
0.979167
0.641667
0.337500
0.983333
1.008333
0.441667
0.533333
0.983333
1.000000
0.500000
0.487500
0.450000
0.550000
0.575000
0.408333
0.991667
1.004167
0.979167
0.995833
1.004167
1.645833
1.737500
0.562500
0.712500
0.266667
1.000000
0.983333
0.995833
0.245833
0.754167
0.366667
0.620833
0.400000
0.600000
0.991667
0.825000
0.179167
0.987500
0.995833
0.983333
0.995833
1.000000
0.262500
0.716667
1.004167
1.000000
1.645833
1.329167
0.991667
0.395833
1.595833
1.662500
0.320833
0.987500
0.987500
0.991667
0.395833
0.200000
0.404167
0.225000
0.770833
0.991667
0.604167
0.379167
0.704167
0.862500
0.441667
0.991667
0.445833
0.566667
0.445833
0.937500
0.887500
0.700000
1.000000
0.995833
0.991667
0.820833
1.437500
0.741667
0.987500
0.987500
0.991667
1.200000
0.304167
0.458333
0.608333
0.370833
0.991667
1.000000
0.437500
0.529167
0.445833
0.287500
0.254167
0.287500
0.695833
0.995833
0.945833
0.483333
0.541667
0.562500
0.420833
0.800000
0.200000
0.404167
0.579167
0.454167
0.537500
0.516667
0.787500
0.687500
0.562500
0.437500
0.979167
0.966667
0.562500
0.433333
1.025000
0.983333
0.995833
0.458333
0.537500
0.741667
1.229167
0.404167
0.587500
0.983333
0.462500
0.537500
0.450000
0.529167
0.541667
0.666667
0.491667
0.291667
0.395833
0.604167
0.591667
0.400000
0.550000
0.441667
0.283333
0.445833
0.266667
0.995833
0.741667
0.254167
0.604167
0.400000
0.983333
0.641667
0.341667
0.575000
0.433333
0.983333
1.008333
0.616667
0.366667
1.000000
0.991667
1.250000
0.745833
0.995833
0.520833
0.466667
0.991667
0.283333
1.158333
0.295833
0.458333
0.770833
0.991667
0.508333
1.470833
0.991667
0.454167
0.537500
0.970833
0.200000
0.808333
0.979167
1.000000
0.987500
0.987500
1.533333
0.450000
0.591667
1.354167
0.458333
0.525000
1.179167
0.791667
0.554167
0.429167
0.987500
0.404167
0.504167
0.583333
0.462500
1.004167
0.687500
0.287500
0.262500
0.716667
0.987500
0.937500
0.983333
1.941667
0.991667
0.366667
0.612500
0.658333
0.508333
0.387500
0.375000
0.595833
0.400000
0.975000
1.175000
0.487500
1.025000
0.233333
0.979167
0.975000
0.458333
0.529167
1.400000
0.537500
0.954167
0.983333
0.979167
0.275000
0.704167
0.387500
0.595833
0.695833
0.300000
0.975000
0.983333
0.816667
1.170833
0.812500
0.166667
1.391667
0.587500
0.662500
0.883333
0.400000
0.516667
0.470833
0.229167
0.787500
0.970833
0.983333
0.570833
0.400000
0.695833
0.583333
0.320833
0.383333
0.983333
0.995833
0.983333
0.570833
0.416667
0.983333
0.212500
0.787500
0.370833
0.616667
0.987500
0.500000
0.945833
0.541667
0.995833
0.987500
0.454167
0.529167
0.695833
0.287500
1.000000
0.670833
0.325000
0.983333
0.441667
1.054167
0.466667
0.995833
0.266667
0.725000
0.987500
0.995833
1.537500
0.445833
0.541667
0.437500
0.995833
1.391667
0.595833
1.533333
0.454167
0.445833
0.537500
0.991667
1.012500
0.975000
0.995833
1.008333
0.983333
0.987500
1.000000
0.987500
0.983333
0.991667
0.987500
0.995833
0.987500
0.991667
1.983333
1.004167
0.983333
0.995833
0.987500
1.000000
0.987500
0.995833
0.683333
1.304167
0.995833
0.712500
0.270833
0.991667
1.000000
0.295833
0.712500
0.445833
0.529167
0.645833
0.362500
1.000000
0.995833
0.991667
0.987500
1.000000
0.979167
0.995833
0.741667
1.654167
0.579167
1.000000
0.987500
0.270833
0.716667
0.995833
0.995833
0.979167
1.662500
0.316667
0.554167
0.441667
0.987500
0.995833
0.987500
0.570833
0.420833
0.462500
0.533333
0.995833
0.987500
0.508333
0.475000
1.004167
0.316667
0.679167
0.450000
0.537500
0.987500
0.279167
0.704167
0.545833
0.445833
0.983333
0.987500
0.983333
0.458333
0.533333
0.595833
0.387500
0.600000
0.395833
0.312500
0.670833
1.000000
0.987500
0.979167
1.000000
0.983333
0.987500
1.008333
0.395833
0.575000
0.991667
0.991667
0.983333
0.995833
0.991667
0.987500
0.983333
0.991667
1.004167
0.991667
0.987500
0.675000
1.304167
0.987500
0.987500
0.983333
0.991667
0.987500
0.987500
1.000000
0.983333
0.670833
1.279167
0.991667
0.995833
0.462500
0.529167
0.966667
0.979167
0.970833
0.979167
0.970833
0.983333
1.962500
0.679167
1.275000
1.454167
1.512500
0.966667
1.954167
1.958333
0.979167
0.983333
0.979167
0.987500
1.666667
0.312500
0.983333
0.987500
0.983333
0.979167
1.000000
0.975000
0.462500
0.525000
0.995833
0.987500
0.979167
0.975000
0.987500
0.991667
1.975000
0.983333
0.991667
1.970833
0.995833
0.979167
0.983333
1.704167
0.287500
0.987500
0.991667
1.004167
0.983333
0.987500
0.712500
0.279167
0.991667
0.995833
0.995833
0.995833
0.991667
0.987500
0.995833
0.570833
0.425000
0.595833
0.387500
1.000000
0.995833
0.979167
0.987500
0.983333
0.595833
0.387500
0.987500
0.520833
0.466667
1.350000
1.608333
0.954167
1.008333
1.641667
0.312500
0.458333
0.537500
0.995833
0.970833
0.954167
0.487500
0.533333
0.995833
1.004167
0.975000
0.983333
0.991667
0.579167
0.408333
0.987500
0.991667
0.987500
0.987500
1.020833
0.545833
0.400000
0.995833
0.987500
0.987500
0.991667
0.245833
0.741667
0.987500
0.991667
0.995833
0.983333
0.991667
0.983333
0.991667
0.987500
0.987500
0.991667
0.995833
0.983333
0.975000
1.008333
0.987500
0.437500
0.558333
0.991667
1.008333
0.433333
0.550000
1.000000
0.983333
1.025000
0.258333
0.395833
1.308333
0.983333
0.983333
0.991667
0.983333
0.991667
0.979167
0.975000
0.979167
1.537500
0.425000
0.295833
0.679167
0.975000
0.983333
0.987500
0.987500
0.966667
0.987500
1.300000
0.662500
0.983333
0.975000
1.962500
0.979167
0.970833
0.970833
1.975000
0.970833
0.975000
0.975000
0.716667
1.258333
0.983333
0.979167
0.987500
0.683333
0.329167
0.925000
0.995833
0.966667
0.983333
1.933333
0.991667
1.462500
0.487500
0.958333
0.275000
1.670833
0.966667
0.704167
1.241667
0.987500
0.975000
0.962500
0.970833
0.966667
0.987500
0.958333
0.987500
0.958333
0.970833
0.970833
0.970833
1.662500
1.266667
0.454167
0.533333
0.983333
0.591667
1.358333
0.366667
0.600000
0.979167
1.654167
0.304167
0.945833
0.975000
0.970833
0.979167
1.512500
0.437500
0.970833
0.970833
0.445833
0.270833
0.995833
1.220833
1.654167
0.308333
0.512500
0.470833
1.000000
0.445833
0.529167
0.975000
0.987500
0.687500
0.295833
0.450000
