0.420833
0.416667
0.537500
0.525000
0.500000
0.645833
0.950000
0.891667
0.429167
0.404167
0.575000
0.458333
0.433333
0.479167
1.054167
1.104167
0.325000
0.925000
0.533333
0.466667
0.550000
0.466667
0.337500
1.095833
0.433333
0.450000
0.925000
0.454167
0.570833
0.454167
1.145833
0.275000
0.445833
0.412500
0.437500
0.454167
0.375000
0.420833
0.383333
0.533333
0.925000
0.816667
0.212500
0.470833
0.383333
0.395833
0.462500
0.533333
0.462500
0.600000
1.033333
0.504167
0.487500
0.437500
0.204167
1.012500
0.516667
1.237500
0.616667
0.470833
0.625000
0.433333
0.604167
0.483333
1.133333
0.266667
0.595833
0.458333
0.620833
0.608333
1.008333
0.500000
0.945833
0.500000
0.554167
1.033333
0.958333
1.225000
0.870833
0.237500
0.545833
0.520833
0.370833
0.362500
0.483333
0.379167
1.608333
0.487500
0.475000
0.404167
0.454167
0.433333
0.420833
0.441667
0.454167
1.041667
0.266667
0.433333
0.383333
0.354167
0.500000
0.508333
0.379167
0.383333
1.075000
0.266667
0.420833
0.470833
0.483333
0.470833
0.600000
0.562500
1.087500
0.237500
0.391667
0.412500
0.420833
0.429167
0.441667
0.408333
0.308333
0.754167
0.345833
0.475000
0.475000
0.491667
0.537500
0.462500
0.612500
0.495833
1.112500
0.212500
0.608333
0.462500
0.575000
0.445833
0.541667
0.454167
0.991667
0.608333
0.620833
0.583333
0.479167
0.391667
0.395833
0.670833
0.804167
0.595833
0.454167
0.370833
0.583333
0.395833
1.025000
0.691667
0.554167
0.445833
0.429167
0.412500
0.454167
0.433333
0.508333
0.720833
0.741667
0.491667
0.525000
0.450000
0.341667
0.645833
0.375000
1.237500
0.295833
0.408333
0.575000
0.433333
0.395833
0.537500
1.058333
1.033333
0.566667
0.504167
0.625000
0.504167
0.400000
1.691667
0.600000
0.495833
0.408333
0.779167
0.520833
0.641667
0.462500
1.175000
0.808333
0.808333
0.500000
1.270833
0.345833
0.475000
0.600000
0.458333
0.479167
0.483333
0.645833
0.504167
0.308333
0.766667
0.558333
0.600000
0.491667
0.641667
0.466667
0.395833
1.120833
0.820833
0.579167
0.454167
0.650000
0.462500
0.400000
0.800000
0.245833
0.445833
0.454167
0.650000
0.725000
0.470833
0.600000
0.908333
1.016667
0.487500
0.650000
0.450000
0.370833
1.783333
1.245833
0.875000
0.379167
1.204167
1.358333
1.150000
1.783333
0.379167
0.404167
0.570833
0.429167
0.800000
1.137500
0.608333
0.370833
0.629167
0.283333
0.450000
0.445833
0.450000
1.654167
0.775000
1.108333
1.012500
1.254167
0.325000
0.412500
0.929167
0.704167
0.591667
0.770833
0.754167
0.554167
1.070833
0.675000
0.816667
1.545833
0.495833
0.466667
0.500000
0.508333
1.166667
0.270833
0.487500
0.462500
0.445833
0.600000
0.462500
1.141667
0.741667
0.483333
0.566667
0.445833
0.616667
0.575000
0.575000
0.666667
0.700000
0.329167
0.512500
0.595833
1.612500
1.125000
0.408333
0.404167
0.504167
0.404167
1.408333
0.729167
0.366667
1.200000
0.766667
0.412500
0.500000
1.120833
0.733333
0.370833
0.879167
0.770833
0.666667
0.291667
0.695833
0.620833
0.533333
0.516667
0.450000
0.937500
0.883333
0.437500
0.395833
0.458333
0.420833
0.387500
0.400000
0.433333
1.108333
0.654167
0.433333
0.654167
0.341667
0.908333
0.895833
0.387500
0.529167
1.145833
0.325000
0.504167
0.441667
0.366667
1.041667
1.037500
0.416667
0.491667
0.391667
0.533333
0.408333
0.845833
0.804167
0.395833
0.795833
0.866667
0.491667
0.370833
0.870833
0.675000
0.687500
0.795833
0.854167
0.537500
0.466667
1.233333
0.504167
0.304167
0.600000
0.620833
0.470833
1.158333
1.133333
1.012500
0.416667
1.254167
0.429167
0.591667
0.608333
1.125000
0.425000
0.966667
0.475000
0.425000
0.441667
0.512500
0.266667
0.850000
0.929167
0.379167
1.133333
0.683333
1.150000
0.658333
1.254167
0.437500
0.541667
0.554167
1.533333
1.104167
1.050000
1.683333
1.033333
0.395833
0.458333
1.312500
0.416667
0.725000
0.233333
0.495833
1.070833
0.745833
0.629167
0.937500
0.408333
0.716667
0.925000
0.545833
0.462500
0.383333
0.395833
0.475000
0.475000
1.016667
1.095833
0.425000
0.554167
0.458333
0.466667
0.441667
0.954167
0.637500
0.516667
0.429167
0.445833
0.400000
0.520833
0.495833
0.966667
0.450000
0.512500
0.333333
0.808333
0.704167
0.291667
1.133333
0.737500
0.475000
0.466667
0.483333
0.462500
0.575000
0.516667
1.420833
0.470833
0.450000
0.479167
0.454167
0.483333
0.595833
0.483333
0.562500
1.016667
0.479167
0.470833
0.462500
0.512500
0.487500
0.512500
0.495833
1.091667
0.941667
0.458333
0.316667
0.491667
0.479167
0.495833
0.550000
0.479167
1.275000
0.316667
0.495833
0.462500
0.566667
0.525000
0.479167
0.608333
0.925000
0.800000
0.487500
0.458333
0.625000
0.679167
0.466667
1.091667
0.808333
0.470833
0.475000
0.470833
0.483333
0.425000
0.570833
1.037500
0.625000
0.637500
0.495833
0.475000
1.066667
1.400000
0.329167
0.462500
0.470833
0.466667
0.883333
0.979167
0.441667
0.475000
0.904167
0.466667
0.462500
0.508333
0.566667
0.483333
0.491667
0.466667
1.083333
0.325000
0.466667
0.537500
0.445833
0.575000
1.141667
0.462500
0.333333
0.475000
0.466667
0.929167
0.466667
0.479167
0.429167
1.054167
0.283333
0.620833
0.466667
0.320833
0.937500
0.537500
0.437500
0.733333
0.537500
0.608333
0.491667
1.112500
0.316667
1.095833
0.462500
0.466667
0.933333
0.654167
0.579167
0.500000
0.425000
1.270833
0.287500
0.483333
0.641667
0.679167
0.516667
1.141667
0.295833
0.483333
0.487500
0.558333
0.779167
0.400000
0.475000
0.620833
0.320833
0.462500
0.470833
1.075000
0.300000
0.487500
0.475000
0.466667
0.479167
0.470833
0.654167
0.366667
0.520833
0.670833
0.312500
0.625000
0.325000
0.475000
0.479167
1.112500
0.279167
0.529167
0.320833
0.741667
0.504167
0.479167
0.625000
0.454167
0.454167
0.879167
0.483333
0.483333
0.629167
0.341667
0.479167
0.566667
1.008333
0.475000
0.616667
0.470833
0.325000
0.520833
0.741667
0.829167
0.500000
0.495833
0.554167
0.520833
0.487500
1.112500
0.795833
0.554167
0.537500
0.520833
0.979167
1.404167
0.354167
0.612500
0.491667
1.095833
0.329167
1.145833
0.250000
0.395833
0.466667
0.554167
0.425000
0.591667
0.516667
0.520833
1.233333
0.420833
0.462500
0.458333
0.612500
0.491667
0.416667
0.629167
0.475000
0.950000
0.954167
0.312500
0.637500
0.312500
0.500000
0.429167
0.400000
1.062500
1.091667
0.362500
0.437500
0.395833
0.600000
0.462500
0.366667
0.475000
1.941667
0.537500
0.454167
0.387500
0.441667
0.512500
1.670833
1.000000
0.429167
0.466667
0.595833
0.558333
1.383333
0.887500
1.266667
0.854167
0.795833
1.516667
0.287500
0.366667
0.433333
0.354167
0.516667
0.587500
1.383333
0.591667
0.787500
0.562500
0.650000
1.337500
0.466667
0.445833
0.475000
0.875000
0.462500
0.462500
0.416667
1.020833
0.354167
0.445833
0.479167
0.437500
0.450000
1.095833
0.679167
0.837500
1.179167
1.195833
0.200000
1.266667
0.875000
1.541667
0.508333
0.854167
0.391667
0.720833
1.541667
0.595833
0.775000
0.512500
0.995833
1.275000
0.729167
0.416667
0.345833
0.508333
0.500000
0.408333
1.095833
0.816667
0.612500
0.491667
0.583333
0.491667
1.229167
0.366667
0.520833
0.908333
0.941667
0.575000
1.079167
0.587500
0.579167
0.458333
0.437500
0.591667
0.470833
0.462500
0.725000
0.870833
0.683333
1.041667
0.200000
0.962500
0.358333
0.433333
0.475000
0.550000
0.475000
0.458333
1.816667
0.425000
0.437500
0.470833
0.400000
0.441667
0.445833
0.433333
1.091667
0.262500
0.475000
0.408333
0.462500
0.466667
0.416667
0.650000
0.616667
1.129167
0.312500
1.225000
1.258333
0.425000
0.362500
0.541667
0.454167
0.870833
2.137500
0.783333
0.387500
1.954167
1.125000
1.008333
0.404167
0.487500
0.416667
0.587500
0.837500
1.183333
1.029167
0.845833
1.200000
0.633333
0.737500
0.812500
0.679167
1.291667
0.333333
0.475000
0.370833
0.383333
0.962500
0.437500
0.345833
0.458333
0.745833
0.429167
0.333333
0.795833
0.675000
0.237500
1.004167
0.408333
0.370833
0.533333
0.833333
0.945833
0.437500
0.545833
0.591667
1.020833
1.000000
0.420833
0.370833
0.520833
0.487500
1.145833
0.429167
1.733333
0.433333
0.887500
1.183333
0.445833
0.345833
0.558333
0.358333
0.466667
0.454167
0.558333
0.383333
0.887500
1.279167
0.395833
0.420833
0.404167
0.454167
0.412500
0.429167
1.120833
0.737500
0.445833
0.458333
0.450000
0.470833
0.450000
0.600000
1.095833
0.491667
0.454167
0.458333
0.400000
0.558333
0.462500
0.600000
1.291667
0.270833
0.495833
0.525000
0.462500
0.458333
0.437500
0.604167
0.475000
0.704167
0.287500
0.533333
0.537500
0.641667
0.462500
0.612500
0.991667
0.591667
0.433333
0.583333
0.475000
0.537500
0.633333
1.941667
0.479167
0.491667
0.829167
0.525000
0.495833
0.466667
1.175000
0.741667
0.554167
0.575000
0.429167
0.416667
0.575000
0.445833
0.620833
1.233333
0.254167
0.391667
0.437500
0.425000
0.583333
0.641667
0.625000
0.600000
1.141667
0.412500
0.395833
0.404167
0.341667
0.458333
0.737500
1.375000
1.058333
0.412500
0.895833
0.483333
0.529167
0.512500
0.470833
1.316667
1.020833
0.920833
0.429167
0.529167
1.237500
1.062500
0.783333
0.858333
0.416667
1.983333
1.029167
1.000000
0.395833
0.516667
0.404167
0.445833
1.387500
0.504167
0.350000
0.475000
0.500000
0.750000
1.025000
0.491667
0.408333
0.437500
0.400000
1.787500
0.850000
0.458333
