0.720833
0.650000
0.658333
0.654167
0.487500
0.783333
0.654167
0.650000
0.425000
0.866667
0.470833
0.820833
0.595833
0.691667
0.658333
0.645833
0.650000
0.654167
0.654167
0.658333
0.654167
0.533333
0.720833
0.425000
0.900000
0.450000
0.770833
0.708333
0.658333
0.658333
0.520833
0.729167
0.650000
0.654167
0.654167
0.587500
0.695833
0.654167
0.641667
0.650000
1.308333
0.654167
0.650000
0.441667
0.854167
0.475000
0.750000
0.712500
0.654167
0.650000
0.654167
0.575000
0.704167
0.654167
0.645833
0.650000
0.654167
0.470833
0.833333
1.300000
0.654167
0.650000
0.429167
0.829167
1.300000
0.650000
0.616667
0.433333
0.900000
0.458333
0.837500
0.654167
0.650000
0.650000
0.608333
0.670833
0.650000
0.654167
0.650000
0.445833
0.858333
0.479167
0.783333
0.658333
0.654167
0.654167
0.545833
0.712500
0.658333
0.654167
0.504167
0.733333
0.662500
0.658333
0.662500
0.483333
0.800000
0.658333
0.658333
0.650000
0.550000
0.733333
0.666667
0.662500
0.654167
0.491667
0.812500
0.662500
0.658333
0.658333
0.604167
0.691667
0.662500
0.662500
0.583333
0.708333
0.658333
0.662500
0.662500
0.475000
0.854167
0.654167
0.658333
0.545833
0.716667
0.450000
0.887500
0.466667
0.804167
0.679167
0.658333
0.658333
0.512500
0.737500
0.666667
0.658333
0.475000
0.841667
0.658333
0.662500
0.650000
0.562500
0.708333
0.662500
0.662500
0.533333
0.725000
0.666667
0.662500
0.662500
0.475000
0.800000
0.658333
0.658333
0.662500
0.662500
0.479167
0.837500
0.654167
0.658333
0.666667
0.662500
0.483333
0.750000
0.712500
0.666667
0.662500
0.662500
0.591667
0.700000
0.658333
0.662500
0.487500
0.791667
0.670833
0.658333
0.658333
0.579167
0.720833
0.670833
0.487500
0.820833
0.491667
0.837500
0.666667
0.658333
0.575000
0.712500
0.662500
0.658333
0.470833
0.850000
0.491667
0.825000
0.666667
0.550000
0.729167
0.662500
0.658333
0.658333
0.570833
0.720833
0.670833
0.662500
0.479167
0.837500
0.666667
0.666667
0.629167
0.675000
0.504167
0.820833
0.508333
0.741667
0.483333
0.854167
0.504167
0.708333
0.737500
0.670833
0.662500
0.658333
0.595833
0.700000
0.662500
0.666667
0.500000
0.812500
0.541667
0.779167
0.570833
0.720833
1.320833
0.666667
0.637500
0.687500
0.666667
0.658333
0.512500
0.754167
0.683333
0.675000
0.470833
0.725000
0.754167
0.683333
0.675000
0.666667
0.537500
0.741667
0.675000
0.670833
0.666667
0.604167
0.700000
0.670833
0.437500
0.900000
0.462500
0.875000
1.329167
0.541667
0.737500
0.525000
0.812500
0.662500
0.545833
0.741667
0.679167
0.670833
0.487500
0.758333
0.720833
0.670833
0.670833
0.662500
0.500000
0.829167
0.666667
0.662500
0.612500
0.691667
1.337500
0.512500
0.745833
0.487500
0.854167
1.220833
0.745833
0.666667
0.666667
0.666667
0.570833
0.720833
0.654167
0.662500
0.533333
0.737500
0.441667
0.895833
0.462500
0.766667
0.720833
0.670833
0.666667
0.658333
0.625000
0.687500
0.670833
0.666667
1.312500
0.675000
0.666667
0.666667
0.541667
0.733333
0.666667
0.666667
0.545833
0.741667
0.679167
0.670833
0.504167
0.708333
0.750000
0.675000
0.675000
0.662500
0.566667
0.733333
0.675000
0.675000
0.483333
0.733333
0.737500
0.675000
0.670833
0.670833
0.483333
0.850000
0.670833
0.670833
0.575000
0.729167
0.666667
0.670833
0.675000
0.579167
0.729167
0.675000
0.662500
1.279167
0.683333
0.670833
0.666667
0.541667
0.741667
0.683333
0.675000
0.666667
0.537500
0.737500
0.679167
0.675000
0.479167
0.812500
0.695833
0.675000
0.675000
0.670833
0.479167
0.862500
0.675000
0.670833
0.550000
0.745833
0.675000
0.666667
0.670833
0.587500
0.720833
0.675000
0.666667
0.475000
0.850000
0.670833
0.666667
0.666667
0.537500
0.737500
0.679167
0.670833
0.466667
0.787500
0.716667
0.670833
0.670833
0.670833
0.670833
0.666667
0.666667
0.666667
0.475000
0.808333
0.683333
0.666667
0.666667
0.587500
0.729167
0.679167
0.675000
0.666667
0.479167
0.866667
0.679167
0.670833
0.525000
0.754167
0.683333
0.675000
0.670833
0.541667
0.737500
0.683333
0.675000
0.466667
0.816667
0.712500
0.666667
0.670833
0.675000
0.600000
0.716667
0.670833
0.658333
0.475000
0.862500
0.491667
0.841667
0.629167
0.679167
0.437500
0.904167
0.454167
0.812500
0.666667
0.670833
0.670833
0.545833
0.737500
0.670833
0.670833
0.662500
0.562500
0.733333
0.675000
0.675000
0.487500
0.762500
0.725000
0.679167
0.675000
0.670833
0.670833
0.666667
0.675000
0.670833
0.454167
0.850000
0.529167
0.816667
0.670833
0.562500
0.733333
0.679167
0.658333
0.666667
0.670833
0.670833
0.437500
0.891667
0.479167
0.845833
0.666667
0.529167
0.741667
0.670833
0.670833
0.475000
0.775000
0.716667
0.675000
0.658333
0.662500
0.670833
0.670833
0.445833
0.791667
0.641667
0.737500
0.679167
0.670833
0.475000
0.770833
0.712500
0.670833
0.666667
0.666667
0.491667
0.825000
0.662500
0.666667
0.666667
0.666667
0.500000
0.704167
0.737500
0.666667
0.666667
0.666667
0.658333
0.666667
0.666667
0.666667
0.554167
0.733333
0.525000
0.808333
0.675000
0.666667
0.437500
0.900000
0.458333
0.741667
0.741667
0.675000
0.666667
0.662500
0.583333
0.716667
0.670833
0.666667
0.504167
0.750000
0.679167
0.675000
0.429167
0.804167
0.737500
0.666667
0.670833
0.520833
0.750000
0.687500
0.670833
0.483333
0.725000
0.745833
0.679167
0.670833
0.658333
0.575000
0.725000
0.670833
0.670833
0.483333
0.829167
0.666667
0.662500
0.429167
0.837500
0.525000
0.833333
0.666667
0.658333
0.662500
0.666667
0.504167
0.812500
0.666667
0.666667
0.666667
0.625000
0.687500
0.670833
0.670833
0.670833
0.645833
0.683333
0.512500
0.825000
0.583333
0.725000
0.529167
0.812500
0.670833
0.633333
0.445833
0.933333
0.445833
0.883333
0.675000
0.675000
0.670833
0.583333
0.720833
0.679167
0.675000
0.675000
0.645833
0.691667
0.666667
0.666667
0.516667
0.754167
0.687500
0.675000
0.666667
0.591667
0.725000
0.683333
0.466667
0.875000
0.500000
0.841667
0.675000
0.675000
0.516667
0.745833
0.683333
0.679167
0.429167
0.820833
0.733333
0.675000
0.675000
0.675000
0.641667
0.691667
0.516667
0.816667
0.525000
0.750000
0.495833
0.858333
0.666667
0.579167
0.729167
0.679167
0.675000
0.666667
0.666667
0.675000
0.458333
0.887500
0.487500
0.845833
0.670833
0.675000
0.670833
0.675000
0.491667
0.845833
0.537500
0.750000
0.487500
0.866667
0.537500
0.687500
0.737500
0.675000
0.670833
0.666667
0.641667
0.683333
0.670833
0.675000
0.520833
0.750000
1.354167
0.558333
0.700000
0.733333
0.670833
0.675000
0.520833
0.758333
0.687500
0.679167
0.487500
0.754167
0.750000
0.687500
0.683333
0.679167
0.566667
0.750000
0.687500
0.683333
0.479167
0.841667
0.550000
0.825000
0.675000
0.516667
0.750000
0.679167
0.679167
0.670833
0.583333
0.729167
0.554167
0.787500
0.670833
0.633333
0.454167
0.920833
1.337500
0.670833
0.675000
0.433333
0.904167
0.470833
0.854167
0.670833
0.666667
0.666667
0.654167
0.537500
0.795833
0.541667
0.741667
0.516667
0.825000
0.675000
0.666667
0.433333
0.916667
0.462500
0.737500
0.754167
0.683333
0.679167
0.675000
0.575000
0.733333
0.683333
0.675000
1.270833
0.675000
0.679167
0.433333
0.829167
0.737500
0.675000
0.670833
0.675000
0.466667
0.879167
0.500000
0.833333
0.670833
0.675000
0.675000
0.533333
0.745833
0.679167
0.483333
0.862500
0.495833
0.820833
0.662500
0.670833
0.437500
0.900000
0.470833
0.870833
0.658333
0.670833
0.670833
0.675000
0.504167
0.704167
0.750000
0.679167
0.679167
0.675000
0.595833
0.716667
0.675000
0.675000
0.545833
0.750000
0.420833
0.937500
0.462500
0.887500
0.675000
0.679167
0.666667
0.666667
0.512500
0.837500
0.675000
0.620833
0.700000
0.679167
0.491667
0.712500
0.762500
0.683333
0.675000
0.679167
0.612500
0.725000
0.679167
0.670833
0.675000
0.679167
0.433333
0.929167
0.454167
0.820833
0.691667
0.679167
0.679167
0.583333
0.729167
0.683333
0.683333
0.675000
0.483333
0.858333
0.670833
0.675000
0.533333
0.750000
0.687500
0.675000
0.441667
0.862500
0.508333
0.879167
0.679167
0.666667
0.654167
0.691667
0.495833
0.858333
0.525000
0.750000
0.500000
0.866667
0.533333
0.754167
0.708333
0.679167
0.675000
0.512500
0.754167
0.687500
0.666667
0.508333
0.754167
0.729167
0.675000
0.670833
0.670833
0.666667
0.675000
0.491667
0.850000
0.579167
0.720833
0.675000
0.675000
0.450000
0.887500
1.337500
0.675000
0.625000
0.445833
0.933333
0.504167
0.833333
0.675000
0.675000
0.675000
0.662500
0.575000
0.737500
0.679167
0.675000
0.454167
0.887500
0.516667
0.829167
0.670833
0.575000
0.725000
0.675000
0.675000
0.512500
0.758333
0.416667
0.950000
0.483333
0.804167
0.716667
0.679167
0.666667
0.670833
0.675000
0.675000
0.487500
0.854167
0.600000
0.708333
0.425000
0.933333
1.266667
0.679167
0.675000
0.675000
0.616667
0.712500
0.675000
0.675000
0.520833
