0.945833
1.091667
0.945833
0.995833
0.987500
1.020833
1.029167
1.029167
1.020833
0.979167
1.004167
1.020833
1.025000
1.037500
1.037500
1.033333
1.000000
1.020833
1.029167
0.712500
0.300000
0.358333
0.350000
0.154167
0.533333
0.083333
0.504167
0.587500
0.650000
0.145833
0.625000
0.695833
0.312500
0.258333
0.545833
0.687500
0.441667
0.133333
0.866667
0.595833
0.400000
0.350000
0.583333
0.662500
0.200000
0.462500
0.345833
0.345833
0.466667
0.375000
0.495833
0.566667
0.650000
0.245833
0.500000
0.295833
0.925000
0.908333
0.920833
0.945833
0.904167
0.912500
0.970833
1.000000
1.037500
1.054167
1.062500
0.966667
1.012500
1.083333
0.979167
1.108333
0.962500
1.116667
0.958333
1.116667
0.933333
1.012500
1.041667
1.045833
1.045833
1.037500
1.004167
0.237500
0.350000
0.266667
0.354167
0.412500
0.520833
0.254167
0.291667
0.200000
0.295833
0.725000
0.091667
0.350000
0.333333
0.279167
0.983333
0.383333
0.625000
0.633333
0.366667
0.958333
0.962500
0.970833
1.004167
1.012500
1.000000
0.979167
0.966667
0.983333
1.079167
1.000000
1.091667
0.941667
0.979167
1.012500
1.025000
1.029167
1.020833
1.020833
0.983333
1.004167
1.029167
1.037500
1.120833
0.954167
0.983333
1.020833
1.016667
1.333333
0.237500
0.616667
0.791667
0.425000
0.554167
0.904167
0.916667
0.941667
0.345833
0.591667
0.870833
0.275000
0.645833
0.908333
0.958333
0.954167
0.437500
0.420833
0.737500
0.516667
0.545833
0.391667
0.216667
1.158333
0.691667
0.383333
0.941667
0.962500
0.912500
1.175000
0.729167
0.975000
0.966667
0.979167
0.908333
0.937500
1.012500
0.900000
0.962500
0.962500
1.308333
0.708333
0.187500
0.379167
0.508333
0.616667
0.375000
0.420833
1.033333
0.550000
1.104167
0.225000
0.925000
0.908333
0.908333
1.841667
0.933333
0.275000
0.654167
0.920833
0.929167
0.929167
0.933333
1.245833
0.320833
0.333333
0.750000
1.204167
0.491667
0.345833
0.954167
0.508333
0.195833
0.779167
1.300000
1.066667
0.979167
0.858333
1.904167
0.962500
0.954167
0.945833
0.987500
0.950000
0.975000
0.991667
0.350000
0.616667
0.983333
0.975000
1.950000
0.945833
0.937500
1.025000
0.370833
0.500000
0.512500
0.400000
0.920833
0.925000
0.920833
0.929167
0.195833
0.725000
0.904167
0.591667
1.258333
0.925000
1.016667
0.458333
0.337500
0.908333
0.908333
1.491667
0.325000
0.879167
0.716667
1.050000
1.000000
0.804167
1.841667
0.983333
1.620833
0.212500
0.937500
1.412500
0.441667
0.933333
0.950000
0.941667
0.362500
0.600000
1.666667
0.225000
0.916667
0.429167
0.420833
0.408333
1.270833
0.229167
0.920833
0.920833
0.958333
0.945833
0.954167
0.954167
0.545833
0.362500
0.412500
0.470833
0.941667
0.937500
0.929167
0.895833
0.941667
0.966667
0.975000
0.983333
1.000000
0.991667
1.016667
0.262500
0.716667
0.487500
0.650000
0.762500
0.345833
0.591667
0.941667
0.958333
0.958333
0.945833
0.937500
0.900000
0.625000
0.304167
0.929167
0.937500
0.950000
0.970833
0.700000
0.270833
1.404167
0.495833
0.429167
0.500000
0.929167
0.750000
1.108333
0.954167
0.945833
0.933333
0.937500
0.941667
0.216667
0.691667
0.904167
0.900000
0.891667
0.479167
0.433333
0.929167
0.937500
0.937500
0.945833
0.962500
0.941667
0.962500
0.983333
0.970833
0.600000
0.362500
0.950000
0.962500
0.370833
0.558333
0.670833
0.254167
0.300000
0.625000
0.937500
0.775000
1.125000
0.954167
0.937500
0.929167
0.925000
1.008333
0.158333
1.600000
0.962500
0.683333
0.258333
0.325000
0.608333
0.925000
0.916667
0.904167
0.925000
0.391667
0.541667
0.500000
1.366667
1.612500
0.237500
0.687500
0.254167
0.937500
0.937500
0.666667
0.262500
0.700000
0.250000
0.920833
0.891667
0.920833
0.558333
0.354167
0.916667
0.895833
0.916667
0.920833
0.929167
0.929167
0.291667
0.645833
0.920833
0.908333
1.054167
0.804167
0.925000
0.895833
0.912500
0.904167
0.929167
0.920833
0.670833
0.254167
0.250000
0.670833
0.920833
0.912500
0.916667
1.437500
0.800000
0.512500
0.620833
0.266667
0.525000
0.383333
0.587500
0.325000
0.908333
0.908333
1.037500
0.758333
0.916667
0.920833
0.912500
0.916667
0.925000
0.462500
0.475000
0.937500
0.933333
0.916667
0.279167
0.641667
1.112500
0.858333
0.983333
0.954167
0.954167
0.937500
0.287500
0.666667
0.937500
0.937500
0.962500
0.962500
0.362500
0.620833
0.554167
0.395833
0.958333
0.962500
0.945833
0.958333
1.325000
0.550000
0.937500
0.312500
0.462500
0.133333
0.220833
0.395833
0.216667
0.620833
0.491667
0.425000
0.512500
0.587500
0.325000
1.033333
0.420833
0.250000
1.087500
0.500000
0.450000
0.625000
0.304167
0.887500
0.916667
0.937500
0.887500
0.487500
0.408333
0.520833
0.404167
0.908333
0.941667
0.220833
0.687500
0.895833
0.945833
0.945833
0.662500
0.291667
0.300000
0.625000
0.933333
0.950000
0.945833
1.958333
0.979167
0.983333
0.962500
1.887500
0.954167
2.275000
0.587500
0.800000
0.616667
0.395833
0.887500
0.691667
0.191667
0.570833
0.337500
0.933333
0.391667
0.537500
0.920833
0.441667
0.208333
0.191667
0.383333
0.200000
0.770833
0.408333
0.208333
0.845833
0.395833
0.533333
0.275000
0.650000
0.916667
0.375000
0.529167
0.462500
0.429167
0.937500
0.741667
0.200000
0.970833
0.891667
0.775000
0.770833
0.325000
0.916667
1.229167
0.637500
0.958333
0.975000
1.387500
0.645833
0.804167
1.858333
0.929167
0.925000
0.904167
0.220833
0.662500
0.329167
0.425000
1.020833
0.354167
0.541667
0.904167
0.908333
0.891667
0.925000
0.916667
0.933333
0.270833
0.591667
0.745833
0.258333
0.400000
0.533333
0.929167
0.920833
0.262500
0.362500
0.254167
0.900000
0.908333
0.908333
0.908333
0.879167
1.633333
0.237500
0.987500
0.091667
0.654167
0.887500
0.300000
0.608333
0.870833
0.904167
0.929167
0.920833
0.433333
0.508333
0.941667
0.925000
0.937500
0.920833
0.916667
0.916667
1.379167
0.500000
0.350000
0.262500
0.966667
0.266667
1.237500
0.300000
0.758333
0.479167
0.737500
0.187500
0.904167
0.920833
0.475000
0.775000
0.645833
0.954167
0.975000
0.950000
0.941667
0.741667
0.208333
0.933333
0.912500
0.475000
0.454167
0.700000
0.308333
0.125000
0.745833
0.941667
0.941667
0.933333
1.266667
0.616667
1.416667
1.404167
0.941667
0.937500
0.258333
0.845833
0.812500
0.095833
0.333333
0.358333
0.845833
0.358333
0.104167
0.470833
0.900000
0.858333
0.908333
0.908333
0.904167
0.900000
0.912500
0.925000
0.575000
0.233333
1.070833
0.933333
0.933333
0.908333
0.908333
0.554167
0.316667
0.937500
0.904167
0.379167
0.487500
0.870833
0.904167
0.920833
0.916667
0.900000
0.916667
0.933333
0.945833
0.941667
0.945833
0.945833
0.966667
0.958333
0.970833
1.908333
0.916667
0.933333
0.916667
0.912500
1.429167
0.433333
0.879167
0.916667
0.925000
0.904167
1.900000
0.870833
0.916667
1.808333
1.462500
0.370833
0.891667
0.887500
0.912500
0.912500
0.916667
0.891667
0.654167
0.262500
0.925000
0.933333
0.904167
0.920833
0.812500
0.991667
0.666667
0.229167
0.483333
0.395833
0.866667
0.850000
0.891667
0.920833
0.929167
0.941667
0.954167
0.945833
0.966667
1.883333
0.950000
0.970833
0.941667
0.941667
0.929167
0.529167
0.400000
0.262500
0.641667
0.941667
0.612500
0.720833
0.545833
0.895833
0.929167
0.937500
0.495833
0.395833
0.658333
0.241667
0.691667
0.275000
0.408333
0.325000
0.833333
0.545833
0.216667
0.579167
0.487500
0.212500
0.387500
0.454167
0.320833
0.437500
0.591667
0.979167
0.950000
0.566667
0.516667
0.216667
0.608333
0.445833
1.133333
0.266667
0.941667
0.916667
0.754167
1.125000
0.954167
0.979167
0.933333
1.029167
0.191667
0.262500
0.295833
0.908333
0.908333
0.937500
0.962500
0.779167
0.312500
0.345833
0.512500
0.995833
1.054167
0.933333
1.075000
0.920833
1.087500
0.929167
1.087500
0.929167
1.083333
0.937500
1.087500
