0.625000
0.625000
0.641667
0.637500
0.620833
0.633333
0.625000
0.637500
0.633333
0.625000
0.633333
0.645833
0.641667
0.629167
0.625000
0.629167
0.620833
0.620833
0.633333
0.633333
0.625000
0.629167
0.629167
0.620833
0.629167
0.620833
0.612500
0.612500
0.608333
0.616667
0.620833
0.616667
0.608333
0.612500
0.258333
0.358333
0.612500
0.608333
1.220833
0.616667
0.616667
0.608333
0.608333
0.595833
0.612500
0.604167
0.604167
0.600000
0.600000
0.608333
0.612500
0.604167
0.608333
0.608333
0.608333
0.604167
0.604167
0.612500
0.604167
0.612500
0.612500
0.608333
0.616667
0.616667
0.616667
0.612500
0.604167
0.608333
0.608333
0.608333
0.604167
0.604167
0.608333
0.612500
0.604167
0.608333
0.616667
0.612500
0.620833
0.616667
0.620833
0.629167
0.620833
0.620833
0.616667
0.616667
0.616667
0.608333
0.612500
0.608333
0.612500
0.612500
0.612500
0.608333
0.608333
0.612500
0.604167
0.616667
0.608333
0.612500
0.612500
0.608333
0.612500
0.608333
0.616667
0.616667
0.612500
0.616667
0.612500
0.616667
0.625000
0.633333
0.625000
0.625000
0.641667
0.633333
0.629167
0.629167
0.633333
0.629167
0.629167
0.625000
0.620833
0.637500
0.620833
0.616667
0.612500
0.616667
0.620833
0.612500
0.625000
0.616667
0.625000
0.620833
0.620833
0.620833
0.616667
0.616667
0.616667
0.612500
0.608333
0.612500
0.612500
0.612500
0.612500
0.612500
0.616667
0.616667
0.600000
0.191667
0.416667
0.604167
0.283333
0.320833
0.595833
0.595833
0.595833
0.591667
0.604167
0.604167
0.612500
0.608333
0.608333
0.612500
0.620833
0.600000
0.612500
0.604167
0.625000
0.616667
0.620833
0.620833
0.616667
0.625000
0.625000
0.620833
0.612500
0.612500
0.620833
0.625000
0.612500
0.612500
0.625000
0.629167
0.625000
0.625000
0.612500
0.612500
0.616667
0.608333
0.612500
0.608333
0.620833
0.604167
0.604167
0.604167
0.600000
0.595833
0.604167
0.595833
0.595833
0.587500
0.600000
0.600000
0.600000
0.300000
0.300000
0.608333
0.595833
0.608333
0.608333
0.591667
0.587500
0.587500
0.587500
0.587500
0.583333
0.587500
0.579167
0.587500
0.591667
0.587500
0.587500
0.583333
0.591667
0.587500
0.591667
0.591667
0.600000
0.625000
0.608333
0.616667
0.608333
0.616667
0.608333
0.600000
0.608333
0.608333
0.604167
0.600000
0.604167
0.600000
0.600000
0.608333
0.595833
0.366667
0.225000
0.600000
0.591667
0.595833
0.595833
0.583333
0.591667
0.587500
0.179167
0.416667
0.579167
0.587500
0.583333
0.583333
0.583333
0.587500
0.579167
0.583333
0.587500
0.587500
0.595833
0.600000
0.600000
0.600000
0.600000
0.595833
0.587500
0.591667
0.591667
0.579167
0.583333
0.579167
0.575000
0.575000
0.579167
0.591667
0.583333
0.579167
0.583333
0.587500
0.587500
0.587500
0.583333
0.583333
0.591667
0.258333
0.325000
0.575000
0.579167
0.583333
0.575000
0.575000
0.579167
0.570833
0.570833
0.579167
0.579167
0.579167
0.583333
0.591667
0.591667
0.604167
0.591667
0.591667
0.595833
0.587500
0.587500
0.583333
0.579167
0.591667
0.587500
0.591667
0.587500
0.595833
0.600000
0.604167
0.600000
0.600000
0.595833
0.591667
0.595833
0.595833
0.591667
0.591667
0.604167
0.600000
0.600000
0.600000
0.604167
0.600000
0.612500
0.604167
0.608333
0.608333
0.604167
0.608333
0.608333
0.612500
0.604167
0.608333
0.620833
0.716667
0.504167
0.604167
0.612500
0.241667
0.366667
0.612500
0.600000
0.475000
0.716667
0.595833
0.275000
0.320833
0.583333
0.579167
0.595833
0.591667
0.587500
0.587500
0.583333
0.454167
0.462500
0.250000
0.583333
0.587500
0.575000
0.579167
0.579167
0.579167
0.575000
0.583333
0.583333
0.583333
0.591667
0.591667
0.595833
0.608333
0.604167
0.600000
0.604167
0.591667
0.600000
0.591667
0.595833
0.587500
0.595833
0.587500
0.600000
0.595833
0.608333
0.604167
0.600000
0.604167
0.616667
0.616667
0.608333
0.604167
0.620833
0.616667
0.600000
0.308333
0.291667
0.600000
0.612500
0.616667
0.604167
0.600000
0.600000
0.604167
0.591667
0.600000
0.600000
0.604167
0.595833
0.595833
0.600000
0.612500
0.600000
0.604167
0.608333
0.608333
0.612500
0.600000
0.600000
0.587500
0.587500
0.595833
0.587500
0.587500
0.587500
0.587500
0.591667
0.583333
0.579167
0.591667
0.595833
0.595833
0.600000
0.612500
0.600000
0.604167
0.608333
0.595833
0.600000
0.595833
0.591667
0.595833
0.600000
0.591667
0.591667
0.591667
0.595833
0.604167
0.591667
0.595833
0.595833
0.595833
0.595833
0.600000
0.595833
0.591667
0.600000
0.608333
0.595833
0.604167
0.595833
0.595833
0.604167
0.604167
0.604167
0.595833
0.600000
0.591667
0.600000
0.591667
0.591667
0.587500
0.904167
0.854167
0.345833
0.254167
0.591667
1.158333
0.033333
0.600000
0.595833
0.583333
0.591667
0.587500
0.583333
0.579167
0.583333
0.587500
0.600000
0.595833
0.595833
0.600000
0.595833
0.591667
0.600000
0.600000
0.612500
0.608333
0.595833
0.591667
1.208333
0.595833
0.600000
0.600000
0.595833
0.612500
0.604167
0.608333
0.595833
0.604167
0.600000
0.600000
0.608333
0.600000
0.608333
0.616667
0.612500
0.616667
0.616667
0.620833
0.612500
0.616667
0.616667
0.612500
0.604167
0.600000
0.608333
0.608333
0.620833
0.616667
0.616667
0.612500
0.616667
0.608333
0.612500
1.216667
0.620833
0.608333
0.604167
0.604167
0.604167
0.608333
0.600000
0.604167
0.612500
0.612500
0.629167
0.620833
0.616667
0.604167
0.620833
0.612500
0.620833
0.625000
0.612500
0.633333
0.637500
0.616667
0.629167
0.629167
0.625000
0.620833
0.616667
0.612500
0.616667
0.616667
0.616667
0.608333
0.625000
0.637500
0.629167
0.612500
0.608333
0.629167
0.625000
0.604167
0.612500
0.612500
0.616667
0.608333
0.612500
0.612500
0.620833
0.616667
0.616667
0.616667
0.608333
0.625000
0.616667
0.620833
0.616667
0.616667
0.629167
0.625000
0.616667
0.620833
0.625000
0.625000
0.633333
0.616667
0.616667
0.629167
0.629167
0.620833
0.616667
0.616667
0.608333
0.625000
0.620833
0.620833
0.612500
0.620833
0.633333
0.620833
0.612500
0.616667
0.633333
0.620833
0.629167
0.620833
0.620833
0.625000
0.625000
0.604167
0.620833
0.612500
0.625000
0.616667
0.616667
0.608333
0.612500
0.604167
0.604167
0.608333
0.600000
0.612500
0.620833
0.608333
0.616667
0.612500
0.612500
0.612500
0.608333
0.608333
0.612500
0.620833
0.612500
0.625000
0.612500
0.625000
0.612500
0.616667
0.612500
0.608333
0.620833
0.612500
0.625000
0.625000
0.616667
0.637500
0.629167
0.625000
0.337500
0.287500
0.620833
0.641667
0.637500
0.616667
0.629167
0.616667
0.620833
0.616667
0.616667
0.633333
0.625000
0.616667
0.616667
0.629167
0.629167
0.620833
0.616667
0.616667
0.625000
0.629167
0.625000
0.629167
0.625000
0.637500
0.625000
0.629167
0.620833
0.637500
0.620833
0.629167
0.620833
0.625000
0.225000
0.387500
0.854167
0.395833
0.616667
0.220833
0.391667
0.604167
0.608333
0.604167
0.600000
0.604167
0.616667
0.612500
0.604167
0.600000
0.604167
0.612500
0.604167
0.608333
0.604167
0.612500
0.625000
0.612500
0.612500
0.608333
0.616667
0.620833
0.620833
0.616667
0.620833
0.629167
0.641667
0.633333
0.616667
0.512500
0.287500
0.441667
0.229167
0.395833
0.612500
0.616667
0.629167
0.620833
0.237500
0.391667
0.625000
0.629167
0.612500
0.620833
0.604167
0.620833
0.608333
0.625000
0.616667
0.608333
0.637500
0.629167
0.633333
0.616667
0.616667
0.629167
0.629167
0.620833
0.620833
0.625000
0.625000
0.633333
0.612500
0.612500
0.616667
0.625000
0.612500
0.620833
0.616667
0.620833
0.612500
0.604167
0.608333
0.608333
0.608333
0.600000
0.595833
0.612500
0.612500
0.616667
0.612500
0.616667
0.616667
0.620833
0.620833
0.612500
0.620833
0.625000
0.620833
0.616667
0.612500
0.620833
0.629167
0.620833
0.620833
0.620833
0.625000
0.620833
0.620833
0.629167
0.625000
0.633333
0.629167
0.633333
0.633333
0.633333
0.629167
0.629167
0.625000
0.625000
0.633333
0.625000
0.637500
0.625000
0.620833
0.620833
0.625000
0.629167
0.620833
0.620833
0.629167
0.625000
0.620833
0.625000
0.616667
0.616667
0.625000
0.625000
0.620833
0.612500
0.616667
0.620833
0.616667
0.625000
0.620833
0.637500
0.620833
0.625000
0.620833
0.616667
0.641667
0.633333
0.629167
0.629167
0.629167
0.637500
0.633333
0.625000
0.629167
0.629167
0.625000
0.625000
0.625000
0.612500
0.620833
0.620833
0.620833
0.616667
0.608333
0.612500
0.612500
0.616667
0.608333
0.612500
0.612500
0.612500
0.612500
0.608333
0.616667
0.616667
0.616667
0.612500
0.608333
0.616667
0.625000
0.620833
0.612500
0.620833
0.616667
0.620833
0.633333
0.625000
0.620833
0.625000
0.620833
0.620833
0.620833
0.616667
0.625000
0.620833
0.612500
0.620833
0.616667
0.625000
0.620833
0.616667
0.616667
0.629167
0.625000
0.616667
0.620833
0.620833
0.633333
0.629167
0.625000
0.620833
0.629167
0.629167
0.629167
0.625000
0.620833
0.625000
0.625000
0.620833
0.629167
0.620833
0.629167
0.645833
0.625000
0.629167
0.620833
0.633333
0.637500
0.629167
0.633333
0.625000
0.629167
0.637500
0.629167
0.633333
0.620833
0.629167
0.633333
0.612500
0.620833
0.616667
0.608333
0.616667
0.612500
0.616667
0.620833
0.625000
0.616667
0.629167
0.620833
0.629167
0.629167
0.620833
0.625000
0.620833
0.629167
0.633333
0.625000
0.625000
0.616667
0.629167
0.620833
0.612500
0.616667
0.620833
0.629167
0.633333
0.625000
0.629167
0.637500
0.625000
0.625000
0.625000
0.629167
0.641667
0.637500
0.620833
0.625000
0.625000
0.625000
0.616667
0.625000
0.625000
0.629167
0.629167
0.629167
0.629167
0.633333
0.629167
0.641667
0.629167
0.625000
0.625000
0.637500
0.633333
0.625000
0.629167
0.620833
0.616667
0.400000
0.220833
0.616667
0.612500
0.616667
0.620833
0.616667
0.616667
0.625000
0.616667
0.625000
0.620833
0.625000
0.625000
0.641667
0.641667
0.629167
0.633333
0.620833
0.625000
0.620833
0.625000
0.629167
0.629167
0.620833
0.616667
0.625000
