0.645833
0.287500
0.362500
0.641667
0.645833
0.645833
0.641667
0.641667
0.645833
0.641667
0.487500
0.816667
0.616667
0.641667
0.641667
0.645833
0.645833
0.641667
0.650000
0.650000
0.654167
0.658333
0.654167
0.658333
0.658333
0.658333
0.662500
0.654167
0.654167
0.654167
0.662500
0.658333
0.658333
0.654167
0.666667
0.658333
0.654167
0.658333
0.662500
0.650000
0.650000
0.654167
0.658333
0.654167
0.650000
0.650000
0.658333
0.650000
0.650000
0.645833
0.654167
0.645833
0.641667
0.641667
0.645833
1.291667
0.645833
0.645833
0.650000
0.645833
0.650000
0.645833
0.645833
0.650000
0.650000
0.654167
0.650000
0.658333
0.650000
0.654167
0.658333
0.658333
0.666667
0.658333
0.662500
0.670833
0.412500
0.258333
0.666667
0.670833
0.670833
0.675000
0.666667
0.662500
0.670833
0.675000
0.670833
0.666667
0.666667
0.666667
0.666667
0.662500
0.654167
0.662500
0.662500
0.662500
0.654167
0.658333
0.662500
0.658333
0.654167
0.658333
0.658333
0.654167
0.654167
0.658333
0.658333
0.537500
0.766667
0.654167
0.654167
0.654167
0.650000
0.650000
0.650000
0.654167
0.654167
0.658333
0.658333
0.654167
0.658333
0.658333
0.662500
0.662500
0.662500
0.662500
0.658333
0.662500
0.662500
0.679167
0.666667
0.666667
0.675000
0.683333
0.679167
0.683333
0.687500
0.683333
0.683333
0.679167
0.683333
0.683333
0.679167
0.683333
0.679167
0.675000
0.675000
0.675000
0.670833
0.662500
0.670833
0.662500
0.658333
0.658333
0.662500
0.654167
0.650000
0.654167
0.658333
0.645833
0.650000
0.650000
0.654167
0.645833
0.645833
0.641667
0.650000
0.641667
0.641667
0.641667
0.650000
0.641667
0.637500
0.641667
0.641667
0.645833
0.650000
0.641667
0.645833
0.637500
0.650000
0.641667
0.641667
0.645833
0.425000
0.220833
0.641667
0.645833
0.645833
0.250000
0.400000
0.645833
0.641667
0.650000
0.645833
0.641667
0.650000
0.650000
0.650000
0.650000
0.650000
0.658333
0.662500
0.658333
0.654167
0.662500
0.670833
0.662500
0.662500
0.670833
0.662500
0.658333
0.662500
0.666667
0.658333
0.654167
0.658333
0.662500
0.654167
0.650000
0.650000
0.658333
0.645833
0.645833
0.650000
0.654167
0.641667
0.645833
0.650000
0.654167
0.641667
0.650000
0.645833
0.645833
0.654167
0.645833
0.650000
0.650000
0.650000
0.658333
0.654167
0.654167
0.658333
0.658333
0.662500
0.662500
0.670833
0.666667
0.666667
0.670833
0.666667
0.675000
0.666667
0.354167
0.316667
0.679167
0.695833
0.679167
0.687500
0.687500
0.695833
0.687500
0.687500
0.687500
0.687500
0.683333
0.679167
0.679167
0.683333
0.670833
0.670833
0.670833
0.675000
0.666667
0.670833
0.675000
0.670833
0.670833
0.679167
0.675000
0.670833
0.670833
0.679167
0.666667
0.670833
0.675000
0.666667
0.658333
0.662500
0.662500
0.654167
0.654167
0.654167
0.654167
0.650000
0.645833
0.650000
0.650000
0.641667
0.641667
0.650000
0.650000
0.641667
0.637500
0.645833
0.650000
0.637500
0.637500
0.637500
0.645833
0.637500
0.637500
0.637500
0.641667
0.637500
0.633333
0.637500
0.637500
0.325000
0.316667
0.641667
0.641667
0.641667
0.745833
0.537500
0.641667
0.641667
0.641667
0.645833
0.645833
0.204167
0.445833
0.641667
0.641667
0.641667
0.650000
0.645833
0.641667
0.641667
0.650000
0.650000
0.645833
0.645833
0.654167
0.650000
0.645833
0.645833
0.650000
0.645833
0.641667
0.641667
0.645833
0.641667
0.641667
0.637500
0.645833
0.645833
0.641667
0.637500
0.645833
0.645833
0.637500
0.641667
0.645833
0.641667
0.575000
0.704167
0.641667
0.641667
0.645833
0.641667
0.645833
0.641667
0.641667
0.641667
0.641667
0.641667
0.645833
0.641667
0.637500
0.645833
0.641667
0.650000
0.645833
0.641667
0.650000
0.650000
0.645833
0.650000
0.654167
0.645833
0.645833
0.645833
0.654167
0.645833
0.645833
0.645833
0.650000
0.650000
0.641667
0.645833
0.650000
0.645833
0.645833
0.641667
0.650000
0.645833
0.645833
0.737500
0.554167
0.204167
0.445833
0.645833
0.283333
0.362500
0.641667
0.650000
0.258333
0.387500
0.641667
0.645833
0.645833
0.641667
0.650000
0.645833
0.641667
0.641667
0.645833
0.650000
0.645833
0.645833
0.645833
0.362500
0.287500
0.654167
0.650000
0.645833
0.645833
0.654167
0.650000
0.395833
0.425000
0.129167
0.341667
0.650000
0.650000
0.645833
0.529167
0.762500
0.645833
0.654167
0.654167
0.654167
0.841667
0.470833
0.658333
0.658333
0.662500
0.658333
0.658333
0.662500
0.658333
0.654167
0.654167
0.658333
0.662500
0.654167
0.658333
0.658333
0.662500
0.658333
0.654167
0.658333
0.662500
0.658333
0.650000
0.658333
0.658333
0.654167
0.650000
0.654167
0.662500
0.650000
0.650000
0.650000
0.658333
0.650000
0.650000
0.645833
0.658333
0.650000
0.641667
0.650000
0.658333
0.645833
0.645833
0.645833
0.654167
0.641667
0.645833
0.645833
0.650000
0.645833
0.333333
0.854167
0.600000
0.787500
0.412500
0.229167
0.645833
0.645833
0.641667
0.637500
0.645833
0.641667
0.641667
0.641667
0.229167
0.412500
0.641667
0.641667
0.645833
0.645833
0.645833
0.654167
0.654167
0.441667
0.208333
0.658333
0.654167
0.300000
0.370833
0.658333
0.658333
0.662500
0.666667
0.662500
0.658333
0.425000
0.237500
0.666667
0.662500
0.658333
0.662500
0.670833
0.662500
0.658333
0.658333
0.666667
0.658333
0.650000
0.654167
0.662500
0.650000
0.650000
0.654167
0.654167
0.650000
0.645833
0.650000
0.650000
0.650000
0.645833
0.641667
0.645833
0.654167
0.641667
0.645833
0.345833
0.300000
0.645833
0.650000
0.641667
0.641667
0.645833
0.650000
0.641667
0.641667
0.645833
0.641667
0.650000
0.279167
0.366667
0.645833
0.650000
0.650000
0.650000
0.650000
0.650000
0.654167
0.650000
0.658333
0.654167
0.654167
0.654167
0.658333
0.662500
0.658333
0.662500
0.666667
0.675000
0.670833
0.670833
0.675000
0.670833
0.662500
0.670833
0.666667
0.662500
0.658333
0.666667
0.666667
0.658333
0.658333
0.658333
0.662500
0.654167
0.650000
0.658333
0.654167
0.650000
0.650000
0.654167
0.654167
0.645833
0.645833
0.650000
0.654167
0.650000
0.641667
0.650000
0.654167
0.641667
0.645833
0.645833
0.654167
0.641667
0.645833
0.645833
0.650000
0.429167
0.212500
0.366667
0.270833
0.650000
0.400000
0.220833
0.320833
0.350000
0.283333
0.362500
0.645833
0.645833
0.645833
0.400000
0.254167
0.650000
0.620833
0.700000
0.658333
0.666667
0.666667
0.670833
0.670833
0.670833
0.670833
0.670833
0.675000
0.675000
0.670833
0.670833
0.670833
0.670833
0.666667
0.662500
0.662500
0.666667
0.658333
0.658333
0.662500
0.658333
0.658333
0.654167
0.662500
0.650000
0.650000
0.654167
0.658333
0.650000
0.645833
0.650000
0.654167
0.833333
0.291667
0.162500
0.420833
0.158333
0.525000
0.408333
0.537500
0.295833
0.212500
0.395833
0.595833
0.379167
0.345833
0.237500
0.241667
0.300000
0.266667
0.341667
0.329167
0.420833
0.633333
0.641667
0.629167
0.629167
0.629167
0.641667
0.637500
0.629167
0.633333
0.633333
0.641667
0.641667
0.633333
0.637500
0.637500
0.645833
0.637500
0.641667
0.641667
0.645833
0.645833
0.637500
0.641667
0.650000
0.645833
0.637500
0.645833
0.650000
0.645833
0.641667
0.641667
0.654167
0.641667
0.645833
0.791667
0.504167
0.645833
0.645833
0.650000
0.650000
0.641667
0.645833
0.650000
0.645833
0.325000
0.329167
0.645833
0.650000
0.650000
0.650000
0.658333
0.650000
0.654167
0.654167
0.662500
0.650000
0.654167
0.654167
0.658333
0.654167
0.650000
0.654167
0.658333
0.658333
0.650000
0.645833
0.654167
0.654167
0.650000
0.650000
0.645833
0.654167
0.645833
0.650000
0.645833
0.645833
0.650000
0.645833
0.654167
0.645833
0.650000
0.645833
0.650000
0.654167
0.650000
0.645833
0.650000
0.658333
0.295833
0.358333
0.266667
0.387500
0.650000
0.650000
0.662500
0.650000
0.654167
0.654167
0.337500
0.383333
0.583333
0.650000
0.645833
0.650000
0.262500
0.325000
0.704167
0.645833
0.641667
0.641667
0.250000
0.395833
0.645833
0.641667
0.645833
0.641667
0.650000
0.650000
0.641667
0.650000
0.650000
0.650000
0.650000
0.650000
0.412500
0.237500
0.650000
0.654167
0.650000
0.650000
0.650000
0.658333
0.654167
0.654167
0.650000
0.658333
0.658333
0.654167
0.650000
0.650000
0.654167
0.658333
0.654167
0.650000
0.650000
0.658333
0.645833
0.650000
0.650000
0.654167
0.650000
0.645833
0.650000
0.650000
0.650000
0.645833
0.512500
0.783333
0.650000
0.645833
0.425000
0.229167
0.650000
0.645833
0.650000
0.645833
0.650000
0.645833
0.650000
0.645833
0.650000
0.654167
0.650000
0.645833
0.654167
0.654167
0.650000
0.650000
0.645833
0.658333
0.645833
0.645833
0.650000
0.658333
0.645833
0.645833
0.645833
0.650000
0.645833
0.645833
0.645833
0.645833
0.650000
0.645833
0.645833
0.645833
0.658333
0.662500
0.654167
0.658333
0.654167
0.654167
0.654167
0.658333
0.654167
0.654167
0.654167
0.658333
0.662500
0.658333
0.662500
0.666667
0.662500
0.662500
0.658333
0.662500
0.658333
0.654167
0.600000
0.712500
0.650000
0.650000
0.654167
0.650000
0.650000
0.650000
0.650000
0.650000
0.650000
0.650000
0.650000
0.650000
0.645833
0.654167
0.654167
0.650000
0.462500
0.837500
0.654167
0.658333
0.654167
0.645833
0.650000
0.654167
0.650000
0.650000
0.654167
0.662500
0.654167
0.654167
0.658333
0.662500
0.670833
0.658333
0.662500
0.658333
0.662500
0.404167
0.262500
0.658333
0.654167
0.654167
0.654167
0.650000
0.650000
0.654167
0.650000
0.645833
0.716667
0.587500
0.645833
0.641667
0.645833
0.645833
0.645833
0.637500
0.650000
0.650000
0.641667
0.641667
0.641667
0.641667
0.637500
0.641667
0.637500
0.645833
