1.058333
1.062500
1.050000
1.020833
1.054167
1.070833
1.029167
1.045833
1.066667
1.070833
1.045833
1.041667
1.066667
1.075000
1.070833
1.029167
1.054167
1.070833
1.070833
1.058333
1.037500
1.062500
1.083333
1.075000
1.037500
1.058333
1.079167
1.083333
1.045833
1.045833
1.087500
1.091667
1.087500
1.070833
1.041667
1.083333
1.091667
1.054167
1.037500
1.075000
1.079167
1.050000
1.033333
1.066667
1.070833
1.054167
1.025000
1.062500
1.079167
1.075000
1.075000
1.045833
1.087500
1.104167
1.095833
1.083333
1.045833
1.066667
1.083333
1.083333
1.075000
1.037500
1.070833
1.087500
1.091667
1.083333
1.079167
1.037500
1.083333
1.091667
1.083333
1.075000
1.033333
1.070833
1.083333
1.079167
1.070833
1.029167
1.062500
1.083333
1.079167
1.075000
1.033333
1.058333
1.087500
1.083333
1.079167
1.041667
1.079167
1.091667
1.070833
1.070833
1.029167
1.037500
1.075000
1.070833
1.070833
1.020833
1.037500
1.070833
1.075000
1.075000
1.079167
1.041667
1.066667
1.104167
1.108333
1.100000
1.095833
1.054167
1.079167
1.100000
1.091667
1.054167
1.066667
1.083333
1.087500
1.087500
1.037500
1.062500
1.079167
1.095833
1.091667
1.087500
1.050000
1.075000
1.095833
1.091667
1.087500
1.070833
1.045833
1.100000
1.087500
1.100000
1.091667
1.050000
1.091667
1.095833
1.095833
1.083333
1.083333
1.054167
1.062500
1.095833
1.091667
1.041667
1.058333
1.100000
1.087500
1.054167
1.054167
1.087500
1.091667
1.054167
1.058333
1.087500
1.095833
1.066667
1.066667
1.091667
1.095833
1.054167
1.066667
1.100000
1.100000
1.100000
1.050000
1.083333
1.112500
1.108333
1.104167
1.070833
1.058333
1.104167
1.104167
1.087500
1.050000
1.066667
1.083333
1.075000
1.083333
1.041667
1.066667
1.095833
1.095833
1.083333
1.050000
1.087500
1.087500
1.095833
1.095833
1.045833
1.083333
1.091667
1.091667
1.087500
1.041667
1.079167
1.091667
1.079167
1.083333
1.037500
1.070833
1.095833
1.087500
1.079167
1.066667
1.058333
1.083333
1.104167
1.095833
1.054167
1.075000
1.108333
1.104167
1.058333
1.062500
1.100000
1.091667
1.062500
1.066667
1.095833
1.095833
1.087500
1.050000
1.075000
1.091667
1.100000
1.087500
1.041667
1.037500
1.054167
1.041667
1.000000
0.937500
0.983333
1.095833
1.075000
1.041667
0.991667
0.241667
0.758333
1.016667
1.075000
1.004167
0.270833
0.758333
1.075000
1.037500
0.991667
0.983333
1.033333
1.020833
1.012500
1.041667
1.045833
1.033333
1.008333
1.033333
1.045833
1.037500
1.016667
1.054167
1.058333
1.066667
1.033333
1.029167
1.054167
1.066667
1.066667
1.020833
1.045833
1.066667
1.075000
1.070833
1.033333
1.037500
1.066667
1.066667
1.070833
1.029167
1.037500
1.033333
1.020833
0.941667
0.966667
0.987500
1.033333
1.000000
1.008333
1.087500
1.091667
1.045833
1.016667
1.045833
1.050000
1.029167
0.995833
1.025000
1.095833
1.033333
1.000000
1.012500
0.675000
0.387500
0.429167
0.575000
0.820833
0.566667
0.091667
0.437500
0.100000
0.400000
0.491667
0.479167
0.525000
0.770833
0.454167
0.570833
0.329167
0.883333
0.370833
0.662500
0.208333
0.262500
0.579167
0.287500
0.241667
0.225000
0.091667
0.525000
0.616667
0.625000
0.275000
0.258333
1.004167
0.245833
0.720833
0.075000
0.691667
0.275000
0.529167
0.345833
0.595833
0.362500
0.220833
0.350000
0.395833
0.679167
0.404167
0.329167
0.254167
0.404167
0.862500
0.708333
0.812500
0.245833
1.100000
1.120833
0.783333
0.579167
0.300000
0.220833
0.341667
0.387500
0.908333
0.320833
0.216667
0.216667
0.408333
0.358333
0.395833
0.895833
0.912500
0.945833
1.029167
1.066667
1.000000
1.004167
1.066667
1.070833
1.058333
1.029167
1.025000
1.075000
1.062500
1.062500
1.020833
1.045833
1.075000
1.070833
0.620833
0.612500
0.383333
0.470833
0.279167
0.904167
0.608333
0.312500
0.433333
0.612500
0.991667
0.966667
1.029167
1.091667
1.104167
1.062500
1.020833
1.037500
1.070833
1.062500
1.066667
1.029167
1.029167
1.054167
1.045833
1.004167
1.029167
1.054167
1.050000
1.041667
1.000000
1.008333
1.079167
1.058333
1.041667
1.012500
1.050000
1.062500
1.058333
1.054167
1.016667
1.037500
1.066667
1.058333
1.062500
1.054167
1.020833
1.058333
1.070833
1.062500
1.066667
1.020833
1.045833
1.075000
1.025000
1.025000
1.075000
1.066667
1.041667
1.033333
1.037500
0.966667
1.008333
1.016667
0.950000
1.000000
1.100000
1.087500
1.070833
1.008333
1.050000
1.066667
1.062500
1.062500
1.070833
1.020833
1.058333
1.079167
1.066667
1.029167
1.029167
1.070833
1.070833
1.066667
1.062500
1.020833
1.054167
1.070833
1.062500
1.058333
1.020833
1.054167
1.075000
1.070833
1.070833
1.025000
1.070833
1.079167
1.066667
1.066667
1.025000
1.058333
1.075000
1.070833
1.062500
0.516667
1.254167
1.008333
1.045833
1.141667
1.091667
1.012500
1.012500
1.045833
1.050000
1.025000
1.062500
1.050000
1.062500
1.016667
1.045833
1.045833
0.991667
1.037500
1.029167
1.012500
0.929167
0.962500
0.966667
1.029167
0.970833
0.983333
1.041667
1.075000
1.004167
0.962500
1.016667
1.058333
1.087500
1.025000
1.033333
1.054167
1.058333
1.058333
1.012500
1.045833
1.054167
1.058333
1.037500
1.025000
1.066667
1.070833
1.070833
1.029167
1.020833
1.054167
1.066667
1.050000
1.016667
1.054167
1.066667
1.062500
1.045833
1.025000
1.054167
1.058333
1.012500
1.016667
1.041667
0.995833
0.991667
0.966667
0.579167
0.425000
0.237500
0.825000
1.050000
0.962500
0.966667
1.004167
1.016667
0.987500
0.983333
1.037500
1.087500
1.058333
1.012500
1.033333
1.050000
1.062500
1.054167
1.016667
1.041667
1.062500
1.054167
1.033333
1.016667
1.050000
1.058333
1.054167
1.045833
1.008333
1.020833
1.079167
1.037500
1.033333
0.995833
0.966667
0.979167
0.966667
0.987500
0.941667
0.954167
0.933333
0.916667
0.966667
0.962500
1.004167
0.366667
0.220833
0.366667
0.958333
0.979167
0.987500
0.966667
0.933333
0.975000
1.037500
0.675000
1.150000
0.995833
0.979167
0.975000
0.958333
1.012500
1.025000
0.966667
0.954167
0.979167
1.037500
1.041667
1.004167
0.991667
1.029167
1.037500
1.004167
1.008333
0.995833
1.000000
0.995833
1.000000
0.954167
0.962500
