0.908333
0.675000
0.929167
0.754167
0.704167
0.666667
0.654167
1.820833
1.716667
0.845833
0.729167
0.904167
0.866667
0.766667
0.904167
0.783333
0.708333
0.708333
0.854167
0.737500
0.779167
0.858333
0.829167
0.779167
0.741667
0.737500
0.820833
0.808333
0.737500
0.854167
0.883333
0.879167
0.875000
0.729167
0.687500
0.933333
0.708333
0.795833
1.658333
0.645833
0.816667
0.812500
0.900000
0.754167
0.658333
0.800000
1.825000
0.775000
0.737500
0.795833
0.662500
0.770833
0.912500
0.766667
0.845833
0.733333
0.725000
0.779167
0.691667
0.775000
0.787500
0.800000
0.804167
0.912500
0.716667
0.708333
0.708333
0.912500
0.754167
0.787500
0.791667
0.875000
0.787500
0.795833
0.812500
1.808333
0.758333
0.675000
0.800000
0.750000
0.675000
0.875000
0.845833
1.816667
0.825000
0.800000
0.779167
0.633333
0.683333
0.770833
0.779167
0.675000
0.687500
0.816667
0.729167
0.870833
0.766667
0.841667
0.875000
0.808333
0.808333
0.833333
0.750000
0.720833
0.716667
0.883333
0.841667
0.854167
1.712500
0.787500
0.795833
0.704167
0.854167
0.791667
1.820833
1.570833
0.850000
0.875000
0.804167
0.616667
0.791667
0.829167
0.704167
0.783333
0.800000
0.637500
0.812500
0.720833
0.708333
0.645833
0.725000
0.704167
0.791667
0.779167
0.808333
0.841667
0.620833
0.675000
1.791667
0.758333
0.683333
0.783333
0.716667
0.716667
0.695833
0.741667
0.779167
0.933333
0.712500
0.608333
0.933333
1.745833
0.845833
1.612500
0.795833
0.791667
0.758333
0.816667
0.875000
0.783333
0.758333
0.750000
0.745833
0.775000
0.641667
1.804167
0.829167
0.741667
0.791667
1.695833
0.741667
0.833333
0.887500
0.637500
0.833333
1.783333
0.679167
0.695833
0.887500
1.675000
0.812500
0.670833
0.816667
1.558333
1.050000
0.791667
0.850000
0.695833
0.795833
0.833333
0.733333
0.687500
0.745833
0.770833
0.866667
0.629167
0.737500
0.829167
0.879167
0.891667
0.762500
0.791667
0.816667
0.770833
0.741667
0.683333
0.883333
1.666667
0.787500
0.787500
0.787500
0.662500
0.862500
0.720833
0.779167
0.658333
0.691667
0.820833
1.620833
0.775000
0.675000
1.766667
0.695833
0.883333
0.787500
1.816667
0.775000
0.829167
0.733333
1.741667
0.891667
0.725000
0.675000
0.787500
0.800000
0.670833
0.770833
0.804167
0.741667
0.808333
0.716667
0.704167
0.804167
0.816667
0.770833
0.670833
0.950000
0.733333
0.754167
0.704167
0.808333
0.837500
0.729167
0.662500
0.775000
0.745833
0.775000
0.662500
0.708333
0.845833
0.820833
0.837500
0.687500
0.820833
0.700000
0.762500
0.675000
0.862500
0.787500
0.787500
0.641667
0.687500
0.850000
0.691667
0.837500
0.779167
0.920833
0.862500
0.812500
0.766667
0.766667
0.729167
1.716667
0.791667
0.804167
0.637500
0.912500
1.741667
1.720833
1.650000
0.862500
0.845833
0.283333
0.370833
1.816667
0.691667
0.650000
0.783333
0.800000
0.700000
0.820833
0.670833
0.825000
1.733333
0.825000
0.870833
0.750000
0.816667
0.779167
0.804167
0.691667
0.812500
0.800000
0.662500
1.820833
0.800000
0.658333
0.704167
0.800000
0.700000
0.670833
0.891667
0.725000
0.733333
0.670833
0.825000
0.658333
1.795833
0.850000
0.754167
0.766667
1.820833
0.704167
0.862500
0.783333
0.679167
0.758333
0.800000
0.775000
1.816667
0.741667
0.691667
0.704167
0.762500
0.645833
0.870833
0.787500
0.650000
1.750000
0.708333
0.700000
0.654167
0.933333
0.787500
0.854167
1.720833
0.754167
0.737500
1.750000
0.816667
0.633333
1.800000
0.741667
1.241667
1.433333
2.408333
0.616667
0.787500
0.854167
0.837500
0.725000
0.725000
0.854167
0.837500
0.670833
0.795833
0.695833
0.762500
1.795833
0.741667
0.700000
0.783333
0.679167
0.775000
0.845833
0.845833
0.866667
0.829167
0.829167
0.666667
1.450000
0.329167
0.804167
0.795833
0.816667
0.708333
0.633333
0.887500
0.704167
0.829167
0.875000
0.795833
0.854167
0.858333
0.854167
0.829167
0.754167
0.850000
0.733333
0.616667
1.729167
0.712500
0.708333
0.725000
0.837500
0.912500
0.729167
0.787500
0.645833
0.729167
0.795833
0.808333
0.795833
0.725000
0.862500
0.825000
0.862500
0.858333
0.758333
0.704167
0.783333
0.870833
1.787500
0.658333
1.641667
0.925000
0.654167
0.816667
0.762500
0.808333
0.850000
1.700000
0.750000
1.787500
0.791667
0.754167
0.866667
0.658333
1.804167
0.658333
0.758333
1.800000
1.737500
0.800000
0.741667
0.866667
0.845833
0.720833
0.754167
0.620833
0.862500
0.700000
0.700000
0.804167
0.879167
0.920833
0.762500
0.708333
0.737500
0.775000
0.733333
1.712500
0.791667
0.766667
0.933333
0.704167
0.633333
0.725000
0.725000
0.720833
0.725000
0.812500
0.720833
0.758333
0.775000
0.716667
0.695833
0.816667
1.804167
0.775000
0.900000
0.666667
0.762500
0.775000
0.779167
0.708333
0.733333
0.800000
0.754167
0.745833
0.891667
0.800000
0.762500
0.725000
0.883333
0.812500
0.758333
0.679167
0.966667
1.720833
1.725000
1.712500
1.620833
1.779167
0.779167
0.862500
0.833333
1.808333
0.720833
0.770833
0.679167
0.812500
1.741667
0.850000
0.695833
0.766667
0.720833
0.675000
0.758333
0.825000
1.729167
0.645833
0.775000
0.691667
0.800000
0.733333
0.687500
0.708333
0.862500
0.837500
0.750000
0.779167
0.637500
0.862500
0.795833
0.837500
0.850000
0.687500
0.737500
0.804167
0.675000
0.920833
0.741667
0.745833
0.750000
0.779167
0.816667
0.762500
1.620833
1.725000
0.829167
0.645833
0.941667
0.725000
0.816667
1.787500
1.641667
0.800000
1.637500
1.816667
0.787500
0.800000
0.779167
0.804167
0.708333
0.816667
1.825000
0.850000
0.833333
1.750000
1.716667
0.825000
0.791667
0.708333
0.950000
0.683333
0.825000
1.775000
0.779167
1.704167
0.737500
0.754167
0.791667
0.720833
0.883333
0.758333
0.662500
1.725000
0.741667
0.704167
0.666667
0.920833
0.904167
0.708333
0.716667
0.741667
0.754167
0.695833
0.687500
1.750000
0.741667
0.754167
0.737500
0.687500
0.920833
0.737500
0.808333
0.683333
1.791667
0.658333
1.620833
0.812500
0.833333
0.650000
1.808333
0.670833
0.833333
0.825000
0.733333
0.904167
0.779167
0.770833
0.870833
0.908333
0.841667
0.820833
1.729167
0.820833
0.745833
0.804167
0.808333
0.816667
0.720833
0.812500
0.783333
0.808333
0.708333
0.845833
0.754167
0.712500
0.779167
0.800000
0.708333
1.825000
0.725000
0.783333
0.795833
0.775000
0.795833
0.687500
0.866667
0.712500
1.812500
1.695833
0.812500
0.779167
0.795833
0.862500
0.695833
0.737500
0.800000
0.766667
0.804167
0.770833
0.800000
0.645833
0.741667
0.866667
0.808333
0.920833
0.795833
0.737500
0.695833
0.679167
0.800000
0.495833
0.266667
0.704167
0.691667
1.716667
0.754167
0.741667
0.779167
0.787500
0.762500
0.750000
0.825000
0.770833
0.750000
0.762500
1.804167
0.716667
1.737500
0.850000
0.779167
0.691667
