0.700000
0.704167
0.716667
0.708333
0.712500
0.558333
0.870833
0.495833
0.850000
0.754167
0.733333
0.716667
0.716667
0.712500
0.712500
0.704167
0.716667
0.720833
0.720833
0.729167
0.725000
0.729167
0.737500
0.729167
0.725000
0.750000
0.754167
0.758333
0.762500
0.754167
0.750000
0.754167
0.762500
0.762500
0.754167
0.750000
0.750000
0.762500
0.758333
0.762500
1.504167
0.758333
0.758333
0.762500
0.762500
0.758333
1.504167
1.545833
0.766667
1.508333
0.758333
0.766667
0.766667
0.775000
0.775000
0.629167
0.929167
0.800000
0.800000
0.795833
0.804167
0.795833
0.787500
0.787500
0.783333
0.783333
0.775000
0.758333
0.758333
0.758333
0.766667
0.758333
0.775000
0.770833
0.758333
0.750000
0.745833
0.754167
0.750000
0.758333
0.754167
1.466667
0.520833
0.920833
0.775000
0.762500
0.745833
0.733333
0.733333
0.662500
0.791667
0.745833
0.741667
0.733333
0.729167
0.741667
0.750000
0.758333
0.750000
0.741667
0.741667
0.733333
0.729167
0.716667
0.729167
0.729167
0.733333
0.729167
0.725000
0.720833
0.729167
0.720833
0.720833
0.720833
0.720833
0.720833
0.725000
0.737500
0.737500
0.737500
0.725000
0.729167
0.737500
0.745833
0.741667
0.729167
0.729167
0.741667
0.716667
0.758333
0.587500
0.879167
0.766667
0.745833
0.741667
0.733333
0.725000
0.729167
0.729167
0.725000
0.720833
0.712500
0.720833
0.733333
0.737500
0.733333
0.737500
0.720833
0.716667
1.404167
0.704167
0.729167
0.733333
0.750000
0.520833
0.916667
0.804167
0.783333
0.779167
0.762500
0.754167
0.750000
0.750000
0.737500
0.733333
0.733333
0.733333
0.729167
0.733333
0.737500
0.737500
0.737500
0.725000
0.733333
0.745833
0.754167
0.762500
0.758333
0.762500
0.762500
0.745833
0.754167
0.741667
0.741667
0.745833
0.562500
0.933333
0.808333
0.791667
0.779167
0.770833
0.758333
0.750000
0.754167
0.750000
0.733333
0.733333
0.754167
0.745833
0.762500
0.750000
0.750000
0.612500
0.875000
0.766667
0.754167
0.758333
0.604167
0.908333
0.791667
0.791667
0.691667
0.862500
0.775000
0.758333
0.750000
0.758333
0.762500
0.762500
0.758333
0.750000
0.750000
0.729167
0.741667
0.729167
0.729167
0.729167
0.725000
0.712500
0.708333
0.725000
0.725000
0.733333
0.745833
0.737500
0.733333
0.729167
0.725000
0.729167
0.737500
0.737500
0.575000
0.891667
0.775000
0.741667
0.733333
0.725000
0.729167
0.716667
0.716667
0.716667
0.716667
0.712500
0.708333
0.704167
0.712500
0.716667
0.720833
0.725000
0.725000
0.720833
0.716667
0.720833
0.725000
0.729167
0.729167
0.733333
0.737500
0.725000
0.712500
0.733333
0.737500
0.733333
0.562500
0.916667
0.787500
0.766667
0.750000
0.758333
0.737500
0.750000
0.745833
0.737500
0.741667
0.745833
0.741667
0.737500
0.737500
0.737500
0.725000
0.729167
0.725000
0.720833
0.725000
0.741667
0.733333
0.741667
0.741667
0.750000
0.737500
0.729167
0.741667
0.745833
0.758333
0.766667
0.758333
0.762500
0.745833
0.741667
0.754167
0.762500
0.762500
0.754167
0.758333
0.737500
0.741667
0.733333
0.741667
0.737500
0.737500
0.737500
0.725000
0.725000
0.733333
0.737500
0.737500
0.741667
0.741667
0.741667
0.737500
0.733333
0.745833
0.745833
0.750000
0.758333
0.670833
0.837500
0.741667
0.733333
0.737500
0.737500
0.729167
0.729167
0.716667
0.725000
0.729167
0.737500
0.733333
0.750000
0.741667
0.737500
0.745833
0.754167
0.766667
0.766667
0.762500
0.770833
0.758333
0.754167
0.779167
0.775000
0.775000
0.783333
0.783333
0.762500
0.754167
0.758333
0.750000
0.762500
0.758333
0.754167
0.758333
0.745833
0.737500
0.741667
0.754167
0.750000
0.758333
0.762500
0.762500
1.529167
0.766667
0.762500
0.762500
0.758333
0.754167
0.754167
0.745833
0.729167
0.725000
0.733333
0.737500
0.741667
0.741667
0.737500
0.741667
0.716667
0.720833
0.733333
0.733333
0.729167
0.737500
0.720833
0.725000
0.716667
0.729167
0.729167
0.720833
0.725000
0.720833
0.716667
0.716667
0.720833
0.729167
0.729167
0.720833
0.712500
0.708333
0.720833
0.725000
0.741667
0.729167
0.733333
0.720833
0.716667
0.704167
0.533333
0.887500
0.758333
0.737500
0.725000
0.712500
0.700000
0.700000
0.695833
0.695833
0.700000
0.695833
0.700000
0.691667
0.691667
0.683333
0.691667
0.695833
0.691667
0.695833
1.158333
0.520833
0.475000
0.645833
0.695833
0.691667
0.695833
0.695833
0.700000
0.704167
0.700000
0.704167
0.708333
0.704167
0.700000
0.695833
0.700000
0.712500
1.108333
1.441667
1.037500
0.645833
1.212500
0.858333
0.716667
0.695833
0.700000
0.695833
0.700000
0.541667
0.866667
0.754167
0.741667
0.741667
0.741667
0.741667
0.737500
0.737500
0.737500
0.725000
0.733333
0.737500
0.608333
0.820833
0.737500
0.737500
0.729167
0.733333
0.741667
0.754167
0.758333
0.758333
0.766667
0.770833
0.770833
0.770833
0.762500
0.766667
0.666667
0.879167
0.770833
0.766667
0.766667
0.770833
0.775000
0.758333
0.758333
0.766667
0.775000
0.775000
0.775000
0.775000
0.762500
0.775000
0.779167
0.779167
0.775000
0.775000
0.766667
0.762500
0.762500
0.770833
0.762500
0.775000
0.783333
0.775000
0.775000
0.766667
0.770833
0.766667
0.770833
0.779167
0.766667
0.766667
0.775000
0.791667
0.791667
0.787500
0.762500
0.770833
0.658333
0.866667
0.766667
0.770833
0.770833
0.758333
0.741667
0.483333
0.925000
0.816667
0.791667
0.783333
0.766667
0.762500
0.770833
0.758333
0.758333
0.758333
0.766667
0.762500
0.754167
0.754167
0.766667
0.758333
0.766667
0.758333
0.616667
0.895833
0.800000
0.779167
0.766667
0.754167
0.745833
0.754167
0.762500
0.537500
0.933333
0.816667
0.783333
0.791667
0.783333
0.779167
0.754167
0.770833
0.775000
0.775000
0.775000
0.762500
0.629167
0.904167
0.808333
0.791667
0.787500
0.775000
0.562500
0.920833
0.825000
0.800000
0.783333
0.566667
0.962500
0.783333
0.762500
0.737500
0.729167
0.733333
0.737500
0.741667
0.737500
0.729167
0.729167
0.716667
0.720833
0.729167
0.729167
0.729167
0.733333
0.733333
0.729167
0.729167
0.729167
0.737500
0.737500
0.737500
0.725000
0.725000
0.725000
0.737500
0.741667
0.741667
0.745833
0.725000
0.725000
0.704167
0.716667
0.737500
0.700000
0.795833
0.770833
0.775000
0.770833
0.766667
0.775000
0.766667
0.775000
0.762500
0.758333
0.762500
0.750000
0.745833
0.741667
0.741667
0.750000
0.762500
0.758333
0.762500
0.766667
0.708333
0.829167
0.775000
0.766667
0.775000
0.783333
0.787500
0.779167
0.783333
0.779167
0.783333
0.775000
0.616667
0.958333
0.825000
0.795833
0.791667
0.775000
0.770833
0.766667
0.766667
0.762500
0.762500
0.754167
0.754167
0.741667
0.733333
0.750000
0.750000
0.754167
0.750000
0.745833
0.745833
0.741667
0.754167
0.758333
0.754167
0.766667
0.745833
0.750000
0.737500
0.737500
0.741667
0.741667
0.750000
0.741667
0.737500
0.733333
0.745833
0.741667
0.745833
0.741667
0.737500
0.737500
0.745833
0.741667
0.750000
0.737500
0.733333
0.758333
0.758333
0.758333
0.754167
0.745833
0.758333
0.770833
0.775000
0.775000
0.770833
0.766667
0.762500
0.770833
0.770833
0.770833
0.770833
0.762500
0.762500
0.770833
0.787500
0.783333
0.779167
0.779167
0.770833
0.766667
0.750000
0.745833
0.750000
0.762500
0.758333
0.750000
0.754167
0.750000
0.741667
0.741667
0.733333
0.741667
0.745833
0.754167
0.762500
0.766667
0.775000
0.762500
0.758333
0.750000
0.762500
0.770833
0.762500
0.754167
0.750000
0.741667
0.745833
0.745833
0.745833
0.741667
0.741667
0.741667
0.737500
0.729167
0.733333
0.737500
0.741667
0.733333
0.741667
0.745833
0.754167
0.750000
0.754167
0.750000
0.745833
0.741667
0.729167
0.737500
0.733333
0.741667
0.745833
0.737500
0.741667
0.741667
0.737500
0.745833
0.600000
0.895833
0.812500
0.791667
0.791667
0.787500
0.770833
0.775000
0.770833
0.766667
0.762500
0.750000
0.762500
0.779167
0.787500
0.775000
0.762500
0.766667
0.779167
0.787500
0.783333
0.783333
