0.933333
0.225000
0.712500
0.375000
0.558333
0.941667
0.941667
0.920833
0.933333
0.937500
0.937500
0.933333
0.941667
0.941667
0.925000
0.941667
0.937500
0.933333
0.933333
0.941667
0.933333
0.941667
0.941667
0.937500
0.945833
0.933333
0.937500
0.954167
0.929167
0.945833
0.941667
0.941667
0.941667
0.950000
0.945833
0.937500
0.929167
0.962500
0.912500
0.941667
0.937500
0.945833
0.925000
0.950000
0.929167
0.950000
0.937500
0.929167
0.941667
0.941667
0.933333
0.937500
0.937500
0.941667
0.937500
0.937500
0.933333
0.937500
0.941667
0.941667
0.933333
0.945833
0.933333
0.950000
0.941667
0.929167
0.941667
1.875000
0.941667
0.929167
0.225000
0.712500
0.925000
0.950000
0.929167
0.937500
0.933333
0.929167
0.945833
0.941667
0.933333
0.941667
1.879167
0.929167
0.941667
0.945833
0.662500
0.275000
0.937500
0.929167
0.950000
0.920833
0.933333
0.945833
0.950000
0.916667
0.954167
0.916667
0.945833
0.945833
0.937500
0.933333
1.541667
0.341667
0.945833
0.933333
1.429167
0.458333
0.950000
0.937500
0.937500
0.933333
0.937500
0.945833
0.937500
0.933333
0.941667
0.941667
0.941667
0.941667
0.941667
0.933333
1.870833
0.950000
0.933333
0.933333
0.933333
0.933333
0.941667
0.933333
0.925000
1.866667
0.929167
0.933333
0.929167
0.937500
0.933333
0.929167
0.937500
0.920833
0.945833
0.933333
0.941667
0.937500
1.470833
0.404167
0.937500
0.937500
0.925000
0.937500
0.937500
0.929167
0.929167
0.937500
0.258333
0.687500
0.916667
0.937500
0.925000
0.925000
1.862500
0.933333
0.933333
1.854167
0.941667
0.937500
0.933333
0.925000
0.929167
0.937500
0.937500
0.937500
0.933333
0.925000
0.941667
0.937500
0.933333
0.937500
0.937500
0.925000
1.875000
0.933333
0.945833
0.925000
0.941667
0.937500
0.933333
0.937500
0.937500
0.933333
0.929167
0.933333
0.937500
0.937500
0.933333
0.941667
0.925000
0.937500
0.933333
0.941667
0.933333
0.925000
0.933333
0.941667
0.925000
0.933333
0.929167
0.933333
0.929167
0.941667
0.933333
0.925000
1.866667
0.929167
0.933333
0.937500
0.937500
0.933333
0.941667
0.925000
0.933333
0.929167
0.941667
0.937500
0.920833
0.937500
0.941667
0.937500
0.941667
0.929167
0.933333
0.937500
0.933333
0.941667
0.933333
0.929167
0.937500
0.937500
0.933333
0.925000
0.929167
0.941667
0.933333
0.920833
0.941667
0.937500
0.933333
0.937500
0.937500
0.929167
0.925000
0.833333
1.662500
0.300000
0.933333
0.933333
1.879167
0.933333
0.941667
0.941667
0.925000
0.933333
0.933333
0.941667
0.933333
0.933333
0.933333
0.929167
0.937500
0.941667
0.933333
0.933333
1.870833
0.933333
0.941667
0.929167
0.933333
0.933333
0.937500
0.908333
0.970833
1.875000
0.941667
0.933333
0.929167
0.725000
0.212500
0.941667
0.937500
0.929167
0.933333
0.933333
0.929167
0.933333
0.929167
0.925000
0.929167
0.929167
0.933333
0.925000
0.916667
0.933333
0.925000
0.925000
0.929167
0.641667
0.283333
0.925000
0.929167
0.929167
0.929167
0.916667
0.925000
0.933333
0.920833
0.916667
0.920833
0.920833
0.925000
0.929167
0.925000
0.916667
0.925000
0.933333
0.920833
0.929167
0.925000
0.925000
0.925000
0.933333
0.937500
0.920833
0.929167
0.916667
0.929167
0.933333
0.925000
0.933333
0.933333
0.929167
0.933333
0.929167
0.937500
0.920833
0.929167
0.925000
0.929167
0.929167
0.929167
0.920833
0.929167
0.929167
0.933333
0.920833
0.929167
0.933333
0.925000
0.929167
0.937500
0.925000
0.933333
0.933333
0.933333
0.933333
0.929167
0.929167
0.937500
0.933333
0.925000
0.937500
0.933333
0.925000
0.929167
0.929167
0.929167
1.858333
0.933333
0.929167
0.916667
0.941667
0.925000
0.933333
0.925000
0.929167
0.933333
0.933333
0.929167
0.925000
0.929167
0.929167
0.929167
0.933333
0.925000
0.929167
0.920833
0.937500
0.929167
0.925000
0.929167
0.925000
0.929167
0.933333
0.933333
0.920833
0.929167
0.933333
0.933333
0.937500
0.933333
0.925000
0.933333
0.937500
0.933333
0.933333
0.933333
0.929167
0.933333
0.941667
0.925000
0.929167
0.925000
0.941667
0.925000
0.933333
0.933333
0.929167
0.929167
0.937500
0.937500
0.933333
0.929167
0.933333
0.925000
0.933333
0.933333
0.937500
0.925000
0.929167
0.933333
0.929167
0.933333
0.925000
0.925000
0.933333
0.929167
0.929167
0.933333
0.929167
0.604167
0.320833
0.941667
0.929167
0.929167
0.920833
0.933333
0.925000
0.925000
0.933333
0.929167
0.929167
0.929167
0.925000
0.929167
0.587500
0.350000
0.925000
0.937500
0.933333
0.929167
0.929167
0.929167
0.929167
0.937500
0.925000
0.929167
0.929167
1.858333
0.933333
0.929167
0.929167
0.941667
0.916667
0.933333
0.925000
0.920833
0.933333
0.929167
0.920833
0.929167
0.929167
0.550000
0.370833
0.929167
0.933333
0.929167
0.412500
0.512500
0.925000
0.945833
0.925000
0.929167
0.929167
0.925000
0.937500
0.933333
0.920833
0.925000
0.941667
0.925000
0.925000
0.925000
0.920833
0.537500
0.387500
0.650000
0.279167
0.920833
0.929167
0.920833
0.925000
0.916667
0.933333
0.929167
0.925000
0.933333
0.933333
0.912500
0.937500
0.925000
0.941667
0.920833
0.929167
0.937500
0.920833
0.558333
0.375000
0.358333
0.575000
0.941667
0.937500
0.929167
0.695833
1.166667
0.937500
0.941667
0.320833
0.608333
1.866667
0.937500
0.929167
0.925000
0.929167
0.941667
0.929167
0.933333
0.929167
0.420833
0.512500
0.925000
0.941667
0.933333
0.916667
0.929167
0.929167
0.925000
0.933333
0.933333
0.925000
0.929167
0.941667
0.929167
0.925000
0.929167
0.929167
0.933333
0.929167
0.933333
0.929167
0.933333
0.929167
0.941667
0.925000
0.929167
0.925000
0.929167
0.941667
0.925000
0.933333
0.929167
0.950000
0.920833
0.929167
0.933333
1.850000
0.008333
0.933333
0.929167
0.925000
0.925000
0.929167
0.933333
0.933333
0.925000
0.925000
0.933333
0.929167
0.937500
0.929167
0.929167
0.970833
0.891667
0.925000
0.929167
0.258333
0.670833
0.950000
0.912500
0.925000
0.941667
0.925000
0.604167
0.325000
0.937500
0.920833
0.929167
0.929167
1.858333
0.933333
0.925000
0.925000
0.929167
0.933333
0.929167
0.929167
0.925000
1.870833
0.933333
0.933333
0.929167
0.937500
0.933333
0.933333
0.925000
0.929167
0.945833
0.925000
0.937500
0.929167
0.925000
0.933333
0.929167
0.937500
0.933333
0.925000
0.933333
0.937500
0.937500
0.929167
0.925000
0.937500
0.929167
0.945833
0.925000
0.925000
0.945833
0.912500
0.929167
0.933333
0.933333
0.925000
0.929167
0.929167
