0.762500
0.766667
0.766667
0.754167
0.750000
0.754167
0.766667
0.770833
0.775000
0.770833
0.762500
0.762500
0.766667
0.766667
0.762500
0.758333
0.750000
0.758333
0.766667
0.762500
0.762500
0.583333
0.954167
0.845833
0.825000
0.808333
0.800000
0.787500
0.770833
0.791667
0.779167
0.787500
0.783333
0.783333
0.762500
0.779167
0.783333
0.783333
0.779167
0.775000
0.762500
0.762500
1.537500
0.775000
0.758333
0.754167
0.762500
0.766667
0.762500
0.758333
0.754167
0.745833
0.754167
0.766667
0.758333
0.766667
0.741667
0.754167
0.770833
0.762500
0.762500
0.758333
0.754167
0.750000
0.766667
0.775000
0.770833
0.770833
0.762500
0.750000
0.775000
0.770833
0.779167
0.779167
0.758333
0.770833
0.775000
0.775000
0.775000
0.600000
0.958333
0.862500
0.829167
0.812500
0.812500
0.804167
0.779167
0.783333
0.787500
0.779167
0.770833
0.770833
0.787500
0.783333
0.779167
0.787500
0.775000
0.770833
0.779167
0.787500
0.787500
0.487500
0.954167
0.850000
0.841667
0.845833
0.841667
0.641667
1.012500
0.679167
1.020833
0.875000
0.850000
0.825000
0.800000
0.800000
0.795833
0.795833
0.791667
0.783333
0.779167
0.762500
0.775000
0.791667
0.762500
0.687500
0.954167
0.795833
0.783333
0.787500
0.791667
0.800000
0.787500
0.779167
0.779167
0.779167
0.783333
0.791667
0.783333
0.766667
0.766667
0.762500
0.779167
0.775000
0.775000
0.766667
0.762500
0.775000
0.779167
0.779167
0.779167
0.766667
0.766667
0.775000
0.775000
0.770833
0.783333
0.762500
0.758333
0.779167
0.783333
0.775000
0.766667
0.762500
0.775000
0.787500
0.787500
0.783333
0.775000
0.779167
0.800000
0.804167
0.800000
0.779167
0.783333
0.791667
0.800000
0.808333
0.795833
0.775000
0.779167
0.791667
0.787500
0.787500
0.791667
0.783333
0.779167
0.766667
0.783333
0.775000
0.775000
0.775000
0.779167
0.770833
0.779167
0.783333
0.779167
0.779167
0.766667
0.766667
0.779167
0.779167
0.783333
0.783333
0.775000
0.766667
0.779167
0.787500
0.787500
0.783333
0.770833
0.783333
0.770833
0.775000
0.775000
0.766667
0.754167
0.779167
0.779167
0.775000
0.775000
0.775000
0.758333
0.775000
0.779167
0.779167
0.775000
0.775000
0.766667
0.758333
0.762500
0.762500
0.762500
0.762500
0.762500
0.762500
0.750000
0.750000
0.758333
0.758333
0.758333
0.758333
0.754167
0.758333
0.758333
0.770833
0.770833
0.779167
0.770833
0.766667
0.770833
0.779167
0.787500
0.779167
0.766667
0.754167
0.758333
0.762500
0.758333
0.762500
0.758333
0.745833
0.750000
0.762500
0.754167
0.762500
0.758333
0.745833
0.758333
0.750000
0.770833
0.766667
0.479167
0.920833
0.541667
0.958333
0.833333
0.812500
0.775000
0.795833
0.791667
0.795833
0.766667
0.783333
0.787500
0.787500
0.783333
0.616667
0.987500
0.845833
0.808333
0.795833
0.779167
0.791667
0.783333
0.612500
1.854167
0.620833
0.966667
1.729167
0.866667
0.820833
0.816667
0.812500
0.804167
0.795833
0.587500
1.004167
0.891667
0.854167
0.837500
0.612500
1.891667
0.858333
0.837500
0.820833
0.825000
0.812500
0.812500
0.804167
0.800000
0.795833
0.791667
0.795833
0.783333
0.795833
0.787500
0.795833
0.783333
0.783333
0.783333
0.783333
0.783333
0.783333
0.783333
0.791667
0.787500
0.775000
0.770833
0.779167
0.787500
0.795833
0.787500
0.779167
0.770833
0.766667
0.783333
0.775000
0.779167
0.770833
0.766667
0.783333
0.775000
0.783333
0.762500
0.766667
0.766667
0.770833
0.770833
0.770833
0.754167
0.758333
0.770833
0.779167
0.775000
0.750000
0.762500
0.770833
0.766667
0.766667
0.750000
0.750000
0.750000
0.762500
0.758333
0.758333
0.750000
0.737500
0.750000
0.754167
0.762500
0.758333
0.741667
0.745833
0.750000
0.754167
0.750000
0.750000
0.741667
0.741667
0.754167
0.758333
0.766667
0.750000
0.758333
0.737500
0.750000
0.754167
0.754167
0.750000
0.754167
0.741667
0.745833
0.741667
0.741667
0.529167
0.929167
0.562500
0.900000
0.804167
0.795833
0.779167
0.770833
0.754167
0.750000
0.754167
0.762500
0.754167
0.750000
0.745833
0.745833
0.733333
0.745833
0.745833
0.750000
0.754167
0.737500
0.750000
0.758333
0.758333
0.754167
0.750000
0.737500
0.754167
0.750000
0.733333
0.737500
0.733333
0.741667
0.733333
0.733333
0.733333
0.741667
0.737500
0.754167
0.750000
0.745833
0.745833
0.750000
0.745833
0.750000
0.733333
0.737500
0.737500
0.729167
0.729167
0.708333
0.720833
0.729167
0.750000
0.770833
0.754167
0.754167
0.770833
0.783333
0.787500
0.791667
0.800000
0.800000
0.775000
0.766667
0.775000
0.783333
0.791667
0.779167
0.766667
0.766667
0.645833
0.512500
0.950000
0.550000
0.991667
0.862500
0.845833
0.820833
0.800000
0.800000
0.808333
0.804167
0.795833
0.783333
0.775000
0.795833
0.787500
0.791667
0.783333
0.791667
0.800000
0.808333
0.791667
0.787500
0.791667
0.795833
0.816667
0.812500
0.800000
0.795833
0.804167
0.825000
0.820833
0.820833
0.804167
0.800000
0.825000
0.829167
0.833333
0.845833
0.825000
0.575000
1.083333
0.925000
0.887500
0.875000
0.862500
0.862500
0.850000
0.850000
0.841667
0.820833
0.845833
0.850000
0.850000
0.837500
0.816667
0.791667
0.791667
0.783333
0.787500
0.783333
0.795833
0.804167
0.800000
0.804167
0.787500
0.787500
0.775000
0.775000
0.758333
0.779167
1.533333
0.770833
0.787500
0.791667
0.795833
0.800000
0.804167
0.800000
0.791667
0.787500
0.800000
0.816667
0.816667
0.825000
0.820833
0.808333
0.804167
0.787500
0.770833
0.775000
0.775000
0.787500
0.791667
0.791667
0.779167
0.791667
0.783333
0.787500
0.800000
0.800000
0.795833
0.795833
0.791667
0.791667
0.783333
0.783333
0.783333
0.779167
0.562500
1.012500
0.870833
0.850000
0.833333
0.820833
0.812500
0.804167
0.804167
0.783333
0.779167
0.791667
0.783333
0.787500
0.779167
0.775000
0.779167
0.783333
0.783333
0.783333
0.779167
0.787500
0.787500
0.779167
0.562500
0.970833
0.866667
0.529167
0.983333
0.866667
0.854167
0.845833
0.833333
0.825000
0.812500
0.825000
0.816667
0.820833
0.808333
0.800000
0.783333
0.787500
0.779167
0.787500
0.783333
0.791667
0.783333
0.783333
0.770833
0.766667
0.775000
0.775000
0.775000
0.779167
0.770833
0.770833
0.775000
0.770833
0.779167
0.791667
0.783333
0.791667
0.779167
0.787500
0.770833
0.770833
0.770833
0.779167
0.775000
0.770833
0.775000
0.775000
0.779167
0.775000
0.770833
0.779167
0.779167
0.766667
0.775000
0.758333
0.750000
0.750000
0.758333
1.512500
0.750000
0.754167
0.741667
0.508333
0.954167
0.820833
0.804167
0.787500
0.775000
0.762500
0.695833
0.808333
0.758333
0.762500
0.754167
0.758333
0.762500
0.737500
0.737500
0.733333
0.754167
0.745833
0.741667
0.737500
0.725000
0.720833
0.725000
0.733333
0.737500
0.733333
0.737500
0.562500
0.887500
0.795833
0.795833
0.775000
0.762500
0.750000
0.754167
0.754167
0.750000
0.754167
0.758333
0.733333
0.745833
0.737500
0.733333
0.733333
0.741667
0.741667
0.750000
0.741667
0.733333
0.733333
0.737500
0.737500
0.741667
0.745833
0.745833
0.737500
0.737500
0.750000
0.758333
0.754167
0.766667
0.770833
0.770833
0.770833
0.766667
0.762500
0.770833
0.770833
0.779167
0.775000
0.779167
0.754167
0.754167
0.762500
0.754167
0.754167
0.758333
0.758333
0.754167
0.750000
0.754167
0.737500
0.729167
0.712500
0.737500
0.741667
0.754167
0.775000
0.762500
0.770833
0.783333
0.770833
0.766667
0.779167
0.787500
0.775000
0.770833
0.766667
0.770833
0.787500
0.783333
0.783333
0.770833
0.766667
0.787500
0.791667
0.787500
0.783333
0.645833
0.462500
0.483333
0.708333
0.779167
0.770833
0.787500
0.770833
0.762500
0.779167
0.791667
0.791667
0.775000
0.766667
0.754167
