0.729167
0.741667
0.733333
0.733333
0.745833
0.737500
0.737500
0.745833
0.745833
0.745833
0.750000
0.745833
0.758333
0.754167
0.754167
0.750000
0.754167
0.754167
0.750000
0.745833
0.741667
0.741667
0.745833
0.741667
0.750000
0.750000
0.745833
0.745833
0.750000
0.745833
0.745833
0.745833
0.741667
0.741667
0.741667
0.741667
0.750000
0.745833
0.745833
0.750000
0.741667
0.745833
0.745833
0.741667
0.745833
0.750000
0.745833
0.745833
0.750000
0.745833
0.750000
0.745833
0.745833
0.745833
0.750000
0.754167
0.754167
0.741667
0.745833
0.750000
0.750000
0.758333
0.745833
0.758333
0.750000
0.750000
0.754167
0.750000
0.737500
0.737500
0.737500
0.737500
0.737500
0.741667
0.737500
0.737500
0.737500
0.737500
0.741667
0.733333
0.733333
0.737500
0.729167
0.612500
0.862500
0.741667
0.733333
0.737500
0.741667
0.745833
0.737500
0.745833
0.737500
0.745833
0.745833
0.745833
0.741667
0.745833
0.745833
0.741667
0.745833
0.745833
0.745833
0.745833
0.745833
0.750000
0.750000
0.750000
0.754167
0.754167
0.754167
0.529167
0.979167
0.754167
0.750000
0.750000
0.745833
0.745833
0.741667
0.741667
0.745833
0.741667
0.737500
0.741667
0.741667
0.741667
0.741667
0.737500
0.741667
0.741667
0.750000
0.741667
0.745833
0.741667
0.741667
0.745833
0.741667
0.745833
1.483333
0.741667
0.741667
0.616667
0.841667
0.741667
0.741667
0.741667
0.733333
0.737500
0.737500
0.741667
0.741667
0.741667
0.745833
0.741667
0.741667
0.745833
0.750000
0.750000
0.745833
0.745833
0.750000
0.745833
0.741667
0.737500
0.733333
0.733333
0.737500
0.737500
0.737500
0.741667
0.737500
0.741667
0.741667
0.745833
0.750000
0.741667
0.745833
0.745833
0.741667
0.754167
0.750000
0.754167
0.754167
0.750000
0.754167
0.754167
0.758333
0.754167
0.754167
0.750000
0.758333
0.754167
0.754167
0.758333
0.750000
0.754167
0.762500
0.758333
0.754167
0.754167
0.754167
0.754167
0.758333
0.754167
0.758333
0.766667
0.766667
0.762500
0.766667
0.766667
0.758333
0.758333
0.766667
0.758333
0.766667
0.762500
0.762500
0.758333
0.758333
0.762500
0.754167
0.758333
0.754167
0.758333
0.758333
0.754167
0.762500
0.762500
0.754167
0.758333
0.758333
0.758333
0.758333
0.766667
0.758333
0.762500
0.758333
0.758333
0.750000
0.750000
0.754167
0.754167
0.750000
0.745833
0.750000
0.758333
0.754167
0.750000
0.754167
0.758333
0.750000
0.750000
0.750000
0.750000
0.745833
0.754167
0.758333
0.579167
0.945833
0.766667
0.766667
0.770833
0.766667
0.762500
0.766667
0.766667
0.770833
0.770833
0.583333
0.912500
0.762500
0.754167
0.750000
0.758333
0.750000
0.762500
0.766667
0.754167
0.750000
0.754167
0.754167
0.758333
0.758333
0.762500
0.758333
0.766667
0.758333
0.758333
0.762500
0.770833
0.775000
0.770833
0.770833
0.766667
0.766667
0.766667
0.758333
0.754167
0.762500
0.750000
0.754167
0.754167
0.754167
0.758333
0.754167
0.758333
0.766667
0.766667
0.770833
0.762500
0.770833
0.762500
0.762500
0.758333
0.758333
0.762500
0.758333
0.758333
0.766667
0.758333
0.766667
0.770833
0.762500
0.770833
0.770833
0.770833
0.775000
0.766667
0.766667
0.779167
0.766667
0.766667
0.766667
0.762500
0.758333
0.758333
0.758333
0.758333
0.762500
0.766667
0.758333
0.758333
0.762500
0.758333
0.587500
0.908333
0.783333
0.775000
0.770833
0.770833
0.770833
0.758333
0.758333
0.754167
0.754167
0.758333
0.750000
0.745833
0.750000
0.754167
0.745833
0.745833
0.750000
0.745833
0.750000
0.750000
0.754167
0.754167
0.745833
0.750000
0.754167
0.750000
0.754167
0.754167
0.758333
0.754167
0.758333
0.758333
0.766667
0.754167
0.762500
0.766667
0.766667
0.770833
0.766667
0.766667
0.762500
0.770833
0.766667
0.758333
0.762500
0.762500
0.762500
0.766667
0.766667
0.770833
0.775000
0.770833
0.775000
0.770833
0.770833
0.775000
0.766667
0.766667
0.758333
0.754167
0.754167
0.745833
0.741667
0.745833
0.741667
0.750000
0.745833
0.750000
0.750000
0.754167
0.762500
0.766667
0.762500
0.537500
0.958333
0.691667
0.850000
0.770833
0.766667
0.766667
0.758333
0.758333
0.758333
0.754167
0.745833
0.754167
0.750000
0.758333
0.754167
0.750000
0.758333
0.750000
0.758333
0.750000
0.754167
0.750000
0.750000
0.741667
0.745833
0.741667
0.741667
0.737500
0.733333
0.733333
0.741667
0.745833
0.745833
0.745833
0.741667
0.754167
0.745833
0.745833
0.741667
0.737500
0.741667
0.745833
0.741667
0.750000
0.745833
0.745833
0.745833
0.750000
0.750000
0.750000
0.754167
0.750000
0.745833
0.750000
0.754167
0.750000
0.745833
0.741667
0.745833
0.741667
0.741667
0.741667
0.741667
0.741667
0.737500
0.745833
0.750000
0.754167
0.750000
0.750000
0.754167
0.754167
0.754167
0.754167
0.754167
0.758333
0.754167
0.758333
0.745833
0.741667
0.745833
0.741667
0.741667
0.745833
0.745833
0.750000
0.754167
0.754167
0.758333
0.758333
0.762500
0.758333
0.754167
0.750000
0.750000
0.745833
0.750000
0.750000
0.750000
0.754167
0.754167
0.754167
0.758333
0.758333
0.758333
0.754167
0.762500
0.750000
0.750000
0.750000
0.745833
0.754167
0.745833
0.750000
0.750000
0.750000
0.750000
0.745833
0.745833
0.745833
0.741667
0.745833
0.745833
0.750000
0.745833
0.745833
0.745833
0.750000
0.745833
0.745833
0.750000
0.750000
0.750000
0.758333
0.754167
0.754167
0.754167
0.758333
0.758333
0.762500
0.758333
0.762500
0.762500
0.770833
0.758333
0.762500
0.766667
0.762500
0.766667
0.770833
0.762500
0.770833
0.766667
0.775000
0.775000
0.770833
0.766667
0.583333
0.912500
0.762500
0.758333
0.750000
0.758333
0.758333
0.758333
0.758333
0.766667
0.758333
0.766667
0.758333
0.758333
0.758333
0.754167
0.754167
0.745833
0.750000
0.762500
0.762500
0.758333
0.758333
0.762500
0.775000
0.766667
0.766667
0.758333
0.762500
0.758333
0.758333
0.762500
0.754167
0.758333
0.754167
0.754167
0.754167
0.750000
0.741667
0.745833
0.750000
0.745833
0.754167
0.745833
0.741667
0.733333
0.737500
0.720833
0.708333
0.704167
0.708333
0.695833
0.691667
0.700000
0.700000
0.704167
0.704167
0.704167
0.708333
0.704167
0.708333
0.708333
0.716667
0.712500
0.712500
0.725000
0.737500
0.741667
0.737500
0.745833
0.737500
0.745833
0.733333
0.745833
0.741667
0.737500
0.745833
0.745833
0.737500
0.729167
0.725000
0.733333
0.720833
0.720833
0.716667
0.720833
0.720833
0.712500
0.720833
0.720833
0.720833
0.712500
0.716667
0.716667
0.720833
0.712500
0.716667
0.720833
0.720833
0.720833
0.729167
0.720833
0.733333
0.725000
0.729167
0.725000
0.716667
0.720833
0.729167
0.737500
0.741667
0.737500
0.741667
0.737500
0.737500
0.745833
0.741667
0.737500
0.741667
0.741667
0.737500
0.737500
0.733333
0.729167
0.733333
0.737500
0.733333
0.733333
0.733333
0.600000
0.858333
0.741667
0.741667
0.745833
0.741667
0.745833
0.745833
0.745833
0.741667
0.745833
0.741667
0.745833
0.741667
0.750000
0.745833
0.750000
0.750000
0.750000
0.750000
0.750000
0.754167
0.754167
0.750000
0.754167
0.754167
0.750000
0.750000
0.754167
0.750000
0.754167
0.750000
0.745833
0.745833
0.737500
0.741667
0.737500
0.745833
0.758333
0.750000
0.758333
0.762500
0.766667
0.766667
0.762500
0.770833
1.533333
0.775000
0.762500
0.758333
0.762500
0.758333
0.754167
0.554167
0.916667
0.762500
0.758333
0.750000
0.754167
0.754167
0.754167
0.750000
0.754167
0.754167
0.758333
0.758333
0.766667
0.766667
0.766667
0.758333
0.762500
0.758333
0.762500
0.762500
0.754167
0.754167
0.762500
0.754167
0.754167
0.762500
0.754167
0.754167
0.762500
0.758333
0.766667
0.758333
0.766667
0.766667
0.762500
0.775000
0.608333
0.912500
0.783333
0.775000
0.770833
0.766667
0.758333
0.762500
0.762500
0.754167
0.758333
0.754167
0.758333
0.750000
0.754167
0.758333
0.754167
0.758333
0.754167
0.750000
0.750000
0.750000
0.754167
0.750000
0.762500
0.750000
0.758333
0.766667
0.770833
0.770833
0.766667
0.775000
0.770833
