0.941667
0.929167
0.941667
0.958333
0.941667
0.920833
0.912500
0.933333
0.945833
0.958333
0.929167
0.908333
0.870833
0.870833
0.875000
0.895833
0.895833
0.862500
0.862500
0.879167
0.900000
0.883333
0.870833
0.883333
0.929167
0.941667
0.920833
0.887500
0.900000
0.937500
0.979167
0.970833
0.933333
0.908333
0.925000
0.950000
0.966667
0.966667
0.966667
1.008333
0.991667
0.975000
0.950000
0.933333
0.958333
0.983333
0.995833
0.979167
1.000000
1.000000
1.004167
0.962500
1.033333
0.987500
0.966667
0.958333
0.962500
0.975000
0.966667
0.937500
0.929167
0.945833
0.950000
0.929167
0.920833
0.925000
0.950000
0.966667
0.966667
0.950000
0.954167
0.966667
0.962500
0.970833
0.954167
0.962500
0.962500
0.966667
0.966667
0.975000
0.958333
0.950000
0.975000
0.979167
0.979167
0.983333
0.954167
0.941667
0.950000
0.962500
0.966667
0.966667
0.958333
0.970833
0.983333
0.975000
0.979167
0.950000
0.958333
0.995833
0.983333
0.966667
0.950000
0.962500
0.970833
0.979167
0.975000
0.958333
0.958333
0.954167
0.966667
0.970833
0.958333
0.945833
0.958333
0.975000
0.966667
0.950000
0.933333
0.937500
0.950000
0.966667
0.945833
0.954167
0.958333
0.975000
0.979167
0.987500
0.975000
0.962500
0.966667
0.979167
0.983333
0.975000
0.958333
0.954167
0.975000
0.966667
0.987500
0.966667
0.958333
0.950000
0.970833
0.970833
0.975000
0.962500
0.958333
0.975000
0.987500
0.975000
0.945833
0.941667
0.954167
0.966667
0.966667
0.970833
0.962500
0.958333
0.987500
0.987500
0.975000
0.954167
0.925000
0.937500
0.958333
0.958333
0.970833
0.945833
0.941667
0.937500
0.954167
0.958333
0.954167
0.945833
0.941667
0.962500
0.979167
0.987500
0.954167
0.945833
0.962500
0.979167
0.975000
0.979167
0.962500
0.954167
0.987500
1.000000
0.991667
0.966667
0.966667
0.966667
0.987500
0.983333
0.983333
0.945833
0.929167
0.950000
0.970833
0.966667
0.937500
0.929167
0.941667
0.950000
0.966667
0.937500
0.933333
0.941667
0.962500
0.970833
0.979167
0.954167
0.941667
0.937500
0.975000
0.975000
0.970833
0.937500
0.925000
0.950000
0.958333
0.958333
0.937500
0.920833
0.945833
0.958333
0.941667
0.941667
0.929167
0.966667
0.962500
0.958333
0.945833
0.933333
0.962500
0.975000
0.983333
0.983333
0.954167
0.937500
0.954167
0.983333
0.975000
0.950000
0.937500
0.937500
0.958333
0.962500
0.970833
0.954167
0.941667
0.941667
0.954167
0.954167
0.975000
0.958333
0.950000
0.937500
0.962500
0.966667
0.966667
0.945833
0.937500
0.937500
0.958333
0.958333
0.962500
0.945833
0.933333
0.958333
0.975000
0.970833
0.937500
0.925000
0.941667
0.958333
0.962500
0.945833
0.920833
1.037500
1.016667
0.983333
0.962500
0.941667
0.945833
0.970833
0.991667
1.012500
0.983333
0.937500
0.920833
0.950000
0.975000
0.970833
0.941667
0.933333
0.958333
0.975000
0.987500
0.979167
0.962500
1.041667
1.033333
1.016667
1.020833
1.004167
0.962500
0.945833
0.991667
1.020833
1.008333
0.979167
0.941667
0.987500
1.008333
1.000000
0.995833
0.970833
0.925000
0.920833
0.945833
0.966667
0.941667
0.933333
0.954167
0.558333
0.408333
0.662500
0.262500
0.270833
0.779167
0.312500
0.679167
0.854167
0.566667
0.866667
0.375000
0.479167
0.845833
0.858333
0.875000
0.858333
0.262500
0.583333
0.866667
0.895833
0.883333
0.862500
0.866667
0.883333
0.291667
0.612500
0.600000
0.316667
0.491667
0.404167
0.358333
0.695833
0.487500
0.254167
0.933333
0.554167
0.370833
0.358333
0.558333
0.520833
0.316667
1.029167
0.287500
0.629167
1.054167
0.275000
0.450000
0.325000
0.533333
0.791667
0.450000
0.479167
0.637500
0.250000
0.391667
0.450000
0.208333
0.637500
0.862500
0.870833
0.858333
0.866667
0.908333
0.945833
0.945833
0.920833
0.900000
0.929167
0.937500
0.937500
0.937500
0.925000
0.933333
0.912500
0.925000
0.925000
0.925000
0.929167
0.929167
0.925000
0.929167
0.983333
0.975000
0.962500
0.958333
0.954167
0.950000
0.975000
0.987500
0.979167
0.983333
0.975000
0.966667
1.012500
0.995833
0.979167
0.954167
0.479167
1.095833
0.962500
0.962500
0.912500
0.895833
0.929167
0.945833
0.966667
0.950000
0.958333
0.975000
0.991667
0.979167
0.987500
0.991667
1.012500
1.000000
1.004167
0.995833
1.012500
1.016667
1.004167
1.008333
0.983333
1.037500
1.016667
0.987500
0.983333
0.966667
1.029167
1.025000
1.004167
0.983333
0.991667
1.012500
1.020833
1.008333
0.979167
0.975000
0.983333
1.008333
0.991667
0.975000
0.966667
0.987500
0.991667
0.979167
0.975000
0.941667
0.908333
0.904167
0.904167
0.916667
1.770833
0.870833
0.895833
0.895833
0.862500
0.883333
0.904167
0.904167
0.866667
0.866667
0.900000
0.929167
0.904167
0.866667
0.875000
0.904167
0.929167
0.962500
0.970833
0.975000
0.970833
0.970833
0.995833
1.000000
0.995833
0.979167
0.970833
0.975000
0.983333
1.008333
1.066667
1.029167
1.004167
1.004167
0.991667
0.995833
1.075000
1.020833
1.000000
0.962500
0.970833
0.987500
1.000000
1.000000
0.945833
0.925000
0.966667
0.970833
0.979167
0.950000
0.945833
0.975000
0.987500
0.954167
0.966667
0.975000
0.995833
0.995833
0.991667
0.979167
1.029167
1.020833
1.016667
1.000000
0.995833
1.041667
1.016667
1.000000
0.983333
0.975000
0.991667
0.995833
1.000000
0.962500
1.037500
1.037500
0.987500
0.958333
0.933333
0.954167
0.970833
0.975000
0.954167
0.941667
0.966667
0.983333
0.970833
0.979167
0.983333
1.000000
0.991667
0.983333
0.983333
0.979167
0.995833
1.000000
0.987500
0.958333
0.962500
0.991667
0.991667
0.954167
0.920833
0.920833
0.941667
0.954167
0.950000
0.945833
0.945833
0.975000
0.987500
0.966667
0.962500
0.975000
1.000000
0.987500
0.954167
0.954167
0.991667
1.000000
0.987500
0.991667
0.970833
0.987500
1.000000
0.983333
0.966667
0.962500
0.970833
0.991667
0.975000
0.958333
0.945833
0.941667
0.962500
0.970833
0.983333
0.950000
0.941667
0.954167
0.970833
0.966667
0.941667
0.929167
0.929167
0.958333
0.970833
0.929167
0.916667
0.904167
0.920833
0.950000
0.933333
0.895833
0.875000
0.879167
0.895833
0.870833
0.862500
0.879167
0.925000
0.941667
0.925000
0.895833
0.904167
0.937500
0.954167
0.933333
0.933333
0.950000
0.983333
0.975000
0.983333
1.000000
0.979167
0.958333
0.962500
0.979167
1.000000
1.000000
0.987500
0.975000
0.975000
0.987500
0.987500
0.991667
0.991667
0.970833
0.970833
1.025000
1.020833
1.008333
0.975000
0.970833
0.979167
0.991667
