1.141667
1.150000
1.145833
1.154167
1.150000
1.154167
1.150000
1.150000
1.154167
1.145833
1.154167
1.150000
1.150000
1.150000
1.150000
1.150000
1.145833
1.150000
1.150000
1.145833
1.154167
1.154167
1.145833
1.150000
1.154167
1.150000
1.154167
1.158333
1.154167
1.150000
1.154167
1.158333
1.154167
1.150000
1.158333
1.154167
1.150000
1.158333
1.150000
1.150000
1.154167
1.145833
1.145833
1.145833
1.150000
1.141667
1.145833
1.145833
1.141667
1.145833
1.154167
1.150000
1.145833
1.150000
1.150000
1.145833
1.145833
1.145833
1.145833
1.145833
1.150000
1.150000
1.150000
1.154167
1.154167
1.150000
1.154167
1.150000
1.145833
1.150000
1.145833
1.145833
1.150000
1.154167
1.150000
1.150000
1.158333
1.150000
1.150000
1.150000
1.154167
1.145833
1.145833
1.150000
1.145833
1.150000
1.145833
1.150000
1.145833
1.150000
1.150000
1.141667
1.150000
1.145833
1.145833
1.145833
1.150000
1.141667
1.141667
1.150000
1.141667
1.145833
1.145833
1.145833
1.145833
1.141667
1.145833
1.133333
1.137500
1.141667
1.141667
1.133333
1.133333
1.129167
1.129167
1.141667
1.145833
1.058333
1.154167
1.008333
1.275000
1.116667
1.141667
1.141667
1.091667
1.116667
1.137500
1.029167
1.150000
1.150000
1.145833
1.150000
1.150000
1.145833
1.145833
1.150000
1.150000
1.145833
1.154167
1.154167
1.150000
1.154167
1.154167
1.150000
1.150000
1.154167
1.154167
1.141667
1.154167
1.158333
1.145833
1.154167
1.154167
1.150000
1.150000
1.154167
1.150000
1.154167
1.150000
1.154167
1.145833
1.150000
1.145833
1.145833
1.145833
1.150000
1.141667
1.145833
1.145833
1.145833
1.141667
1.150000
1.145833
1.141667
1.145833
1.145833
1.141667
1.141667
1.150000
1.141667
1.066667
0.900000
1.162500
0.991667
1.154167
1.116667
1.037500
1.016667
1.162500
1.158333
1.162500
1.166667
1.166667
1.158333
1.162500
1.166667
1.158333
1.162500
1.170833
1.162500
1.158333
1.166667
1.166667
1.162500
1.162500
1.162500
1.154167
1.154167
1.158333
1.154167
1.158333
1.158333
1.158333
1.158333
1.162500
1.158333
1.154167
1.158333
1.154167
1.150000
1.154167
1.154167
1.145833
1.150000
1.150000
1.145833
1.150000
1.154167
1.150000
1.150000
1.154167
1.154167
1.150000
1.158333
1.158333
1.150000
1.158333
1.150000
1.145833
1.141667
1.150000
1.145833
1.150000
1.150000
1.158333
1.145833
1.154167
1.158333
1.150000
1.158333
1.158333
1.154167
1.154167
1.158333
1.158333
1.154167
1.158333
1.154167
1.150000
1.154167
1.154167
1.150000
1.150000
1.154167
1.150000
1.150000
1.154167
1.150000
1.150000
1.154167
1.154167
1.145833
1.150000
1.158333
1.150000
1.150000
1.154167
1.154167
1.154167
1.158333
1.154167
1.154167
1.154167
1.158333
1.150000
1.154167
1.158333
1.154167
1.154167
1.150000
1.150000
1.154167
1.158333
1.154167
1.150000
1.154167
1.154167
1.150000
1.154167
1.154167
1.150000
1.154167
1.154167
1.154167
1.150000
1.154167
1.145833
1.150000
1.154167
1.150000
1.145833
1.150000
1.150000
1.145833
1.150000
1.150000
1.150000
1.150000
1.154167
1.154167
1.145833
1.145833
1.154167
1.141667
1.145833
1.154167
1.145833
1.158333
1.158333
1.154167
1.154167
1.162500
1.158333
1.158333
1.162500
1.154167
1.150000
1.158333
1.158333
1.154167
1.158333
1.158333
1.154167
1.154167
1.158333
1.154167
1.154167
1.154167
1.158333
1.145833
1.154167
1.158333
1.150000
1.154167
1.154167
1.158333
1.154167
1.158333
1.158333
1.150000
1.158333
1.154167
1.150000
1.150000
1.154167
1.150000
1.158333
1.162500
1.158333
1.158333
1.162500
1.158333
1.154167
1.162500
1.158333
1.154167
1.154167
1.158333
1.154167
1.154167
1.154167
1.158333
1.158333
1.154167
1.158333
1.154167
1.158333
1.162500
1.154167
1.158333
1.158333
1.154167
1.154167
1.162500
1.154167
1.158333
1.158333
1.158333
1.150000
1.150000
1.154167
1.145833
1.158333
1.154167
1.150000
1.158333
1.158333
1.154167
1.162500
1.158333
1.162500
1.154167
1.166667
1.162500
1.158333
1.158333
1.166667
1.154167
1.158333
1.166667
1.158333
1.158333
1.162500
1.162500
1.162500
1.166667
1.166667
1.162500
1.162500
1.166667
1.154167
1.162500
1.158333
1.154167
1.162500
1.162500
1.158333
1.158333
1.158333
1.158333
1.158333
1.158333
1.162500
1.154167
1.158333
1.162500
1.150000
1.154167
1.154167
1.154167
1.150000
1.154167
1.158333
0.370833
0.770833
1.154167
1.154167
0.291667
0.854167
1.154167
1.154167
1.150000
1.162500
1.166667
1.166667
1.162500
1.175000
1.170833
1.166667
1.175000
1.166667
1.162500
1.166667
1.170833
1.162500
1.162500
1.170833
1.158333
1.162500
1.162500
1.162500
1.162500
1.166667
1.162500
1.162500
1.162500
1.162500
1.154167
1.162500
1.162500
1.154167
1.162500
1.158333
1.158333
1.154167
1.154167
1.116667
1.012500
1.141667
1.125000
1.037500
1.120833
1.183333
1.170833
1.133333
1.183333
1.166667
1.075000
1.175000
1.170833
1.145833
1.175000
1.166667
1.133333
1.179167
1.175000
1.129167
1.133333
1.187500
1.170833
1.112500
1.183333
1.170833
1.083333
1.179167
1.170833
1.108333
1.183333
1.170833
1.100000
1.095833
1.145833
1.133333
1.037500
1.175000
1.179167
1.116667
1.166667
1.145833
1.095833
1.075000
1.154167
1.137500
1.041667
