0.800000
0.787500
0.795833
0.812500
0.829167
0.825000
0.812500
0.820833
0.845833
0.854167
0.858333
0.845833
0.833333
0.854167
0.862500
0.841667
0.850000
0.862500
0.850000
0.820833
0.795833
0.775000
0.766667
0.762500
0.754167
0.762500
0.754167
0.754167
0.741667
0.754167
0.766667
0.762500
0.758333
0.745833
0.754167
0.758333
0.758333
0.754167
0.758333
0.741667
0.741667
0.741667
0.745833
0.754167
0.754167
0.762500
0.750000
0.754167
0.750000
0.766667
0.762500
0.754167
0.754167
0.754167
0.754167
0.754167
0.737500
0.741667
0.737500
0.733333
0.733333
0.733333
0.720833
0.716667
0.720833
0.729167
0.729167
0.720833
0.729167
0.725000
0.729167
0.725000
0.716667
0.729167
0.725000
0.733333
0.733333
0.720833
0.716667
0.729167
0.729167
0.733333
0.729167
0.725000
0.720833
0.716667
0.725000
0.729167
0.729167
0.733333
0.541667
0.891667
0.766667
0.750000
0.745833
0.737500
0.733333
0.725000
0.733333
0.733333
0.737500
0.725000
0.733333
0.733333
0.733333
0.737500
0.737500
0.733333
0.741667
0.750000
0.745833
0.745833
0.745833
0.754167
0.754167
0.737500
0.741667
0.750000
0.758333
0.762500
0.754167
0.750000
0.737500
0.745833
0.745833
0.745833
0.745833
0.737500
0.737500
0.733333
0.745833
0.750000
0.750000
0.745833
0.741667
0.733333
0.741667
0.729167
0.729167
0.733333
0.533333
0.904167
0.791667
0.758333
0.745833
0.737500
0.733333
0.720833
0.704167
0.704167
0.695833
0.704167
0.708333
0.729167
0.737500
0.741667
0.733333
0.733333
0.729167
0.729167
0.733333
0.733333
0.737500
0.725000
0.729167
0.729167
0.733333
0.729167
0.733333
0.729167
0.716667
0.716667
0.725000
0.725000
0.725000
0.733333
0.733333
0.737500
0.737500
0.733333
0.725000
0.725000
0.737500
0.733333
0.745833
0.737500
0.741667
0.737500
0.745833
0.741667
0.741667
0.745833
0.737500
0.729167
0.729167
0.737500
0.741667
0.720833
0.729167
0.729167
0.733333
0.745833
0.729167
0.733333
0.741667
0.745833
0.741667
0.737500
0.733333
0.716667
0.716667
0.716667
0.716667
0.708333
0.708333
0.712500
0.704167
0.708333
0.704167
0.700000
0.687500
0.691667
0.691667
0.691667
0.683333
0.691667
0.695833
1.404167
0.704167
0.700000
0.695833
0.683333
0.691667
0.700000
0.708333
0.700000
0.708333
0.700000
0.708333
0.708333
0.712500
0.708333
0.700000
0.695833
0.695833
0.691667
0.683333
0.675000
0.675000
0.670833
0.666667
0.666667
0.654167
0.654167
0.650000
0.662500
0.641667
0.645833
0.641667
0.645833
0.650000
1.308333
0.654167
0.654167
0.658333
0.658333
0.658333
0.658333
0.658333
0.654167
0.658333
0.654167
0.658333
0.654167
0.650000
0.650000
0.654167
0.650000
0.645833
0.645833
0.650000
0.645833
0.645833
0.641667
0.641667
0.645833
0.650000
0.650000
0.654167
0.658333
0.654167
0.654167
0.654167
0.662500
0.662500
0.662500
0.670833
0.675000
0.670833
0.679167
0.670833
0.679167
0.679167
0.679167
0.683333
0.687500
0.687500
0.687500
0.695833
0.691667
0.695833
0.691667
0.691667
0.695833
0.700000
0.700000
0.691667
0.691667
0.695833
0.708333
0.708333
0.712500
0.708333
0.720833
0.720833
0.733333
0.737500
0.733333
0.733333
0.733333
0.737500
0.745833
0.737500
0.737500
0.754167
0.745833
0.750000
0.741667
0.737500
0.741667
0.741667
0.750000
0.620833
0.875000
0.779167
1.562500
0.758333
0.750000
0.745833
0.750000
0.758333
0.762500
0.766667
0.754167
0.754167
0.750000
0.750000
0.754167
0.758333
0.745833
0.741667
0.754167
0.754167
0.754167
0.745833
0.750000
0.754167
0.762500
0.762500
0.762500
0.770833
0.766667
0.762500
0.775000
0.779167
0.783333
0.783333
0.775000
0.779167
0.775000
0.766667
0.775000
0.770833
0.766667
0.766667
0.762500
0.754167
0.766667
0.770833
0.766667
0.766667
0.766667
0.758333
0.754167
0.762500
0.762500
0.583333
0.962500
0.816667
0.791667
0.770833
0.762500
0.779167
0.779167
0.783333
0.779167
0.783333
0.770833
0.766667
0.766667
0.775000
0.770833
0.770833
0.766667
0.758333
0.754167
0.750000
0.758333
0.766667
0.758333
0.754167
0.745833
0.754167
0.758333
0.762500
0.770833
0.770833
0.754167
0.758333
0.762500
0.762500
0.758333
0.750000
0.758333
0.766667
0.762500
0.641667
0.891667
0.770833
0.770833
0.770833
0.758333
0.520833
0.916667
0.804167
0.783333
0.770833
0.758333
0.754167
0.762500
0.762500
0.770833
0.775000
0.754167
0.754167
0.758333
0.766667
0.754167
0.766667
0.762500
0.762500
0.766667
0.766667
0.766667
0.766667
0.766667
0.762500
0.762500
0.750000
0.750000
0.766667
0.766667
0.770833
0.775000
0.766667
0.758333
0.766667
0.750000
0.750000
0.750000
0.754167
0.745833
0.750000
0.741667
0.733333
0.729167
0.733333
0.729167
0.737500
0.729167
0.720833
0.725000
0.729167
0.725000
0.729167
0.720833
0.720833
0.720833
0.725000
0.720833
0.725000
0.725000
0.716667
0.720833
0.712500
0.716667
0.708333
0.708333
0.704167
0.708333
0.712500
0.708333
0.712500
0.712500
0.712500
0.704167
0.700000
0.708333
0.708333
0.712500
0.704167
0.708333
0.720833
0.620833
0.829167
0.725000
0.712500
0.712500
0.708333
0.712500
0.708333
0.700000
0.700000
0.708333
0.704167
0.712500
0.704167
0.704167
0.700000
0.695833
0.700000
0.704167
0.704167
0.704167
0.704167
0.691667
0.700000
0.695833
0.700000
0.695833
0.704167
0.695833
0.654167
0.733333
0.691667
0.687500
0.687500
0.687500
0.691667
0.695833
0.700000
0.695833
0.695833
0.700000
0.683333
0.683333
0.683333
0.679167
0.683333
0.687500
0.691667
0.691667
0.679167
0.683333
0.683333
0.695833
0.691667
0.695833
0.695833
0.691667
0.687500
0.691667
0.695833
0.695833
0.704167
0.708333
0.704167
0.700000
0.704167
0.700000
0.704167
0.704167
0.712500
0.720833
0.720833
0.725000
0.733333
0.716667
0.720833
0.733333
0.737500
0.733333
0.741667
0.720833
0.712500
0.712500
0.708333
0.712500
0.708333
0.716667
0.725000
0.737500
0.737500
0.737500
0.741667
0.754167
0.754167
0.758333
0.754167
0.750000
0.762500
0.766667
0.758333
0.758333
0.741667
0.741667
0.741667
1.495833
0.745833
0.729167
0.733333
0.737500
0.745833
0.750000
0.741667
0.737500
0.750000
0.750000
0.750000
0.741667
0.725000
0.733333
0.737500
0.737500
0.729167
0.729167
0.725000
0.720833
0.729167
0.733333
0.733333
0.741667
0.737500
0.733333
0.720833
0.725000
0.733333
0.733333
0.737500
0.737500
0.733333
0.725000
0.737500
0.737500
0.750000
0.741667
0.737500
0.733333
0.750000
0.754167
0.758333
0.766667
0.762500
0.595833
0.962500
0.808333
0.795833
0.779167
0.766667
0.754167
0.766667
0.766667
0.762500
0.750000
0.750000
0.737500
0.750000
0.750000
0.754167
0.754167
0.770833
0.779167
0.783333
0.783333
0.783333
0.733333
0.837500
0.766667
0.766667
0.762500
0.766667
0.766667
0.754167
0.750000
0.758333
0.758333
0.758333
0.750000
0.745833
0.745833
0.758333
0.758333
0.762500
0.758333
0.750000
0.766667
0.766667
0.758333
0.750000
0.741667
0.750000
0.754167
0.745833
0.741667
0.733333
0.729167
0.741667
0.750000
0.754167
0.741667
0.733333
0.750000
0.754167
0.762500
0.754167
0.750000
0.712500
0.770833
0.754167
0.754167
0.750000
0.750000
0.741667
0.741667
0.741667
0.758333
0.750000
0.741667
0.741667
0.745833
0.750000
0.579167
0.925000
0.795833
0.762500
0.745833
0.758333
0.754167
0.750000
0.579167
0.920833
0.779167
0.770833
0.762500
0.758333
0.754167
0.741667
0.754167
0.754167
0.754167
0.750000
0.745833
0.758333
0.754167
0.754167
0.750000
0.741667
0.737500
0.741667
0.737500
0.741667
0.737500
0.733333
0.729167
0.733333
0.737500
0.741667
0.741667
0.733333
0.741667
0.741667
0.737500
0.745833
0.733333
0.741667
0.741667
0.750000
0.741667
0.737500
0.737500
0.737500
0.729167
0.737500
0.737500
0.737500
0.725000
0.729167
0.729167
0.733333
0.737500
0.737500
0.729167
0.725000
0.725000
0.729167
0.733333
0.733333
0.733333
0.737500
0.733333
0.729167
0.716667
0.729167
0.729167
0.729167
0.737500
0.741667
0.733333
0.733333
0.716667
0.537500
0.891667
0.775000
0.754167
0.741667
0.729167
0.720833
0.720833
0.720833
0.712500
0.708333
0.708333
0.716667
0.716667
0.712500
0.704167
