0.629167
0.870833
1.408333
0.745833
0.937500
0.804167
0.495833
0.945833
0.504167
1.000000
0.562500
1.541667
1.379167
0.895833
0.741667
0.766667
1.508333
1.504167
0.737500
0.675000
0.837500
0.762500
1.004167
0.512500
1.512500
0.770833
0.858333
0.762500
0.645833
0.758333
1.016667
0.604167
0.754167
1.391667
0.954167
0.654167
0.708333
0.725000
1.145833
0.704167
0.854167
0.858333
0.683333
1.495833
0.862500
0.654167
0.862500
0.750000
0.904167
0.483333
0.745833
0.683333
0.954167
0.858333
0.858333
1.554167
0.725000
1.008333
0.737500
0.504167
0.729167
0.875000
1.379167
0.862500
0.895833
0.670833
0.808333
0.500000
1.487500
1.437500
0.854167
0.858333
0.854167
0.854167
0.737500
0.733333
0.862500
1.395833
0.729167
0.766667
0.758333
1.420833
0.800000
0.916667
0.795833
0.491667
0.762500
0.745833
0.854167
0.879167
0.720833
0.662500
0.662500
0.404167
1.137500
0.854167
0.850000
0.708333
0.675000
0.758333
0.991667
0.754167
0.495833
0.762500
0.937500
0.791667
0.495833
0.862500
0.891667
0.608333
0.679167
0.787500
1.412500
0.858333
0.829167
0.541667
0.750000
0.750000
0.954167
0.650000
0.708333
1.008333
0.708333
0.854167
0.858333
0.720833
0.833333
0.733333
0.762500
0.737500
0.870833
0.637500
0.762500
0.733333
0.875000
0.641667
0.858333
0.670833
0.850000
0.825000
0.704167
0.433333
0.954167
1.529167
0.858333
0.850000
0.675000
0.725000
0.766667
1.495833
0.741667
0.858333
0.891667
1.245833
0.483333
1.241667
0.537500
1.491667
0.675000
0.829167
0.741667
0.637500
0.862500
0.758333
0.975000
0.737500
0.408333
0.800000
1.525000
0.858333
1.712500
0.854167
0.708333
0.750000
0.833333
0.766667
0.637500
0.862500
0.625000
0.770833
0.750000
0.862500
0.683333
0.937500
0.504167
0.858333
0.870833
0.500000
0.729167
0.770833
0.754167
0.858333
0.900000
0.716667
0.679167
0.700000
0.858333
1.008333
0.854167
0.858333
0.704167
0.708333
0.745833
0.854167
0.654167
0.854167
0.754167
0.908333
0.595833
0.904167
0.745833
0.600000
0.637500
0.745833
0.754167
0.983333
0.737500
0.716667
0.641667
0.712500
0.858333
0.854167
0.858333
0.854167
0.700000
0.770833
0.687500
1.000000
0.733333
0.608333
0.883333
0.766667
0.579167
0.754167
0.620833
0.770833
0.729167
1.004167
0.750000
0.720833
0.737500
0.595833
0.762500
0.745833
0.725000
0.900000
0.745833
0.675000
0.783333
0.595833
0.575000
0.783333
0.745833
0.933333
0.791667
0.600000
0.825000
0.791667
0.595833
0.812500
0.787500
0.491667
0.758333
0.962500
0.754167
0.591667
0.750000
0.887500
0.766667
0.725000
1.333333
0.650000
0.729167
1.016667
0.725000
1.233333
1.587500
1.325000
1.579167
0.712500
0.729167
1.000000
0.466667
0.829167
0.466667
1.025000
0.258333
1.079167
0.858333
0.487500
1.045833
0.691667
0.725000
0.779167
0.500000
0.970833
0.750000
0.675000
0.883333
0.391667
0.979167
0.720833
0.675000
0.879167
0.395833
1.695833
0.691667
1.279167
1.879167
1.458333
0.458333
1.283333
2.366667
1.470833
1.312500
1.404167
2.387500
3.045833
2.495833
2.983333
0.750000
0.491667
0.737500
0.758333
0.750000
1.004167
0.750000
0.716667
0.666667
0.708333
0.858333
0.858333
0.854167
0.858333
0.850000
0.641667
0.758333
0.841667
0.762500
0.645833
0.925000
0.791667
0.604167
0.758333
0.900000
0.579167
0.916667
0.737500
0.716667
0.604167
0.750000
0.570833
0.833333
0.683333
1.012500
0.750000
1.304167
0.658333
0.925000
0.762500
0.595833
0.608333
0.745833
0.850000
0.645833
0.745833
0.691667
0.737500
0.762500
1.004167
0.725000
0.491667
0.712500
0.995833
0.733333
0.737500
0.737500
0.750000
0.733333
0.495833
0.745833
0.762500
0.666667
1.033333
0.495833
1.000000
0.750000
0.754167
0.754167
0.750000
0.745833
0.758333
0.745833
0.754167
0.741667
0.745833
0.745833
0.600000
0.900000
0.745833
0.600000
1.400000
0.983333
0.766667
0.745833
0.750000
0.741667
0.745833
0.745833
1.333333
1.475000
0.616667
0.725000
1.487500
0.779167
0.829167
0.875000
0.725000
0.579167
0.604167
0.804167
1.495833
0.720833
1.166667
0.816667
1.008333
1.258333
0.720833
0.508333
1.179167
1.308333
0.866667
0.750000
0.558333
1.629167
1.308333
0.654167
1.404167
1.504167
0.995833
1.483333
1.308333
0.683333
0.708333
0.704167
1.637500
1.383333
0.858333
1.712500
0.854167
1.483333
0.750000
1.420833
1.541667
0.862500
1.433333
0.941667
0.604167
0.904167
0.654167
0.791667
0.629167
0.758333
0.883333
0.766667
0.733333
0.762500
0.475000
0.770833
0.758333
1.012500
0.729167
0.620833
0.754167
0.758333
0.737500
0.908333
0.729167
0.500000
0.658333
1.045833
0.512500
1.000000
0.741667
0.762500
0.595833
0.895833
1.475000
0.729167
0.729167
0.666667
0.658333
0.716667
0.858333
0.854167
0.725000
1.137500
0.704167
0.670833
0.733333
0.862500
0.575000
1.033333
0.504167
0.862500
0.637500
0.762500
0.979167
0.620833
0.741667
0.654167
0.858333
0.758333
0.816667
0.779167
0.508333
0.858333
0.633333
0.758333
0.737500
0.866667
0.745833
0.900000
0.754167
0.750000
0.654167
0.741667
0.429167
0.716667
0.887500
1.008333
0.704167
0.662500
0.791667
0.912500
0.495833
0.670833
0.833333
0.795833
0.891667
0.766667
0.600000
0.908333
0.600000
0.641667
0.758333
1.008333
0.600000
0.754167
0.754167
0.904167
0.600000
0.908333
0.745833
0.604167
0.750000
0.750000
0.745833
0.750000
0.745833
0.745833
0.895833
0.487500
0.745833
1.000000
0.741667
0.737500
0.595833
0.895833
0.595833
0.745833
0.887500
0.487500
0.745833
0.908333
0.770833
0.483333
0.979167
0.745833
0.750000
0.729167
0.750000
0.462500
0.758333
0.979167
0.745833
0.745833
0.716667
0.762500
0.716667
0.766667
0.479167
0.679167
1.020833
0.512500
0.929167
0.787500
0.487500
1.012500
0.733333
0.720833
0.741667
0.745833
0.670833
0.795833
0.491667
0.675000
0.791667
0.745833
0.925000
0.625000
1.437500
0.904167
0.612500
0.887500
0.487500
0.850000
0.887500
0.733333
0.766667
0.670833
0.779167
0.545833
0.904167
0.475000
1.025000
1.295833
0.750000
0.891667
1.220833
1.525000
0.704167
0.720833
0.975000
1.354167
1.245833
0.858333
1.708333
1.195833
0.787500
0.712500
1.004167
1.395833
0.670833
1.541667
0.770833
0.758333
0.645833
1.608333
0.650000
1.012500
0.766667
1.370833
0.754167
0.650000
0.745833
1.612500
1.258333
1.633333
1.000000
0.762500
0.750000
0.754167
0.750000
0.745833
0.758333
0.758333
0.745833
0.750000
1.508333
0.595833
1.400000
0.845833
1.387500
0.754167
0.754167
1.004167
0.662500
0.779167
0.604167
1.612500
0.683333
0.658333
0.375000
0.641667
1.112500
0.858333
0.587500
0.783333
1.587500
0.870833
0.733333
0.495833
0.750000
0.733333
1.012500
0.720833
0.762500
0.729167
0.720833
0.754167
0.504167
0.741667
0.766667
0.841667
0.912500
0.591667
0.758333
1.416667
0.937500
0.512500
1.004167
0.612500
0.658333
0.916667
0.791667
0.504167
1.016667
0.591667
0.758333
0.883333
0.620833
0.645833
1.016667
0.508333
0.666667
1.050000
0.516667
1.020833
0.600000
0.816667
0.791667
0.600000
0.883333
0.479167
0.679167
0.954167
0.858333
0.858333
0.854167
