0.683333
0.533333
0.504167
0.483333
0.583333
0.520833
0.520833
0.512500
0.520833
0.529167
0.341667
0.191667
0.508333
0.695833
0.337500
0.508333
0.516667
0.595833
0.487500
0.433333
1.129167
0.537500
0.520833
0.616667
0.620833
0.670833
0.691667
0.562500
0.700000
0.695833
0.708333
0.716667
0.700000
0.679167
0.654167
0.566667
0.708333
0.654167
0.708333
0.662500
0.458333
0.704167
0.700000
0.708333
0.683333
0.654167
0.658333
0.512500
0.720833
0.687500
0.695833
0.662500
0.454167
0.704167
0.741667
0.695833
0.670833
0.654167
0.479167
0.712500
0.687500
0.637500
0.695833
0.504167
0.666667
0.729167
0.737500
0.670833
0.654167
0.637500
0.283333
0.679167
0.104167
0.862500
0.912500
0.245833
0.408333
1.079167
0.587500
0.437500
0.912500
0.491667
0.841667
0.795833
0.195833
0.820833
0.804167
0.650000
0.466667
0.708333
0.695833
0.679167
0.579167
0.920833
0.262500
0.537500
0.962500
1.558333
0.270833
0.579167
0.579167
0.704167
0.745833
0.675000
0.645833
0.820833
0.025000
0.562500
0.279167
1.008333
0.337500
0.895833
0.395833
1.925000
0.825000
0.654167
0.533333
0.550000
0.691667
0.791667
0.608333
0.591667
1.433333
0.662500
0.654167
0.545833
0.725000
0.695833
0.504167
0.812500
0.562500
0.679167
0.687500
0.679167
0.654167
1.458333
1.154167
0.654167
0.454167
0.708333
0.716667
0.675000
0.662500
0.654167
0.558333
0.733333
0.641667
0.662500
0.512500
0.650000
0.708333
0.695833
0.675000
0.650000
0.487500
0.737500
0.700000
0.679167
0.658333
0.645833
0.512500
0.729167
0.679167
0.658333
0.650000
0.654167
0.525000
0.729167
0.529167
0.812500
0.645833
0.450000
0.695833
0.708333
0.695833
0.487500
0.858333
0.554167
0.666667
0.562500
0.816667
0.654167
0.575000
0.262500
0.450000
0.658333
0.645833
1.179167
0.708333
0.704167
0.662500
0.654167
0.495833
0.745833
0.712500
0.662500
0.658333
0.658333
0.487500
0.737500
0.704167
0.670833
0.662500
0.333333
0.912500
0.716667
0.658333
0.654167
0.450000
0.533333
0.870833
0.829167
0.237500
0.770833
0.408333
0.425000
0.466667
0.704167
0.708333
0.675000
0.300000
0.379167
0.662500
0.800000
0.666667
0.725000
0.420833
1.162500
0.729167
0.725000
0.670833
0.666667
0.658333
0.650000
0.608333
0.700000
0.650000
0.658333
0.504167
0.629167
0.533333
0.862500
0.679167
0.433333
0.700000
0.241667
0.441667
0.841667
0.566667
2.650000
0.487500
0.554167
0.966667
0.725000
0.504167
0.679167
0.545833
0.883333
1.150000
1.216667
0.733333
0.708333
1.341667
0.491667
0.654167
0.733333
0.712500
0.704167
0.666667
0.662500
0.512500
0.645833
0.720833
0.700000
0.679167
0.658333
0.666667
0.508333
0.729167
0.679167
0.691667
0.654167
0.658333
0.520833
0.729167
0.683333
0.654167
0.645833
0.470833
0.712500
0.695833
0.687500
0.645833
0.650000
0.545833
0.716667
0.708333
0.554167
0.500000
1.233333
0.845833
0.654167
0.783333
0.587500
0.287500
0.700000
0.320833
2.154167
0.920833
1.945833
0.291667
0.716667
2.566667
0.787500
0.745833
0.737500
0.487500
1.408333
0.287500
0.850000
0.504167
1.258333
0.937500
0.833333
0.804167
0.662500
0.687500
0.912500
0.020833
0.741667
1.237500
0.195833
0.695833
1.283333
0.225000
1.833333
0.525000
0.379167
0.741667
0.595833
0.700000
0.666667
0.633333
0.633333
0.541667
0.720833
0.637500
0.637500
0.637500
0.512500
0.720833
0.691667
0.662500
0.645833
0.520833
0.745833
0.662500
0.645833
0.479167
0.725000
0.733333
0.658333
0.470833
0.633333
0.679167
0.695833
0.700000
0.683333
0.650000
0.508333
0.729167
0.687500
0.675000
0.654167
0.579167
0.575000
0.708333
0.683333
0.650000
0.650000
0.629167
0.666667
0.641667
0.650000
0.487500
0.679167
0.687500
0.695833
0.662500
0.508333
0.741667
0.629167
0.695833
0.641667
0.479167
0.716667
0.575000
0.779167
0.658333
0.300000
0.208333
0.729167
0.670833
0.466667
0.808333
0.529167
0.470833
0.900000
0.454167
0.679167
0.695833
0.695833
0.658333
0.637500
0.533333
0.733333
0.658333
0.629167
0.629167
0.637500
0.637500
0.633333
0.633333
0.520833
0.729167
0.658333
0.641667
0.491667
0.545833
0.854167
0.804167
0.341667
0.483333
0.800000
0.687500
0.700000
0.654167
0.641667
0.483333
0.679167
0.529167
0.016667
0.670833
0.837500
0.654167
0.483333
0.716667
0.687500
0.675000
0.637500
0.520833
0.825000
0.516667
1.183333
0.170833
0.645833
0.470833
0.508333
0.891667
0.683333
0.654167
0.645833
0.470833
0.704167
0.687500
0.670833
0.650000
0.462500
0.737500
0.691667
0.670833
0.650000
0.658333
0.645833
0.295833
0.479167
0.375000
1.445833
0.225000
0.887500
1.391667
0.679167
0.891667
0.408333
0.379167
0.883333
0.645833
0.875000
0.729167
0.854167
0.762500
0.554167
0.608333
0.883333
0.633333
1.087500
1.270833
1.241667
0.495833
0.687500
1.312500
0.629167
0.504167
0.883333
0.475000
0.637500
0.637500
0.450000
0.695833
0.687500
0.687500
0.633333
0.641667
1.158333
0.700000
0.695833
0.650000
0.654167
0.500000
0.737500
0.683333
0.662500
0.650000
0.654167
0.558333
0.733333
0.675000
0.666667
0.658333
0.483333
0.750000
0.720833
0.666667
0.658333
0.662500
0.475000
0.708333
1.254167
0.829167
0.662500
0.645833
0.475000
0.716667
0.700000
0.675000
0.645833
0.650000
0.512500
0.641667
0.691667
0.691667
0.658333
0.645833
0.487500
0.654167
1.237500
0.812500
1.091667
1.600000
0.762500
0.283333
0.466667
0.937500
0.662500
0.641667
0.495833
0.758333
0.691667
1.687500
0.454167
1.116667
0.650000
0.658333
0.487500
0.570833
0.879167
0.658333
0.645833
0.654167
0.508333
0.741667
0.687500
0.658333
0.645833
0.475000
0.745833
0.712500
0.658333
0.654167
0.487500
0.758333
0.691667
0.658333
0.529167
0.691667
0.729167
0.666667
0.666667
0.591667
0.745833
0.633333
0.658333
0.566667
0.733333
0.654167
0.662500
0.516667
0.779167
0.691667
0.679167
0.670833
0.541667
0.745833
0.691667
0.670833
0.666667
0.575000
0.758333
0.650000
0.654167
0.654167
0.537500
0.762500
0.858333
0.762500
0.300000
0.616667
0.745833
0.987500
0.720833
0.791667
0.695833
0.716667
0.666667
0.658333
0.612500
0.691667
0.650000
0.654167
0.508333
0.662500
0.675000
0.720833
0.658333
0.641667
0.479167
0.604167
0.479167
0.512500
0.504167
0.650000
0.466667
0.754167
0.716667
0.641667
0.662500
0.637500
0.333333
0.937500
0.645833
0.679167
0.637500
0.520833
0.737500
0.666667
1.270833
0.525000
0.725000
0.658333
0.650000
0.641667
0.562500
0.708333
0.637500
0.637500
0.512500
0.737500
0.679167
0.645833
0.454167
0.716667
0.766667
0.645833
0.654167
0.479167
0.725000
0.700000
0.700000
0.662500
0.450000
0.716667
0.854167
2.329167
0.937500
0.770833
0.220833
0.725000
0.679167
0.704167
0.695833
0.658333
0.450000
0.691667
0.687500
0.708333
0.679167
0.512500
0.750000
0.679167
0.650000
0.654167
0.583333
0.733333
0.629167
0.650000
0.500000
0.750000
0.695833
0.662500
0.658333
0.558333
0.745833
0.658333
0.670833
0.537500
0.725000
0.754167
0.675000
0.683333
0.666667
0.650000
0.700000
0.679167
0.666667
0.662500
0.575000
0.770833
0.666667
0.662500
0.520833
0.725000
0.733333
0.683333
0.675000
0.491667
0.750000
0.850000
0.912500
0.958333
0.516667
0.754167
0.700000
0.825000
0.270833
0.775000
0.112500
0.483333
3.912500
0.533333
6.295833
2.904167
2.116667
1.195833
2.050000
0.787500
0.970833
6.020833
3.137500
2.491667
1.954167
0.270833
0.662500
0.508333
0.683333
0.679167
0.745833
0.683333
0.812500
0.287500
0.437500
1.070833
0.495833
0.329167
1.187500
0.491667
0.770833
0.366667
1.937500
0.162500
0.520833
0.920833
0.733333
0.637500
0.654167
0.508333
0.550000
0.704167
0.858333
1.312500
1.429167
0.937500
0.887500
0.537500
0.750000
0.683333
0.658333
0.654167
0.454167
0.712500
0.708333
0.729167
0.679167
0.666667
0.650000
0.579167
0.770833
0.625000
0.479167
0.612500
0.725000
0.729167
0.720833
0.645833
1.058333
0.958333
0.633333
0.662500
0.541667
0.762500
0.687500
0.675000
0.670833
0.454167
0.729167
0.733333
0.745833
0.637500
1.195833
0.775000
1.329167
0.487500
0.658333
1.112500
1.129167
0.404167
0.783333
0.762500
1.266667
2.012500
1.933333
0.483333
1.991667
2.241667
0.129167
0.737500
0.279167
0.658333
0.566667
0.750000
0.658333
0.662500
0.654167
0.520833
0.754167
0.683333
0.654167
0.658333
0.491667
0.758333
0.708333
0.662500
0.666667
0.470833
0.750000
0.733333
