1.083333
1.087500
1.091667
1.087500
1.083333
1.087500
1.091667
1.087500
1.087500
1.087500
1.100000
1.075000
1.087500
1.087500
1.087500
1.091667
1.087500
1.087500
1.087500
1.087500
1.087500
1.087500
1.087500
1.087500
1.087500
1.091667
1.087500
1.087500
1.083333
1.091667
1.087500
1.087500
1.116667
1.058333
1.091667
1.091667
1.079167
1.091667
1.087500
1.087500
1.087500
1.087500
1.091667
1.083333
1.091667
1.087500
1.087500
1.083333
1.091667
1.087500
1.087500
1.091667
1.087500
1.083333
1.091667
1.087500
1.087500
1.087500
1.087500
1.087500
1.087500
1.087500
1.091667
1.087500
1.087500
1.083333
1.091667
1.087500
1.087500
1.087500
1.087500
1.087500
1.087500
1.087500
1.091667
1.087500
1.087500
1.087500
1.087500
1.087500
1.087500
1.087500
1.091667
1.083333
1.091667
1.087500
1.087500
1.087500
1.087500
1.087500
1.087500
1.087500
1.087500
1.091667
1.087500
1.087500
1.087500
1.087500
1.087500
1.087500
1.087500
1.087500
1.087500
1.087500
1.091667
1.087500
1.087500
1.087500
1.087500
1.087500
1.087500
1.087500
1.087500
1.091667
1.087500
1.087500
1.087500
1.087500
1.087500
1.091667
1.083333
1.087500
1.091667
1.087500
1.087500
1.087500
1.087500
1.087500
1.087500
1.087500
1.087500
1.087500
1.091667
1.087500
1.087500
1.087500
1.087500
1.087500
1.087500
1.087500
1.087500
1.095833
1.087500
1.083333
1.091667
1.087500
1.087500
1.087500
1.087500
1.087500
1.087500
1.087500
1.091667
1.087500
1.087500
1.087500
1.087500
1.087500
1.087500
1.087500
1.087500
1.087500
1.091667
1.087500
1.087500
1.087500
1.087500
1.087500
1.087500
1.087500
1.087500
1.091667
1.087500
1.083333
1.091667
1.087500
1.087500
1.091667
1.087500
1.091667
1.091667
1.087500
1.087500
1.087500
1.091667
1.083333
1.091667
1.087500
1.087500
1.087500
1.087500
1.087500
1.087500
1.087500
1.091667
1.087500
1.087500
1.087500
1.087500
1.087500
1.087500
1.087500
1.087500
1.091667
1.087500
1.087500
1.087500
1.087500
1.087500
1.087500
1.091667
1.087500
1.087500
1.083333
1.091667
1.087500
1.087500
1.087500
1.087500
1.087500
1.087500
1.087500
1.087500
1.087500
1.091667
1.083333
1.091667
1.087500
1.087500
1.087500
1.087500
1.087500
1.091667
1.083333
1.091667
1.087500
1.087500
1.087500
1.087500
1.087500
1.087500
1.087500
1.087500
1.087500
1.091667
1.083333
1.091667
1.091667
1.083333
1.087500
1.091667
1.087500
1.087500
1.083333
1.091667
1.087500
1.091667
0.579167
0.500000
1.091667
1.091667
1.079167
1.095833
1.087500
1.083333
1.087500
1.091667
1.083333
0.679167
0.412500
1.087500
1.087500
1.087500
1.091667
1.083333
1.091667
1.087500
1.083333
1.091667
1.087500
1.087500
1.087500
1.087500
1.091667
1.083333
1.091667
1.087500
1.087500
1.087500
1.087500
1.087500
1.087500
1.087500
1.087500
1.087500
1.091667
1.087500
1.087500
1.087500
1.087500
1.087500
1.087500
1.087500
1.087500
1.091667
1.087500
1.087500
1.087500
1.087500
1.087500
1.091667
1.083333
1.087500
1.091667
1.087500
1.083333
1.091667
1.087500
1.087500
1.087500
1.087500
1.087500
1.087500
1.087500
1.091667
1.087500
1.087500
1.087500
1.087500
1.087500
1.087500
1.087500
1.087500
1.087500
1.091667
1.087500
1.087500
1.087500
1.087500
1.087500
1.087500
1.091667
1.083333
1.087500
1.091667
1.083333
1.091667
1.087500
1.087500
1.087500
1.087500
1.087500
1.087500
1.087500
1.091667
1.087500
1.087500
1.087500
1.087500
1.087500
1.087500
1.087500
1.087500
1.091667
1.087500
1.087500
1.087500
1.087500
1.087500
1.087500
1.087500
1.087500
1.087500
1.087500
1.091667
1.083333
1.091667
1.087500
1.087500
1.087500
1.087500
1.087500
1.087500
1.087500
1.091667
1.087500
1.087500
1.087500
1.087500
1.087500
1.087500
1.087500
1.087500
1.087500
1.091667
1.087500
1.087500
1.087500
1.087500
1.091667
1.083333
1.087500
1.087500
1.091667
1.083333
1.087500
1.091667
1.087500
1.087500
1.087500
1.087500
1.087500
1.087500
1.087500
1.087500
1.091667
1.087500
1.087500
1.087500
1.087500
1.087500
1.087500
1.087500
1.087500
1.091667
1.087500
1.087500
1.087500
1.087500
1.087500
1.087500
1.087500
1.091667
1.087500
1.083333
1.091667
1.087500
1.087500
1.087500
1.087500
1.087500
1.087500
1.087500
1.091667
1.083333
1.091667
1.087500
1.087500
1.087500
1.087500
1.087500
1.087500
1.091667
1.083333
1.087500
1.091667
1.087500
1.087500
1.087500
1.087500
1.091667
1.087500
1.087500
1.087500
1.087500
1.087500
1.087500
1.087500
1.087500
1.087500
1.091667
1.083333
1.087500
1.091667
1.087500
1.087500
1.087500
1.087500
1.087500
1.087500
1.087500
1.087500
1.091667
1.083333
1.087500
1.091667
1.087500
1.087500
1.087500
1.087500
1.087500
1.087500
1.087500
1.087500
1.091667
1.087500
1.087500
1.087500
1.087500
1.087500
1.091667
1.083333
1.091667
1.083333
1.091667
1.087500
1.087500
1.087500
1.087500
1.087500
1.087500
1.091667
1.087500
1.083333
1.091667
1.087500
1.087500
1.087500
1.087500
1.087500
1.087500
1.087500
1.087500
1.091667
1.087500
1.087500
1.087500
1.087500
1.087500
1.087500
1.087500
1.087500
1.087500
1.095833
1.083333
1.095833
1.075000
1.091667
1.087500
1.087500
1.087500
1.087500
1.091667
1.087500
1.087500
1.083333
1.087500
1.091667
1.087500
1.087500
1.087500
1.091667
1.083333
1.091667
1.083333
1.091667
1.083333
1.087500
1.087500
1.091667
1.091667
1.087500
1.087500
1.087500
1.083333
1.091667
1.087500
1.087500
1.087500
1.087500
1.087500
1.087500
1.087500
1.091667
1.083333
