0.716667
0.704167
0.700000
0.700000
0.512500
0.775000
0.791667
0.741667
0.725000
0.700000
0.704167
0.512500
0.791667
0.725000
0.745833
0.754167
0.725000
0.695833
0.566667
0.841667
0.700000
0.695833
0.487500
0.612500
0.820833
0.766667
0.750000
0.733333
0.679167
0.725000
0.695833
0.700000
0.695833
0.695833
0.695833
0.487500
0.629167
0.837500
0.775000
0.733333
0.691667
0.729167
0.704167
0.691667
0.641667
0.758333
0.612500
0.783333
0.691667
0.700000
0.704167
0.695833
0.700000
0.566667
0.800000
0.733333
0.695833
0.695833
0.700000
0.212500
0.766667
0.266667
0.558333
0.641667
0.195833
0.120833
0.479167
0.170833
0.700000
0.529167
0.175000
0.487500
0.537500
1.187500
0.554167
0.683333
0.370833
0.500000
0.458333
0.275000
0.433333
0.562500
0.116667
0.700000
0.704167
0.237500
0.454167
0.562500
0.350000
0.595833
0.866667
0.179167
0.225000
0.270833
0.600000
0.312500
0.158333
0.616667
0.616667
0.616667
0.100000
0.191667
0.708333
0.708333
0.537500
1.225000
0.154167
0.729167
0.766667
0.637500
0.933333
0.675000
0.720833
0.712500
0.729167
0.287500
0.433333
0.704167
0.712500
0.720833
0.712500
0.716667
0.720833
0.704167
0.708333
0.708333
0.712500
0.716667
0.708333
0.712500
0.716667
0.708333
0.704167
0.708333
0.716667
0.704167
0.704167
0.712500
0.712500
0.704167
0.700000
0.700000
0.708333
0.700000
0.691667
0.470833
0.629167
0.833333
0.750000
0.737500
0.716667
0.745833
0.729167
0.700000
0.708333
0.700000
0.687500
0.695833
0.700000
0.708333
0.566667
0.770833
0.745833
0.700000
0.691667
0.700000
0.508333
0.745833
0.745833
0.733333
0.750000
0.708333
0.695833
0.695833
0.704167
0.695833
0.541667
0.766667
0.733333
0.754167
0.729167
0.704167
0.712500
0.475000
0.925000
0.558333
0.845833
0.700000
0.708333
0.700000
0.687500
0.695833
0.704167
0.525000
0.758333
0.750000
0.750000
0.712500
0.708333
0.712500
0.691667
0.700000
0.704167
0.708333
0.691667
0.687500
0.695833
0.700000
0.529167
0.758333
0.716667
0.750000
0.691667
0.691667
0.704167
0.687500
0.545833
0.779167
0.754167
0.691667
0.679167
0.700000
0.708333
0.545833
0.762500
0.750000
0.512500
0.858333
0.587500
0.095833
0.362500
0.333333
0.750000
0.525000
0.620833
0.883333
0.700000
0.691667
0.687500
0.704167
0.695833
0.612500
0.783333
0.683333
0.666667
0.712500
0.695833
0.550000
0.770833
0.729167
0.725000
0.700000
0.691667
0.687500
0.700000
0.504167
0.933333
0.525000
1.379167
1.470833
1.358333
0.575000
0.754167
2.104167
0.679167
2.054167
0.479167
0.508333
1.529167
0.733333
0.733333
0.716667
1.383333
0.695833
0.687500
1.379167
0.695833
0.550000
0.750000
0.520833
0.916667
0.550000
0.812500
1.100000
0.800000
0.733333
0.733333
0.708333
0.683333
0.679167
0.695833
0.495833
0.725000
0.725000
0.737500
0.737500
0.691667
0.675000
0.683333
0.479167
0.725000
0.716667
0.750000
0.750000
0.729167
0.691667
0.691667
0.708333
0.479167
0.720833
0.695833
0.754167
0.741667
0.741667
0.725000
0.704167
0.695833
0.704167
0.704167
0.695833
0.554167
0.775000
0.691667
0.850000
0.458333
0.175000
0.383333
0.316667
0.700000
0.687500
0.475000
0.162500
0.258333
0.612500
0.441667
0.691667
0.537500
0.208333
0.762500
0.683333
0.691667
0.254167
0.454167
0.825000
0.133333
0.416667
0.487500
0.200000
0.550000
0.808333
0.508333
0.441667
0.212500
0.937500
0.700000
0.491667
0.187500
0.695833
0.283333
0.237500
0.700000
0.591667
0.170833
0.720833
0.533333
0.850000
0.408333
0.579167
0.950000
0.700000
0.745833
0.741667
0.708333
0.691667
0.691667
0.700000
0.691667
0.679167
0.691667
0.487500
0.204167
1.412500
0.404167
0.812500
0.729167
0.716667
0.683333
0.675000
0.683333
0.683333
0.666667
0.545833
0.758333
0.729167
0.683333
0.687500
0.675000
0.675000
0.483333
0.729167
0.737500
0.729167
0.720833
1.162500
0.200000
0.283333
0.883333
0.708333
0.725000
0.729167
0.587500
0.883333
0.704167
0.225000
0.483333
0.704167
0.341667
0.841667
0.720833
0.745833
1.104167
0.375000
0.716667
1.341667
0.808333
0.695833
0.704167
0.712500
0.691667
0.683333
0.550000
0.762500
1.258333
0.745833
0.908333
0.695833
0.691667
0.700000
0.691667
0.691667
0.695833
0.520833
0.754167
0.750000
0.762500
0.708333
0.612500
0.779167
0.708333
0.608333
0.775000
1.387500
0.541667
0.754167
0.745833
0.725000
0.695833
0.691667
0.683333
1.179167
0.754167
0.700000
0.741667
0.741667
0.729167
0.704167
0.700000
0.704167
0.779167
0.425000
0.258333
0.487500
0.708333
0.741667
0.733333
1.408333
0.687500
0.691667
0.687500
0.550000
0.754167
0.733333
1.408333
0.687500
0.691667
0.687500
0.500000
0.495833
0.670833
0.229167
0.554167
0.945833
0.570833
0.887500
0.695833
0.462500
0.704167
0.737500
0.745833
0.737500
1.054167
0.375000
0.679167
0.679167
0.504167
0.754167
0.733333
0.733333
0.545833
0.883333
0.612500
0.595833
1.470833
0.658333
0.479167
1.000000
0.537500
0.891667
0.708333
0.700000
0.691667
0.704167
0.687500
0.691667
0.695833
0.683333
0.687500
0.683333
0.683333
0.691667
0.691667
0.512500
0.737500
0.716667
0.750000
0.733333
0.720833
0.716667
0.691667
0.895833
0.075000
0.754167
1.741667
0.516667
0.754167
0.712500
0.741667
0.708333
0.695833
0.687500
0.675000
0.475000
0.716667
0.729167
0.737500
0.733333
0.704167
0.704167
0.675000
0.475000
0.687500
0.783333
0.750000
0.754167
0.745833
0.708333
0.708333
0.700000
0.704167
0.704167
0.691667
0.695833
0.695833
0.700000
0.691667
0.695833
0.700000
0.691667
0.687500
0.687500
0.691667
0.487500
1.141667
0.454167
0.533333
0.625000
0.654167
0.779167
0.741667
0.741667
0.683333
0.858333
0.604167
0.725000
0.629167
0.570833
0.870833
0.687500
0.408333
0.270833
0.691667
0.487500
0.837500
0.679167
0.670833
0.495833
0.716667
0.720833
0.720833
0.716667
0.712500
0.691667
0.691667
1.208333
0.829167
0.679167
0.687500
0.666667
0.475000
0.712500
0.720833
0.725000
0.729167
0.716667
0.691667
0.679167
0.691667
0.679167
0.679167
0.687500
0.695833
0.150000
0.541667
0.433333
0.175000
0.645833
0.125000
0.945833
0.533333
0.341667
0.879167
0.370833
0.204167
0.583333
0.216667
0.208333
0.533333
0.358333
0.345833
0.300000
0.216667
0.875000
0.850000
0.429167
0.791667
0.683333
0.679167
0.495833
1.020833
0.420833
0.479167
0.254167
0.441667
0.095833
0.862500
0.683333
0.670833
0.679167
0.520833
0.733333
0.725000
0.725000
0.675000
0.504167
0.625000
0.883333
0.658333
1.129167
0.166667
0.712500
1.350000
0.662500
1.345833
0.404167
0.900000
0.733333
0.662500
0.662500
0.683333
0.633333
1.200000
0.237500
1.300000
0.687500
0.875000
0.125000
0.004167
0.883333
2.391667
0.945833
0.208333
0.287500
0.558333
0.362500
0.450000
0.250000
0.783333
0.641667
0.700000
0.912500
0.712500
0.595833
1.520833
0.691667
1.358333
0.495833
0.712500
1.437500
0.545833
1.358333
0.895833
0.679167
0.675000
0.691667
0.525000
0.729167
0.729167
0.729167
0.691667
0.904167
0.366667
0.616667
0.737500
0.745833
0.750000
0.708333
0.687500
0.695833
0.695833
0.687500
0.537500
0.787500
0.745833
0.808333
0.583333
0.179167
1.625000
0.633333
0.616667
0.358333
0.275000
0.212500
0.262500
0.325000
0.208333
0.854167
0.412500
0.341667
0.462500
0.300000
0.437500
0.495833
0.179167
0.441667
0.316667
0.791667
0.695833
0.700000
0.512500
1.366667
0.191667
0.570833
0.608333
0.229167
0.795833
0.350000
0.191667
0.437500
0.387500
0.345833
0.312500
0.141667
0.325000
0.166667
0.262500
0.904167
0.745833
0.562500
0.175000
0.695833
0.341667
0.362500
0.500000
0.425000
0.391667
0.312500
0.725000
0.908333
0.920833
0.741667
1.133333
0.112500
1.445833
0.775000
0.729167
0.704167
2.216667
1.975000
0.712500
0.704167
0.695833
0.700000
0.537500
1.358333
0.183333
0.770833
0.708333
0.704167
0.700000
0.716667
0.525000
0.775000
0.791667
0.516667
0.929167
0.329167
0.183333
0.254167
0.195833
0.454167
0.675000
0.587500
0.970833
1.366667
0.483333
0.800000
0.712500
0.533333
0.775000
0.766667
0.708333
0.704167
0.695833
0.695833
0.612500
0.816667
0.650000
0.462500
0.904167
0.591667
0.804167
0.504167
0.870833
0.687500
0.541667
0.783333
0.741667
0.695833
0.687500
0.687500
0.500000
0.770833
0.762500
0.712500
0.704167
0.691667
0.695833
0.558333
0.783333
0.733333
0.691667
0.691667
1.275000
0.725000
0.725000
0.675000
0.687500
0.604167
0.795833
0.658333
0.695833
0.687500
0.616667
0.795833
0.645833
0.679167
0.683333
0.595833
0.800000
0.666667
0.679167
0.504167
0.291667
0.500000
0.762500
0.708333
0.708333
0.695833
0.570833
0.812500
0.700000
0.687500
0.704167
0.708333
0.704167
0.504167
0.787500
0.729167
0.750000
0.708333
0.695833
0.691667
0.700000
0.566667
0.775000
0.745833
0.704167
0.529167
0.850000
0.487500
0.887500
0.537500
0.708333
0.820833
0.695833
0.683333
0.679167
0.691667
0.475000
0.725000
0.766667
