1.250000
1.204167
1.212500
1.208333
1.295833
1.316667
1.237500
1.229167
1.295833
1.287500
1.216667
1.308333
1.270833
1.225000
1.316667
1.300000
1.212500
1.329167
1.295833
1.220833
1.295833
1.304167
1.204167
1.233333
1.279167
1.216667
1.283333
1.387500
1.275000
1.320833
1.329167
1.295833
1.354167
1.316667
1.287500
1.333333
1.325000
1.250000
1.295833
1.300000
1.262500
1.345833
1.329167
1.245833
1.316667
1.320833
1.225000
1.304167
1.341667
1.220833
1.216667
1.333333
1.291667
1.229167
1.337500
1.341667
1.258333
1.337500
1.254167
1.179167
1.300000
1.262500
1.183333
1.220833
0.608333
0.616667
1.229167
1.187500
1.191667
1.250000
1.241667
1.275000
1.208333
1.262500
1.204167
1.220833
1.258333
1.025000
1.058333
0.979167
1.112500
0.979167
1.016667
1.333333
1.350000
1.366667
0.787500
0.545833
1.175000
1.245833
1.320833
0.283333
0.412500
0.245833
0.358333
0.495833
0.312500
0.462500
0.566667
0.808333
0.287500
0.354167
0.325000
0.450000
0.225000
0.600000
0.470833
0.275000
0.595833
0.620833
1.200000
0.275000
0.629167
0.204167
1.170833
1.150000
1.075000
0.154167
1.195833
1.170833
0.295833
0.970833
1.195833
1.191667
1.308333
0.916667
0.437500
1.254167
1.220833
1.150000
1.145833
1.304167
1.237500
1.279167
1.170833
1.216667
1.212500
1.191667
1.250000
1.162500
1.925000
0.516667
1.191667
1.233333
1.179167
1.154167
1.270833
1.187500
1.437500
0.370833
0.970833
1.325000
1.258333
1.350000
1.329167
1.304167
1.312500
1.295833
1.254167
1.200000
1.254167
1.220833
1.216667
1.283333
1.304167
1.295833
0.641667
0.654167
1.291667
1.325000
1.316667
1.295833
0.870833
0.362500
1.270833
1.987500
0.575000
0.350000
0.950000
1.308333
1.304167
1.291667
1.316667
1.333333
1.391667
0.520833
0.608333
0.208333
1.312500
1.329167
1.300000
1.325000
1.275000
1.300000
1.300000
1.287500
1.304167
1.254167
1.254167
1.258333
0.350000
0.966667
1.287500
0.979167
0.558333
0.733333
1.541667
1.275000
1.254167
1.245833
1.270833
1.270833
1.295833
1.262500
1.304167
1.270833
1.266667
1.191667
1.225000
1.270833
1.270833
1.262500
1.316667
0.829167
2.283333
0.145833
0.170833
0.958333
0.304167
1.270833
1.266667
0.354167
0.875000
0.770833
0.475000
1.283333
1.233333
0.666667
0.608333
1.283333
2.500000
2.587500
2.487500
1.066667
0.329167
0.225000
0.337500
0.641667
0.245833
0.370833
0.704167
0.537500
0.754167
1.045833
0.262500
1.262500
0.083333
0.779167
0.512500
1.070833
0.279167
1.270833
1.275000
1.258333
1.279167
1.250000
2.179167
0.370833
1.258333
1.283333
1.312500
1.279167
1.325000
1.275000
1.237500
1.237500
1.266667
1.254167
1.204167
1.370833
1.337500
1.070833
0.250000
1.337500
1.333333
1.325000
1.395833
1.354167
1.270833
1.375000
0.612500
0.725000
1.300000
1.283333
0.912500
0.366667
1.329167
1.370833
1.329167
1.429167
1.325000
1.333333
1.325000
1.283333
0.625000
0.687500
1.341667
1.266667
1.325000
1.312500
1.254167
1.304167
1.270833
1.241667
1.304167
1.270833
1.279167
0.300000
0.987500
1.229167
1.312500
1.312500
1.216667
1.270833
1.262500
1.262500
1.329167
0.358333
0.933333
1.337500
1.337500
1.291667
1.295833
1.275000
1.270833
1.287500
0.458333
0.754167
1.262500
1.258333
1.225000
1.254167
1.258333
1.287500
0.320833
0.945833
1.291667
1.320833
1.312500
1.316667
1.316667
1.308333
1.358333
1.325000
1.366667
1.266667
1.175000
1.312500
1.308333
1.312500
1.362500
1.341667
1.387500
1.391667
1.366667
1.183333
0.216667
1.237500
1.375000
1.341667
1.283333
1.312500
1.245833
1.308333
1.312500
1.262500
1.325000
1.375000
1.275000
0.491667
0.887500
1.241667
2.304167
0.383333
1.262500
1.275000
1.362500
1.287500
1.325000
1.362500
1.370833
1.437500
1.479167
1.433333
1.412500
1.291667
1.379167
1.362500
1.254167
2.691667
1.254167
1.304167
1.275000
0.891667
0.375000
0.383333
0.445833
2.275000
1.620833
2.420833
1.325000
1.233333
1.295833
1.312500
1.262500
1.279167
1.308333
0.362500
0.129167
0.408333
0.362500
0.725000
0.541667
1.225000
0.279167
1.012500
1.141667
0.266667
0.350000
0.991667
1.195833
1.429167
1.370833
1.329167
1.316667
0.816667
0.512500
1.333333
1.316667
2.562500
1.204167
1.166667
1.229167
1.233333
2.500000
1.300000
1.270833
0.937500
1.358333
1.291667
1.291667
1.408333
1.370833
1.333333
1.308333
1.320833
1.316667
1.358333
1.345833
1.345833
1.362500
1.345833
1.300000
1.333333
1.254167
1.312500
1.304167
1.320833
1.212500
1.375000
1.279167
1.312500
1.325000
1.370833
1.387500
1.325000
1.366667
1.387500
1.341667
1.320833
1.400000
1.300000
1.341667
1.262500
1.183333
1.200000
1.375000
1.241667
1.304167
1.308333
1.258333
0.537500
0.854167
1.283333
1.308333
1.454167
1.195833
1.020833
1.333333
1.441667
1.408333
1.337500
1.241667
1.266667
1.270833
1.333333
1.279167
1.300000
1.316667
1.354167
1.350000
1.325000
1.337500
1.333333
1.350000
1.345833
1.391667
1.270833
1.037500
1.500000
1.033333
1.512500
1.279167
0.387500
0.900000
0.979167
0.295833
0.454167
0.425000
0.412500
0.954167
0.295833
1.287500
1.308333
1.270833
1.329167
1.279167
1.270833
1.316667
1.312500
1.387500
1.350000
1.308333
1.345833
1.350000
1.354167
