0.820833
0.829167
0.833333
0.820833
0.829167
0.825000
0.825000
0.825000
0.833333
0.833333
0.833333
0.833333
0.833333
0.829167
0.829167
0.825000
0.841667
0.833333
0.829167
0.825000
0.825000
0.820833
0.837500
0.841667
0.833333
0.837500
0.841667
0.837500
0.837500
0.845833
0.841667
0.837500
0.837500
0.829167
0.825000
0.833333
0.850000
0.837500
0.837500
0.837500
0.837500
0.841667
0.833333
0.833333
0.833333
0.829167
0.825000
0.833333
0.837500
0.829167
0.825000
0.825000
0.816667
0.829167
0.833333
0.820833
0.820833
0.820833
0.820833
0.829167
0.837500
0.829167
0.825000
0.820833
0.816667
0.825000
0.825000
0.825000
0.816667
0.825000
0.812500
0.816667
0.829167
0.825000
0.820833
0.816667
0.816667
0.825000
0.820833
0.820833
0.816667
0.816667
0.812500
0.812500
0.820833
0.825000
0.820833
0.820833
0.812500
0.816667
0.829167
0.820833
0.820833
0.825000
0.820833
0.825000
0.837500
0.833333
0.829167
0.829167
0.829167
0.829167
0.833333
0.825000
0.820833
0.812500
0.825000
0.820833
0.820833
0.816667
0.808333
0.825000
0.820833
1.625000
0.833333
0.812500
0.825000
0.825000
0.829167
0.820833
0.820833
0.825000
0.829167
0.833333
0.833333
0.825000
0.820833
0.816667
0.829167
0.820833
0.825000
0.820833
0.820833
0.816667
0.829167
0.833333
0.829167
0.825000
0.829167
0.820833
0.833333
0.837500
0.833333
0.837500
0.833333
0.829167
0.841667
0.837500
0.825000
0.829167
0.820833
0.825000
0.833333
0.829167
0.829167
0.829167
0.829167
0.825000
0.837500
0.837500
0.829167
0.833333
0.825000
0.837500
0.845833
0.841667
0.841667
0.833333
0.837500
0.837500
0.833333
0.820833
0.825000
0.820833
0.825000
0.845833
0.837500
0.837500
0.837500
0.833333
0.845833
0.833333
0.825000
0.825000
0.820833
0.816667
0.829167
0.829167
0.820833
0.820833
0.812500
0.812500
0.820833
0.820833
0.816667
0.816667
0.804167
0.816667
0.825000
0.812500
0.820833
0.820833
0.829167
0.825000
0.845833
0.829167
0.825000
0.829167
0.825000
0.837500
0.837500
0.837500
0.820833
0.829167
0.829167
0.825000
0.820833
0.816667
0.812500
0.820833
0.825000
0.820833
0.820833
0.816667
0.820833
0.825000
0.837500
0.829167
0.820833
0.816667
0.820833
0.829167
0.820833
0.820833
0.812500
0.812500
0.820833
0.812500
0.812500
0.808333
0.804167
0.812500
0.808333
0.804167
0.812500
0.804167
0.808333
0.800000
0.616667
0.958333
0.829167
0.816667
0.808333
0.816667
0.504167
1.087500
0.850000
0.804167
0.800000
0.808333
0.804167
0.795833
0.791667
0.787500
0.795833
0.795833
0.795833
0.791667
0.787500
0.791667
0.804167
0.800000
0.795833
0.791667
0.787500
0.791667
0.800000
0.791667
0.791667
0.787500
0.791667
0.804167
0.800000
0.800000
0.800000
0.791667
0.804167
0.800000
0.800000
0.795833
0.800000
0.800000
0.812500
0.808333
0.800000
0.800000
0.800000
0.800000
0.808333
0.812500
0.804167
0.808333
0.795833
0.808333
0.808333
0.808333
0.808333
0.812500
0.808333
0.812500
0.820833
0.820833
0.816667
0.816667
0.812500
0.812500
0.825000
0.816667
0.820833
0.816667
0.812500
0.816667
0.816667
0.829167
0.825000
0.545833
1.091667
0.816667
0.825000
0.820833
0.816667
0.816667
0.808333
0.820833
0.820833
0.812500
0.820833
0.816667
0.820833
0.837500
0.829167
0.833333
0.833333
0.837500
0.845833
0.841667
0.833333
0.829167
0.820833
0.825000
0.825000
0.812500
0.816667
0.808333
0.812500
0.816667
0.816667
0.816667
0.825000
0.820833
0.820833
0.816667
0.825000
0.829167
0.820833
0.820833
0.820833
0.812500
0.816667
0.820833
0.825000
0.808333
0.825000
0.829167
0.820833
0.816667
0.812500
0.816667
0.829167
0.825000
0.820833
0.820833
0.812500
0.816667
0.829167
0.829167
0.820833
0.825000
0.816667
0.829167
0.825000
0.825000
0.825000
0.816667
0.816667
0.833333
0.829167
0.825000
0.820833
0.825000
0.833333
0.837500
0.829167
0.829167
0.825000
0.825000
0.825000
0.841667
0.829167
0.825000
0.820833
0.829167
0.820833
0.825000
0.816667
0.812500
0.816667
0.816667
0.812500
0.816667
0.812500
0.820833
0.829167
0.825000
0.820833
0.820833
0.825000
0.829167
0.829167
0.825000
0.820833
0.820833
0.829167
0.825000
0.825000
0.820833
0.816667
0.812500
0.825000
0.825000
0.820833
0.816667
0.812500
0.820833
0.616667
0.958333
0.829167
0.825000
0.812500
0.825000
0.820833
0.816667
0.812500
0.808333
0.829167
0.825000
0.825000
0.820833
0.820833
0.812500
0.829167
0.825000
0.825000
0.820833
0.816667
0.825000
0.833333
0.829167
0.829167
0.825000
0.820833
0.825000
0.837500
0.833333
0.829167
0.833333
0.825000
0.829167
0.837500
0.837500
0.829167
0.825000
0.829167
0.820833
0.829167
0.837500
0.829167
0.837500
0.833333
0.829167
0.841667
0.837500
0.833333
0.829167
0.820833
0.825000
0.829167
0.833333
0.554167
1.104167
0.829167
0.825000
0.833333
0.829167
0.825000
0.820833
0.812500
0.820833
0.825000
0.825000
0.825000
0.820833
0.825000
0.820833
0.833333
0.841667
0.837500
0.837500
0.825000
0.829167
0.837500
0.841667
0.845833
0.833333
0.825000
0.837500
0.820833
0.816667
0.808333
0.812500
0.812500
0.812500
0.804167
0.800000
0.808333
0.808333
0.812500
0.816667
0.808333
0.816667
0.820833
0.820833
0.816667
0.816667
0.808333
0.812500
0.820833
0.816667
0.820833
0.816667
0.812500
0.812500
0.825000
0.825000
0.816667
0.825000
0.820833
0.833333
0.829167
0.829167
0.825000
0.825000
0.820833
0.816667
0.833333
0.829167
0.820833
0.820833
0.816667
0.829167
0.825000
0.829167
0.825000
0.825000
0.816667
0.833333
0.837500
0.833333
0.837500
0.833333
0.833333
0.837500
0.841667
0.841667
0.841667
0.833333
0.829167
0.833333
0.833333
0.829167
0.829167
0.829167
0.820833
0.820833
0.825000
0.829167
0.825000
0.820833
0.820833
0.829167
0.833333
0.833333
0.833333
0.829167
0.829167
0.841667
0.837500
0.841667
0.841667
0.841667
0.841667
0.837500
0.850000
0.841667
0.837500
0.837500
0.841667
0.833333
0.837500
0.825000
0.829167
0.816667
0.825000
0.820833
0.820833
0.820833
0.812500
0.816667
0.816667
0.820833
0.816667
0.808333
0.812500
0.812500
0.820833
0.820833
0.816667
0.825000
0.820833
0.829167
0.829167
0.829167
0.820833
0.816667
0.820833
0.816667
0.816667
0.812500
0.825000
0.812500
0.812500
0.816667
0.812500
0.820833
0.816667
0.820833
0.820833
0.825000
0.820833
0.816667
0.820833
0.825000
0.820833
0.820833
0.816667
0.816667
0.816667
0.825000
0.841667
0.841667
0.837500
0.833333
0.829167
0.833333
0.837500
0.833333
0.825000
0.829167
0.820833
0.816667
0.829167
0.825000
0.816667
0.820833
0.812500
0.820833
0.829167
0.825000
0.825000
0.825000
0.825000
0.820833
0.829167
0.837500
0.833333
0.829167
0.829167
0.825000
0.820833
0.833333
0.825000
0.820833
0.820833
0.820833
0.812500
0.820833
0.829167
0.825000
0.829167
0.820833
0.829167
0.825000
0.829167
0.825000
0.825000
0.820833
0.820833
0.816667
0.816667
0.833333
0.833333
0.829167
0.825000
0.816667
0.825000
0.837500
0.829167
0.833333
0.833333
0.829167
0.820833
0.837500
0.829167
0.833333
0.825000
0.829167
0.820833
0.829167
0.829167
0.825000
0.829167
0.825000
0.820833
0.816667
0.820833
0.829167
0.833333
0.829167
0.829167
0.825000
0.825000
0.829167
0.841667
0.841667
0.841667
0.837500
