0.950000
0.545833
1.062500
0.950000
0.545833
1.070833
0.950000
0.545833
1.058333
0.966667
0.575000
1.079167
0.950000
0.541667
1.070833
0.941667
0.525000
1.320833
0.912500
0.887500
0.604167
1.050000
1.550000
0.929167
1.525000
1.554167
0.950000
0.533333
1.045833
1.554167
0.954167
0.587500
1.070833
0.925000
0.529167
1.033333
1.554167
1.554167
0.954167
0.579167
1.066667
1.570833
0.954167
0.587500
1.075000
1.570833
0.945833
0.537500
1.070833
0.958333
0.595833
1.079167
1.550000
0.950000
0.545833
1.066667
0.954167
0.558333
1.079167
0.937500
1.529167
0.966667
0.670833
1.079167
0.529167
0.358333
1.416667
0.941667
0.516667
1.033333
1.525000
0.929167
0.512500
1.029167
1.537500
0.933333
0.904167
0.895833
0.891667
0.537500
1.016667
0.916667
0.891667
0.566667
1.045833
1.537500
0.929167
0.533333
1.041667
1.554167
0.941667
0.541667
1.050000
1.562500
0.954167
0.550000
1.070833
0.937500
0.541667
1.058333
1.579167
0.966667
0.625000
1.091667
0.950000
0.583333
1.075000
1.562500
0.941667
0.520833
1.045833
1.562500
1.558333
0.933333
1.550000
1.570833
1.570833
0.945833
0.525000
1.070833
0.954167
0.595833
1.079167
1.558333
0.962500
0.583333
1.087500
0.945833
0.525000
1.066667
0.958333
0.566667
1.079167
0.941667
0.529167
1.070833
0.970833
0.954167
0.950000
0.533333
1.070833
0.962500
0.554167
1.083333
0.945833
0.554167
1.070833
0.950000
0.550000
1.070833
0.937500
0.529167
1.058333
0.945833
0.545833
1.070833
0.925000
0.354167
1.200000
1.554167
0.925000
1.525000
1.545833
0.925000
0.904167
0.587500
1.050000
1.554167
0.920833
0.512500
1.037500
0.533333
1.058333
0.925000
0.916667
0.908333
0.900000
0.554167
1.062500
0.933333
0.516667
1.029167
1.566667
0.941667
1.520833
0.954167
0.566667
1.062500
1.566667
0.929167
0.533333
1.062500
0.937500
0.562500
1.066667
0.950000
0.570833
1.070833
1.550000
0.945833
0.545833
1.070833
0.954167
0.587500
1.079167
1.587500
0.950000
0.608333
1.091667
1.587500
0.958333
0.550000
1.075000
0.958333
0.658333
1.075000
0.537500
1.045833
0.933333
0.520833
1.025000
1.566667
0.929167
0.925000
0.916667
0.912500
0.541667
1.050000
0.933333
0.529167
1.045833
0.545833
1.058333
1.566667
0.954167
0.525000
1.058333
0.954167
0.533333
1.066667
0.966667
0.941667
0.950000
1.558333
0.941667
0.525000
1.058333
1.570833
0.950000
0.520833
1.050000
1.575000
0.945833
1.537500
0.954167
0.595833
1.062500
1.566667
0.929167
1.529167
0.962500
0.625000
1.070833
1.583333
0.941667
0.554167
1.079167
1.579167
0.945833
0.350000
1.204167
0.370833
1.237500
0.950000
0.541667
1.075000
1.566667
1.595833
0.954167
0.533333
1.075000
0.962500
0.575000
1.083333
1.583333
0.941667
0.529167
1.079167
1.583333
0.945833
0.558333
1.087500
0.950000
0.570833
1.079167
1.579167
0.950000
0.579167
1.366667
0.587500
0.995833
0.941667
0.533333
1.070833
0.954167
0.600000
1.083333
1.570833
0.966667
0.954167
0.950000
0.525000
1.075000
0.954167
0.533333
1.079167
1.591667
0.950000
0.533333
1.087500
0.950000
0.541667
1.083333
0.950000
0.516667
1.075000
0.962500
0.554167
1.079167
0.883333
1.400000
1.550000
0.941667
0.904167
0.558333
1.012500
0.533333
1.025000
1.533333
0.929167
0.904167
0.587500
1.058333
1.550000
0.954167
0.575000
1.075000
1.562500
0.941667
0.508333
1.041667
1.579167
0.941667
1.545833
0.529167
1.075000
0.950000
1.570833
0.950000
0.520833
1.095833
0.966667
0.579167
1.095833
0.950000
0.541667
1.079167
0.954167
0.520833
1.062500
0.958333
0.570833
1.070833
1.558333
0.941667
0.520833
1.037500
1.575000
0.945833
1.537500
0.962500
0.591667
1.075000
0.937500
1.520833
1.591667
0.954167
0.350000
1.220833
0.970833
0.566667
1.075000
1.604167
0.941667
0.533333
1.062500
0.950000
0.533333
1.075000
0.933333
1.554167
1.583333
0.941667
1.545833
0.958333
0.520833
1.062500
1.579167
0.937500
0.520833
1.058333
0.950000
0.525000
1.066667
0.933333
0.520833
1.054167
0.958333
0.550000
1.079167
0.933333
1.566667
0.962500
0.583333
1.079167
0.937500
1.558333
0.966667
0.591667
1.079167
0.937500
1.554167
0.970833
0.945833
0.575000
1.075000
0.966667
0.595833
1.070833
1.562500
0.937500
0.533333
1.045833
0.941667
0.512500
1.058333
0.937500
1.550000
0.975000
0.608333
1.083333
0.945833
0.516667
1.062500
0.983333
0.958333
0.945833
0.920833
0.525000
1.083333
1.604167
0.958333
0.583333
1.100000
0.970833
0.591667
1.095833
0.962500
0.550000
1.095833
0.966667
0.954167
0.704167
1.083333
0.533333
1.075000
0.954167
0.545833
1.070833
0.962500
0.587500
1.083333
0.950000
0.520833
1.070833
0.966667
0.933333
0.937500
0.562500
1.079167
0.954167
0.529167
1.075000
0.975000
0.583333
1.104167
0.970833
0.604167
1.087500
1.579167
0.954167
0.541667
1.070833
0.954167
0.504167
1.070833
0.945833
0.562500
1.066667
1.566667
0.929167
1.525000
1.583333
0.929167
1.525000
0.970833
0.583333
1.066667
0.920833
0.512500
1.050000
0.541667
1.070833
0.483333
1.054167
0.937500
0.525000
1.037500
0.933333
0.891667
0.912500
0.345833
0.591667
0.187500
0.700000
0.562500
0.220833
0.570833
0.604167
0.466667
0.887500
0.537500
0.995833
0.533333
1.000000
0.529167
1.000000
0.370833
1.187500
0.879167
0.875000
0.895833
0.925000
0.529167
1.083333
0.962500
0.554167
1.100000
0.983333
0.979167
0.583333
1.116667
1.004167
0.991667
0.562500
1.095833
1.012500
0.979167
0.558333
1.112500
0.991667
0.970833
0.525000
1.095833
0.541667
1.112500
0.979167
0.595833
1.087500
0.883333
0.416667
0.245833
0.933333
0.525000
1.062500
0.933333
0.516667
1.058333
0.929167
1.562500
0.958333
0.583333
1.083333
0.962500
0.566667
1.100000
1.591667
0.975000
0.954167
0.945833
0.929167
0.566667
1.087500
0.541667
1.095833
1.604167
0.991667
0.529167
1.100000
0.541667
1.104167
1.025000
0.991667
0.529167
1.100000
1.004167
0.970833
0.545833
1.112500
1.616667
0.966667
0.525000
1.091667
1.633333
0.962500
0.579167
1.104167
1.579167
0.975000
0.958333
0.945833
0.520833
1.075000
0.954167
0.529167
1.083333
0.941667
1.575000
0.954167
0.541667
1.079167
0.575000
0.991667
0.941667
1.579167
0.970833
0.554167
1.091667
0.945833
0.533333
1.087500
0.966667
0.358333
1.237500
1.612500
0.962500
