0.912500
0.783333
0.512500
0.941667
0.545833
0.962500
0.783333
0.729167
0.750000
0.750000
0.750000
0.762500
0.750000
0.725000
0.750000
0.758333
0.754167
0.745833
0.754167
0.750000
0.758333
0.762500
0.495833
0.933333
0.779167
0.750000
0.762500
0.770833
0.725000
0.745833
0.491667
0.441667
0.991667
1.641667
0.495833
0.962500
0.541667
0.954167
0.791667
0.758333
0.758333
0.750000
0.487500
0.937500
0.770833
0.758333
0.770833
0.745833
0.720833
0.758333
0.504167
0.966667
1.533333
0.775000
0.741667
0.758333
0.745833
0.758333
0.754167
0.470833
0.970833
0.787500
0.741667
0.525000
0.929167
0.720833
0.741667
0.745833
0.758333
0.754167
0.741667
0.737500
0.733333
0.754167
0.758333
0.766667
0.754167
0.725000
0.741667
0.641667
0.891667
0.779167
0.741667
0.741667
0.754167
0.754167
0.775000
0.758333
0.708333
0.754167
0.754167
0.745833
0.754167
0.745833
0.754167
0.729167
0.725000
0.741667
0.762500
0.754167
0.737500
0.637500
0.533333
1.008333
1.566667
2.116667
1.575000
1.470833
0.775000
0.741667
0.495833
0.979167
1.450000
1.533333
1.512500
1.500000
1.525000
0.570833
0.904167
1.487500
1.479167
1.483333
0.745833
0.716667
0.587500
0.875000
0.745833
0.470833
0.962500
0.741667
0.745833
0.729167
0.708333
0.729167
0.741667
0.741667
0.762500
0.737500
0.466667
0.970833
0.766667
0.729167
0.791667
0.704167
0.754167
0.758333
0.783333
0.775000
0.516667
0.933333
0.491667
0.991667
1.575000
1.525000
1.541667
1.537500
1.229167
0.275000
0.587500
1.041667
0.241667
0.466667
0.725000
0.741667
0.745833
0.208333
0.700000
0.433333
0.204167
0.487500
0.579167
0.262500
0.366667
0.683333
0.175000
0.437500
0.470833
1.000000
0.741667
0.745833
0.758333
0.791667
0.770833
0.716667
0.750000
0.775000
0.787500
0.787500
0.737500
0.762500
0.775000
0.775000
0.791667
0.779167
0.495833
0.962500
0.800000
0.775000
0.800000
0.783333
0.775000
0.750000
0.737500
0.754167
0.658333
0.875000
0.558333
0.254167
0.450000
0.570833
0.904167
0.916667
0.820833
0.795833
0.750000
0.287500
0.229167
0.945833
0.775000
0.645833
0.650000
0.941667
0.770833
0.750000
0.575000
0.958333
0.420833
0.066667
0.950000
0.791667
0.750000
0.779167
0.729167
0.750000
0.766667
0.762500
0.300000
0.470833
0.762500
0.712500
0.745833
0.758333
0.608333
0.933333
0.575000
0.891667
0.766667
0.762500
0.770833
0.762500
0.470833
1.033333
0.766667
0.766667
0.766667
0.766667
0.733333
0.741667
0.750000
0.783333
0.758333
0.737500
0.758333
0.758333
0.754167
0.758333
0.745833
0.312500
0.408333
0.754167
0.750000
0.750000
0.754167
0.495833
0.941667
0.641667
0.879167
0.766667
0.766667
0.758333
0.720833
0.500000
0.975000
1.512500
1.512500
1.512500
0.791667
0.725000
0.737500
0.750000
0.758333
0.754167
0.470833
0.945833
0.779167
0.745833
0.616667
0.900000
0.554167
0.945833
0.500000
0.966667
0.745833
0.745833
0.758333
0.775000
0.754167
0.733333
0.508333
0.654167
0.308333
0.458333
0.225000
0.954167
0.225000
0.429167
0.741667
0.466667
0.283333
0.754167
0.516667
0.237500
0.750000
0.462500
0.254167
0.320833
0.104167
0.454167
0.145833
0.291667
0.387500
0.504167
0.470833
0.470833
0.079167
0.225000
0.237500
0.500000
0.708333
0.233333
0.450000
0.329167
0.504167
0.245833
0.712500
0.729167
0.512500
0.966667
0.775000
0.758333
0.766667
0.716667
0.558333
0.916667
0.783333
0.766667
0.745833
0.733333
0.462500
0.987500
1.562500
1.500000
1.525000
1.508333
0.791667
0.737500
0.762500
0.745833
0.725000
0.725000
0.754167
0.758333
0.762500
0.745833
0.533333
0.916667
0.775000
0.770833
0.762500
0.720833
0.583333
0.595833
0.820833
0.950000
0.579167
0.787500
0.562500
0.975000
0.812500
0.779167
0.770833
0.754167
0.516667
0.933333
0.787500
0.762500
0.775000
0.775000
0.720833
0.770833
0.495833
0.987500
1.537500
1.545833
1.554167
1.562500
0.791667
0.733333
0.754167
0.758333
0.525000
0.966667
0.770833
0.733333
0.479167
0.970833
0.808333
0.750000
0.533333
0.954167
0.487500
0.975000
0.808333
0.712500
0.579167
0.958333
0.770833
0.766667
0.491667
0.979167
0.820833
0.733333
0.762500
0.766667
0.766667
0.775000
0.512500
0.950000
0.783333
0.766667
0.770833
0.775000
0.766667
0.754167
0.745833
0.766667
0.766667
0.770833
0.770833
0.741667
0.733333
0.762500
0.758333
0.779167
0.770833
0.716667
0.558333
0.537500
0.987500
0.820833
0.816667
0.808333
0.783333
0.758333
0.487500
0.945833
0.795833
0.754167
0.783333
0.775000
0.533333
0.937500
0.779167
0.766667
0.770833
0.779167
0.479167
0.970833
0.812500
0.758333
0.766667
0.779167
0.779167
0.745833
0.754167
0.775000
0.779167
0.791667
0.775000
0.737500
0.770833
0.779167
0.791667
0.783333
0.487500
0.987500
0.829167
0.766667
0.775000
0.775000
0.762500
0.762500
0.741667
0.745833
0.762500
0.766667
0.762500
0.720833
0.766667
0.479167
0.987500
1.537500
1.545833
1.579167
0.804167
0.737500
0.654167
0.870833
0.795833
0.762500
0.725000
0.583333
0.925000
0.800000
0.787500
0.770833
0.725000
0.537500
0.987500
0.800000
0.791667
0.787500
0.750000
0.475000
0.995833
0.816667
0.804167
0.779167
0.741667
0.770833
0.770833
0.483333
1.000000
0.837500
0.733333
0.766667
0.770833
0.487500
0.987500
1.583333
1.554167
1.516667
0.816667
0.775000
0.766667
0.720833
1.512500
0.762500
0.775000
0.779167
0.733333
0.345833
0.220833
0.937500
0.800000
0.758333
0.741667
0.762500
0.762500
1.545833
0.754167
0.512500
0.962500
0.662500
0.900000
0.658333
0.562500
1.012500
0.791667
0.766667
0.645833
0.679167
0.975000
0.741667
0.754167
0.766667
0.775000
0.783333
0.741667
0.750000
0.766667
0.775000
0.787500
0.762500
0.675000
0.845833
0.779167
0.766667
0.762500
0.758333
0.750000
0.745833
0.654167
0.558333
0.470833
0.995833
1.662500
0.520833
1.595833
1.554167
0.537500
0.966667
1.495833
1.495833
1.479167
1.475000
1.504167
0.775000
0.708333
0.741667
0.741667
0.745833
0.750000
0.741667
0.695833
0.483333
0.966667
1.508333
1.537500
1.475000
0.537500
0.958333
1.529167
1.479167
0.791667
0.537500
0.716667
0.950000
0.525000
0.954167
0.754167
0.750000
0.308333
1.175000
0.725000
0.754167
0.516667
0.920833
0.745833
0.741667
0.483333
0.275000
0.741667
0.683333
0.766667
0.737500
0.741667
0.750000
0.591667
0.916667
0.650000
0.795833
0.566667
0.929167
1.512500
0.787500
0.725000
0.750000
0.758333
0.770833
0.495833
0.945833
1.500000
1.545833
0.512500
0.395833
0.862500
0.908333
0.466667
1.004167
1.433333
1.016667
0.791667
0.783333
0.766667
0.525000
0.916667
0.783333
0.758333
0.762500
0.766667
0.766667
0.758333
0.704167
0.804167
0.733333
0.741667
0.754167
0.770833
0.783333
0.679167
0.791667
0.762500
0.762500
0.770833
0.525000
0.987500
1.470833
1.595833
0.566667
0.987500
1.525000
1.566667
1.529167
1.529167
1.533333
0.787500
0.704167
0.754167
0.745833
0.745833
0.754167
0.754167
0.729167
0.708333
0.758333
0.754167
0.762500
0.783333
0.754167
0.708333
0.758333
0.758333
0.779167
0.758333
0.775000
0.766667
0.716667
0.762500
0.762500
0.779167
0.775000
0.750000
0.729167
0.450000
0.987500
1.404167
0.566667
1.095833
1.516667
1.533333
1.516667
1.508333
1.533333
1.512500
1.491667
1.529167
0.791667
0.733333
0.733333
0.737500
0.537500
0.862500
1.554167
1.491667
0.800000
0.754167
0.754167
0.729167
0.725000
0.733333
0.870833
0.983333
1.620833
1.604167
1.487500
1.512500
0.775000
0.716667
