0.766667
0.762500
0.658333
0.812500
0.754167
0.737500
0.750000
0.754167
0.758333
0.670833
0.800000
0.770833
0.775000
1.479167
0.662500
0.804167
0.762500
0.766667
0.770833
0.770833
0.770833
0.783333
0.783333
0.775000
0.783333
0.650000
0.825000
0.787500
0.787500
0.791667
0.800000
0.791667
0.791667
0.795833
1.487500
0.825000
0.766667
0.766667
0.770833
0.770833
0.770833
0.770833
0.779167
0.783333
0.783333
0.783333
0.783333
0.791667
0.791667
0.741667
0.829167
0.791667
0.791667
0.787500
0.795833
0.795833
0.787500
0.795833
0.795833
0.795833
0.795833
0.787500
0.595833
0.837500
0.804167
0.791667
0.800000
0.641667
0.841667
0.800000
0.795833
0.791667
0.787500
0.779167
0.775000
0.770833
0.758333
0.758333
0.754167
0.758333
0.762500
0.762500
0.770833
0.591667
0.825000
0.787500
0.795833
0.791667
0.675000
0.837500
0.800000
0.800000
0.787500
0.637500
0.845833
0.795833
0.783333
0.791667
0.791667
0.795833
0.533333
0.837500
0.800000
0.804167
0.800000
0.804167
0.812500
0.816667
0.804167
0.800000
0.808333
0.812500
0.804167
0.808333
0.812500
0.812500
0.804167
0.691667
0.858333
0.800000
0.795833
0.791667
0.637500
0.858333
0.808333
0.670833
0.845833
0.804167
0.720833
0.837500
0.800000
0.800000
0.800000
0.791667
0.795833
0.783333
0.779167
0.766667
0.750000
0.754167
0.758333
0.762500
1.408333
0.679167
0.795833
0.770833
0.770833
0.770833
0.770833
0.779167
0.779167
0.779167
0.775000
0.783333
0.783333
0.775000
0.662500
0.841667
0.795833
0.791667
0.783333
0.787500
0.787500
0.670833
0.841667
0.787500
0.783333
0.787500
0.779167
0.783333
0.779167
0.775000
0.779167
0.779167
0.775000
0.779167
0.783333
0.783333
0.770833
0.766667
0.775000
0.770833
0.770833
0.775000
0.775000
0.779167
0.641667
0.812500
0.770833
0.766667
1.408333
0.866667
0.762500
0.741667
0.750000
0.750000
0.750000
1.362500
0.850000
0.745833
0.737500
0.729167
0.720833
0.704167
0.695833
0.704167
0.712500
0.725000
0.737500
0.766667
0.766667
0.783333
0.791667
0.800000
0.783333
0.779167
0.787500
0.787500
0.783333
0.787500
0.791667
0.791667
0.779167
0.787500
0.637500
0.825000
0.795833
0.795833
0.795833
0.641667
0.866667
0.795833
0.658333
0.841667
0.808333
0.662500
0.841667
0.804167
0.800000
0.712500
0.862500
0.800000
0.812500
0.800000
0.795833
0.679167
0.854167
0.804167
0.787500
0.791667
0.791667
0.787500
0.783333
0.787500
0.783333
0.791667
0.791667
0.787500
0.791667
0.800000
0.804167
0.795833
0.800000
0.679167
0.854167
0.800000
0.791667
0.770833
0.658333
0.812500
0.762500
0.762500
1.387500
0.858333
0.750000
0.750000
0.754167
0.758333
0.762500
0.762500
1.395833
0.858333
0.762500
0.745833
1.395833
0.837500
0.662500
0.770833
0.741667
0.741667
0.745833
0.750000
0.741667
0.754167
0.762500
0.766667
0.758333
0.762500
0.762500
0.766667
0.766667
0.708333
0.800000
0.775000
0.775000
0.537500
0.866667
0.562500
0.816667
0.775000
0.779167
0.783333
0.616667
0.833333
0.783333
0.787500
0.783333
0.783333
0.783333
1.454167
0.837500
0.779167
0.779167
0.779167
0.787500
0.641667
0.829167
0.791667
0.800000
0.795833
0.800000
0.795833
0.658333
0.850000
0.795833
0.775000
0.758333
0.762500
0.766667
0.766667
0.775000
0.775000
0.666667
0.833333
0.791667
0.795833
0.808333
0.808333
0.795833
0.795833
0.800000
0.795833
0.795833
0.808333
0.812500
0.800000
0.804167
0.804167
0.804167
0.800000
0.800000
0.800000
0.804167
0.654167
0.854167
0.808333
0.808333
0.800000
0.791667
0.795833
0.795833
0.795833
0.612500
0.833333
0.783333
0.783333
0.787500
0.779167
0.775000
0.783333
0.779167
0.775000
0.783333
0.787500
0.729167
0.841667
0.791667
0.787500
0.787500
0.787500
0.787500
0.658333
0.820833
0.787500
0.750000
0.820833
0.775000
0.787500
0.783333
0.783333
0.787500
0.779167
0.666667
0.845833
0.775000
0.783333
0.779167
0.779167
0.775000
0.783333
0.716667
0.825000
0.787500
0.783333
0.783333
0.787500
0.779167
0.783333
0.779167
0.762500
0.800000
0.783333
0.775000
0.779167
0.775000
0.779167
0.787500
0.779167
0.775000
0.687500
0.829167
0.787500
0.783333
0.629167
0.900000
0.791667
0.787500
0.658333
0.895833
0.720833
0.804167
0.775000
0.779167
0.770833
0.770833
0.775000
0.779167
0.783333
0.775000
0.779167
1.275000
0.808333
0.775000
0.770833
0.766667
0.770833
0.762500
0.508333
0.891667
0.791667
0.775000
0.762500
1.383333
0.654167
0.779167
0.750000
0.741667
0.745833
0.745833
0.745833
0.754167
1.395833
0.841667
0.750000
0.741667
1.337500
0.837500
0.795833
0.737500
0.733333
0.737500
0.745833
0.741667
0.745833
0.745833
0.750000
0.754167
0.758333
0.754167
0.708333
0.808333
0.762500
0.766667
0.758333
0.762500
0.766667
0.754167
0.758333
0.758333
0.766667
0.758333
0.758333
0.766667
0.770833
0.766667
0.762500
0.683333
0.812500
0.762500
0.729167
0.795833
0.766667
0.766667
0.762500
0.758333
0.762500
0.766667
0.766667
0.758333
0.629167
0.800000
0.766667
0.754167
0.758333
0.758333
0.762500
0.762500
0.762500
0.695833
0.795833
0.762500
0.758333
0.770833
0.762500
0.766667
0.758333
0.762500
0.762500
0.766667
0.762500
0.766667
0.762500
0.766667
0.766667
0.687500
0.812500
0.770833
0.775000
0.758333
0.766667
0.766667
0.762500
0.758333
0.762500
0.758333
0.762500
0.758333
0.754167
0.762500
0.758333
0.762500
0.758333
0.758333
0.754167
0.766667
0.754167
0.754167
0.691667
0.795833
0.758333
0.758333
0.762500
0.762500
0.758333
0.766667
0.754167
0.762500
0.758333
0.762500
0.758333
0.679167
0.791667
0.762500
0.683333
0.804167
0.754167
0.758333
0.762500
0.625000
0.804167
0.770833
0.762500
0.762500
0.758333
0.762500
0.770833
0.770833
0.762500
0.766667
0.633333
0.825000
0.766667
0.766667
1.395833
0.858333
0.754167
0.754167
0.750000
0.754167
0.745833
0.745833
0.745833
0.629167
0.775000
0.720833
0.775000
0.750000
0.745833
0.745833
0.750000
0.687500
0.804167
0.750000
0.750000
0.750000
0.754167
0.750000
0.754167
0.754167
0.754167
0.758333
0.758333
0.633333
0.816667
0.762500
0.675000
0.800000
0.762500
0.762500
0.762500
0.758333
0.758333
0.695833
0.791667
0.758333
0.754167
0.758333
0.754167
0.750000
0.745833
0.754167
0.754167
0.750000
0.754167
0.754167
0.758333
0.754167
0.650000
0.779167
0.754167
0.750000
0.750000
0.741667
0.750000
0.750000
0.754167
0.750000
0.754167
0.754167
0.754167
0.758333
0.754167
0.758333
0.595833
0.804167
0.766667
0.725000
0.791667
0.775000
0.775000
0.770833
0.766667
0.770833
0.770833
0.766667
0.633333
0.804167
0.775000
0.766667
0.762500
0.758333
0.758333
0.762500
0.758333
0.758333
1.366667
0.845833
0.791667
0.750000
0.737500
0.741667
0.737500
0.737500
0.729167
0.720833
0.720833
0.733333
0.729167
0.733333
0.737500
0.750000
0.745833
0.745833
0.754167
0.758333
0.770833
0.687500
0.804167
0.770833
0.750000
0.766667
0.754167
0.758333
0.750000
0.754167
0.754167
0.750000
0.750000
0.750000
0.641667
0.783333
0.758333
0.754167
0.750000
0.754167
1.195833
0.754167
0.745833
0.712500
0.787500
0.750000
0.745833
0.754167
0.750000
0.750000
0.750000
0.750000
0.750000
0.745833
0.754167
0.754167
0.754167
0.704167
0.804167
0.758333
0.754167
0.758333
0.758333
0.758333
0.766667
0.762500
0.550000
0.845833
0.766667
0.762500
0.708333
0.791667
0.758333
0.762500
0.758333
0.762500
0.754167
0.645833
0.825000
0.766667
0.766667
0.762500
0.766667
0.770833
0.762500
0.766667
0.766667
0.766667
0.762500
0.758333
0.762500
0.766667
0.758333
0.766667
0.637500
0.804167
0.775000
0.650000
0.820833
0.766667
0.741667
0.787500
0.666667
0.800000
0.770833
0.762500
