0.950000
1.154167
0.812500
0.820833
0.575000
0.441667
0.658333
1.012500
0.654167
0.345833
0.675000
0.975000
0.654167
0.279167
1.070833
0.529167
0.800000
0.333333
0.891667
0.350000
0.433333
1.183333
0.341667
0.254167
0.254167
0.420833
0.895833
0.658333
0.295833
1.012500
0.666667
0.625000
0.404167
0.662500
0.666667
0.595833
1.062500
0.691667
0.691667
0.270833
0.954167
0.775000
0.854167
0.779167
0.745833
0.729167
0.729167
0.716667
0.837500
1.354167
0.575000
0.554167
0.637500
0.795833
0.616667
0.616667
0.833333
0.937500
0.712500
0.675000
0.716667
0.600000
0.379167
0.816667
0.895833
0.695833
0.670833
0.358333
0.987500
0.700000
0.683333
0.675000
0.725000
0.658333
0.670833
0.370833
0.841667
0.741667
0.554167
0.254167
0.229167
0.295833
0.512500
0.633333
0.083333
0.354167
0.995833
0.562500
0.583333
0.645833
0.133333
0.337500
0.883333
0.033333
0.683333
0.620833
0.641667
0.508333
1.433333
0.687500
0.625000
0.058333
0.483333
0.108333
1.404167
0.304167
0.204167
0.833333
0.395833
0.879167
0.145833
0.537500
0.833333
0.554167
0.820833
0.508333
0.825000
0.658333
0.375000
0.987500
0.683333
0.629167
0.570833
0.816667
0.354167
0.916667
0.308333
1.075000
0.654167
0.366667
0.608333
1.016667
0.312500
0.708333
0.966667
0.679167
0.358333
1.004167
0.675000
0.333333
1.712500
0.662500
0.620833
0.508333
0.879167
0.241667
0.712500
1.004167
0.612500
0.737500
0.345833
1.441667
0.870833
0.675000
1.375000
0.658333
0.704167
0.612500
0.350000
0.845833
0.895833
0.700000
0.279167
0.904167
0.550000
0.566667
0.587500
0.929167
0.825000
0.512500
0.808333
0.341667
0.970833
0.354167
0.900000
0.741667
0.683333
0.666667
0.433333
0.600000
0.983333
0.691667
0.608333
0.687500
0.516667
0.816667
0.679167
0.683333
0.275000
0.762500
0.900000
0.412500
0.570833
0.300000
0.633333
0.662500
0.662500
0.329167
0.491667
0.954167
0.150000
0.658333
0.654167
0.341667
0.887500
0.079167
0.191667
0.508333
0.470833
0.108333
0.537500
0.429167
0.895833
0.479167
0.725000
0.662500
0.879167
0.466667
0.979167
0.675000
0.700000
0.429167
0.525000
1.066667
0.250000
0.658333
0.625000
1.220833
0.550000
0.712500
0.679167
0.908333
0.241667
0.962500
0.625000
1.433333
0.600000
0.787500
0.658333
1.391667
1.458333
0.912500
1.108333
0.691667
1.483333
0.758333
0.491667
0.512500
0.333333
0.320833
0.141667
0.829167
0.650000
0.608333
0.325000
0.187500
0.433333
0.370833
0.191667
1.100000
0.637500
0.562500
0.100000
0.616667
0.666667
0.504167
0.475000
0.579167
0.208333
0.520833
0.283333
0.275000
0.566667
0.479167
0.516667
0.433333
1.037500
0.545833
0.679167
0.529167
0.950000
0.687500
0.312500
1.025000
0.675000
0.670833
0.670833
1.320833
1.245833
1.337500
0.908333
0.479167
0.895833
0.325000
1.025000
0.662500
0.683333
0.308333
1.016667
0.675000
0.370833
0.787500
0.925000
0.695833
0.487500
0.700000
0.687500
0.904167
0.691667
0.695833
0.708333
0.666667
0.708333
0.450000
0.891667
0.679167
0.700000
0.466667
0.591667
0.529167
0.887500
0.908333
0.445833
0.837500
0.545833
0.562500
0.783333
0.800000
0.512500
0.729167
0.737500
0.212500
1.062500
0.650000
0.329167
0.304167
0.645833
0.245833
0.400000
0.312500
0.591667
0.916667
0.487500
0.933333
0.179167
0.450000
0.079167
0.670833
0.325000
0.962500
0.666667
0.666667
0.379167
0.295833
0.354167
1.016667
0.591667
0.720833
0.329167
0.937500
0.500000
0.833333
0.716667
0.700000
0.712500
0.908333
0.725000
0.695833
0.704167
0.695833
0.520833
0.725000
0.941667
0.720833
0.466667
0.912500
0.608333
0.333333
0.683333
1.020833
0.587500
0.695833
0.508333
0.512500
0.691667
0.825000
0.675000
0.900000
0.708333
0.675000
0.708333
0.625000
0.395833
0.954167
0.687500
1.200000
0.916667
0.212500
0.691667
1.029167
0.666667
0.545833
0.341667
0.891667
0.116667
0.400000
0.283333
0.658333
0.654167
0.350000
0.504167
0.783333
0.295833
0.229167
0.433333
0.612500
0.675000
0.662500
0.358333
0.795833
0.129167
0.241667
0.237500
0.404167
0.429167
0.587500
0.529167
0.512500
0.654167
0.870833
0.450000
0.612500
0.929167
0.654167
0.866667
0.695833
0.508333
0.516667
0.295833
0.391667
0.245833
0.070833
0.316667
0.891667
0.741667
0.720833
0.537500
0.837500
0.679167
0.308333
1.025000
0.300000
1.029167
0.595833
0.420833
0.670833
0.916667
0.712500
0.504167
0.795833
0.666667
0.641667
0.716667
0.641667
0.725000
0.679167
0.691667
0.520833
0.512500
0.320833
0.533333
0.720833
0.604167
0.325000
0.408333
0.458333
0.429167
0.450000
0.591667
0.691667
0.258333
1.687500
0.337500
0.895833
0.304167
0.254167
0.791667
0.970833
0.908333
0.675000
0.370833
0.320833
1.283333
0.600000
0.670833
0.004167
0.295833
0.266667
0.308333
0.416667
0.633333
0.504167
0.766667
0.379167
0.812500
0.633333
0.429167
1.583333
0.683333
0.800000
0.550000
0.433333
0.950000
0.808333
0.658333
0.683333
0.275000
0.729167
0.987500
0.512500
0.854167
0.700000
0.604167
0.566667
0.633333
0.737500
0.316667
0.733333
0.304167
0.600000
0.633333
0.691667
0.620833
0.662500
0.500000
0.600000
0.708333
0.545833
0.858333
0.675000
0.483333
0.812500
0.458333
0.516667
0.762500
0.854167
0.662500
0.670833
0.341667
0.804167
0.795833
0.495833
0.800000
0.641667
0.654167
0.620833
0.658333
0.504167
0.754167
0.704167
0.645833
0.500000
0.745833
0.529167
0.637500
0.779167
0.654167
0.500000
0.791667
0.645833
0.637500
0.637500
0.583333
0.687500
0.354167
0.804167
0.758333
0.645833
0.512500
0.745833
0.700000
0.562500
0.641667
0.750000
0.629167
0.666667
0.595833
0.637500
0.716667
0.600000
0.358333
0.687500
0.608333
0.691667
0.950000
0.587500
0.658333
0.716667
0.645833
0.233333
0.679167
1.041667
0.650000
0.291667
0.687500
0.800000
0.875000
0.595833
0.641667
0.720833
0.658333
0.558333
0.345833
0.945833
0.679167
0.575000
0.537500
0.662500
0.383333
0.579167
1.033333
0.691667
0.658333
0.666667
0.495833
0.787500
0.645833
0.637500
0.675000
0.633333
0.545833
0.762500
0.633333
0.645833
0.237500
0.791667
0.850000
0.437500
0.266667
0.254167
0.275000
0.666667
0.108333
0.695833
0.504167
0.808333
0.245833
1.108333
0.445833
1.145833
0.745833
1.195833
0.891667
0.641667
0.800000
0.479167
0.741667
1.308333
0.287500
1.016667
0.633333
0.670833
0.529167
0.775000
1.100000
0.625000
0.975000
0.475000
0.612500
0.612500
0.758333
0.612500
0.445833
0.750000
0.616667
0.304167
0.795833
0.733333
0.512500
0.625000
0.629167
0.616667
0.545833
1.487500
0.362500
0.516667
0.591667
0.662500
0.804167
0.766667
0.612500
0.258333
0.591667
0.837500
0.608333
0.612500
0.754167
0.287500
0.675000
0.504167
0.604167
0.550000
0.975000
0.266667
0.804167
0.450000
1.137500
0.837500
0.587500
0.445833
0.691667
0.487500
1.862500
0.737500
0.470833
0.554167
0.820833
1.279167
0.591667
0.612500
0.604167
0.529167
0.679167
0.362500
0.854167
0.754167
0.595833
0.633333
0.225000
1.000000
0.408333
1.470833
0.629167
0.383333
0.525000
0.945833
0.620833
0.433333
0.604167
0.683333
0.370833
0.616667
0.537500
0.908333
0.533333
0.654167
0.650000
0.620833
0.308333
0.645833
0.775000
0.675000
0.337500
0.587500
0.600000
0.600000
0.733333
1.137500
0.708333
0.475000
0.587500
4.266667
1.004167
0.608333
0.233333
0.720833
1.866667
0.787500
0.362500
0.962500
0.641667
0.604167
0.629167
0.316667
0.629167
0.920833
1.025000
0.833333
0.345833
0.933333
0.304167
0.883333
0.525000
0.466667
1.420833
0.729167
1.895833
0.208333
0.704167
0.762500
0.833333
0.266667
0.845833
0.779167
0.633333
0.604167
0.325000
0.975000
0.620833
0.512500
0.420833
0.966667
0.612500
0.300000
0.595833
0.604167
0.883333
0.254167
1.641667
0.220833
0.783333
0.854167
0.462500
0.875000
0.654167
0.629167
0.645833
0.600000
0.258333
0.766667
0.779167
0.845833
0.200000
0.750000
0.787500
0.850000
0.654167
0.216667
0.675000
0.820833
0.854167
0.279167
0.741667
0.687500
0.841667
0.187500
0.695833
1.016667
0.329167
0.916667
0.304167
0.575000
0.587500
0.987500
0.500000
0.737500
0.687500
0.258333
0.941667
0.491667
0.858333
0.208333
0.770833
0.783333
0.850000
0.658333
0.641667
0.600000
0.625000
0.695833
0.241667
0.866667
0.583333
0.858333
0.195833
1.066667
0.445833
0.850000
0.262500
0.679167
1.004167
0.654167
0.591667
1.462500
0.804167
0.912500
0.662500
0.862500
0.258333
0.658333
0.812500
0.854167
0.591667
0.308333
1.037500
0.050000
1.041667
0.583333
0.229167
0.879167
0.958333
0.662500
0.616667
0.662500
0.625000
0.491667
0.483333
0.904167
0.679167
0.291667
0.983333
0.637500
0.312500
0.995833
0.245833
0.737500
0.787500
0.870833
0.266667
1.033333
0.341667
0.850000
0.604167
0.870833
0.658333
0.670833
0.675000
0.679167
0.483333
0.895833
0.437500
0.875000
0.445833
0.666667
0.729167
0.491667
0.491667
0.587500
0.870833
0.750000
0.683333
0.558333
0.362500
0.862500
0.525000
0.729167
0.650000
0.350000
0.950000
0.654167
0.420833
0.804167
0.445833
0.541667
0.300000
0.358333
0.537500
0.920833
0.775000
0.691667
0.454167
0.895833
0.645833
0.670833
0.462500
0.845833
0.625000
0.508333
0.729167
0.566667
