1.020833
1.016667
1.037500
1.020833
1.033333
1.016667
1.020833
1.020833
1.029167
1.025000
1.016667
1.025000
1.008333
1.041667
1.016667
1.025000
1.016667
0.729167
1.312500
1.012500
1.050000
1.016667
0.737500
1.287500
1.033333
1.025000
1.016667
1.012500
1.016667
1.016667
1.029167
1.012500
1.029167
1.029167
1.020833
1.025000
0.737500
1.308333
1.041667
1.025000
1.020833
1.000000
1.029167
1.016667
1.008333
1.020833
1.012500
1.020833
1.012500
1.016667
1.025000
1.020833
1.016667
1.016667
1.016667
1.029167
1.020833
1.016667
1.016667
1.029167
1.020833
1.016667
1.016667
1.025000
1.016667
1.020833
1.016667
0.729167
1.308333
1.033333
1.029167
1.016667
0.733333
1.287500
1.025000
1.016667
1.008333
1.004167
1.012500
1.012500
1.004167
1.008333
1.012500
1.012500
1.020833
1.016667
1.008333
1.020833
1.020833
1.020833
1.016667
1.020833
1.029167
1.016667
1.012500
1.029167
0.716667
1.312500
1.037500
1.020833
1.016667
0.750000
1.275000
1.020833
1.025000
1.012500
1.012500
1.016667
1.012500
1.016667
1.020833
1.025000
1.012500
1.020833
1.020833
1.033333
1.020833
1.029167
1.020833
1.020833
1.025000
1.008333
1.029167
1.025000
1.025000
1.020833
1.029167
1.025000
1.025000
1.025000
1.025000
1.029167
1.025000
1.029167
1.029167
1.016667
1.029167
1.029167
1.029167
1.016667
1.029167
1.025000
1.020833
1.025000
0.725000
1.312500
1.041667
1.025000
1.025000
1.020833
1.016667
1.016667
1.020833
1.012500
1.012500
1.020833
1.016667
1.016667
1.016667
1.025000
1.004167
1.025000
1.016667
1.020833
1.025000
1.012500
1.012500
1.020833
1.016667
1.016667
1.020833
1.020833
1.020833
1.016667
1.016667
1.025000
1.020833
1.020833
1.020833
1.020833
1.029167
1.029167
1.025000
0.733333
1.325000
1.029167
1.020833
1.025000
1.016667
1.012500
1.008333
0.729167
1.300000
1.020833
1.012500
1.008333
1.012500
1.012500
1.004167
1.012500
1.016667
1.012500
1.012500
1.012500
1.012500
1.025000
1.008333
1.020833
1.025000
1.016667
1.008333
1.020833
0.745833
1.283333
1.033333
1.016667
1.016667
1.008333
0.733333
1.300000
1.025000
1.025000
1.020833
0.775000
1.241667
1.020833
1.016667
1.008333
1.000000
1.016667
1.008333
1.008333
1.008333
1.012500
1.016667
1.020833
1.008333
1.008333
1.025000
1.016667
1.020833
1.020833
1.012500
1.020833
0.720833
1.308333
1.033333
1.029167
1.012500
1.012500
1.004167
1.020833
1.008333
1.012500
1.008333
1.012500
1.020833
1.016667
1.020833
1.016667
1.033333
1.016667
0.737500
1.304167
1.029167
1.012500
1.020833
1.016667
1.008333
1.016667
1.012500
1.016667
1.025000
1.016667
1.016667
1.025000
1.025000
1.012500
1.025000
0.745833
1.291667
1.033333
1.016667
1.008333
1.008333
1.016667
0.720833
1.304167
1.025000
1.020833
1.012500
1.008333
1.016667
1.000000
0.712500
1.308333
1.025000
1.012500
1.008333
1.012500
1.008333
1.008333
0.708333
1.308333
1.025000
1.000000
1.012500
1.012500
1.004167
1.012500
1.008333
1.012500
1.012500
1.012500
1.012500
1.016667
1.016667
1.020833
1.016667
1.016667
0.745833
1.283333
1.029167
1.012500
1.025000
1.012500
1.008333
1.016667
1.012500
0.733333
1.283333
1.033333
1.016667
1.016667
0.995833
1.020833
0.712500
1.312500
1.025000
1.012500
1.004167
1.016667
1.008333
1.008333
1.008333
1.020833
1.012500
1.012500
1.020833
1.016667
1.020833
1.016667
1.020833
1.020833
1.025000
1.020833
1.016667
1.020833
1.025000
1.016667
1.016667
0.733333
1.304167
1.033333
1.020833
1.008333
1.016667
1.016667
1.004167
1.016667
1.012500
1.016667
1.012500
1.008333
1.016667
1.012500
0.770833
1.262500
1.025000
1.029167
1.020833
1.016667
1.016667
1.020833
0.804167
1.237500
1.016667
1.029167
1.020833
1.012500
1.020833
1.016667
1.016667
1.020833
1.016667
1.008333
1.029167
1.012500
1.016667
0.729167
1.300000
1.033333
1.020833
1.016667
1.008333
1.016667
1.008333
1.008333
1.016667
1.012500
1.016667
1.020833
1.020833
1.025000
1.016667
0.725000
1.316667
1.029167
1.020833
1.016667
0.791667
1.229167
1.020833
1.025000
1.016667
1.008333
1.012500
1.016667
1.012500
1.016667
1.029167
1.012500
1.020833
1.012500
1.025000
1.020833
0.770833
1.262500
1.029167
1.025000
1.020833
1.008333
0.995833
1.029167
1.020833
1.016667
1.012500
1.012500
1.020833
1.016667
1.012500
1.025000
1.012500
1.025000
1.020833
1.020833
0.741667
1.287500
1.037500
1.012500
1.016667
1.008333
1.020833
1.008333
1.004167
1.008333
1.016667
1.004167
1.012500
1.016667
1.004167
1.008333
1.012500
1.008333
1.012500
1.008333
1.008333
1.016667
1.012500
1.008333
1.020833
1.016667
1.020833
1.016667
1.016667
1.025000
1.016667
1.016667
0.716667
1.325000
1.029167
1.020833
1.012500
1.004167
1.004167
1.012500
1.000000
1.012500
1.012500
1.004167
1.008333
1.020833
1.012500
1.016667
1.008333
1.012500
1.020833
1.012500
1.012500
1.012500
1.012500
1.016667
1.016667
1.016667
1.020833
1.016667
1.012500
1.004167
1.008333
1.012500
1.012500
1.016667
1.012500
1.012500
1.020833
1.012500
1.012500
1.020833
1.020833
1.016667
1.016667
1.020833
1.016667
1.025000
1.012500
1.020833
1.012500
1.020833
1.008333
1.012500
1.020833
1.025000
1.012500
1.020833
1.016667
1.025000
1.016667
1.029167
1.016667
1.020833
1.000000
1.041667
1.029167
1.020833
1.025000
1.000000
0.991667
0.995833
1.000000
0.991667
1.012500
1.020833
1.012500
1.012500
1.012500
1.012500
1.012500
1.012500
1.012500
1.020833
1.012500
1.025000
1.016667
1.020833
1.025000
1.029167
1.033333
1.020833
1.029167
1.029167
1.029167
1.020833
1.025000
1.012500
1.020833
1.016667
1.020833
0.737500
1.300000
1.037500
1.012500
1.016667
0.766667
0.720833
0.533333
1.025000
1.012500
1.016667
0.995833
1.012500
1.008333
1.012500
1.012500
1.020833
1.012500
1.016667
1.033333
1.008333
1.016667
1.025000
1.020833
1.016667
1.020833
1.020833
