0.883333
0.895833
0.900000
0.895833
0.908333
0.908333
0.908333
0.895833
0.912500
0.920833
0.904167
0.912500
0.900000
0.895833
0.900000
0.900000
0.904167
0.887500
0.891667
0.895833
0.904167
0.866667
0.875000
0.870833
0.883333
0.879167
0.887500
0.891667
0.870833
0.875000
0.879167
0.895833
0.895833
0.895833
0.912500
0.912500
0.912500
0.900000
0.887500
0.891667
0.870833
0.870833
0.870833
0.891667
0.904167
0.916667
0.895833
0.904167
0.916667
0.925000
0.920833
0.916667
0.904167
0.895833
0.916667
0.895833
0.891667
0.891667
0.891667
0.891667
0.887500
0.891667
0.891667
0.887500
0.883333
0.870833
0.870833
0.879167
0.887500
0.891667
0.895833
0.904167
0.904167
0.895833
0.895833
0.891667
0.887500
0.916667
0.904167
0.912500
0.916667
0.904167
0.904167
0.900000
0.904167
0.891667
0.875000
0.533333
0.345833
0.883333
0.891667
0.908333
0.908333
0.891667
0.891667
0.908333
0.916667
0.920833
0.920833
0.933333
0.912500
0.908333
0.929167
0.941667
0.920833
0.925000
0.916667
0.900000
0.887500
0.900000
0.879167
0.900000
0.908333
0.925000
0.933333
0.920833
0.895833
0.920833
0.916667
0.912500
0.925000
0.912500
0.904167
0.895833
0.887500
0.887500
0.900000
0.916667
0.920833
0.908333
0.916667
0.912500
0.891667
0.904167
0.933333
0.954167
0.945833
0.937500
0.933333
0.933333
0.920833
0.912500
0.929167
0.925000
0.933333
0.912500
0.895833
0.887500
0.916667
0.925000
0.925000
0.925000
0.925000
0.912500
0.920833
0.933333
0.920833
0.891667
0.908333
0.925000
0.933333
0.937500
0.937500
0.929167
0.916667
0.937500
0.912500
0.925000
0.920833
0.908333
0.887500
0.887500
0.883333
0.891667
0.908333
0.937500
0.904167
0.916667
0.933333
0.937500
0.912500
0.904167
0.920833
0.920833
0.933333
0.929167
0.933333
0.925000
0.920833
0.929167
0.920833
0.900000
0.904167
0.916667
0.904167
0.887500
0.891667
0.895833
0.895833
0.900000
0.912500
0.920833
0.912500
0.904167
0.920833
0.908333
0.920833
0.925000
0.920833
0.891667
0.904167
0.904167
0.904167
0.895833
0.891667
0.891667
0.895833
0.883333
0.887500
0.879167
0.887500
0.879167
0.879167
0.883333
0.879167
0.875000
0.883333
0.870833
0.870833
0.879167
0.862500
0.862500
0.870833
0.854167
0.866667
0.883333
0.887500
0.904167
0.875000
0.891667
0.891667
0.895833
0.895833
0.891667
0.900000
0.883333
0.887500
0.891667
0.895833
0.770833
1.012500
0.887500
0.904167
0.891667
0.883333
0.883333
0.958333
0.250000
0.370833
1.104167
0.875000
0.875000
0.866667
0.870833
0.866667
0.870833
0.875000
0.862500
0.866667
0.904167
0.904167
0.916667
0.925000
0.975000
0.841667
0.891667
0.875000
0.870833
0.883333
0.879167
0.866667
0.875000
0.895833
0.904167
0.912500
0.908333
0.912500
0.933333
0.929167
0.912500
0.895833
0.895833
0.912500
0.933333
0.916667
0.895833
0.891667
0.912500
0.908333
0.916667
0.879167
0.891667
0.895833
0.920833
0.912500
0.900000
0.912500
0.904167
0.900000
0.875000
0.866667
0.862500
0.866667
0.870833
0.870833
0.875000
0.883333
0.875000
0.866667
0.875000
0.870833
0.879167
0.887500
0.854167
0.862500
0.879167
0.879167
0.870833
0.866667
0.883333
0.879167
0.883333
0.883333
0.866667
0.862500
0.879167
0.887500
0.887500
0.891667
0.887500
0.883333
0.875000
0.895833
0.895833
0.891667
0.891667
0.887500
0.900000
0.900000
0.908333
0.887500
0.887500
0.895833
0.900000
0.883333
0.891667
0.891667
0.904167
0.895833
0.870833
0.875000
0.891667
0.837500
0.945833
0.891667
0.900000
0.875000
0.887500
0.891667
0.879167
0.883333
0.875000
0.891667
0.900000
0.870833
0.891667
0.887500
0.887500
0.887500
0.883333
0.879167
0.883333
0.879167
0.600000
0.270833
0.850000
0.858333
0.870833
0.879167
0.879167
0.891667
1.058333
0.725000
0.883333
0.883333
0.975000
0.725000
0.458333
0.412500
0.850000
0.858333
0.850000
0.854167
0.895833
0.883333
0.583333
0.304167
0.900000
0.900000
0.891667
0.900000
0.929167
0.383333
0.629167
0.670833
0.520833
0.458333
0.900000
0.883333
0.870833
0.887500
0.912500
0.933333
0.937500
0.937500
0.945833
0.920833
0.720833
1.070833
0.895833
0.891667
0.891667
0.883333
0.895833
0.891667
0.870833
0.879167
0.895833
0.916667
0.862500
0.870833
0.891667
0.891667
0.904167
0.916667
0.904167
0.891667
0.908333
0.904167
0.900000
0.895833
0.904167
0.912500
0.895833
0.891667
0.904167
0.891667
0.904167
0.879167
0.866667
0.879167
0.870833
0.879167
0.870833
0.875000
0.883333
0.870833
0.883333
0.908333
0.933333
0.929167
0.937500
0.945833
0.908333
0.983333
0.308333
0.516667
0.883333
0.895833
0.887500
0.870833
0.887500
0.908333
0.933333
0.937500
0.941667
0.916667
0.916667
0.950000
0.937500
0.916667
0.925000
0.945833
0.941667
0.929167
0.904167
0.925000
0.933333
0.937500
0.925000
0.925000
0.900000
0.929167
0.920833
0.929167
0.912500
0.916667
0.933333
0.941667
0.941667
0.945833
0.950000
0.920833
0.900000
0.933333
0.945833
0.916667
0.920833
0.916667
0.916667
0.891667
0.254167
0.658333
0.895833
0.916667
0.933333
0.916667
0.929167
0.925000
0.916667
0.916667
0.900000
0.900000
0.875000
0.883333
0.908333
0.925000
0.941667
0.891667
0.891667
0.908333
0.912500
0.904167
0.887500
0.891667
0.904167
0.920833
0.558333
0.362500
0.920833
0.925000
0.916667
0.920833
0.925000
0.925000
0.925000
0.933333
0.929167
0.933333
0.933333
0.912500
0.920833
0.920833
0.512500
0.391667
0.491667
0.433333
0.925000
0.916667
0.916667
0.904167
0.916667
0.908333
0.895833
0.900000
0.895833
0.870833
0.870833
0.875000
0.879167
0.895833
0.870833
0.866667
0.879167
0.891667
0.895833
0.908333
0.916667
0.933333
0.929167
0.904167
0.904167
0.920833
0.941667
0.937500
0.941667
0.958333
0.933333
0.933333
0.954167
0.950000
0.958333
0.945833
0.945833
0.929167
0.925000
0.929167
0.937500
0.941667
0.966667
0.925000
0.937500
0.920833
0.912500
0.900000
0.904167
0.533333
0.370833
0.541667
0.345833
0.416667
0.462500
0.904167
0.904167
0.929167
0.941667
0.962500
0.933333
0.933333
0.937500
0.937500
0.929167
0.916667
0.904167
0.916667
0.904167
0.908333
0.920833
0.925000
0.929167
0.925000
0.908333
0.904167
0.920833
0.929167
0.933333
0.962500
0.954167
0.929167
0.920833
0.933333
0.937500
0.941667
0.958333
0.929167
0.933333
0.954167
0.950000
0.962500
0.933333
0.929167
0.945833
0.945833
0.945833
0.912500
0.920833
0.937500
0.950000
0.950000
0.916667
0.925000
0.954167
0.958333
0.937500
0.920833
0.929167
0.912500
0.891667
0.900000
0.912500
0.883333
0.891667
0.908333
0.933333
0.950000
0.929167
0.916667
0.920833
0.933333
0.920833
0.900000
0.912500
0.916667
0.908333
0.908333
0.912500
0.904167
0.908333
0.925000
0.929167
0.920833
0.916667
0.916667
0.920833
