1.037500
1.116667
1.087500
1.087500
0.987500
1.112500
0.800000
1.120833
1.087500
1.087500
0.541667
1.195833
1.083333
1.091667
0.870833
1.212500
0.520833
1.183333
0.545833
1.204167
1.087500
1.091667
1.083333
1.087500
0.954167
1.120833
1.091667
0.837500
1.204167
1.083333
0.579167
0.512500
0.666667
0.412500
1.091667
1.091667
1.091667
1.083333
1.091667
1.083333
0.916667
0.450000
1.133333
1.083333
1.095833
1.083333
1.087500
1.091667
1.083333
1.091667
2.170833
1.087500
1.087500
1.095833
1.083333
1.091667
1.083333
0.662500
1.212500
1.083333
1.087500
1.087500
0.983333
1.112500
0.716667
0.633333
1.116667
1.087500
0.670833
1.195833
1.087500
1.087500
1.087500
0.745833
1.125000
1.087500
1.087500
0.912500
1.200000
1.091667
1.083333
0.983333
1.120833
1.087500
1.087500
0.995833
1.120833
1.087500
1.087500
0.970833
1.125000
1.087500
1.087500
0.975000
1.120833
1.083333
1.091667
0.970833
1.116667
1.087500
1.087500
0.979167
1.116667
1.091667
1.083333
1.087500
1.091667
1.083333
1.091667
0.512500
1.191667
1.087500
1.087500
1.087500
1.087500
0.495833
1.191667
1.091667
0.687500
1.187500
1.087500
1.091667
1.087500
0.987500
1.187500
1.095833
1.079167
1.087500
1.087500
1.087500
1.091667
1.083333
1.091667
1.087500
1.087500
1.087500
1.087500
1.095833
1.079167
1.091667
1.083333
0.954167
1.120833
0.604167
0.487500
0.762500
0.325000
0.995833
0.412500
0.704167
1.083333
0.620833
0.245833
0.220833
0.808333
0.279167
0.287500
0.704167
0.870833
1.100000
1.075000
1.091667
1.087500
1.083333
1.091667
0.212500
0.733333
1.120833
1.087500
1.083333
1.091667
0.941667
1.112500
1.087500
1.083333
0.791667
0.354167
1.220833
1.087500
1.087500
1.087500
1.087500
1.083333
1.091667
1.087500
1.087500
1.108333
1.066667
1.091667
1.087500
1.087500
1.083333
0.470833
1.133333
1.095833
1.087500
1.087500
1.091667
1.083333
1.091667
1.083333
1.091667
1.087500
1.087500
1.087500
1.087500
1.091667
1.083333
1.087500
0.991667
1.183333
1.091667
1.087500
1.087500
1.087500
1.087500
1.087500
1.087500
1.091667
1.087500
1.083333
1.091667
1.087500
1.087500
1.087500
1.087500
1.087500
1.087500
1.091667
1.083333
1.091667
1.087500
1.087500
0.945833
1.125000
1.091667
1.083333
0.779167
1.116667
0.604167
1.191667
1.083333
0.991667
1.183333
1.091667
1.087500
1.087500
1.091667
1.083333
1.087500
0.966667
1.112500
1.091667
1.087500
0.870833
0.604167
1.187500
1.087500
1.087500
1.087500
1.091667
1.087500
1.083333
1.091667
1.087500
0.500000
1.183333
0.512500
1.191667
1.083333
0.766667
1.116667
1.083333
1.087500
1.087500
1.091667
1.083333
1.087500
1.091667
1.087500
1.087500
1.087500
0.766667
0.320833
1.087500
0.641667
0.462500
1.087500
1.070833
1.095833
1.087500
1.083333
1.087500
1.087500
1.091667
1.083333
1.083333
1.091667
1.083333
1.100000
0.929167
1.120833
1.091667
1.083333
1.087500
1.087500
0.954167
1.112500
0.704167
1.208333
1.087500
1.087500
1.087500
1.087500
1.087500
1.091667
1.083333
1.087500
1.091667
1.087500
1.083333
1.083333
1.095833
1.087500
1.087500
1.087500
1.087500
1.091667
1.087500
1.087500
1.087500
1.087500
1.087500
1.087500
1.087500
1.087500
0.937500
1.195833
1.083333
1.087500
1.087500
1.087500
1.087500
1.087500
1.087500
1.087500
1.091667
1.087500
1.091667
1.083333
1.087500
1.087500
1.087500
1.087500
1.087500
1.087500
1.091667
1.087500
1.087500
1.087500
1.087500
1.087500
1.087500
1.087500
1.091667
1.087500
0.504167
0.679167
1.191667
1.087500
1.087500
0.570833
1.187500
0.525000
1.141667
0.475000
1.195833
1.087500
1.087500
1.087500
1.087500
1.087500
1.091667
1.087500
1.087500
1.091667
1.083333
1.087500
1.087500
1.087500
1.091667
0.887500
1.204167
1.091667
1.087500
1.008333
1.116667
1.087500
1.091667
1.004167
1.112500
1.087500
1.091667
0.895833
1.212500
1.087500
1.091667
0.895833
1.200000
0.787500
1.116667
1.087500
1.087500
1.087500
1.087500
1.087500
1.087500
1.087500
1.087500
1.091667
1.087500
1.087500
1.087500
1.087500
1.087500
1.083333
1.091667
1.087500
1.087500
1.087500
1.091667
1.087500
1.087500
1.087500
1.087500
1.087500
1.087500
1.091667
1.083333
1.087500
1.091667
0.641667
1.187500
1.091667
1.083333
1.091667
1.083333
0.708333
1.191667
1.087500
1.083333
1.091667
1.087500
1.087500
1.087500
1.091667
1.083333
1.091667
1.087500
1.087500
1.087500
1.087500
1.087500
0.804167
1.116667
1.087500
1.087500
0.970833
1.116667
1.087500
1.087500
1.087500
1.087500
0.916667
1.200000
1.087500
1.083333
0.920833
1.191667
1.091667
1.087500
0.920833
1.204167
1.087500
1.087500
0.950000
1.187500
1.087500
1.100000
0.945833
1.195833
1.087500
1.087500
0.941667
1.204167
1.087500
1.083333
0.975000
1.200000
1.091667
0.420833
0.658333
1.041667
1.116667
1.087500
1.091667
1.033333
1.116667
1.087500
1.091667
0.920833
1.220833
1.083333
1.083333
0.900000
1.212500
0.691667
1.187500
1.087500
1.087500
1.091667
1.083333
0.891667
1.187500
1.087500
1.095833
1.083333
1.087500
1.087500
1.087500
1.087500
1.087500
1.087500
1.087500
1.087500
0.862500
1.195833
0.550000
0.645833
1.187500
1.087500
1.087500
1.087500
0.825000
0.520833
1.187500
1.087500
1.087500
1.079167
1.091667
1.091667
1.087500
0.945833
1.187500
1.087500
1.087500
1.087500
1.091667
1.087500
0.862500
1.120833
1.087500
1.087500
0.929167
1.191667
1.087500
1.087500
1.012500
1.116667
1.087500
1.087500
1.020833
1.116667
1.087500
1.087500
1.095833
1.079167
1.087500
1.087500
1.091667
1.083333
1.087500
1.087500
1.091667
1.087500
1.087500
1.087500
0.950000
1.116667
1.091667
1.095833
1.087500
1.091667
1.087500
1.087500
1.087500
1.087500
1.087500
1.079167
0.975000
0.454167
1.141667
