0.687500
0.450000
0.487500
0.266667
0.412500
0.725000
0.508333
0.987500
0.470833
0.529167
0.479167
0.479167
0.462500
1.008333
0.433333
0.545833
0.462500
0.470833
0.383333
0.154167
0.950000
0.291667
0.666667
0.516667
0.429167
0.387500
0.412500
0.904167
0.750000
0.470833
0.516667
0.575000
0.225000
0.691667
0.408333
0.533333
0.166667
0.312500
0.083333
0.462500
0.666667
0.500000
0.483333
0.058333
0.408333
0.375000
0.350000
0.625000
0.612500
0.295833
0.687500
0.612500
0.637500
0.350000
0.445833
0.504167
0.429167
0.733333
0.491667
0.495833
0.070833
0.441667
0.466667
0.366667
0.650000
0.229167
0.695833
0.500000
0.487500
0.491667
0.483333
0.491667
0.491667
0.483333
0.504167
0.487500
0.495833
0.258333
0.450000
0.704167
0.470833
0.504167
0.479167
0.295833
0.670833
0.462500
0.508333
0.520833
1.204167
1.416667
0.237500
0.887500
0.495833
0.112500
0.370833
0.100000
0.383333
0.512500
0.475000
0.420833
0.512500
0.270833
0.158333
0.829167
0.716667
0.991667
0.116667
0.704167
0.362500
0.466667
0.237500
0.279167
0.729167
0.229167
0.675000
0.508333
0.091667
0.695833
0.275000
0.700000
0.208333
0.608333
0.412500
0.575000
0.387500
0.862500
0.320833
0.683333
0.529167
0.450000
0.475000
0.337500
0.133333
0.433333
0.525000
0.195833
0.304167
0.437500
0.529167
0.450000
0.508333
0.116667
0.770833
0.520833
0.483333
0.508333
0.512500
0.479167
0.479167
0.504167
0.487500
0.462500
0.520833
0.483333
0.362500
0.608333
0.500000
0.662500
0.300000
0.975000
0.479167
0.575000
0.212500
0.170833
0.508333
0.416667
0.445833
0.466667
0.408333
0.487500
0.408333
0.225000
0.208333
0.433333
0.458333
0.429167
0.412500
0.441667
0.412500
0.241667
0.533333
0.587500
0.312500
0.370833
0.458333
0.466667
0.408333
0.441667
0.545833
0.354167
0.487500
0.350000
0.470833
0.491667
0.358333
0.608333
0.291667
0.370833
0.466667
0.383333
0.425000
0.262500
0.179167
0.570833
0.441667
0.350000
0.504167
0.579167
0.387500
0.566667
0.437500
0.570833
0.375000
0.333333
0.325000
0.770833
0.212500
0.066667
0.441667
0.441667
0.545833
0.195833
0.320833
0.454167
0.504167
0.420833
0.250000
0.770833
0.341667
0.466667
0.204167
0.179167
0.291667
0.466667
0.625000
0.583333
0.737500
0.312500
0.525000
0.275000
0.404167
0.229167
0.291667
0.483333
0.408333
0.341667
0.512500
0.445833
0.379167
0.487500
0.375000
0.508333
0.095833
0.345833
0.112500
0.258333
0.466667
0.475000
0.441667
0.437500
0.541667
0.366667
0.458333
0.466667
0.325000
0.600000
0.637500
0.725000
0.800000
0.450000
0.479167
0.200000
1.504167
0.333333
0.604167
0.741667
0.529167
0.370833
0.500000
0.991667
0.975000
0.950000
0.937500
0.237500
1.108333
1.629167
1.425000
0.587500
0.404167
1.008333
1.475000
0.450000
1.054167
1.462500
0.783333
0.691667
0.729167
0.175000
0.437500
0.462500
0.854167
0.429167
0.554167
0.687500
0.379167
0.204167
0.279167
0.150000
0.216667
0.441667
0.533333
0.562500
0.433333
0.433333
0.479167
0.929167
1.012500
0.995833
0.991667
0.983333
1.000000
0.966667
0.483333
0.458333
0.095833
0.420833
0.500000
0.791667
0.366667
0.329167
0.475000
0.987500
0.212500
0.254167
0.520833
0.433333
0.345833
0.662500
0.462500
0.470833
0.220833
0.345833
0.470833
0.604167
0.062500
0.241667
0.491667
0.316667
0.679167
0.550000
0.258333
0.545833
0.420833
0.679167
0.291667
0.583333
0.495833
0.391667
0.158333
0.550000
0.266667
1.200000
0.987500
0.770833
1.691667
0.412500
0.537500
0.495833
0.770833
0.475000
1.220833
0.837500
1.595833
0.279167
0.654167
0.808333
1.191667
0.354167
0.725000
1.025000
0.437500
0.879167
0.933333
0.879167
0.229167
0.350000
0.700000
0.345833
0.562500
0.154167
0.716667
0.775000
1.058333
0.241667
1.083333
0.912500
0.458333
0.429167
0.895833
1.783333
1.312500
0.854167
0.708333
1.533333
0.458333
0.433333
1.333333
0.450000
1.350000
0.437500
0.425000
0.875000
1.170833
1.154167
1.225000
0.487500
1.704167
0.275000
0.483333
1.520833
0.658333
0.487500
0.979167
0.941667
1.233333
0.495833
0.300000
0.362500
1.058333
0.516667
1.012500
0.925000
0.987500
1.008333
1.445833
1.533333
0.954167
0.495833
0.970833
0.500000
0.291667
0.650000
0.995833
0.516667
0.762500
1.187500
0.470833
0.416667
0.179167
0.250000
0.675000
0.375000
0.579167
0.183333
0.216667
0.891667
0.541667
0.987500
0.487500
0.958333
0.520833
0.470833
0.495833
1.400000
0.570833
0.454167
0.520833
0.483333
0.479167
0.479167
0.983333
0.287500
1.204167
0.458333
0.983333
0.958333
0.495833
0.250000
1.237500
0.737500
0.704167
0.962500
0.495833
0.758333
0.487500
0.216667
1.479167
0.429167
0.791667
0.716667
0.491667
0.487500
0.920833
0.412500
0.445833
0.479167
0.420833
0.220833
0.658333
0.445833
1.141667
0.637500
0.470833
1.008333
0.983333
0.908333
1.054167
0.950000
0.520833
0.470833
1.254167
0.487500
0.695833
0.270833
0.700000
0.941667
0.308333
0.704167
0.487500
0.487500
0.262500
1.191667
0.266667
0.716667
0.929167
0.979167
0.495833
0.512500
0.300000
0.675000
0.291667
0.654167
0.966667
0.462500
0.983333
0.500000
0.500000
0.237500
0.687500
0.545833
0.458333
0.425000
0.458333
0.420833
0.820833
0.883333
0.487500
0.541667
0.458333
0.962500
1.012500
0.966667
0.266667
1.220833
0.458333
0.491667
0.279167
0.208333
0.937500
0.683333
0.225000
0.450000
0.466667
0.479167
0.916667
0.766667
0.987500
0.975000
0.983333
0.250000
0.970833
0.541667
0.629167
0.983333
0.220833
0.433333
1.083333
0.866667
0.850000
0.433333
0.458333
0.654167
1.112500
0.450000
0.420833
0.450000
0.441667
0.895833
0.241667
0.679167
0.500000
0.500000
0.783333
0.716667
0.220833
0.737500
0.254167
0.720833
0.470833
0.500000
0.479167
0.487500
0.458333
0.495833
0.275000
0.729167
0.287500
0.445833
1.158333
0.475000
0.487500
0.516667
0.479167
0.937500
0.475000
0.466667
0.487500
0.487500
0.975000
0.479167
0.750000
0.700000
0.262500
0.529167
0.445833
0.700000
0.262500
0.483333
0.691667
0.466667
0.445833
0.808333
1.587500
0.450000
1.908333
0.479167
0.750000
1.200000
0.470833
0.483333
0.470833
0.495833
0.466667
0.479167
0.308333
0.483333
0.483333
0.483333
0.479167
0.691667
0.258333
0.508333
0.483333
0.479167
0.683333
0.283333
0.458333
0.462500
0.712500
0.816667
0.408333
0.479167
0.483333
0.475000
0.691667
0.287500
0.658333
0.283333
0.500000
0.470833
1.200000
0.262500
0.475000
0.654167
0.300000
0.575000
0.379167
0.491667
0.700000
0.466667
0.275000
0.470833
0.479167
0.483333
0.466667
0.716667
0.266667
0.483333
0.483333
0.479167
0.479167
0.533333
0.462500
0.462500
0.620833
0.204167
1.041667
0.450000
0.679167
0.458333
0.766667
0.545833
0.450000
0.291667
0.441667
0.341667
0.408333
0.650000
0.254167
0.487500
0.487500
0.487500
0.479167
0.475000
0.458333
0.233333
0.416667
0.091667
0.912500
0.437500
0.529167
0.462500
0.508333
0.275000
0.695833
0.266667
0.483333
0.700000
0.470833
0.320833
0.445833
0.987500
0.429167
0.950000
0.966667
0.279167
0.670833
0.716667
1.504167
0.700000
0.462500
0.029167
0.462500
0.445833
0.987500
0.929167
0.495833
0.475000
0.475000
0.520833
0.454167
1.000000
0.462500
0.437500
0.212500
0.454167
1.037500
0.854167
0.433333
0.441667
0.241667
0.587500
0.479167
0.870833
0.875000
0.212500
0.437500
0.445833
1.129167
0.995833
0.250000
0.687500
0.783333
0.616667
0.283333
0.700000
0.262500
1.162500
0.504167
0.891667
0.579167
0.429167
0.987500
0.958333
0.533333
0.466667
0.941667
0.495833
0.291667
0.695833
0.933333
0.991667
0.954167
0.483333
0.466667
0.500000
0.479167
0.495833
0.483333
0.237500
0.666667
0.529167
0.458333
0.470833
0.462500
0.287500
0.683333
0.483333
0.279167
0.683333
0.500000
0.654167
0.279167
0.487500
0.520833
0.433333
0.958333
0.183333
0.516667
0.300000
0.462500
0.529167
0.995833
0.329167
0.358333
1.070833
0.654167
0.533333
0.537500
0.450000
0.229167
0.650000
0.829167
0.733333
0.366667
0.416667
0.525000
0.783333
0.925000
0.608333
0.287500
1.187500
0.520833
1.233333
0.208333
0.475000
0.500000
0.479167
0.554167
0.445833
0.004167
0.812500
0.475000
1.087500
0.512500
0.962500
0.454167
0.287500
0.450000
0.504167
0.729167
0.941667
0.866667
0.250000
0.662500
1.000000
1.237500
0.687500
0.500000
0.920833
1.008333
0.270833
0.691667
0.462500
0.504167
0.766667
0.779167
0.408333
0.487500
0.666667
0.766667
0.458333
0.454167
0.604167
0.475000
0.625000
0.529167
0.733333
0.470833
0.437500
0.900000
0.333333
0.508333
0.470833
0.479167
0.241667
0.679167
0.258333
1.212500
0.504167
0.350000
0.612500
0.966667
0.841667
0.975000
0.541667
1.491667
0.504167
0.979167
0.329167
0.137500
1.470833
0.445833
0.858333
0.591667
0.450000
0.983333
0.425000
1.516667
0.483333
0.450000
0.437500
0.525000
0.466667
0.275000
0.550000
0.904167
0.687500
0.341667
0.620833
0.262500
0.350000
0.450000
0.258333
0.758333
0.495833
0.679167
0.341667
0.654167
0.733333
1.175000
0.270833
0.525000
0.658333
0.958333
0.275000
0.487500
0.470833
1.183333
0.970833
0.262500
0.541667
0.554167
0.362500
0.475000
0.650000
0.879167
0.383333
1.208333
0.750000
0.479167
0.479167
0.520833
0.437500
1.200000
0.483333
0.729167
0.479167
1.600000
1.020833
0.462500
0.283333
0.533333
0.991667
0.408333
0.729167
0.433333
0.433333
0.425000
0.879167
0.383333
0.850000
0.537500
0.362500
0.500000
0.987500
0.816667
0.379167
0.533333
0.520833
0.408333
0.441667
1.620833
0.287500
0.441667
0.445833
0.445833
0.433333
0.350000
0.533333
0.379167
0.420833
0.545833
0.529167
0.237500
0.666667
0.266667
0.458333
0.850000
1.008333
0.425000
0.200000
0.733333
1.133333
0.770833
0.512500
0.233333
0.266667
0.566667
0.637500
0.537500
1.212500
0.512500
0.883333
0.179167
1.129167
1.425000
0.608333
0.375000
0.870833
0.370833
1.145833
0.400000
0.854167
0.383333
0.895833
1.004167
0.779167
0.241667
1.658333
0.975000
0.383333
0.379167
1.345833
0.200000
0.291667
1.041667
0.200000
1.354167
0.187500
0.912500
0.637500
0.716667
0.179167
1.741667
1.675000
1.983333
1.125000
2.033333
2.441667
