0.791667
0.787500
0.800000
0.783333
0.800000
0.795833
0.804167
0.779167
0.795833
0.808333
0.808333
0.779167
0.641667
0.958333
0.800000
0.804167
0.787500
0.829167
0.812500
0.766667
0.804167
0.816667
0.820833
0.787500
0.808333
0.812500
0.816667
0.783333
0.816667
0.800000
0.820833
0.770833
0.812500
0.825000
0.520833
1.083333
0.854167
0.804167
0.833333
0.816667
0.762500
0.816667
0.816667
0.837500
0.779167
0.791667
0.812500
0.841667
0.800000
0.779167
0.820833
0.837500
0.812500
0.770833
0.825000
0.841667
0.595833
1.004167
0.829167
0.833333
0.854167
0.795833
0.800000
0.829167
0.841667
0.820833
0.766667
0.820833
0.820833
0.833333
0.791667
0.800000
0.512500
1.087500
0.879167
0.766667
0.804167
0.808333
0.579167
0.970833
0.825000
0.812500
0.812500
0.787500
0.770833
0.804167
0.820833
0.816667
0.766667
0.816667
0.816667
0.833333
0.812500
0.766667
1.525000
0.904167
0.808333
0.787500
0.787500
0.787500
0.804167
0.800000
0.804167
0.795833
0.804167
0.762500
0.795833
0.804167
0.812500
0.766667
0.779167
0.804167
0.829167
0.800000
0.758333
0.804167
0.808333
0.820833
0.754167
0.808333
0.812500
0.800000
0.808333
0.762500
0.787500
0.812500
0.591667
0.608333
0.987500
0.825000
0.804167
0.808333
0.791667
0.791667
0.787500
0.795833
0.800000
0.787500
0.787500
0.791667
0.629167
0.941667
0.787500
0.808333
0.783333
0.754167
0.791667
0.795833
0.808333
0.779167
0.758333
0.787500
0.812500
0.566667
0.979167
0.804167
0.808333
0.825000
0.808333
0.766667
0.795833
0.816667
0.820833
0.545833
0.970833
0.820833
0.795833
0.791667
0.800000
0.795833
0.787500
0.783333
0.800000
0.795833
0.800000
0.787500
0.779167
0.791667
0.787500
0.779167
0.770833
0.775000
0.775000
0.775000
0.779167
0.775000
0.791667
0.795833
0.795833
0.787500
0.791667
0.800000
0.791667
0.787500
0.779167
0.800000
0.787500
0.791667
0.779167
0.783333
0.795833
0.783333
0.775000
0.775000
0.787500
0.783333
0.783333
0.775000
0.770833
0.783333
0.775000
0.770833
0.770833
0.516667
1.050000
0.779167
0.775000
0.766667
0.766667
0.775000
0.766667
0.766667
0.766667
0.766667
0.779167
0.775000
0.770833
0.775000
0.787500
0.779167
0.779167
0.775000
0.779167
0.787500
0.783333
0.779167
0.779167
0.787500
0.783333
0.783333
0.775000
0.795833
0.779167
0.775000
0.770833
0.783333
0.775000
0.775000
0.775000
0.779167
0.787500
0.779167
0.783333
0.766667
0.775000
0.779167
0.766667
0.775000
0.795833
0.779167
0.770833
0.766667
0.787500
0.804167
0.766667
0.791667
0.787500
0.791667
0.783333
0.762500
0.779167
0.791667
0.795833
0.783333
0.775000
0.779167
0.795833
0.804167
0.812500
0.766667
0.770833
0.804167
0.820833
0.829167
0.770833
0.791667
0.820833
0.841667
0.829167
0.758333
0.816667
0.820833
0.833333
0.816667
0.766667
0.812500
0.833333
0.795833
0.779167
0.791667
0.820833
0.829167
0.766667
0.787500
0.820833
0.841667
0.808333
0.766667
1.412500
0.962500
0.800000
0.795833
0.795833
0.775000
0.800000
0.795833
0.800000
0.791667
0.787500
0.791667
0.791667
0.791667
0.779167
0.775000
0.800000
0.783333
0.787500
0.779167
0.787500
0.783333
0.791667
0.779167
0.779167
0.795833
0.791667
0.795833
0.787500
0.804167
0.787500
0.800000
0.812500
0.770833
0.800000
0.795833
0.770833
0.791667
0.812500
0.800000
0.487500
0.979167
0.879167
0.779167
0.775000
0.791667
0.783333
0.787500
0.779167
0.779167
0.791667
0.775000
0.783333
0.775000
0.770833
0.779167
0.779167
0.775000
0.762500
0.770833
0.779167
0.779167
0.779167
0.775000
0.775000
0.775000
0.775000
0.779167
0.766667
0.779167
0.783333
0.775000
0.520833
1.033333
0.770833
0.775000
0.770833
0.770833
0.766667
0.758333
0.770833
0.775000
0.770833
0.775000
0.766667
0.775000
0.487500
1.058333
0.575000
0.966667
0.658333
0.875000
0.766667
0.770833
0.762500
0.766667
0.779167
0.775000
0.775000
0.766667
0.766667
0.775000
0.766667
0.775000
0.762500
0.770833
0.770833
0.770833
0.766667
0.766667
0.770833
0.766667
0.762500
0.758333
0.750000
0.770833
0.762500
0.758333
0.750000
0.762500
0.770833
0.758333
0.754167
0.758333
0.758333
0.766667
0.762500
0.766667
0.758333
0.525000
0.995833
0.758333
0.766667
0.758333
0.754167
0.750000
0.754167
0.766667
0.758333
0.754167
0.750000
0.750000
0.766667
0.754167
0.754167
0.754167
0.754167
0.766667
0.758333
0.745833
0.754167
0.762500
0.758333
0.754167
0.750000
0.758333
0.762500
0.754167
0.758333
0.745833
0.758333
0.754167
0.750000
0.745833
0.737500
0.550000
0.200000
0.741667
0.737500
0.725000
0.737500
0.745833
0.737500
0.733333
0.733333
0.750000
0.750000
0.737500
0.533333
0.200000
0.745833
0.750000
0.745833
0.745833
0.733333
0.754167
0.750000
1.470833
0.795833
0.770833
0.750000
0.762500
0.766667
0.766667
0.762500
0.762500
0.783333
0.758333
0.775000
0.779167
0.770833
0.766667
0.758333
0.758333
0.750000
0.745833
0.762500
0.745833
0.433333
0.308333
0.362500
0.387500
0.762500
0.745833
0.750000
0.758333
0.754167
0.754167
0.754167
0.741667
0.741667
0.758333
0.745833
0.741667
0.754167
0.745833
0.741667
0.741667
0.741667
0.750000
0.737500
0.733333
0.741667
1.475000
0.745833
0.741667
0.291667
0.441667
0.745833
0.745833
0.737500
0.733333
0.737500
0.745833
0.733333
0.737500
0.508333
0.225000
0.454167
0.270833
0.737500
0.283333
0.450000
0.433333
0.291667
0.395833
0.333333
0.741667
0.741667
0.745833
0.737500
0.741667
0.737500
0.300000
0.812500
0.908333
0.783333
0.729167
0.733333
0.745833
0.733333
0.733333
0.729167
0.725000
0.725000
0.720833
0.729167
0.741667
0.737500
0.733333
0.737500
0.745833
0.737500
0.737500
0.741667
0.745833
0.737500
0.741667
0.750000
0.758333
0.758333
0.737500
0.745833
0.750000
0.766667
0.758333
0.733333
0.762500
0.783333
0.758333
0.750000
0.741667
0.775000
0.787500
0.779167
0.787500
0.733333
0.775000
0.791667
0.795833
0.770833
0.762500
0.745833
0.779167
0.783333
0.800000
0.787500
0.745833
0.616667
0.937500
0.783333
0.770833
0.787500
0.779167
0.779167
0.779167
0.766667
0.770833
0.775000
1.529167
0.754167
0.758333
0.762500
0.766667
0.766667
0.758333
0.783333
0.783333
0.783333
0.775000
0.779167
0.791667
0.783333
0.783333
0.775000
0.787500
0.787500
0.779167
0.779167
0.795833
0.791667
0.779167
0.770833
0.787500
0.758333
0.783333
0.787500
0.775000
0.783333
0.754167
0.783333
0.787500
0.779167
0.766667
0.775000
0.791667
0.808333
0.795833
0.754167
0.791667
0.795833
0.800000
0.783333
0.504167
1.029167
0.812500
0.754167
0.583333
0.920833
0.770833
0.745833
0.762500
0.758333
0.758333
0.745833
1.170833
0.354167
0.750000
0.758333
0.758333
0.762500
0.770833
0.766667
0.758333
0.766667
0.766667
0.758333
0.758333
0.750000
0.745833
0.766667
0.750000
0.750000
0.741667
0.745833
0.758333
0.750000
0.750000
0.750000
0.745833
0.620833
0.870833
0.762500
0.745833
0.737500
0.312500
0.454167
0.750000
0.745833
0.750000
0.745833
0.433333
0.325000
0.737500
0.758333
0.745833
0.775000
0.720833
0.758333
0.754167
0.737500
0.762500
0.754167
0.375000
0.383333
0.729167
0.700000
0.787500
0.316667
0.445833
1.266667
0.220833
0.720833
0.758333
0.762500
0.737500
0.737500
0.750000
0.754167
0.758333
0.529167
0.904167
0.770833
0.479167
0.916667
0.845833
0.758333
0.758333
1.145833
0.379167
0.729167
0.762500
0.387500
0.329167
0.762500
0.766667
0.766667
0.754167
0.750000
0.745833
0.770833
0.766667
0.766667
1.454167
0.812500
0.766667
0.541667
0.933333
0.758333
0.762500
0.754167
0.754167
0.770833
0.758333
0.754167
0.758333
0.750000
0.770833
0.758333
0.758333
0.750000
0.754167
0.758333
0.754167
0.758333
0.750000
0.754167
0.766667
0.762500
0.758333
0.762500
0.758333
0.779167
0.758333
0.762500
0.754167
0.754167
