0.945833
0.941667
0.912500
0.920833
0.958333
0.966667
0.916667
0.920833
0.933333
0.912500
0.895833
0.925000
0.933333
0.900000
0.904167
0.925000
0.929167
0.891667
0.904167
0.937500
0.933333
0.895833
0.895833
0.920833
0.933333
0.900000
0.904167
0.941667
0.916667
0.900000
0.920833
0.929167
0.912500
0.891667
0.904167
0.929167
0.937500
0.887500
0.887500
0.920833
0.933333
0.904167
0.895833
0.929167
0.950000
0.941667
0.883333
0.883333
0.887500
0.895833
0.900000
0.879167
0.887500
0.912500
0.929167
0.941667
0.916667
0.900000
0.916667
0.950000
0.941667
0.950000
0.908333
0.925000
0.966667
0.958333
0.912500
0.925000
0.945833
0.945833
0.895833
0.904167
0.929167
0.945833
0.937500
0.900000
0.912500
0.933333
0.945833
0.908333
0.900000
0.925000
0.941667
0.908333
0.900000
0.933333
0.925000
0.883333
0.887500
0.895833
0.883333
0.887500
0.887500
0.866667
0.891667
0.908333
0.933333
0.895833
0.908333
0.933333
0.954167
0.916667
0.904167
0.937500
0.929167
0.895833
1.129167
0.070833
0.737500
0.233333
0.566667
0.650000
0.250000
0.533333
0.254167
0.433333
0.250000
0.350000
0.545833
0.383333
0.895833
0.908333
0.900000
0.908333
0.916667
0.891667
0.891667
0.929167
0.941667
0.958333
0.916667
0.920833
0.945833
0.958333
0.966667
0.912500
0.920833
0.945833
0.962500
0.966667
0.916667
0.920833
0.958333
0.966667
0.950000
0.908333
0.920833
0.941667
0.945833
0.916667
0.908333
0.925000
0.933333
0.920833
0.895833
0.916667
0.925000
0.883333
0.908333
0.920833
0.891667
0.900000
0.912500
0.933333
0.912500
0.900000
0.933333
0.962500
0.958333
0.904167
0.920833
0.950000
0.950000
0.950000
0.904167
0.920833
0.941667
0.945833
0.916667
0.929167
0.954167
0.962500
0.954167
0.941667
0.941667
0.962500
0.954167
0.912500
0.929167
0.966667
0.962500
0.929167
0.916667
0.954167
0.962500
0.958333
0.908333
0.925000
0.954167
0.958333
0.912500
0.925000
0.975000
0.966667
0.916667
0.925000
0.954167
0.958333
0.950000
0.916667
0.929167
0.966667
0.962500
0.925000
0.904167
0.933333
0.950000
0.937500
0.895833
0.916667
0.945833
0.941667
0.916667
0.916667
0.966667
0.966667
0.958333
0.912500
0.941667
0.970833
0.962500
0.916667
0.925000
0.954167
0.970833
0.916667
0.916667
0.937500
0.916667
0.900000
0.933333
0.950000
0.908333
0.908333
0.941667
0.962500
0.912500
0.908333
0.925000
0.941667
0.912500
0.916667
0.929167
0.941667
0.900000
0.912500
0.933333
0.962500
0.962500
0.916667
0.920833
0.950000
0.954167
0.912500
0.912500
0.929167
0.937500
0.925000
0.904167
0.929167
0.958333
0.962500
0.954167
0.912500
0.945833
0.966667
0.970833
0.933333
0.929167
0.975000
0.966667
0.958333
0.933333
0.945833
0.920833
0.900000
0.920833
0.195833
0.725000
0.895833
0.879167
0.887500
0.870833
0.875000
0.887500
0.858333
0.883333
0.900000
0.925000
0.920833
0.891667
0.920833
0.941667
0.970833
0.925000
0.937500
0.958333
0.979167
0.958333
0.908333
0.920833
0.950000
0.950000
0.966667
0.920833
0.920833
0.958333
0.975000
0.970833
0.941667
0.925000
0.970833
0.983333
0.983333
0.929167
0.958333
0.966667
0.979167
0.945833
0.912500
0.954167
0.966667
0.966667
0.920833
0.929167
0.958333
0.970833
0.970833
0.916667
0.941667
0.962500
0.975000
0.908333
0.933333
0.954167
0.962500
0.958333
0.908333
0.950000
0.966667
0.941667
0.908333
0.945833
0.975000
0.970833
0.962500
0.908333
0.945833
0.962500
0.966667
0.958333
0.908333
0.945833
0.958333
0.945833
0.908333
0.937500
0.904167
0.895833
0.920833
0.920833
0.883333
0.900000
0.929167
0.933333
0.895833
0.908333
0.937500
0.945833
0.904167
0.912500
0.941667
0.970833
0.920833
0.912500
0.941667
0.983333
0.975000
0.920833
0.954167
0.962500
0.929167
0.950000
0.979167
0.966667
0.937500
0.941667
0.941667
0.929167
0.941667
0.904167
0.920833
0.891667
0.908333
0.920833
0.920833
0.900000
0.920833
0.950000
0.975000
0.954167
0.920833
0.958333
0.937500
0.937500
0.954167
0.970833
0.979167
0.933333
0.925000
0.941667
0.962500
0.958333
0.908333
0.891667
0.633333
0.270833
0.912500
0.916667
0.650000
0.279167
0.920833
0.895833
0.912500
0.912500
0.820833
0.962500
0.904167
0.912500
0.900000
0.912500
0.270833
0.654167
0.908333
0.925000
0.912500
0.891667
0.891667
0.908333
0.904167
0.904167
0.895833
0.891667
0.904167
0.916667
0.925000
0.904167
0.879167
0.887500
0.900000
0.595833
0.308333
0.883333
0.900000
0.908333
0.925000
0.920833
0.941667
0.945833
0.941667
0.945833
0.954167
0.962500
0.658333
0.287500
0.658333
0.270833
0.479167
0.458333
0.208333
0.729167
0.945833
0.387500
0.554167
0.437500
0.500000
0.479167
0.100000
0.337500
0.387500
0.225000
0.312500
0.295833
0.629167
0.433333
0.479167
0.408333
0.508333
0.891667
0.883333
0.916667
0.900000
0.891667
0.895833
0.900000
0.879167
0.879167
0.891667
0.895833
0.900000
0.887500
0.904167
0.916667
0.933333
0.920833
0.920833
0.920833
0.933333
0.925000
0.908333
0.929167
0.916667
0.937500
0.941667
0.933333
0.933333
0.941667
0.950000
0.754167
0.679167
0.412500
0.920833
0.904167
0.895833
0.916667
0.908333
0.441667
0.462500
0.908333
0.437500
0.525000
0.862500
0.916667
0.908333
0.912500
0.933333
0.937500
0.937500
0.937500
0.950000
0.954167
0.933333
0.925000
0.870833
0.954167
0.912500
0.904167
0.741667
0.158333
0.641667
0.158333
0.983333
0.900000
0.895833
0.879167
0.891667
0.891667
0.895833
0.895833
0.891667
0.883333
0.887500
0.904167
0.916667
0.929167
0.925000
0.945833
0.945833
0.945833
0.970833
0.941667
0.945833
0.950000
0.954167
0.933333
0.925000
0.920833
0.920833
0.920833
0.945833
0.920833
0.912500
0.891667
0.908333
0.933333
0.908333
0.904167
0.887500
0.887500
0.900000
0.916667
0.912500
0.912500
0.933333
0.950000
0.970833
0.945833
0.933333
0.958333
0.987500
0.970833
0.937500
0.941667
0.979167
0.979167
0.933333
0.904167
0.908333
0.937500
0.925000
0.887500
0.895833
0.920833
0.941667
0.916667
0.900000
0.920833
0.945833
0.950000
0.925000
0.920833
0.954167
0.958333
0.958333
0.920833
0.920833
0.954167
0.966667
0.929167
0.912500
0.950000
0.962500
0.908333
0.895833
0.904167
0.883333
0.875000
0.912500
0.954167
0.966667
0.920833
0.925000
0.950000
0.958333
0.962500
0.920833
0.941667
0.979167
0.983333
0.933333
0.937500
0.962500
0.983333
0.970833
0.958333
0.912500
0.920833
0.945833
0.950000
0.954167
0.920833
0.925000
0.958333
0.954167
0.937500
0.904167
0.933333
0.958333
0.950000
0.916667
0.916667
0.937500
0.950000
0.954167
0.916667
0.912500
0.954167
0.966667
0.929167
0.920833
0.916667
0.958333
0.954167
0.904167
0.920833
0.954167
0.962500
0.966667
0.966667
0.920833
0.941667
0.962500
