1.108333
0.995833
1.220833
1.075000
1.100000
0.604167
1.520833
0.279167
0.770833
0.279167
0.379167
0.404167
1.070833
1.041667
0.829167
0.208333
1.062500
1.075000
1.054167
1.083333
1.066667
1.058333
1.116667
1.150000
1.145833
1.175000
1.195833
1.220833
1.216667
1.270833
1.300000
1.304167
1.254167
1.279167
1.241667
1.175000
1.200000
1.208333
1.141667
1.183333
1.220833
1.195833
1.191667
1.270833
1.279167
1.237500
1.237500
1.350000
1.287500
1.220833
1.262500
1.262500
1.241667
1.220833
1.241667
1.229167
1.175000
1.120833
1.191667
1.162500
1.108333
1.162500
1.137500
1.095833
1.162500
1.216667
1.145833
1.204167
1.250000
1.237500
1.312500
1.358333
1.308333
1.262500
1.320833
1.370833
1.270833
1.312500
1.295833
1.245833
1.287500
1.375000
1.287500
1.295833
1.304167
1.245833
1.291667
1.350000
1.250000
1.250000
1.250000
1.250000
1.229167
1.291667
1.308333
1.200000
1.237500
1.291667
1.304167
1.266667
1.308333
1.287500
1.291667
1.325000
1.304167
1.229167
1.241667
1.333333
1.295833
1.220833
1.216667
1.237500
1.250000
1.308333
1.295833
1.266667
1.287500
1.287500
1.245833
1.195833
1.200000
1.275000
1.141667
1.225000
1.166667
1.100000
1.150000
1.116667
1.104167
1.166667
1.187500
1.145833
1.208333
1.200000
1.120833
1.125000
1.116667
1.087500
1.145833
1.170833
1.162500
1.116667
1.183333
1.250000
1.170833
1.320833
1.300000
1.200000
1.304167
1.312500
1.183333
1.241667
0.675000
0.483333
0.541667
0.604167
1.887500
0.487500
0.550000
0.270833
0.337500
0.895833
0.195833
0.495833
0.687500
0.387500
0.741667
1.129167
1.112500
1.091667
0.791667
0.300000
0.570833
0.308333
0.991667
0.262500
1.083333
1.108333
1.104167
1.133333
1.183333
1.162500
1.162500
0.879167
0.166667
2.016667
0.895833
0.483333
1.316667
1.125000
1.145833
1.162500
1.145833
0.812500
1.554167
1.233333
0.312500
0.604167
0.570833
0.295833
0.558333
1.204167
1.179167
1.195833
1.195833
1.158333
0.866667
0.283333
0.433333
0.691667
0.708333
0.375000
1.054167
1.041667
1.012500
0.991667
1.000000
0.391667
0.587500
0.987500
0.970833
0.987500
1.000000
1.854167
2.204167
1.516667
1.633333
0.466667
2.716667
1.058333
1.041667
0.687500
0.400000
1.041667
1.241667
1.558333
0.320833
1.050000
1.020833
1.062500
1.091667
1.050000
1.070833
1.104167
1.162500
0.637500
0.933333
0.450000
1.075000
1.062500
1.075000
1.050000
0.591667
0.445833
1.033333
1.041667
1.016667
1.050000
1.066667
0.804167
0.541667
0.754167
0.308333
0.750000
1.045833
1.016667
1.029167
0.883333
1.125000
1.041667
1.045833
1.041667
1.108333
1.133333
1.075000
1.100000
1.116667
1.112500
0.562500
0.512500
1.100000
1.058333
1.083333
0.308333
0.808333
1.066667
1.054167
1.087500
1.087500
0.795833
0.241667
1.066667
1.095833
1.033333
1.041667
1.020833
0.612500
0.441667
0.383333
0.637500
1.075000
1.104167
1.066667
1.104167
1.108333
1.070833
1.050000
1.091667
1.104167
1.058333
1.079167
1.112500
1.079167
1.112500
1.104167
1.087500
1.095833
1.129167
1.083333
1.062500
1.095833
1.091667
1.079167
1.087500
1.150000
1.070833
2.208333
1.083333
0.520833
0.550000
1.112500
0.833333
1.350000
1.095833
0.295833
0.383333
0.466667
0.816667
1.337500
1.100000
0.641667
0.425000
0.791667
0.275000
1.129167
0.387500
0.770833
1.095833
0.583333
0.550000
0.512500
0.620833
1.100000
1.091667
1.104167
0.325000
0.554167
0.245833
0.266667
0.829167
1.125000
1.154167
0.475000
0.625000
1.187500
1.129167
0.891667
0.191667
2.204167
1.616667
1.362500
0.116667
0.537500
0.450000
1.029167
1.179167
1.266667
1.320833
0.791667
0.516667
1.329167
1.304167
1.125000
1.383333
1.254167
1.250000
1.245833
1.229167
1.354167
0.525000
0.575000
1.166667
2.270833
0.941667
0.625000
0.304167
0.404167
1.183333
1.129167
0.337500
0.775000
1.145833
0.225000
0.870833
1.100000
1.083333
1.662500
0.479167
1.083333
1.079167
1.104167
1.116667
1.162500
0.533333
0.666667
1.150000
1.150000
1.200000
1.170833
1.216667
1.008333
0.775000
0.337500
0.212500
1.208333
1.170833
1.162500
0.250000
0.383333
0.541667
0.658333
0.487500
1.150000
0.808333
0.362500
0.262500
0.841667
0.366667
0.366667
0.391667
1.145833
1.091667
1.062500
1.066667
1.129167
1.075000
1.104167
1.087500
1.066667
1.133333
1.125000
1.095833
1.079167
1.112500
0.375000
0.716667
0.316667
0.450000
0.320833
0.354167
0.525000
0.187500
0.354167
0.729167
1.075000
1.108333
1.095833
1.091667
0.620833
0.462500
1.745833
0.404167
2.262500
1.350000
1.045833
0.754167
0.358333
0.350000
0.833333
1.145833
1.137500
1.162500
1.179167
1.133333
0.733333
0.275000
2.450000
1.912500
1.562500
1.150000
1.166667
1.141667
1.150000
0.725000
0.429167
0.337500
0.820833
0.208333
0.929167
1.141667
0.254167
0.316667
0.550000
0.791667
0.312500
0.620833
0.295833
0.200000
0.808333
0.345833
0.758333
0.358333
0.708333
0.504167
0.937500
0.195833
0.395833
0.750000
0.216667
0.766667
0.187500
0.345833
0.795833
1.145833
0.845833
0.320833
0.329167
0.804167
0.716667
0.391667
1.150000
1.145833
1.120833
1.175000
1.129167
0.441667
0.837500
0.337500
0.583333
0.370833
0.200000
0.612500
1.420833
0.754167
1.083333
0.362500
0.454167
0.425000
0.950000
1.104167
1.095833
1.141667
0.300000
0.229167
0.508333
0.541667
0.337500
0.300000
0.254167
0.991667
0.737500
0.220833
0.404167
0.700000
0.508333
0.604167
1.062500
1.058333
0.595833
0.479167
0.316667
0.745833
0.704167
0.337500
0.212500
0.845833
1.241667
0.345833
0.550000
1.083333
1.079167
1.075000
1.087500
1.091667
1.070833
1.108333
1.050000
1.054167
1.070833
1.095833
1.087500
1.125000
1.137500
1.087500
1.112500
1.120833
1.104167
1.908333
0.345833
1.087500
1.116667
1.108333
1.062500
1.083333
0.450000
0.658333
0.279167
0.758333
1.108333
1.195833
1.070833
0.558333
0.258333
0.308333
1.108333
0.304167
0.512500
1.295833
1.058333
0.491667
0.570833
1.058333
1.070833
0.279167
0.795833
1.100000
1.087500
1.116667
1.137500
0.395833
2.991667
1.670833
1.745833
1.175000
1.116667
1.162500
1.187500
0.520833
0.637500
1.129167
0.383333
0.733333
0.720833
0.250000
0.866667
0.454167
0.687500
0.229167
0.208333
0.216667
0.383333
0.283333
0.666667
0.358333
0.208333
0.400000
0.391667
0.533333
0.358333
0.283333
0.883333
0.262500
0.745833
0.508333
1.062500
1.112500
1.145833
1.125000
1.145833
