0.937500
0.854167
0.841667
0.325000
1.070833
0.850000
0.841667
0.483333
0.937500
0.500000
0.929167
0.516667
0.937500
0.504167
0.937500
0.512500
0.941667
0.870833
0.845833
0.525000
0.941667
0.862500
0.841667
0.466667
0.933333
0.325000
1.087500
0.841667
0.833333
0.537500
0.920833
0.845833
0.829167
0.512500
0.920833
0.837500
0.820833
0.512500
0.908333
1.391667
0.829167
0.816667
0.562500
0.912500
0.833333
0.820833
0.545833
0.908333
0.495833
0.891667
0.825000
0.575000
0.916667
0.845833
0.825000
0.558333
0.925000
0.350000
1.050000
0.508333
0.925000
0.483333
0.937500
0.858333
0.850000
0.570833
0.954167
0.487500
0.950000
1.412500
0.500000
0.950000
1.433333
0.870833
0.854167
0.537500
0.966667
0.495833
0.954167
0.345833
1.129167
0.354167
1.091667
0.512500
0.966667
1.437500
0.512500
0.962500
1.437500
0.500000
0.950000
0.866667
0.845833
0.520833
0.945833
0.858333
0.833333
0.520833
0.937500
0.858333
0.837500
1.395833
0.479167
0.945833
0.858333
0.837500
0.325000
1.070833
0.845833
0.833333
0.545833
0.941667
0.858333
0.833333
0.495833
0.920833
0.858333
0.841667
0.545833
0.941667
0.862500
0.850000
0.491667
0.950000
1.441667
1.425000
1.429167
0.354167
1.087500
0.870833
0.845833
0.537500
0.962500
0.479167
0.970833
0.866667
0.837500
0.562500
0.950000
1.408333
0.504167
0.937500
0.870833
0.833333
0.504167
0.937500
1.429167
0.483333
0.945833
0.516667
0.933333
0.854167
0.833333
0.562500
0.937500
1.408333
0.858333
0.841667
0.479167
0.941667
0.866667
0.850000
0.545833
0.966667
1.425000
0.875000
0.845833
0.529167
0.962500
1.416667
0.866667
0.841667
0.545833
0.962500
1.416667
0.866667
0.850000
0.550000
0.991667
0.866667
0.850000
0.516667
0.983333
0.500000
0.979167
1.429167
1.441667
0.858333
0.829167
0.537500
0.975000
1.420833
0.858333
0.525000
0.970833
0.850000
0.841667
0.320833
1.116667
0.870833
0.854167
0.512500
0.966667
1.454167
0.508333
0.975000
1.462500
1.458333
0.345833
1.120833
0.883333
0.854167
0.520833
0.966667
1.445833
1.437500
0.491667
0.970833
1.445833
1.450000
0.883333
0.833333
0.341667
1.091667
0.508333
0.962500
0.862500
0.837500
0.566667
0.962500
1.416667
1.437500
0.325000
1.112500
1.254167
0.170833
0.854167
0.837500
0.537500
0.950000
1.437500
0.508333
0.958333
0.870833
0.812500
0.583333
0.958333
1.425000
1.458333
0.866667
0.833333
0.508333
0.970833
0.870833
0.845833
0.525000
0.979167
1.441667
1.466667
1.450000
1.454167
1.458333
0.508333
1.000000
1.441667
1.462500
1.475000
0.879167
0.858333
0.491667
0.975000
0.883333
0.858333
0.529167
0.991667
1.458333
1.466667
0.879167
0.854167
0.550000
0.987500
1.454167
0.879167
0.858333
0.533333
0.975000
0.875000
0.850000
0.500000
0.966667
0.870833
0.854167
0.525000
0.975000
1.462500
1.458333
1.479167
1.462500
1.462500
1.470833
1.479167
0.879167
0.845833
0.554167
0.987500
0.858333
0.850000
0.520833
0.970833
1.462500
0.875000
0.850000
0.529167
0.991667
0.454167
0.970833
0.887500
0.858333
0.537500
0.970833
1.437500
0.887500
0.850000
0.533333
0.966667
0.870833
0.854167
0.520833
0.258333
0.695833
0.866667
0.854167
0.525000
0.950000
1.441667
0.329167
1.137500
0.875000
0.841667
0.483333
0.345833
0.616667
1.304167
0.150000
1.433333
0.870833
0.837500
0.550000
0.958333
1.408333
0.875000
0.837500
0.533333
0.958333
0.858333
0.829167
1.429167
0.870833
0.837500
0.512500
0.987500
1.437500
0.870833
0.841667
1.412500
1.458333
1.445833
1.954167
0.933333
1.441667
0.866667
0.829167
0.554167
0.962500
1.412500
0.870833
0.854167
0.529167
0.933333
0.950000
0.537500
1.004167
1.479167
0.875000
0.850000
0.516667
0.991667
1.437500
0.891667
0.854167
0.520833
0.979167
1.437500
0.866667
0.829167
0.541667
0.979167
0.850000
0.845833
0.541667
0.979167
0.845833
0.841667
0.520833
0.970833
1.441667
0.350000
1.125000
1.445833
1.483333
1.475000
1.470833
1.475000
1.475000
1.487500
0.891667
0.875000
0.550000
1.012500
1.458333
0.891667
1.433333
0.891667
0.862500
0.525000
1.012500
0.541667
0.916667
0.887500
0.854167
0.554167
0.991667
0.525000
1.000000
0.458333
0.995833
0.879167
0.845833
0.545833
0.987500
1.433333
0.866667
0.845833
0.545833
0.970833
1.420833
0.875000
0.841667
0.550000
0.987500
0.854167
0.850000
1.433333
0.895833
0.854167
0.525000
1.008333
0.883333
0.533333
0.908333
0.895833
0.479167
1.020833
0.550000
0.920833
1.487500
1.500000
1.483333
1.500000
1.504167
1.495833
1.483333
1.495833
0.879167
0.862500
0.495833
0.995833
0.537500
0.920833
0.866667
0.845833
1.458333
1.470833
0.862500
0.854167
0.562500
0.995833
0.854167
0.862500
0.550000
1.016667
0.454167
1.016667
1.495833
1.491667
1.487500
1.500000
0.879167
0.879167
0.550000
1.020833
1.508333
1.491667
1.475000
0.879167
0.862500
0.541667
1.000000
1.470833
1.479167
1.470833
0.875000
0.850000
0.475000
0.991667
0.870833
0.841667
1.450000
1.483333
1.462500
0.600000
1.000000
1.483333
0.866667
1.316667
0.900000
0.625000
0.987500
0.854167
0.850000
0.525000
0.987500
0.866667
0.854167
0.525000
0.983333
0.883333
0.854167
0.525000
0.983333
0.879167
0.858333
0.541667
0.995833
0.454167
0.995833
0.891667
0.858333
0.537500
1.000000
0.866667
0.862500
1.441667
1.491667
0.887500
0.866667
0.541667
1.016667
1.491667
0.891667
0.475000
1.016667
0.879167
0.866667
1.437500
0.487500
1.012500
1.462500
0.883333
0.475000
0.991667
0.883333
0.850000
0.554167
1.000000
0.862500
0.862500
0.545833
1.004167
0.550000
0.904167
0.887500
0.500000
0.983333
0.862500
1.450000
1.462500
0.879167
0.858333
0.533333
0.995833
0.558333
0.900000
1.483333
1.454167
0.883333
0.854167
0.475000
1.000000
1.483333
0.875000
0.862500
1.458333
0.900000
0.866667
1.466667
0.895833
0.875000
0.541667
1.008333
0.562500
0.929167
0.887500
0.875000
0.537500
1.020833
0.558333
0.941667
0.879167
0.879167
0.533333
1.016667
0.554167
0.933333
0.887500
0.875000
0.533333
1.016667
0.462500
1.008333
0.879167
0.483333
1.016667
0.862500
0.858333
0.537500
1.008333
0.870833
0.495833
1.004167
0.883333
0.879167
0.537500
1.016667
0.454167
1.012500
0.900000
0.875000
0.537500
1.016667
0.329167
1.166667
0.891667
0.875000
0.554167
1.016667
0.558333
0.929167
0.887500
0.875000
0.520833
1.020833
0.875000
0.875000
0.533333
1.029167
0.891667
1.500000
0.904167
0.537500
1.025000
0.887500
0.879167
0.525000
1.016667
0.458333
1.012500
0.895833
0.866667
0.545833
1.012500
0.562500
0.916667
0.887500
0.870833
0.537500
1.012500
0.454167
1.016667
0.895833
0.866667
0.537500
