0.741667
0.737500
0.737500
0.737500
0.741667
0.737500
0.741667
0.737500
0.741667
0.741667
0.741667
0.737500
0.741667
0.741667
0.741667
0.741667
0.741667
0.745833
0.741667
0.741667
0.745833
0.745833
0.741667
0.737500
0.745833
0.745833
0.737500
0.741667
0.745833
0.737500
0.741667
0.737500
0.741667
0.741667
0.737500
0.741667
0.741667
0.737500
0.737500
0.745833
0.741667
0.741667
0.737500
0.745833
0.745833
0.737500
0.741667
0.745833
0.745833
0.741667
0.737500
0.750000
0.741667
0.741667
0.737500
0.750000
0.741667
0.741667
0.737500
0.750000
0.741667
0.741667
0.737500
0.745833
0.741667
0.741667
0.737500
0.745833
0.741667
0.741667
0.737500
0.745833
0.741667
0.741667
0.741667
0.745833
0.745833
0.741667
0.737500
0.745833
0.741667
0.741667
0.741667
0.745833
0.741667
0.741667
0.737500
0.745833
0.741667
0.741667
0.741667
0.741667
0.741667
0.741667
0.737500
0.745833
0.741667
0.741667
0.741667
0.745833
0.745833
0.741667
0.741667
0.745833
0.741667
0.741667
0.741667
0.741667
0.745833
0.737500
0.741667
0.737500
0.741667
0.737500
0.750000
0.745833
0.737500
0.741667
0.679167
0.795833
0.737500
0.741667
0.741667
0.737500
0.737500
0.741667
0.737500
0.741667
0.737500
0.737500
0.741667
0.737500
0.737500
0.737500
0.741667
0.737500
0.737500
0.741667
0.741667
0.741667
0.733333
0.750000
0.741667
0.741667
0.745833
0.745833
0.741667
0.741667
0.745833
0.741667
0.745833
0.741667
0.745833
0.741667
0.750000
0.745833
0.741667
0.745833
0.529167
0.904167
0.766667
0.762500
0.762500
0.758333
0.754167
0.750000
0.754167
0.750000
0.750000
0.745833
0.754167
0.745833
0.745833
0.745833
0.750000
0.754167
0.741667
0.754167
0.745833
0.750000
0.745833
0.750000
0.750000
0.745833
0.745833
0.754167
0.745833
0.750000
0.741667
0.754167
0.750000
0.745833
0.745833
0.754167
0.745833
0.750000
0.745833
0.754167
0.750000
0.745833
0.750000
0.754167
0.754167
0.750000
0.745833
0.754167
0.754167
0.750000
0.750000
0.754167
0.750000
0.754167
0.745833
0.758333
0.754167
0.754167
0.758333
0.754167
0.754167
0.754167
0.754167
0.754167
0.754167
0.750000
0.758333
0.754167
0.754167
0.750000
0.754167
0.754167
0.754167
0.745833
0.758333
0.754167
0.754167
0.750000
0.758333
0.754167
0.754167
0.745833
0.558333
0.904167
0.770833
0.770833
0.770833
0.762500
0.762500
0.758333
0.758333
0.762500
0.758333
0.745833
0.766667
0.754167
0.758333
0.750000
0.762500
0.758333
0.758333
0.754167
0.762500
0.758333
0.762500
0.758333
0.758333
0.762500
0.758333
0.766667
0.758333
0.762500
0.762500
0.762500
0.762500
0.762500
0.758333
0.766667
0.762500
0.762500
0.762500
0.762500
0.762500
0.762500
0.758333
0.766667
0.762500
0.758333
0.762500
0.762500
0.762500
0.762500
0.758333
0.762500
0.762500
0.762500
0.754167
0.766667
0.758333
0.762500
0.754167
0.762500
0.762500
0.758333
0.758333
0.758333
0.762500
0.758333
0.758333
0.762500
0.762500
0.758333
0.762500
0.762500
0.762500
0.762500
0.762500
0.762500
0.762500
0.758333
0.766667
0.762500
0.762500
0.762500
0.762500
0.762500
0.762500
0.762500
0.758333
0.766667
0.758333
0.758333
0.766667
0.758333
0.762500
0.758333
0.766667
0.762500
0.758333
0.612500
0.145833
0.766667
0.387500
0.370833
0.525000
0.237500
0.441667
0.270833
0.587500
0.675000
0.300000
0.458333
0.470833
0.583333
0.354167
0.408333
0.762500
0.895833
0.616667
0.762500
0.762500
0.212500
1.300000
0.758333
0.758333
0.308333
0.258333
0.187500
0.700000
0.820833
0.758333
0.754167
0.762500
0.758333
0.758333
0.754167
0.762500
0.758333
0.429167
0.329167
0.758333
0.762500
0.758333
0.762500
0.754167
0.766667
0.758333
0.758333
0.758333
0.766667
0.758333
0.762500
0.754167
0.766667
0.758333
0.758333
0.754167
0.762500
0.520833
0.241667
0.754167
0.750000
0.766667
0.758333
0.754167
0.762500
0.758333
0.754167
0.758333
0.758333
0.758333
0.754167
0.750000
0.762500
0.754167
0.754167
0.750000
0.758333
0.754167
0.754167
0.745833
0.758333
0.754167
0.750000
1.508333
0.750000
0.754167
0.745833
0.758333
0.754167
0.750000
0.666667
0.495833
1.100000
0.754167
0.275000
0.475000
0.762500
0.754167
0.754167
1.100000
0.416667
0.754167
0.758333
0.754167
0.758333
0.758333
0.758333
0.750000
0.762500
0.758333
0.758333
0.750000
0.762500
0.758333
0.754167
0.762500
0.754167
0.758333
0.754167
0.758333
0.758333
0.758333
0.483333
0.266667
0.762500
0.337500
0.416667
0.320833
0.437500
0.750000
0.550000
0.212500
0.754167
0.758333
0.750000
0.250000
0.437500
0.825000
0.754167
1.516667
0.754167
1.208333
0.300000
0.762500
0.754167
0.758333
0.758333
0.754167
0.754167
0.750000
0.758333
0.754167
0.391667
0.358333
0.754167
0.750000
0.745833
0.750000
0.750000
0.745833
0.750000
0.750000
0.745833
0.741667
0.750000
0.745833
0.741667
0.737500
0.750000
0.741667
0.745833
0.737500
0.745833
0.741667
0.741667
0.737500
0.741667
0.741667
0.737500
0.733333
0.745833
0.737500
0.737500
0.729167
0.750000
0.737500
0.737500
0.733333
0.745833
0.737500
0.741667
0.733333
0.741667
0.741667
0.737500
0.733333
0.745833
0.737500
0.737500
0.733333
0.745833
0.737500
0.737500
0.733333
0.745833
0.741667
0.741667
1.204167
0.270833
0.741667
0.741667
0.733333
0.745833
0.737500
0.741667
0.733333
0.745833
0.737500
0.741667
0.370833
0.362500
0.741667
0.737500
0.741667
0.737500
0.741667
0.737500
0.737500
0.737500
0.741667
0.737500
0.737500
0.733333
0.741667
0.741667
0.616667
0.125000
0.450000
0.283333
0.483333
0.258333
0.737500
0.737500
0.325000
0.412500
0.262500
0.479167
0.216667
0.608333
0.208333
0.441667
0.441667
0.516667
0.520833
0.670833
0.658333
0.420833
0.458333
0.275000
0.637500
0.566667
0.233333
0.504167
0.733333
0.741667
0.741667
0.737500
0.733333
0.741667
0.737500
0.737500
0.733333
0.741667
0.737500
0.741667
0.733333
0.741667
0.741667
0.737500
0.737500
0.745833
0.741667
0.733333
0.745833
0.741667
0.741667
0.737500
0.750000
0.741667
0.741667
0.737500
0.745833
0.737500
0.741667
0.741667
0.741667
0.741667
0.737500
0.750000
0.741667
0.741667
0.737500
0.745833
0.737500
0.741667
0.737500
0.495833
0.245833
0.737500
0.737500
0.737500
0.741667
0.737500
0.737500
0.737500
0.741667
0.737500
0.737500
0.733333
0.741667
0.737500
0.741667
0.733333
0.741667
0.737500
0.741667
0.737500
0.737500
0.741667
0.737500
0.737500
0.741667
0.741667
0.737500
0.741667
0.741667
0.741667
0.741667
0.741667
0.741667
0.745833
0.745833
0.250000
0.491667
0.741667
0.454167
0.220833
0.812500
0.237500
0.508333
0.825000
0.658333
0.741667
0.741667
0.741667
0.745833
0.741667
0.741667
0.741667
0.741667
0.745833
0.737500
0.745833
0.741667
0.745833
0.737500
0.750000
0.741667
0.745833
0.741667
0.745833
0.745833
0.741667
0.741667
0.750000
0.745833
0.745833
0.741667
0.745833
0.745833
0.741667
0.741667
0.745833
0.745833
0.741667
0.741667
0.750000
0.741667
0.745833
0.741667
0.745833
0.745833
0.741667
0.737500
0.750000
0.745833
0.741667
0.741667
0.745833
0.745833
0.745833
0.737500
0.750000
0.741667
0.741667
0.741667
0.745833
0.741667
0.741667
0.733333
0.750000
0.741667
0.737500
0.737500
0.745833
0.741667
0.741667
0.733333
0.750000
0.741667
0.737500
0.741667
0.745833
0.741667
0.741667
0.737500
0.745833
0.745833
0.741667
0.737500
0.745833
0.745833
0.741667
0.737500
0.750000
0.741667
0.741667
0.741667
0.750000
0.741667
0.741667
0.741667
0.745833
0.741667
0.741667
0.733333
0.745833
0.737500
0.741667
0.733333
0.745833
0.737500
0.741667
0.733333
0.750000
0.737500
0.741667
0.737500
0.745833
0.745833
0.737500
0.741667
0.745833
0.741667
0.741667
0.741667
0.737500
0.741667
0.741667
0.745833
0.741667
0.737500
0.750000
0.741667
0.737500
0.745833
0.737500
0.741667
0.737500
0.741667
0.741667
0.741667
0.733333
0.745833
0.741667
0.733333
0.741667
0.741667
0.741667
0.733333
0.745833
0.737500
0.741667
0.737500
0.741667
0.741667
0.737500
0.741667
0.741667
0.737500
0.745833
0.741667
0.737500
0.737500
0.745833
0.741667
0.741667
0.737500
0.745833
0.737500
0.737500
0.745833
0.737500
0.741667
0.733333
0.745833
0.737500
0.650000
0.820833
0.737500
0.737500
0.733333
0.745833
0.737500
0.737500
0.733333
0.741667
0.737500
