0.641667
0.641667
0.650000
0.645833
0.641667
0.650000
0.645833
0.641667
0.641667
0.633333
0.637500
0.637500
0.637500
0.633333
0.633333
0.629167
0.637500
0.637500
0.637500
0.633333
0.625000
0.325000
0.750000
0.675000
0.645833
0.633333
0.641667
0.650000
0.650000
0.650000
0.658333
0.650000
0.645833
0.645833
0.645833
0.641667
0.641667
0.641667
0.637500
0.637500
0.637500
0.637500
0.633333
0.633333
0.629167
0.629167
0.625000
0.620833
0.620833
0.620833
0.625000
0.620833
0.620833
0.620833
0.625000
0.620833
0.620833
0.616667
0.620833
0.625000
0.625000
0.625000
0.620833
0.629167
0.625000
0.625000
0.629167
0.620833
0.625000
0.620833
0.629167
0.625000
0.629167
0.625000
0.625000
0.629167
0.625000
0.620833
0.620833
0.616667
0.616667
0.616667
0.616667
0.616667
0.620833
0.625000
0.616667
0.616667
0.612500
0.620833
0.620833
0.620833
0.379167
0.766667
0.400000
0.770833
0.641667
0.629167
0.620833
0.625000
0.625000
0.625000
0.620833
0.629167
0.620833
0.629167
0.625000
0.625000
0.629167
0.625000
0.633333
0.629167
0.625000
0.625000
0.629167
0.625000
0.625000
0.620833
0.625000
0.625000
0.620833
0.625000
0.620833
0.620833
0.620833
0.629167
0.625000
0.620833
0.620833
0.620833
0.345833
0.770833
0.662500
0.629167
0.629167
0.629167
0.625000
0.625000
0.616667
0.620833
0.608333
0.612500
0.616667
0.625000
0.629167
0.633333
0.633333
0.637500
0.637500
0.637500
0.633333
0.625000
0.629167
0.625000
0.629167
0.625000
0.625000
0.629167
0.629167
0.629167
0.625000
0.620833
0.629167
0.633333
0.629167
0.625000
0.629167
0.629167
0.629167
0.620833
0.625000
0.620833
0.625000
0.620833
0.625000
0.620833
0.629167
0.625000
0.620833
0.620833
0.620833
0.620833
0.620833
0.620833
0.620833
0.616667
0.616667
0.620833
0.620833
0.625000
0.620833
0.616667
0.625000
0.625000
0.620833
0.620833
0.620833
0.629167
0.625000
0.625000
0.620833
0.625000
0.625000
0.625000
0.629167
0.625000
0.629167
0.625000
0.629167
0.620833
0.625000
0.625000
0.625000
0.625000
0.620833
0.620833
0.620833
0.620833
0.625000
0.625000
0.625000
0.629167
0.625000
0.629167
0.625000
0.629167
0.629167
0.629167
0.629167
0.625000
0.629167
0.633333
0.633333
0.629167
0.629167
0.625000
0.629167
0.625000
0.629167
0.629167
0.620833
0.625000
0.625000
0.629167
0.629167
0.625000
0.620833
0.625000
0.625000
0.629167
0.629167
0.625000
0.625000
0.625000
0.629167
0.633333
0.629167
0.629167
0.629167
0.629167
0.637500
0.637500
0.637500
0.637500
0.629167
0.637500
0.637500
0.637500
0.633333
0.629167
0.633333
0.637500
0.500000
0.737500
0.429167
0.775000
0.654167
0.633333
0.625000
0.616667
0.608333
0.616667
0.625000
0.629167
0.641667
0.650000
0.654167
0.658333
0.658333
0.658333
0.654167
0.658333
0.658333
0.658333
0.654167
0.658333
0.654167
0.654167
0.383333
0.800000
0.662500
0.650000
0.641667
0.637500
0.629167
0.633333
0.633333
0.633333
0.629167
0.633333
0.629167
0.629167
0.625000
0.625000
0.629167
0.629167
0.629167
0.629167
0.629167
0.629167
0.625000
0.629167
0.625000
0.629167
0.629167
0.633333
0.625000
0.629167
0.629167
0.633333
0.633333
0.625000
0.629167
0.625000
0.629167
0.633333
0.629167
0.633333
0.633333
0.620833
0.629167
0.625000
0.625000
0.625000
0.620833
0.620833
0.620833
0.620833
0.625000
0.625000
0.616667
0.625000
0.625000
0.629167
0.629167
0.620833
0.620833
0.633333
0.629167
0.633333
0.629167
0.629167
0.633333
0.633333
0.633333
0.629167
0.625000
0.633333
0.629167
0.629167
0.629167
0.633333
0.625000
0.625000
0.625000
0.629167
0.629167
0.633333
0.629167
0.625000
0.629167
0.633333
0.633333
0.633333
0.629167
0.625000
0.633333
0.633333
0.633333
0.633333
0.633333
0.629167
0.629167
0.633333
0.629167
0.629167
0.633333
0.629167
0.633333
0.633333
0.633333
0.629167
0.625000
0.629167
0.629167
0.629167
0.625000
0.629167
0.629167
0.625000
0.625000
0.629167
0.625000
0.629167
0.625000
0.633333
0.625000
0.625000
0.629167
0.625000
0.625000
0.629167
0.620833
0.620833
0.616667
0.379167
0.737500
0.658333
0.633333
0.637500
0.641667
0.637500
0.645833
0.641667
0.645833
0.641667
0.645833
0.645833
0.641667
0.641667
0.641667
0.641667
0.633333
0.633333
0.633333
0.616667
0.620833
0.595833
0.629167
0.629167
0.629167
0.625000
0.625000
0.620833
0.633333
0.629167
0.629167
0.625000
0.629167
0.633333
0.629167
0.633333
0.629167
0.629167
0.633333
0.637500
0.633333
0.629167
0.633333
0.633333
0.633333
0.637500
0.629167
0.629167
0.629167
0.633333
0.633333
0.629167
0.620833
0.625000
0.633333
0.633333
0.629167
0.625000
0.629167
0.637500
0.637500
0.637500
0.629167
0.633333
0.629167
0.633333
0.637500
0.633333
0.637500
0.633333
0.633333
0.629167
0.633333
0.633333
0.629167
0.633333
0.629167
0.629167
0.633333
0.629167
0.633333
0.629167
0.620833
0.633333
0.633333
0.633333
0.637500
0.637500
0.641667
0.633333
0.637500
0.637500
0.637500
0.637500
0.633333
0.629167
0.362500
0.779167
0.666667
0.645833
0.645833
0.637500
0.641667
0.637500
0.641667
0.637500
0.637500
0.637500
0.637500
0.641667
0.641667
0.637500
0.629167
0.629167
0.637500
0.641667
0.641667
0.645833
0.645833
0.641667
0.637500
0.641667
0.633333
0.641667
0.641667
0.637500
0.633333
0.637500
0.637500
0.641667
0.637500
0.637500
0.641667
0.641667
0.633333
0.637500
0.637500
0.641667
0.645833
0.641667
0.637500
0.637500
0.641667
0.641667
0.637500
0.633333
0.637500
0.637500
0.633333
0.637500
0.633333
0.637500
0.629167
0.633333
0.633333
0.633333
0.637500
0.641667
0.641667
0.641667
0.637500
0.637500
0.637500
0.637500
0.645833
0.641667
0.641667
0.641667
0.645833
0.645833
0.645833
0.645833
0.637500
0.645833
0.641667
0.641667
0.641667
0.641667
0.637500
0.441667
0.770833
0.654167
0.641667
0.641667
0.637500
0.633333
0.637500
0.637500
0.641667
0.641667
0.641667
0.633333
0.645833
0.645833
0.645833
0.641667
0.641667
0.637500
0.641667
0.645833
0.645833
0.645833
0.641667
0.633333
0.625000
0.625000
0.620833
0.625000
0.629167
0.633333
0.641667
0.650000
0.654167
0.658333
0.654167
0.645833
0.637500
0.620833
0.662500
0.675000
0.662500
0.658333
0.654167
0.658333
0.650000
0.650000
0.645833
0.645833
0.645833
0.637500
0.637500
0.637500
0.637500
0.637500
0.637500
0.633333
0.633333
0.633333
0.629167
0.629167
0.629167
0.629167
0.629167
0.629167
0.629167
0.629167
0.625000
0.625000
0.629167
0.629167
0.629167
0.620833
0.625000
0.625000
0.625000
0.625000
0.629167
0.633333
0.629167
0.629167
0.633333
0.633333
0.633333
0.633333
0.633333
0.637500
0.633333
0.637500
0.633333
0.633333
0.633333
0.633333
0.625000
0.620833
0.612500
0.633333
0.629167
0.633333
0.625000
0.625000
0.629167
0.629167
0.633333
0.637500
0.633333
0.633333
0.633333
0.633333
0.633333
0.325000
0.779167
0.383333
0.766667
0.679167
0.645833
0.637500
0.633333
0.629167
0.629167
0.637500
0.633333
0.629167
0.637500
0.637500
0.641667
0.637500
0.637500
0.633333
0.637500
0.633333
0.641667
0.637500
0.633333
0.633333
0.633333
0.633333
0.633333
0.633333
0.633333
0.637500
0.633333
0.633333
0.637500
0.637500
0.629167
0.637500
0.637500
0.637500
0.637500
0.637500
0.637500
0.641667
0.633333
0.625000
0.633333
0.633333
0.637500
0.637500
0.633333
0.637500
0.633333
0.629167
0.633333
0.629167
0.629167
0.629167
0.633333
0.629167
0.625000
0.629167
0.629167
0.629167
0.629167
0.620833
0.620833
0.625000
0.625000
0.625000
0.629167
0.625000
0.629167
0.633333
0.629167
0.629167
0.633333
0.629167
0.633333
0.629167
0.629167
0.633333
0.633333
0.629167
0.629167
0.633333
0.629167
0.629167
0.633333
0.625000
0.633333
0.633333
0.629167
0.637500
0.629167
0.633333
0.637500
0.637500
0.637500
0.633333
0.629167
0.625000
0.625000
0.616667
0.629167
0.633333
0.650000
0.654167
0.662500
0.662500
0.666667
0.658333
0.670833
0.675000
0.670833
0.666667
0.666667
0.658333
0.658333
0.658333
0.645833
0.637500
0.625000
0.612500
0.650000
0.645833
0.637500
0.641667
0.329167
0.770833
0.383333
0.770833
0.416667
0.762500
0.654167
0.620833
0.620833
0.625000
0.625000
0.625000
0.625000
0.620833
0.629167
0.633333
0.633333
0.633333
0.633333
0.633333
0.629167
0.629167
0.625000
0.616667
0.616667
0.641667
0.629167
0.629167
0.637500
0.629167
0.629167
0.620833
0.629167
0.625000
0.625000
0.625000
0.625000
0.629167
0.629167
0.629167
0.629167
0.629167
0.475000
0.741667
0.400000
0.770833
0.658333
0.633333
0.633333
0.633333
0.633333
0.633333
0.629167
0.633333
0.633333
0.625000
0.625000
0.625000
0.625000
0.625000
0.629167
0.633333
0.625000
0.633333
0.629167
0.625000
0.620833
0.616667
0.629167
0.633333
0.637500
0.629167
0.633333
0.633333
0.629167
0.629167
0.637500
0.629167
0.629167
0.633333
0.629167
0.637500
0.637500
0.637500
0.633333
0.345833
0.779167
0.366667
0.745833
0.404167
0.783333
0.366667
0.779167
0.362500
0.783333
0.350000
0.775000
0.354167
0.779167
0.679167
0.641667
0.633333
0.629167
0.629167
0.633333
0.637500
0.633333
0.637500
0.633333
0.633333
0.633333
0.629167
0.637500
0.641667
0.637500
0.645833
0.637500
0.633333
0.637500
0.637500
0.637500
0.637500
0.633333
0.637500
0.633333
0.637500
0.637500
0.641667
0.637500
0.633333
0.641667
0.637500
0.637500
0.637500
0.633333
0.633333
0.633333
0.637500
0.637500
0.641667
0.637500
0.633333
0.383333
0.787500
0.433333
0.783333
0.429167
0.762500
0.404167
