0.658333
0.645833
0.658333
0.650000
0.650000
0.641667
0.479167
0.879167
0.354167
0.220833
0.275000
1.020833
0.654167
0.654167
1.300000
0.650000
0.650000
0.645833
0.641667
0.650000
0.641667
0.641667
0.633333
0.641667
0.545833
0.300000
0.433333
0.633333
0.641667
0.641667
0.920833
0.879167
0.308333
0.254167
0.520833
0.262500
0.400000
1.170833
0.808333
0.550000
0.687500
0.225000
0.645833
0.604167
0.375000
0.458333
0.329167
0.420833
0.366667
0.758333
0.525000
0.325000
0.254167
0.750000
0.400000
0.837500
0.900000
0.379167
0.637500
0.212500
0.437500
0.637500
0.641667
0.641667
0.633333
0.633333
0.654167
0.629167
0.637500
0.637500
0.262500
0.383333
0.645833
0.329167
0.316667
0.633333
0.650000
0.370833
0.145833
0.600000
0.600000
0.354167
0.229167
0.220833
0.695833
0.725000
0.312500
0.225000
0.475000
0.195833
0.350000
0.329167
0.216667
0.391667
0.225000
0.504167
0.379167
0.500000
0.325000
0.650000
0.645833
0.637500
0.637500
0.650000
0.645833
0.641667
0.641667
0.762500
0.512500
0.637500
0.379167
0.254167
0.637500
0.704167
0.579167
0.500000
0.666667
0.266667
0.445833
0.350000
0.883333
0.333333
0.312500
0.350000
0.270833
0.737500
0.645833
0.658333
0.633333
0.112500
0.354167
0.550000
0.591667
0.425000
0.191667
0.833333
0.250000
0.379167
0.341667
0.391667
0.695833
0.345833
1.112500
0.466667
0.629167
0.650000
0.387500
0.900000
0.625000
0.654167
0.616667
0.666667
0.637500
0.241667
0.395833
0.991667
0.812500
0.633333
1.404167
0.625000
0.670833
0.620833
0.666667
0.650000
0.650000
0.645833
0.645833
0.637500
0.650000
0.645833
0.229167
0.416667
0.641667
0.637500
0.645833
0.645833
0.645833
0.637500
0.633333
0.650000
0.645833
0.637500
0.637500
0.641667
0.645833
0.633333
0.404167
0.229167
0.650000
0.650000
0.650000
0.641667
0.650000
0.645833
0.645833
0.641667
0.645833
0.637500
0.654167
0.633333
0.650000
0.637500
0.650000
0.633333
0.650000
0.641667
0.641667
0.629167
0.645833
0.641667
0.641667
0.633333
0.645833
0.612500
0.675000
0.608333
0.295833
0.400000
0.595833
0.229167
0.416667
0.620833
0.633333
0.625000
0.637500
0.600000
0.650000
0.579167
0.675000
0.570833
0.666667
0.558333
0.683333
0.545833
0.687500
0.620833
0.629167
0.362500
0.270833
0.241667
0.383333
0.637500
0.387500
0.341667
0.545833
0.266667
0.550000
0.437500
0.633333
0.637500
0.633333
0.633333
0.637500
0.641667
0.637500
0.591667
0.675000
0.700000
0.579167
0.637500
0.641667
0.641667
0.645833
0.641667
0.604167
0.675000
0.570833
0.700000
0.566667
0.704167
0.620833
0.666667
0.587500
0.683333
0.645833
0.641667
0.641667
0.645833
0.704167
0.729167
0.237500
0.320833
0.579167
0.595833
0.458333
0.762500
0.620833
0.212500
0.450000
1.179167
0.870833
0.629167
0.645833
0.629167
0.345833
0.312500
0.875000
0.366667
0.608333
0.295833
0.500000
0.404167
0.291667
0.225000
1.216667
0.404167
0.462500
0.012500
0.575000
0.216667
0.291667
0.445833
0.350000
0.437500
0.833333
0.629167
0.620833
0.637500
0.633333
0.629167
0.625000
0.625000
0.633333
0.629167
0.670833
0.266667
0.233333
0.679167
0.566667
0.250000
0.783333
0.966667
0.616667
0.550000
0.458333
0.633333
0.275000
0.454167
0.175000
1.387500
0.516667
0.304167
0.520833
0.395833
0.516667
0.958333
0.604167
0.337500
0.229167
0.508333
0.695833
0.633333
0.633333
0.375000
0.366667
0.695833
0.454167
0.658333
0.641667
0.312500
0.554167
0.608333
0.454167
0.516667
0.595833
0.483333
0.950000
1.283333
1.300000
1.283333
1.295833
0.633333
1.020833
0.887500
0.670833
0.650000
1.675000
0.895833
1.283333
1.304167
0.637500
1.291667
0.645833
0.654167
0.658333
0.662500
0.658333
0.658333
0.633333
0.641667
0.637500
0.645833
0.745833
0.525000
0.645833
0.462500
0.237500
0.575000
0.641667
0.645833
0.637500
0.366667
0.266667
0.641667
0.641667
0.612500
0.666667
0.637500
0.645833
0.637500
0.633333
0.637500
0.637500
0.625000
0.641667
0.637500
0.625000
0.466667
0.170833
0.625000
0.629167
0.629167
0.625000
0.641667
0.616667
0.633333
0.620833
0.637500
0.625000
0.645833
1.266667
0.820833
0.441667
0.629167
0.633333
0.637500
0.625000
0.637500
0.633333
0.637500
0.637500
0.629167
0.645833
0.637500
0.637500
0.370833
0.591667
0.308333
0.641667
0.637500
0.304167
0.804167
0.775000
0.212500
0.437500
0.625000
0.650000
0.608333
0.675000
0.620833
0.637500
0.633333
1.495833
0.316667
0.700000
0.637500
0.625000
0.637500
0.612500
0.670833
0.620833
0.645833
0.641667
0.641667
0.829167
0.229167
0.279167
0.579167
0.637500
0.637500
0.633333
0.645833
0.633333
0.633333
0.641667
0.575000
0.383333
1.191667
0.337500
0.408333
0.270833
0.429167
0.245833
0.475000
0.512500
0.287500
0.633333
0.633333
0.629167
0.633333
0.633333
0.308333
0.329167
0.641667
0.625000
0.583333
0.687500
1.262500
0.566667
0.783333
1.112500
0.195833
1.054167
0.208333
0.420833
0.483333
0.533333
0.287500
0.387500
0.416667
0.291667
0.470833
0.175000
0.450000
0.250000
0.520833
0.879167
0.675000
1.441667
1.550000
0.700000
0.200000
0.500000
0.283333
0.370833
1.258333
0.608333
0.512500
0.762500
0.670833
0.212500
0.329167
0.733333
0.633333
0.625000
0.633333
0.637500
0.629167
0.508333
0.116667
0.241667
0.470833
0.391667
0.820833
0.845833
0.745833
0.420833
0.445833
0.795833
0.279167
0.320833
0.241667
1.004167
0.479167
0.883333
0.933333
0.695833
0.570833
0.687500
0.620833
0.633333
0.633333
0.633333
0.625000
0.533333
0.775000
0.258333
1.012500
0.316667
1.562500
0.970833
0.529167
0.550000
0.541667
0.325000
1.354167
0.683333
0.483333
0.312500
0.425000
0.483333
1.170833
0.204167
0.300000
0.895833
0.833333
0.925000
0.245833
0.237500
1.195833
0.795833
0.679167
0.625000
0.666667
0.420833
0.245833
0.487500
0.762500
0.241667
0.337500
0.229167
0.625000
0.291667
0.204167
0.212500
0.266667
0.470833
0.491667
0.875000
0.891667
0.658333
1.291667
1.295833
1.295833
0.645833
1.929167
0.650000
0.650000
1.937500
0.645833
1.925000
0.637500
0.637500
0.633333
1.270833
0.633333
0.645833
0.633333
0.654167
0.650000
0.658333
0.650000
0.645833
0.658333
0.654167
0.341667
0.729167
0.866667
0.645833
0.383333
0.566667
0.966667
0.645833
0.629167
0.641667
0.633333
0.687500
0.600000
0.512500
0.462500
0.833333
0.262500
0.487500
0.666667
0.637500
0.662500
0.575000
0.320833
0.441667
0.404167
0.450000
0.558333
0.404167
0.391667
0.366667
0.412500
0.450000
0.262500
0.758333
0.766667
0.270833
0.504167
0.958333
0.804167
0.220833
0.729167
0.454167
0.441667
0.250000
0.379167
0.650000
0.358333
0.508333
0.695833
0.720833
0.691667
1.000000
0.312500
0.450000
1.008333
0.400000
0.291667
0.450000
0.837500
1.283333
1.129167
0.554167
0.258333
1.454167
0.125000
0.720833
1.408333
1.379167
2.100000
0.437500
2.008333
0.570833
0.312500
0.583333
0.483333
1.004167
0.287500
0.645833
0.650000
0.633333
0.645833
0.645833
0.491667
0.800000
0.637500
0.650000
0.650000
1.204167
0.487500
1.083333
0.445833
0.641667
0.645833
0.633333
0.375000
0.362500
0.550000
0.633333
0.816667
0.391667
0.733333
0.604167
0.662500
0.583333
0.687500
0.604167
0.670833
0.620833
0.650000
0.641667
0.645833
0.645833
0.400000
0.237500
0.637500
0.641667
0.733333
0.550000
0.641667
0.579167
0.712500
0.641667
0.629167
0.637500
0.641667
0.629167
0.641667
0.312500
0.320833
0.616667
0.658333
1.233333
0.679167
0.637500
0.633333
0.637500
0.637500
0.633333
0.629167
0.637500
0.637500
0.766667
0.791667
0.970833
0.258333
0.383333
0.308333
0.466667
0.241667
0.883333
0.054167
0.541667
0.241667
0.758333
0.612500
0.283333
0.695833
0.712500
0.470833
0.650000
0.416667
0.600000
0.716667
1.541667
1.270833
1.258333
1.283333
1.870833
0.679167
0.633333
0.633333
0.641667
0.645833
0.641667
0.641667
0.650000
0.645833
0.645833
0.270833
0.379167
0.616667
0.670833
0.600000
0.670833
0.612500
0.658333
0.620833
0.437500
0.825000
0.625000
0.625000
0.620833
0.620833
0.616667
0.620833
0.633333
0.587500
0.666667
0.579167
0.695833
0.583333
0.700000
0.633333
0.650000
0.650000
0.641667
0.641667
0.650000
0.641667
0.637500
0.633333
0.641667
0.641667
0.633333
0.358333
0.766667
0.175000
0.312500
0.291667
1.312500
0.245833
0.962500
0.650000
0.604167
0.662500
0.595833
0.675000
0.587500
0.308333
0.358333
0.633333
0.633333
0.625000
0.625000
0.637500
0.633333
0.604167
0.662500
0.587500
0.625000
0.637500
0.687500
0.595833
0.679167
0.595833
0.658333
0.633333
0.637500
0.633333
0.620833
0.625000
0.633333
0.645833
0.633333
0.633333
0.633333
0.620833
0.658333
0.600000
0.670833
0.562500
0.700000
0.350000
0.670833
0.804167
0.700000
0.641667
0.633333
0.629167
0.637500
0.641667
0.637500
0.633333
0.637500
0.637500
0.633333
0.641667
0.641667
0.633333
0.633333
0.466667
0.795833
0.629167
0.637500
0.633333
0.625000
0.625000
0.637500
0.633333
0.458333
0.170833
0.633333
0.633333
0.629167
0.629167
0.633333
0.479167
0.783333
0.633333
0.637500
0.637500
0.633333
0.637500
0.620833
0.850000
0.345833
0.304167
0.416667
0.304167
0.208333
0.700000
0.487500
0.491667
0.429167
0.125000
0.345833
0.300000
0.604167
0.254167
0.316667
0.391667
0.775000
0.912500
0.625000
0.216667
0.479167
0.395833
0.341667
0.250000
0.241667
0.629167
0.462500
0.366667
0.212500
0.725000
0.229167
0.487500
0.287500
0.291667
0.187500
0.500000
0.479167
0.350000
0.320833
0.945833
0.425000
0.204167
0.470833
0.404167
0.466667
0.229167
0.316667
0.320833
0.329167
0.808333
0.420833
0.262500
0.350000
0.658333
0.604167
0.662500
0.762500
0.562500
0.191667
0.375000
0.579167
0.700000
0.625000
0.650000
0.629167
0.633333
0.637500
0.629167
0.629167
0.629167
0.637500
0.641667
0.633333
0.633333
0.641667
0.645833
0.641667
0.637500
0.883333
0.208333
2.975000
0.454167
0.416667
0.304167
0.325000
0.254167
0.420833
0.325000
0.441667
0.225000
0.700000
