0.841667
1.033333
0.954167
0.950000
0.920833
0.920833
0.691667
1.104167
0.937500
0.937500
0.962500
0.962500
0.737500
1.129167
0.991667
0.670833
1.112500
0.991667
0.791667
1.075000
0.966667
0.970833
0.941667
0.945833
0.687500
1.133333
0.958333
0.950000
0.916667
0.987500
0.916667
0.945833
0.958333
0.962500
0.883333
1.020833
0.983333
0.879167
1.062500
0.987500
0.745833
1.087500
0.975000
0.966667
0.854167
1.016667
0.954167
0.920833
0.970833
0.950000
0.854167
1.025000
0.941667
0.883333
1.045833
0.937500
0.766667
1.116667
0.979167
0.737500
1.095833
0.970833
0.933333
0.945833
0.958333
0.741667
1.075000
0.970833
0.720833
1.116667
0.941667
0.945833
0.958333
0.954167
0.741667
1.100000
0.970833
0.687500
1.100000
0.975000
0.687500
1.095833
0.962500
0.962500
0.945833
0.925000
0.687500
1.112500
0.941667
0.925000
0.933333
0.950000
0.920833
0.916667
0.937500
0.937500
0.912500
0.945833
0.954167
0.945833
0.941667
0.954167
0.975000
0.929167
0.937500
0.954167
0.962500
0.933333
0.945833
0.679167
1.116667
0.950000
0.945833
0.950000
0.937500
0.750000
1.066667
0.954167
0.758333
1.041667
0.950000
0.758333
1.029167
0.941667
0.725000
1.095833
0.937500
0.941667
0.954167
0.925000
0.662500
1.100000
0.975000
0.683333
1.075000
0.962500
0.766667
1.054167
0.945833
0.716667
1.075000
0.933333
0.950000
0.941667
0.912500
0.683333
1.075000
0.950000
0.695833
1.058333
0.954167
0.712500
1.041667
0.941667
0.937500
0.908333
0.912500
0.770833
1.062500
0.929167
0.720833
1.100000
0.950000
0.675000
1.091667
0.966667
0.720833
1.070833
0.950000
0.941667
0.916667
0.929167
0.829167
1.029167
0.920833
0.941667
0.937500
0.912500
0.929167
0.933333
0.920833
0.758333
1.070833
0.962500
0.845833
1.008333
0.958333
0.962500
0.933333
0.687500
1.075000
0.945833
0.904167
0.912500
0.916667
0.716667
1.016667
0.933333
0.933333
0.929167
0.933333
0.945833
0.933333
0.766667
1.037500
0.941667
0.675000
1.033333
0.933333
0.716667
1.041667
0.933333
0.750000
1.075000
0.925000
0.929167
0.937500
0.912500
0.725000
1.025000
0.925000
0.800000
0.979167
0.916667
0.879167
0.950000
0.908333
0.937500
0.941667
0.912500
0.916667
0.766667
1.075000
0.937500
0.737500
1.100000
0.941667
0.920833
0.929167
0.929167
0.900000
0.908333
0.700000
1.050000
0.916667
0.916667
0.929167
0.904167
0.816667
1.029167
0.962500
0.929167
0.937500
0.675000
1.108333
0.937500
0.945833
0.950000
0.941667
0.687500
1.041667
0.945833
0.804167
1.000000
0.925000
0.887500
1.012500
0.929167
0.841667
1.045833
0.945833
0.729167
1.079167
0.970833
0.779167
1.054167
0.970833
0.837500
1.020833
0.954167
0.833333
1.062500
0.941667
0.704167
1.112500
0.958333
0.929167
0.945833
0.966667
0.941667
0.958333
0.750000
1.145833
0.970833
0.950000
0.816667
1.033333
0.925000
0.941667
0.945833
0.916667
0.925000
0.941667
0.958333
0.866667
0.991667
0.950000
0.954167
0.933333
0.870833
1.054167
0.950000
0.704167
1.108333
0.966667
0.658333
1.062500
0.958333
0.695833
1.054167
0.950000
0.945833
0.941667
0.925000
0.670833
1.108333
0.950000
0.933333
0.950000
0.950000
0.920833
0.937500
0.741667
1.075000
0.933333
0.933333
0.950000
0.916667
0.670833
1.075000
0.962500
0.695833
1.070833
0.954167
0.791667
1.012500
0.941667
0.950000
0.941667
0.675000
1.075000
0.970833
0.741667
1.050000
0.962500
0.775000
1.045833
0.945833
0.945833
0.916667
0.920833
0.916667
0.750000
1.029167
0.920833
0.937500
0.933333
0.908333
0.920833
0.929167
0.920833
0.820833
0.991667
0.916667
0.916667
0.900000
0.716667
1.062500
0.941667
0.808333
1.033333
0.954167
0.812500
1.012500
0.950000
0.945833
0.929167
0.933333
0.950000
0.954167
0.825000
1.037500
0.958333
0.879167
0.970833
0.941667
0.937500
0.912500
0.920833
0.929167
0.920833
0.816667
0.987500
0.933333
0.683333
1.029167
0.925000
0.908333
0.895833
0.904167
0.920833
0.912500
0.883333
0.945833
0.945833
0.920833
0.920833
0.783333
1.041667
0.925000
0.712500
1.075000
0.950000
0.741667
1.041667
0.929167
0.708333
1.029167
0.937500
0.825000
1.050000
0.933333
0.820833
1.062500
0.954167
0.787500
1.058333
0.962500
0.779167
1.012500
0.945833
0.925000
0.966667
0.958333
0.970833
0.966667
0.645833
1.070833
0.962500
0.912500
0.920833
0.933333
0.933333
0.795833
1.012500
0.933333
0.933333
0.912500
0.712500
1.095833
0.958333
0.695833
1.062500
0.954167
0.666667
1.033333
0.937500
0.766667
1.045833
0.925000
0.941667
0.954167
0.933333
0.920833
0.937500
0.941667
0.904167
0.933333
0.929167
0.925000
0.908333
0.712500
1.062500
0.941667
0.662500
1.070833
0.966667
0.779167
1.033333
0.929167
0.929167
0.895833
0.904167
0.775000
1.045833
0.920833
0.720833
1.058333
0.945833
0.766667
1.050000
0.945833
0.891667
0.962500
0.950000
0.954167
0.920833
0.750000
1.070833
0.945833
0.654167
1.037500
0.937500
0.679167
1.016667
0.916667
0.920833
0.904167
0.883333
0.900000
0.904167
0.895833
0.891667
0.912500
0.891667
0.958333
0.916667
0.933333
0.945833
0.912500
0.920833
0.933333
0.933333
0.908333
0.912500
0.916667
0.920833
0.900000
0.912500
0.795833
1.029167
0.912500
0.720833
1.083333
0.958333
0.687500
1.058333
0.941667
0.758333
1.020833
0.937500
0.712500
1.033333
0.929167
0.933333
0.920833
0.904167
0.925000
0.933333
0.912500
0.708333
1.041667
0.945833
0.900000
0.920833
0.916667
0.929167
0.900000
0.895833
0.920833
0.904167
0.858333
0.941667
0.916667
0.891667
0.900000
0.916667
0.920833
0.750000
0.995833
0.912500
0.916667
0.895833
0.783333
1.041667
0.945833
0.925000
0.887500
0.895833
0.908333
0.920833
0.795833
1.000000
0.937500
0.920833
0.912500
0.691667
1.045833
0.908333
0.887500
0.895833
0.908333
0.895833
0.895833
0.875000
0.962500
0.912500
0.879167
0.966667
0.679167
1.012500
0.912500
0.808333
0.966667
0.883333
0.870833
0.887500
0.887500
0.883333
0.891667
0.920833
0.912500
0.741667
1.020833
0.941667
0.925000
0.912500
0.670833
1.062500
0.933333
0.691667
1.058333
0.933333
0.729167
1.016667
0.920833
0.800000
0.983333
0.904167
0.912500
0.904167
0.887500
0.904167
0.912500
0.900000
0.795833
0.995833
0.925000
0.904167
0.900000
0.904167
0.912500
0.895833
0.887500
0.900000
0.908333
0.887500
0.887500
0.770833
1.004167
0.900000
0.716667
1.037500
0.925000
0.762500
1.004167
0.916667
0.925000
0.887500
0.833333
0.991667
0.933333
0.904167
0.900000
0.758333
1.025000
0.895833
0.904167
