0.583333
0.591667
0.587500
0.583333
0.591667
0.587500
0.587500
0.595833
0.600000
0.583333
0.600000
0.591667
0.583333
0.595833
0.591667
0.583333
0.591667
0.600000
0.583333
0.604167
0.583333
0.600000
0.604167
0.562500
0.608333
0.595833
0.604167
0.600000
0.583333
0.604167
0.600000
0.587500
0.604167
0.591667
0.591667
0.604167
0.591667
0.595833
0.600000
0.604167
0.587500
0.600000
0.600000
0.587500
0.600000
0.600000
0.595833
0.591667
0.608333
0.587500
0.604167
0.600000
0.591667
0.608333
0.595833
0.591667
0.608333
0.600000
0.591667
0.600000
0.600000
0.591667
0.600000
0.604167
0.587500
0.600000
0.587500
0.595833
0.604167
0.604167
0.591667
0.604167
0.604167
0.591667
0.608333
0.608333
0.604167
0.595833
0.612500
0.600000
0.600000
0.616667
0.595833
0.604167
0.612500
0.604167
0.595833
0.612500
0.600000
0.612500
0.608333
0.604167
0.612500
0.604167
0.604167
0.616667
0.608333
0.600000
0.608333
0.600000
0.608333
0.595833
0.608333
0.604167
0.600000
0.608333
0.604167
0.604167
0.604167
0.600000
0.608333
0.604167
0.604167
0.604167
0.604167
0.595833
0.600000
0.608333
0.591667
0.600000
0.608333
0.595833
0.608333
0.604167
0.591667
0.604167
0.608333
0.583333
0.600000
0.608333
0.600000
0.595833
0.604167
0.600000
0.587500
0.600000
0.604167
0.604167
0.587500
0.600000
0.691667
0.500000
0.454167
0.725000
0.583333
0.587500
0.583333
0.587500
0.583333
0.583333
0.587500
0.587500
0.591667
0.587500
0.583333
0.600000
0.583333
0.587500
0.595833
0.595833
0.591667
0.600000
0.591667
0.604167
0.587500
0.604167
0.600000
0.587500
0.595833
0.604167
0.600000
0.591667
0.604167
0.604167
0.587500
0.604167
0.604167
0.608333
0.587500
0.604167
0.612500
0.587500
0.600000
0.612500
0.600000
0.604167
0.620833
0.604167
0.595833
0.616667
0.612500
0.608333
0.620833
0.595833
0.608333
0.616667
0.591667
0.612500
0.608333
0.600000
0.595833
0.612500
0.591667
0.608333
0.604167
0.595833
0.608333
0.595833
0.608333
0.595833
0.608333
0.591667
0.600000
0.608333
0.591667
0.604167
0.604167
0.591667
0.608333
0.604167
0.587500
0.608333
0.604167
0.587500
0.604167
0.595833
0.587500
0.600000
0.595833
0.587500
0.595833
0.595833
0.591667
0.595833
0.591667
0.591667
0.595833
0.595833
0.583333
0.591667
0.595833
0.587500
0.591667
0.591667
0.591667
0.591667
0.591667
0.591667
0.595833
0.600000
0.587500
0.604167
0.600000
0.591667
0.604167
0.608333
0.591667
0.608333
0.604167
0.600000
0.600000
0.604167
0.591667
0.600000
0.591667
0.591667
0.595833
0.591667
0.587500
0.595833
0.587500
0.600000
0.587500
0.600000
0.583333
0.595833
0.604167
0.591667
0.591667
0.600000
0.600000
0.595833
0.604167
0.600000
0.595833
0.608333
0.591667
0.604167
0.595833
0.595833
0.608333
0.604167
0.587500
0.604167
0.591667
0.608333
0.604167
0.591667
0.608333
0.600000
0.591667
0.608333
0.600000
0.591667
0.600000
0.612500
0.587500
0.608333
0.591667
0.595833
0.604167
0.587500
0.604167
0.604167
0.583333
0.595833
0.608333
0.587500
0.612500
0.600000
0.591667
0.608333
0.604167
0.591667
0.604167
0.608333
0.591667
0.595833
0.612500
0.608333
0.591667
0.608333
0.612500
0.595833
0.595833
0.608333
0.595833
0.591667
0.600000
0.600000
0.591667
0.604167
0.587500
0.591667
0.604167
0.595833
0.591667
0.604167
0.608333
0.600000
0.600000
0.612500
0.595833
0.604167
0.608333
0.591667
0.604167
0.612500
0.591667
0.604167
0.616667
0.600000
0.600000
0.608333
0.612500
0.595833
0.612500
0.600000
0.608333
0.612500
0.595833
0.616667
0.595833
0.600000
0.604167
0.608333
0.591667
0.604167
0.608333
0.591667
0.604167
0.608333
0.587500
0.608333
0.608333
0.595833
0.587500
0.608333
0.595833
0.608333
0.604167
0.591667
0.608333
0.604167
0.591667
0.608333
0.604167
0.595833
0.595833
0.604167
0.595833
0.604167
0.600000
0.595833
0.600000
0.604167
0.600000
0.591667
0.604167
0.600000
0.591667
0.600000
0.600000
0.595833
0.595833
0.591667
0.595833
0.595833
0.595833
0.600000
0.587500
0.600000
0.595833
0.579167
0.591667
0.587500
0.583333
0.591667
0.583333
0.583333
0.583333
0.591667
0.583333
0.591667
0.591667
0.583333
0.595833
0.587500
0.591667
0.583333
0.600000
0.583333
0.595833
0.600000
0.583333
0.600000
0.587500
0.591667
0.600000
0.587500
0.604167
0.591667
0.595833
0.604167
0.591667
0.595833
0.604167
0.600000
0.591667
0.604167
0.600000
0.591667
0.604167
0.608333
0.591667
0.600000
0.612500
0.604167
0.595833
0.612500
0.616667
0.591667
0.616667
0.604167
0.604167
0.608333
0.595833
0.604167
0.612500
0.608333
0.595833
0.616667
0.600000
0.616667
0.600000
0.608333
0.620833
0.600000
0.612500
0.616667
0.595833
0.612500
0.616667
0.600000
0.608333
0.620833
0.604167
0.595833
0.620833
0.616667
0.608333
0.620833
0.620833
0.616667
0.604167
0.608333
0.608333
0.600000
0.604167
0.595833
0.600000
0.595833
0.595833
0.600000
0.595833
0.600000
0.600000
0.604167
0.600000
0.595833
0.595833
0.604167
0.595833
0.591667
0.600000
0.600000
0.595833
0.595833
0.604167
0.595833
0.583333
0.595833
0.595833
0.595833
0.583333
0.595833
0.591667
0.591667
0.600000
0.591667
0.591667
0.600000
0.595833
0.591667
0.604167
0.608333
0.583333
0.604167
0.608333
0.595833
0.600000
0.608333
0.600000
0.595833
0.612500
0.604167
0.595833
0.612500
0.612500
0.604167
0.612500
0.612500
0.591667
0.608333
0.612500
0.591667
0.612500
0.608333
0.595833
0.608333
0.612500
0.591667
0.604167
0.612500
0.595833
0.612500
0.612500
0.595833
0.612500
0.608333
0.595833
0.612500
0.608333
0.595833
0.600000
0.616667
0.595833
0.608333
0.616667
0.595833
0.612500
0.616667
0.600000
0.612500
0.616667
0.604167
0.604167
0.620833
0.595833
0.612500
0.616667
0.600000
0.616667
0.608333
0.600000
0.608333
0.608333
0.595833
0.600000
0.612500
0.604167
0.604167
0.595833
0.608333
0.600000
0.595833
0.600000
0.600000
0.600000
0.600000
0.595833
0.608333
0.604167
0.587500
0.612500
0.604167
0.604167
0.587500
0.608333
0.595833
0.587500
0.600000
0.591667
0.595833
0.591667
0.595833
0.587500
0.591667
0.595833
0.595833
0.587500
0.595833
0.583333
0.591667
0.595833
0.587500
0.591667
0.595833
0.595833
0.595833
0.587500
0.583333
0.600000
0.608333
0.595833
0.583333
0.600000
0.604167
0.587500
0.595833
0.583333
0.604167
0.595833
0.587500
0.600000
0.587500
0.587500
0.604167
0.591667
0.604167
0.600000
0.591667
0.575000
0.604167
0.595833
0.587500
0.587500
0.595833
0.595833
0.587500
0.600000
0.595833
0.587500
0.587500
0.595833
0.600000
0.579167
0.600000
0.600000
0.583333
0.604167
0.608333
0.583333
0.600000
0.612500
0.591667
0.595833
0.608333
0.608333
0.587500
0.600000
0.612500
0.600000
0.587500
0.587500
0.587500
0.591667
0.587500
0.600000
0.579167
0.604167
0.595833
0.583333
0.604167
0.595833
0.587500
0.604167
0.595833
0.591667
0.604167
0.604167
0.587500
0.608333
0.595833
0.591667
0.604167
0.587500
0.595833
0.604167
0.583333
0.600000
0.604167
0.587500
0.604167
0.587500
0.604167
0.600000
0.587500
0.604167
0.600000
0.591667
0.600000
0.600000
0.591667
0.604167
0.595833
0.595833
0.604167
0.608333
0.591667
0.608333
0.604167
0.591667
0.600000
0.591667
0.591667
0.595833
0.595833
0.587500
0.595833
0.600000
0.587500
0.604167
0.600000
0.595833
0.600000
0.600000
0.595833
0.600000
0.604167
0.600000
0.591667
0.604167
0.600000
0.591667
0.600000
0.600000
0.587500
0.600000
0.600000
0.587500
0.600000
0.600000
0.600000
0.587500
0.604167
0.595833
0.591667
0.608333
0.591667
0.591667
0.604167
0.591667
0.600000
0.604167
0.600000
0.591667
0.608333
0.595833
0.600000
0.612500
0.591667
0.595833
0.612500
0.600000
0.595833
0.608333
0.612500
0.591667
0.612500
0.608333
0.604167
0.600000
0.612500
0.595833
0.608333
0.608333
0.595833
0.612500
0.616667
0.595833
0.612500
0.612500
0.595833
0.595833
0.604167
0.095833
0.495833
0.345833
0.241667
0.270833
0.425000
0.295833
0.787500
0.587500
0.591667
0.587500
0.591667
0.591667
0.587500
0.700000
0.487500
0.583333
0.600000
0.591667
0.575000
0.608333
0.600000
0.587500
0.612500
0.125000
0.433333
0.612500
0.604167
0.600000
0.604167
0.604167
0.600000
0.595833
0.570833
0.312500
0.400000
0.475000
0.591667
0.604167
0.400000
0.787500
0.591667
0.595833
0.395833
0.191667
0.350000
0.333333
0.516667
0.583333
0.600000
0.587500
0.587500
0.604167
0.579167
0.600000
0.604167
0.595833
0.591667
0.604167
0.587500
0.600000
0.604167
0.587500
0.604167
0.591667
0.591667
0.608333
0.587500
0.591667
0.591667
0.604167
0.579167
0.595833
0.595833
0.583333
0.595833
0.591667
0.587500
0.595833
0.579167
0.595833
0.587500
0.583333
0.587500
0.579167
0.587500
0.587500
0.587500
0.579167
0.591667
0.587500
0.583333
0.587500
0.591667
0.579167
0.595833
0.591667
0.595833
0.587500
0.600000
0.587500
0.600000
0.604167
0.587500
0.604167
0.600000
0.591667
0.608333
0.587500
0.608333
0.604167
0.604167
0.595833
0.608333
0.591667
0.604167
0.612500
0.570833
0.616667
0.587500
0.595833
0.591667
0.591667
0.591667
0.591667
0.600000
0.591667
0.595833
0.587500
0.595833
0.591667
0.591667
0.591667
0.583333
0.587500
0.587500
0.570833
0.591667
0.583333
0.583333
0.579167
0.591667
0.570833
0.583333
0.579167
0.583333
0.583333
0.583333
0.679167
0.479167
0.579167
0.583333
0.579167
0.583333
0.583333
0.583333
0.579167
0.587500
0.583333
0.575000
0.587500
0.587500
0.579167
0.587500
0.591667
0.587500
0.579167
0.591667
0.591667
0.583333
0.595833
0.591667
0.583333
0.595833
0.591667
0.583333
0.600000
0.587500
0.587500
0.595833
0.591667
0.587500
0.600000
0.600000
0.587500
0.604167
0.587500
0.591667
0.600000
0.591667
0.587500
0.600000
0.587500
0.587500
0.600000
0.587500
0.591667
0.595833
0.600000
0.595833
0.591667
0.595833
0.591667
0.595833
0.595833
0.595833
0.591667
0.591667
0.591667
0.591667
0.591667
0.595833
0.591667
0.595833
0.591667
0.595833
0.600000
0.587500
0.595833
0.600000
0.587500
0.604167
0.591667
0.591667
0.600000
