1.316667
1.241667
1.316667
1.316667
1.241667
1.195833
1.241667
1.254167
1.295833
1.304167
1.325000
1.045833
0.220833
1.333333
1.366667
1.300000
1.212500
1.341667
1.312500
1.366667
1.462500
0.483333
0.879167
1.320833
1.300000
1.391667
1.308333
1.295833
1.404167
0.254167
1.045833
1.312500
1.300000
1.329167
1.391667
1.308333
1.316667
1.295833
1.391667
1.416667
1.375000
1.479167
1.370833
1.383333
1.345833
1.295833
1.325000
1.229167
1.275000
1.270833
1.225000
1.241667
1.275000
1.195833
1.250000
1.295833
1.258333
1.316667
1.320833
1.350000
1.366667
1.358333
1.370833
1.354167
1.312500
1.416667
1.316667
1.354167
1.433333
1.383333
1.408333
1.383333
1.312500
1.300000
1.270833
1.329167
1.291667
1.358333
1.366667
1.291667
1.362500
1.325000
1.308333
1.333333
1.312500
1.375000
1.320833
1.341667
1.370833
1.354167
1.387500
1.316667
1.391667
1.408333
1.391667
1.370833
1.416667
1.412500
1.450000
1.458333
1.370833
1.379167
1.312500
1.262500
1.362500
1.258333
1.216667
1.220833
1.175000
1.220833
1.229167
1.166667
1.266667
1.266667
1.387500
1.275000
1.333333
1.391667
1.241667
1.304167
1.320833
1.266667
1.333333
1.345833
1.404167
1.400000
1.387500
1.433333
1.362500
1.408333
1.445833
1.350000
1.345833
1.370833
1.333333
1.337500
1.341667
1.266667
1.404167
1.287500
0.920833
0.320833
1.279167
2.500000
1.312500
1.316667
1.304167
1.262500
1.287500
1.304167
1.283333
1.325000
1.391667
1.400000
1.370833
1.308333
1.333333
1.366667
1.350000
1.379167
1.345833
1.408333
1.379167
1.383333
1.416667
1.379167
1.370833
1.395833
1.362500
1.345833
1.375000
1.287500
1.433333
1.429167
1.345833
1.370833
1.400000
1.337500
1.362500
1.383333
1.337500
1.387500
1.266667
1.233333
1.258333
1.312500
1.316667
1.300000
1.358333
1.279167
1.370833
1.354167
1.220833
1.329167
1.279167
1.287500
1.329167
1.266667
1.283333
1.350000
1.300000
1.370833
1.400000
1.404167
1.466667
1.345833
1.354167
1.391667
1.341667
1.362500
1.308333
1.337500
1.345833
1.291667
1.312500
1.333333
1.275000
1.337500
1.312500
1.329167
1.354167
1.354167
1.408333
1.495833
1.391667
1.358333
1.291667
1.325000
1.216667
1.279167
1.279167
1.404167
1.262500
1.379167
1.358333
1.220833
1.295833
1.262500
1.350000
1.375000
1.333333
1.375000
1.366667
1.358333
1.454167
1.345833
1.433333
1.420833
1.366667
1.445833
1.379167
1.383333
1.391667
1.395833
1.420833
1.454167
1.412500
1.412500
1.437500
1.375000
1.408333
1.375000
1.283333
1.225000
1.325000
1.270833
1.345833
1.416667
1.308333
1.412500
1.295833
1.362500
1.400000
1.320833
1.370833
1.383333
1.354167
1.341667
1.395833
1.341667
1.391667
1.362500
1.404167
1.454167
1.441667
1.400000
1.395833
1.370833
1.379167
1.495833
1.375000
1.275000
1.358333
1.275000
1.304167
1.300000
1.291667
1.354167
1.270833
1.358333
1.350000
1.275000
1.366667
1.404167
1.333333
1.387500
1.387500
1.391667
1.383333
1.408333
1.458333
1.512500
1.420833
1.420833
1.408333
1.404167
1.412500
1.383333
1.420833
1.437500
1.441667
1.420833
1.416667
1.387500
1.462500
1.433333
1.366667
1.391667
1.408333
1.408333
1.429167
1.387500
1.337500
1.487500
1.520833
1.433333
1.441667
1.470833
1.454167
1.412500
1.370833
1.391667
1.387500
1.329167
1.329167
1.308333
1.204167
1.329167
1.220833
1.300000
1.350000
1.287500
1.312500
0.929167
0.400000
1.212500
1.233333
1.220833
1.200000
1.245833
1.254167
1.383333
1.270833
1.250000
1.220833
1.233333
1.300000
1.358333
1.333333
1.354167
1.341667
0.991667
1.583333
1.316667
1.308333
1.312500
1.320833
1.262500
1.275000
1.291667
1.287500
1.295833
1.254167
1.312500
1.266667
1.266667
1.308333
1.291667
1.258333
1.208333
1.220833
1.233333
1.195833
1.258333
1.308333
1.258333
1.275000
1.266667
1.291667
1.308333
1.316667
0.645833
0.608333
1.291667
1.233333
1.279167
1.245833
1.241667
1.262500
1.304167
1.262500
1.291667
0.833333
0.404167
1.204167
1.241667
0.354167
0.445833
0.437500
1.266667
1.279167
1.275000
0.308333
0.945833
1.316667
1.275000
1.287500
1.245833
1.266667
0.600000
0.691667
0.250000
1.025000
1.245833
1.266667
1.237500
1.170833
1.262500
1.233333
1.212500
1.254167
1.325000
1.325000
1.283333
1.283333
1.383333
1.358333
1.300000
1.312500
1.262500
1.258333
1.358333
0.370833
0.800000
1.245833
1.279167
1.283333
0.370833
0.891667
1.237500
1.016667
0.237500
1.841667
0.658333
1.237500
0.770833
0.470833
1.191667
1.229167
1.241667
1.212500
0.366667
0.320833
1.641667
0.783333
0.425000
0.387500
0.800000
1.200000
1.225000
1.237500
1.208333
1.179167
1.179167
0.895833
0.325000
1.183333
1.200000
1.204167
1.212500
