0.783333
0.541667
0.554167
1.045833
0.566667
0.620833
0.783333
0.516667
0.945833
0.870833
0.525000
0.537500
0.854167
0.800000
0.862500
0.541667
0.741667
0.866667
0.525000
0.862500
1.279167
1.329167
0.862500
1.062500
0.616667
0.804167
0.762500
0.558333
1.083333
1.095833
1.612500
0.804167
0.604167
0.720833
0.525000
1.487500
0.595833
0.650000
0.795833
0.979167
1.070833
0.920833
0.950000
1.487500
1.770833
1.116667
0.912500
0.550000
0.883333
0.591667
0.804167
1.083333
0.904167
0.712500
0.737500
0.545833
1.137500
1.087500
0.979167
1.095833
0.704167
1.075000
0.600000
0.929167
1.408333
0.775000
0.562500
1.000000
1.675000
1.045833
1.045833
1.708333
1.495833
0.808333
0.512500
0.512500
0.516667
0.941667
0.695833
0.845833
0.712500
1.004167
0.862500
0.900000
0.883333
0.712500
0.979167
0.766667
0.720833
1.183333
0.612500
0.925000
1.737500
0.966667
0.700000
0.541667
0.958333
0.812500
0.825000
0.704167
0.954167
0.816667
0.887500
0.933333
0.941667
0.908333
0.679167
0.525000
0.966667
0.966667
0.850000
0.600000
0.870833
1.016667
0.612500
0.579167
1.195833
1.408333
0.729167
0.883333
1.437500
1.141667
0.808333
0.591667
0.841667
1.404167
1.483333
0.879167
0.545833
0.545833
0.733333
0.979167
0.591667
1.100000
0.979167
0.883333
0.554167
0.858333
0.841667
0.954167
0.758333
0.712500
0.837500
0.750000
1.000000
1.029167
0.808333
0.633333
0.950000
1.725000
0.625000
0.550000
1.070833
0.579167
0.666667
0.800000
0.629167
0.758333
0.662500
0.858333
0.737500
0.833333
0.600000
0.833333
1.166667
0.645833
0.962500
0.591667
0.933333
1.258333
1.054167
0.900000
1.362500
0.916667
1.233333
0.708333
0.954167
1.529167
1.100000
0.962500
1.466667
0.916667
1.291667
0.620833
0.516667
0.979167
0.654167
0.562500
0.837500
0.833333
0.816667
0.758333
0.520833
0.937500
1.604167
0.979167
0.900000
0.587500
0.525000
0.791667
1.045833
1.475000
0.937500
1.304167
0.725000
0.562500
0.816667
0.745833
0.629167
0.775000
0.600000
0.966667
0.920833
0.837500
0.741667
0.550000
0.904167
1.241667
0.887500
0.608333
0.620833
0.766667
0.779167
0.575000
0.579167
1.162500
1.200000
0.787500
0.500000
1.029167
0.900000
0.812500
1.016667
1.025000
0.895833
0.541667
0.645833
1.087500
0.733333
0.733333
0.525000
0.741667
0.983333
0.808333
0.570833
0.570833
0.741667
0.770833
0.529167
0.825000
0.908333
0.970833
1.104167
0.800000
0.579167
0.795833
0.820833
1.016667
0.575000
0.516667
0.900000
1.054167
0.570833
0.975000
0.595833
0.987500
0.795833
0.779167
0.533333
0.525000
0.912500
0.816667
0.525000
0.870833
0.741667
1.045833
0.912500
0.620833
0.937500
1.320833
0.983333
0.700000
0.608333
0.716667
0.762500
0.620833
0.937500
1.312500
1.387500
1.095833
0.841667
0.983333
0.587500
0.987500
1.233333
1.187500
1.441667
0.712500
1.004167
0.637500
0.983333
0.770833
0.970833
1.050000
0.820833
1.008333
0.845833
0.995833
0.637500
1.116667
0.887500
0.545833
0.975000
0.850000
0.745833
0.875000
1.195833
1.183333
1.150000
0.866667
0.745833
0.808333
0.750000
0.925000
0.770833
0.516667
0.941667
1.050000
1.287500
0.770833
0.804167
1.004167
0.870833
0.545833
0.883333
0.983333
1.537500
1.200000
0.762500
0.529167
0.945833
0.691667
1.508333
0.641667
0.975000
0.754167
0.850000
0.700000
1.020833
1.508333
0.987500
0.579167
0.695833
1.470833
0.912500
0.695833
0.620833
0.770833
0.575000
0.645833
0.775000
0.866667
1.120833
0.854167
1.075000
0.891667
0.600000
0.950000
1.075000
1.029167
0.987500
1.020833
1.283333
0.904167
0.879167
0.570833
0.620833
1.066667
1.258333
0.800000
0.941667
1.558333
1.420833
0.770833
0.708333
0.620833
0.533333
0.516667
0.879167
1.116667
0.612500
0.620833
1.316667
0.758333
0.545833
0.770833
0.591667
0.620833
0.970833
0.741667
0.533333
0.991667
1.350000
1.145833
0.770833
0.729167
0.533333
0.633333
0.554167
0.933333
1.162500
0.820833
0.920833
0.791667
0.679167
1.129167
0.766667
0.850000
0.895833
0.962500
0.795833
1.016667
1.058333
0.800000
0.695833
0.800000
0.895833
0.695833
0.945833
0.833333
0.854167
0.850000
0.550000
0.525000
0.616667
0.720833
0.520833
0.912500
0.637500
0.804167
0.875000
0.612500
0.887500
1.391667
1.170833
0.650000
1.158333
0.754167
1.179167
1.058333
1.029167
0.616667
0.783333
1.245833
1.470833
1.229167
1.016667
1.187500
0.954167
0.762500
1.104167
1.270833
0.758333
0.787500
0.541667
1.412500
0.691667
0.600000
0.900000
1.100000
1.183333
0.750000
1.145833
1.587500
0.683333
0.550000
0.866667
0.820833
0.770833
0.675000
0.920833
0.991667
1.154167
0.670833
0.808333
1.237500
0.650000
0.787500
0.737500
0.912500
0.791667
0.925000
0.837500
0.516667
0.691667
0.787500
0.687500
0.891667
1.120833
0.983333
0.575000
0.666667
0.833333
0.729167
0.945833
0.937500
0.962500
0.979167
0.741667
0.779167
0.920833
1.066667
0.975000
0.795833
0.758333
0.925000
0.558333
0.500000
0.829167
0.583333
0.808333
0.950000
1.033333
0.675000
0.879167
0.783333
0.604167
0.591667
0.712500
0.654167
0.745833
0.825000
1.150000
1.354167
1.495833
1.091667
0.579167
0.904167
0.995833
1.091667
0.733333
0.650000
0.533333
0.525000
0.812500
1.162500
1.179167
0.745833
0.562500
0.520833
1.116667
0.595833
0.704167
0.758333
0.570833
0.737500
0.941667
0.762500
0.575000
1.079167
1.191667
0.879167
0.554167
1.150000
1.400000
1.433333
0.895833
0.537500
1.312500
0.945833
0.691667
0.716667
0.845833
0.741667
0.504167
0.912500
0.912500
1.058333
0.745833
0.708333
1.050000
0.695833
0.991667
0.887500
0.604167
0.929167
0.841667
0.750000
0.712500
1.041667
1.387500
0.775000
0.945833
1.191667
1.508333
1.137500
1.516667
0.654167
0.850000
0.670833
0.612500
0.654167
1.112500
0.837500
0.829167
1.141667
1.045833
0.850000
0.820833
0.558333
0.745833
1.079167
0.920833
0.554167
0.758333
1.479167
1.333333
1.179167
1.079167
1.233333
1.516667
1.233333
0.837500
0.745833
1.070833
1.133333
0.854167
0.620833
0.520833
0.883333
1.137500
1.012500
0.620833
0.816667
1.600000
0.983333
0.929167
0.645833
0.879167
1.070833
1.033333
0.591667
1.208333
1.316667
0.983333
0.970833
0.770833
0.712500
0.570833
0.741667
0.600000
0.770833
0.575000
0.904167
1.220833
0.858333
0.575000
0.750000
0.920833
0.729167
0.904167
0.870833
0.533333
0.950000
0.662500
0.604167
0.816667
0.537500
0.550000
0.579167
0.533333
0.558333
0.604167
0.854167
0.829167
1.212500
0.591667
0.541667
0.633333
0.612500
0.629167
0.783333
0.850000
0.729167
0.966667
0.570833
0.520833
1.020833
0.562500
0.900000
1.250000
0.845833
0.820833
0.800000
0.841667
0.641667
0.616667
0.954167
0.562500
0.879167
1.087500
1.120833
1.012500
0.575000
1.020833
1.441667
0.866667
0.770833
1.162500
0.704167
0.787500
0.991667
1.116667
0.908333
0.541667
0.900000
0.758333
