0.791667
0.820833
0.970833
1.933333
0.841667
1.129167
1.079167
1.579167
1.400000
1.041667
0.737500
0.729167
1.500000
0.708333
0.816667
0.937500
1.104167
0.850000
1.100000
1.645833
0.841667
1.116667
0.966667
1.220833
0.950000
0.816667
1.062500
1.166667
1.137500
1.162500
0.679167
0.950000
0.770833
0.900000
0.795833
0.887500
0.708333
0.775000
1.570833
1.141667
0.833333
0.975000
1.441667
1.129167
1.108333
1.275000
1.079167
1.295833
0.708333
0.979167
1.008333
0.916667
0.970833
0.904167
1.633333
0.733333
1.500000
0.866667
1.408333
1.116667
0.808333
1.025000
0.691667
1.250000
0.795833
1.625000
1.116667
1.512500
0.975000
1.745833
1.254167
0.883333
0.762500
0.741667
1.170833
0.945833
0.987500
1.062500
0.754167
0.800000
0.912500
0.687500
1.354167
1.141667
0.854167
0.870833
1.075000
0.937500
1.179167
0.800000
0.741667
1.329167
1.237500
0.929167
1.125000
0.679167
1.254167
1.258333
0.891667
0.729167
0.991667
1.454167
1.204167
0.929167
1.079167
0.762500
0.816667
1.150000
0.962500
1.008333
1.908333
1.425000
1.170833
1.037500
1.270833
0.962500
0.950000
1.245833
1.095833
1.275000
1.475000
0.837500
1.004167
1.537500
0.995833
1.262500
1.216667
1.112500
0.833333
0.945833
0.758333
0.841667
1.379167
1.083333
0.870833
1.050000
0.845833
0.812500
0.779167
1.258333
1.404167
0.750000
1.437500
1.383333
1.258333
0.725000
1.766667
1.366667
1.170833
1.070833
0.720833
0.758333
0.962500
0.787500
1.483333
1.237500
1.475000
1.050000
0.829167
1.066667
0.895833
1.158333
1.033333
1.333333
0.729167
1.579167
0.733333
1.345833
1.275000
1.200000
1.237500
1.362500
0.837500
1.033333
1.054167
1.154167
1.325000
1.079167
0.933333
1.000000
1.179167
1.075000
1.091667
0.970833
1.329167
0.862500
1.045833
1.325000
1.354167
0.804167
0.900000
1.066667
1.258333
0.983333
0.900000
1.187500
1.000000
0.695833
1.108333
1.137500
1.000000
0.983333
0.825000
0.895833
0.870833
1.566667
1.108333
1.258333
1.754167
0.620833
0.912500
1.083333
1.387500
0.812500
0.925000
0.900000
1.120833
0.875000
0.991667
0.904167
1.179167
0.833333
1.387500
1.441667
0.887500
0.866667
1.120833
0.841667
0.925000
1.125000
0.908333
0.787500
0.883333
0.862500
1.287500
1.166667
1.416667
0.891667
1.304167
1.970833
1.129167
1.075000
0.812500
0.745833
1.545833
0.825000
1.179167
1.041667
0.737500
0.808333
0.775000
1.750000
1.079167
0.866667
1.879167
0.912500
0.758333
0.800000
0.775000
0.904167
1.416667
0.987500
1.291667
0.725000
1.550000
1.008333
0.987500
0.862500
1.358333
0.933333
1.116667
0.733333
1.062500
0.937500
0.954167
1.066667
0.825000
1.120833
0.966667
0.954167
1.458333
0.816667
1.337500
0.812500
1.141667
1.887500
0.966667
1.591667
1.750000
0.737500
0.858333
0.833333
0.754167
0.904167
0.908333
1.091667
0.704167
1.229167
0.712500
1.450000
1.329167
0.820833
1.154167
0.937500
1.162500
0.958333
1.004167
1.104167
1.241667
1.087500
1.175000
0.804167
1.000000
1.004167
1.158333
0.850000
1.608333
1.025000
0.933333
1.020833
1.175000
1.158333
0.937500
1.320833
1.620833
1.225000
0.745833
1.016667
0.904167
0.975000
1.004167
1.162500
1.004167
0.916667
1.379167
1.087500
1.137500
1.075000
0.800000
0.870833
0.833333
0.945833
1.345833
1.004167
0.729167
1.537500
1.175000
1.266667
0.733333
0.995833
1.904167
0.775000
1.070833
1.129167
0.891667
1.300000
1.283333
0.954167
1.158333
1.070833
0.983333
1.387500
0.837500
1.308333
1.375000
1.183333
1.087500
0.766667
1.370833
1.120833
0.937500
0.945833
1.854167
0.958333
0.770833
1.745833
0.804167
1.312500
1.633333
0.712500
1.091667
1.000000
0.687500
0.683333
0.808333
0.912500
0.908333
0.825000
0.837500
0.787500
0.666667
1.154167
0.758333
1.112500
1.508333
1.558333
1.025000
0.816667
0.850000
1.604167
1.345833
0.683333
1.558333
1.408333
1.100000
0.758333
0.783333
0.712500
0.812500
1.095833
1.095833
0.879167
0.883333
0.750000
1.637500
0.987500
0.841667
1.145833
0.845833
1.250000
1.054167
1.012500
1.079167
1.879167
0.854167
1.245833
1.058333
1.175000
1.154167
1.091667
0.833333
1.245833
1.333333
0.875000
1.100000
0.816667
1.112500
1.145833
1.150000
0.916667
0.945833
1.033333
1.087500
0.829167
1.445833
1.170833
1.575000
1.012500
1.241667
0.783333
1.108333
0.950000
1.087500
1.070833
0.833333
0.708333
0.858333
0.820833
0.945833
0.712500
1.170833
0.937500
1.208333
1.158333
0.704167
2.012500
1.537500
2.004167
0.700000
0.783333
0.758333
1.629167
1.454167
0.708333
1.483333
0.783333
1.504167
0.729167
0.975000
0.870833
1.400000
1.345833
0.679167
1.491667
1.387500
0.962500
0.970833
1.112500
1.008333
1.200000
0.895833
0.691667
0.700000
0.937500
1.550000
1.150000
1.575000
0.704167
1.104167
0.979167
1.175000
1.262500
1.620833
0.883333
1.166667
0.883333
1.420833
0.737500
0.691667
0.791667
1.087500
0.825000
0.866667
1.145833
1.545833
0.991667
0.925000
1.595833
1.079167
1.141667
1.250000
0.920833
0.675000
1.129167
1.204167
1.029167
1.800000
1.100000
1.375000
1.091667
0.841667
0.820833
1.320833
0.904167
1.062500
1.387500
1.462500
1.150000
0.712500
1.637500
1.550000
1.108333
1.254167
0.879167
1.795833
0.700000
1.520833
0.766667
0.825000
0.916667
0.979167
0.887500
0.945833
1.341667
1.775000
1.045833
1.291667
0.708333
0.933333
1.545833
0.804167
1.133333
1.266667
0.708333
1.141667
0.925000
1.316667
0.970833
0.745833
0.787500
1.550000
0.683333
0.829167
0.787500
0.791667
1.245833
1.216667
0.941667
1.254167
1.304167
