0.675000
0.691667
0.700000
0.675000
0.683333
0.695833
0.683333
0.679167
0.695833
0.695833
0.679167
0.683333
0.700000
0.687500
0.683333
0.700000
0.700000
0.683333
0.695833
0.704167
0.695833
0.683333
0.704167
0.708333
0.683333
0.695833
0.708333
0.691667
0.687500
0.708333
0.704167
0.691667
0.704167
0.712500
0.687500
0.704167
0.708333
0.695833
0.691667
0.700000
0.683333
0.679167
0.687500
0.687500
0.666667
0.679167
0.683333
0.662500
0.670833
0.679167
0.662500
0.666667
0.679167
0.679167
0.666667
0.683333
0.687500
0.675000
0.675000
0.687500
0.687500
0.675000
0.695833
0.695833
0.679167
0.683333
0.700000
0.691667
0.679167
0.704167
0.704167
0.687500
0.687500
0.704167
0.700000
0.687500
0.695833
0.712500
0.683333
0.687500
0.704167
0.695833
0.687500
0.700000
0.704167
0.687500
0.695833
0.712500
0.683333
0.687500
0.700000
0.691667
0.687500
0.691667
0.700000
0.687500
0.679167
0.695833
0.695833
0.679167
0.687500
0.695833
0.687500
0.562500
0.825000
0.695833
0.679167
0.683333
0.695833
0.687500
0.679167
0.695833
0.695833
0.687500
0.679167
0.700000
0.704167
0.683333
0.700000
0.700000
0.687500
0.691667
0.708333
0.691667
0.683333
0.700000
0.695833
0.683333
0.691667
0.695833
0.679167
0.679167
0.695833
0.683333
0.670833
0.687500
0.695833
0.675000
0.687500
0.691667
0.687500
0.679167
0.695833
0.700000
0.687500
0.683333
0.704167
0.700000
0.691667
0.700000
0.708333
0.691667
0.695833
0.708333
0.700000
0.691667
0.708333
0.629167
0.783333
0.691667
0.712500
0.708333
0.687500
0.700000
0.708333
0.695833
0.695833
0.708333
0.708333
0.691667
0.700000
0.708333
0.695833
0.691667
0.708333
0.704167
0.691667
0.700000
0.704167
0.695833
0.691667
0.700000
0.708333
0.687500
0.691667
0.708333
0.700000
0.691667
0.700000
0.704167
0.691667
0.691667
0.708333
0.695833
0.687500
0.700000
0.704167
0.687500
0.695833
0.704167
0.691667
0.683333
0.704167
0.700000
0.683333
0.700000
0.700000
0.683333
0.691667
0.704167
0.683333
0.683333
0.700000
0.700000
0.683333
0.691667
0.704167
0.691667
0.687500
0.708333
0.708333
0.683333
0.695833
0.708333
0.700000
0.691667
0.708333
0.712500
0.695833
0.687500
0.708333
0.708333
0.691667
0.570833
0.850000
0.687500
0.691667
0.700000
0.704167
0.683333
0.691667
0.700000
0.708333
0.691667
0.687500
0.708333
0.704167
0.691667
0.700000
0.704167
0.687500
0.695833
0.704167
0.687500
0.691667
0.700000
0.687500
0.687500
0.700000
0.691667
0.683333
0.700000
0.695833
0.683333
0.691667
0.700000
0.683333
0.679167
0.695833
0.691667
0.679167
0.695833
0.700000
0.683333
0.687500
0.704167
0.691667
0.687500
0.708333
0.704167
0.687500
0.695833
0.708333
0.695833
0.691667
0.704167
0.704167
0.691667
0.691667
0.708333
0.704167
0.691667
0.700000
0.708333
0.700000
0.691667
0.704167
0.708333
0.695833
0.687500
0.704167
0.704167
0.683333
0.695833
0.704167
0.691667
0.687500
0.700000
0.700000
0.687500
0.687500
0.700000
0.704167
0.687500
0.708333
0.716667
0.704167
0.704167
0.716667
0.712500
0.700000
0.712500
0.716667
0.695833
0.708333
0.712500
0.700000
0.700000
0.716667
0.708333
0.700000
0.708333
0.712500
0.700000
0.691667
0.704167
0.704167
0.691667
0.695833
0.704167
0.691667
0.687500
0.708333
0.708333
0.695833
0.695833
0.708333
0.712500
0.695833
0.687500
0.708333
0.708333
0.729167
0.666667
0.708333
0.712500
0.695833
0.691667
0.708333
0.708333
0.704167
0.691667
0.712500
0.700000
0.691667
0.700000
0.691667
0.700000
0.687500
0.679167
0.675000
0.687500
0.679167
0.687500
0.687500
0.675000
0.679167
0.687500
0.687500
0.662500
0.679167
0.683333
0.670833
0.662500
0.675000
0.670833
0.675000
0.675000
0.666667
0.679167
0.683333
0.666667
0.679167
0.683333
0.666667
0.679167
0.679167
0.670833
0.670833
0.687500
0.675000
0.679167
0.687500
0.691667
0.679167
0.691667
0.691667
0.683333
0.695833
0.700000
0.695833
0.687500
0.700000
0.683333
0.545833
0.850000
0.683333
0.683333
0.687500
0.679167
0.675000
0.679167
0.679167
0.662500
0.679167
0.675000
0.658333
0.675000
0.670833
0.658333
0.670833
0.670833
0.658333
0.666667
0.537500
0.804167
0.666667
0.662500
0.662500
0.662500
0.662500
0.662500
0.662500
0.670833
0.658333
0.662500
0.670833
0.670833
0.679167
0.679167
0.658333
0.670833
0.670833
0.683333
0.662500
0.675000
0.679167
0.679167
0.679167
0.679167
0.687500
0.670833
0.683333
0.683333
0.675000
0.670833
0.679167
0.691667
0.666667
0.670833
0.683333
0.679167
0.670833
0.683333
0.687500
0.670833
0.679167
0.683333
0.679167
0.675000
0.683333
0.691667
0.670833
0.679167
0.691667
0.670833
0.670833
0.687500
0.675000
0.675000
0.683333
0.687500
0.670833
0.675000
0.683333
0.679167
0.666667
0.687500
0.683333
0.666667
0.679167
0.687500
0.675000
0.675000
0.687500
0.679167
0.675000
0.687500
0.691667
0.687500
0.300000
0.366667
0.425000
0.266667
0.679167
0.412500
0.270833
0.666667
0.679167
0.662500
0.662500
0.675000
0.658333
0.666667
0.666667
0.666667
0.658333
0.675000
0.675000
0.666667
0.683333
0.687500
0.662500
0.683333
0.679167
0.670833
0.666667
0.675000
0.666667
0.662500
0.670833
0.675000
0.666667
0.666667
0.679167
0.675000
0.666667
0.683333
0.683333
0.670833
0.670833
0.533333
0.845833
0.554167
0.804167
0.670833
0.666667
0.562500
0.783333
0.662500
0.662500
0.679167
0.670833
0.662500
0.675000
0.670833
0.662500
0.662500
0.670833
0.670833
0.654167
0.775000
0.562500
0.654167
0.658333
0.662500
0.645833
0.650000
0.666667
1.295833
0.662500
0.666667
0.654167
0.654167
0.670833
0.670833
0.658333
0.662500
0.675000
0.666667
0.658333
0.679167
0.675000
0.666667
0.666667
0.679167
0.675000
0.666667
0.679167
0.687500
0.666667
0.670833
0.683333
0.683333
0.666667
0.679167
0.683333
0.675000
0.666667
0.683333
0.687500
0.666667
0.675000
0.687500
0.687500
0.675000
0.679167
0.691667
0.687500
0.675000
0.695833
0.695833
0.683333
0.683333
0.695833
0.700000
0.683333
0.679167
0.700000
0.700000
0.683333
0.691667
0.700000
0.704167
0.687500
0.695833
0.700000
0.708333
0.691667
0.700000
0.704167
0.704167
0.687500
0.704167
0.708333
0.700000
0.691667
0.704167
0.708333
0.695833
0.687500
0.704167
0.704167
0.687500
0.691667
0.704167
0.704167
0.687500
0.700000
0.704167
0.695833
0.687500
0.700000
0.704167
0.683333
0.691667
0.704167
0.704167
0.687500
0.683333
0.700000
0.700000
0.683333
0.687500
0.700000
0.700000
0.683333
0.687500
0.700000
0.700000
0.683333
0.691667
0.704167
0.700000
0.691667
0.691667
0.704167
0.708333
0.691667
0.695833
0.708333
0.704167
0.691667
0.700000
0.708333
0.695833
0.691667
0.708333
0.708333
0.695833
0.691667
0.700000
0.704167
0.687500
0.687500
0.700000
0.695833
0.683333
0.691667
0.695833
0.687500
0.679167
0.695833
0.695833
0.679167
0.683333
0.691667
0.687500
0.679167
0.683333
0.691667
0.679167
0.675000
0.691667
0.691667
0.679167
0.675000
0.695833
0.695833
0.675000
0.683333
0.695833
0.691667
0.683333
0.691667
0.700000
0.687500
0.683333
0.695833
0.700000
0.679167
0.683333
0.695833
0.691667
0.679167
0.691667
0.695833
0.687500
0.679167
0.695833
0.691667
0.679167
0.679167
0.691667
0.687500
0.675000
0.683333
0.687500
0.679167
0.675000
0.683333
0.687500
0.679167
0.495833
0.483333
1.100000
0.550000
0.833333
0.683333
0.683333
0.666667
0.666667
0.679167
0.679167
0.675000
0.666667
0.683333
0.691667
0.687500
0.679167
0.695833
0.695833
0.691667
0.683333
0.695833
0.704167
0.708333
0.687500
0.695833
0.704167
0.708333
0.691667
0.695833
0.708333
0.708333
0.691667
0.691667
0.708333
0.704167
0.554167
0.837500
0.691667
0.695833
0.675000
0.683333
0.687500
0.679167
0.670833
0.683333
0.687500
0.670833
0.675000
0.687500
0.687500
0.675000
0.679167
0.691667
0.691667
0.675000
0.679167
0.695833
0.695833
0.683333
0.687500
0.695833
0.700000
0.687500
0.687500
0.708333
0.700000
0.687500
0.683333
0.700000
0.704167
0.683333
0.695833
0.700000
0.691667
0.683333
0.695833
0.700000
0.695833
0.683333
0.708333
0.712500
0.704167
0.712500
0.700000
0.695833
0.650000
0.737500
0.687500
0.704167
0.700000
0.691667
0.679167
0.700000
0.700000
0.683333
0.679167
0.695833
0.691667
0.675000
0.691667
0.691667
0.679167
0.679167
0.691667
0.695833
0.675000
0.687500
0.691667
0.691667
0.679167
0.695833
0.695833
0.691667
0.683333
0.704167
0.704167
0.704167
0.687500
0.695833
0.704167
0.704167
0.700000
0.691667
0.704167
0.708333
0.708333
0.687500
0.691667
0.704167
0.704167
0.691667
0.691667
0.704167
0.708333
0.700000
0.691667
0.704167
0.708333
0.445833
0.975000
0.691667
0.704167
0.700000
0.687500
