0.966667
0.537500
1.083333
0.587500
1.000000
0.554167
1.095833
0.370833
1.266667
0.550000
1.091667
0.958333
0.541667
1.062500
0.587500
0.991667
0.558333
1.083333
0.566667
1.079167
0.379167
1.266667
0.966667
1.608333
0.970833
0.529167
1.075000
0.612500
1.095833
0.570833
1.083333
0.558333
1.083333
0.962500
0.954167
0.950000
0.562500
1.075000
1.587500
0.958333
0.358333
1.225000
0.954167
0.525000
1.066667
0.583333
1.079167
0.570833
1.083333
1.616667
0.566667
1.091667
0.691667
0.904167
1.604167
0.962500
0.529167
1.075000
0.575000
0.979167
0.541667
1.083333
0.554167
1.091667
1.633333
0.983333
0.537500
1.091667
1.637500
0.570833
1.120833
1.662500
1.012500
0.625000
1.120833
1.016667
0.637500
1.133333
0.550000
1.108333
0.983333
0.541667
1.095833
1.625000
0.970833
0.537500
1.079167
0.958333
0.537500
1.075000
0.945833
0.358333
1.225000
1.579167
0.550000
1.079167
0.929167
0.554167
1.045833
1.400000
0.158333
0.954167
0.320833
0.641667
0.608333
1.533333
1.087500
0.737500
1.545833
0.587500
0.979167
0.637500
0.991667
0.441667
0.212500
0.833333
0.150000
0.541667
0.962500
1.241667
0.337500
0.962500
0.566667
0.975000
1.595833
1.537500
0.600000
1.012500
0.629167
1.029167
0.670833
1.058333
0.616667
1.066667
0.970833
0.541667
1.191667
0.566667
1.066667
0.558333
1.058333
0.566667
1.058333
0.566667
1.070833
0.566667
1.066667
0.554167
1.079167
0.362500
1.245833
0.545833
1.070833
1.591667
0.537500
1.062500
0.558333
1.075000
1.591667
0.550000
1.070833
0.950000
0.550000
1.050000
0.500000
1.062500
0.933333
1.504167
0.983333
0.837500
0.566667
1.037500
0.908333
0.450000
0.991667
0.637500
1.041667
0.645833
1.016667
0.575000
1.025000
0.545833
1.020833
0.633333
1.041667
1.545833
0.587500
1.045833
0.554167
1.041667
0.266667
0.329167
1.029167
0.504167
1.004167
0.608333
1.037500
1.358333
0.158333
0.587500
1.000000
0.404167
1.129167
0.595833
0.304167
0.691667
1.500000
0.645833
1.000000
0.620833
0.975000
0.587500
1.279167
0.808333
0.687500
0.866667
0.458333
0.283333
0.641667
0.512500
0.929167
0.833333
0.445833
0.916667
0.595833
0.925000
0.841667
0.450000
0.904167
0.666667
0.875000
0.825000
0.804167
0.795833
0.787500
0.441667
0.316667
0.570833
0.800000
0.595833
0.883333
0.591667
0.895833
0.812500
1.329167
0.800000
0.537500
0.858333
0.779167
0.533333
0.866667
0.808333
0.545833
0.891667
0.829167
0.512500
0.904167
0.833333
0.533333
0.912500
0.858333
0.537500
0.929167
0.870833
0.516667
0.933333
0.883333
1.416667
0.629167
0.995833
0.912500
0.591667
0.991667
0.637500
1.012500
0.645833
1.020833
0.612500
1.008333
0.641667
1.020833
0.579167
0.995833
0.620833
1.020833
0.654167
1.025000
0.670833
1.016667
0.904167
0.595833
0.987500
0.641667
1.020833
0.625000
0.575000
0.416667
0.704167
0.995833
0.875000
0.570833
0.962500
0.616667
0.962500
0.600000
0.962500
0.883333
0.866667
0.529167
0.970833
0.895833
0.554167
0.991667
0.933333
0.533333
1.008333
0.629167
1.070833
0.654167
1.070833
0.604167
1.062500
0.633333
1.066667
0.604167
1.062500
0.579167
1.050000
0.600000
1.054167
0.604167
1.062500
0.625000
1.070833
0.587500
1.062500
0.595833
1.058333
0.616667
1.079167
0.591667
1.070833
0.604167
1.075000
0.629167
1.087500
0.575000
1.066667
0.579167
1.083333
0.566667
1.062500
0.604167
1.066667
0.587500
1.058333
0.566667
1.058333
0.587500
1.350000
0.583333
1.062500
0.554167
1.054167
0.570833
1.079167
0.570833
1.354167
0.558333
1.087500
0.558333
1.091667
0.554167
1.070833
0.562500
1.083333
0.566667
1.087500
0.550000
1.079167
0.566667
1.083333
0.537500
1.095833
0.500000
1.070833
0.570833
1.083333
0.554167
1.354167
1.625000
0.545833
1.083333
1.625000
0.354167
1.266667
0.529167
1.091667
0.625000
1.095833
0.558333
1.091667
0.562500
1.087500
0.558333
1.091667
0.558333
1.379167
1.629167
0.554167
1.095833
0.554167
1.066667
0.554167
1.091667
1.591667
0.570833
1.083333
1.620833
0.554167
1.087500
0.558333
1.087500
1.616667
0.554167
1.091667
1.641667
1.633333
0.537500
1.108333
0.537500
1.104167
0.350000
1.283333
0.554167
1.108333
0.537500
1.116667
1.650000
0.383333
1.279167
1.637500
1.629167
0.550000
1.095833
0.966667
1.562500
0.558333
1.083333
1.612500
0.533333
1.087500
1.550000
0.908333
1.375000
0.391667
1.195833
0.545833
1.041667
0.562500
1.054167
1.583333
0.550000
1.062500
0.945833
0.462500
1.033333
0.566667
1.079167
0.354167
1.250000
1.591667
0.533333
1.095833
0.966667
0.466667
1.037500
1.587500
1.579167
1.587500
0.954167
0.466667
1.037500
0.562500
1.079167
0.500000
1.058333
1.583333
0.554167
1.075000
0.495833
1.041667
0.945833
0.562500
0.929167
0.370833
1.158333
1.516667
0.558333
1.041667
0.587500
0.916667
1.533333
1.512500
1.279167
0.245833
0.570833
1.029167
0.566667
1.033333
0.558333
1.045833
0.558333
1.033333
0.562500
1.058333
1.583333
0.554167
1.075000
0.541667
1.079167
1.600000
0.550000
1.066667
0.558333
1.083333
1.600000
0.387500
1.241667
1.629167
1.595833
0.350000
1.275000
1.612500
1.595833
1.612500
1.616667
1.579167
0.987500
0.575000
1.091667
1.604167
0.937500
1.400000
1.583333
1.570833
1.562500
0.950000
1.558333
1.591667
0.954167
0.533333
1.054167
1.612500
0.495833
1.041667
0.562500
1.095833
0.962500
0.537500
1.070833
0.554167
1.087500
1.620833
1.600000
0.550000
1.091667
1.612500
1.616667
0.350000
1.279167
0.958333
1.537500
0.529167
1.104167
1.633333
1.633333
1.625000
1.612500
1.629167
1.600000
1.629167
1.616667
1.625000
0.966667
0.470833
1.066667
1.608333
0.958333
0.545833
0.975000
0.550000
1.091667
0.958333
1.575000
0.554167
1.095833
0.504167
1.070833
0.975000
0.475000
1.075000
1.604167
0.950000
1.558333
0.562500
0.970833
0.970833
0.466667
1.033333
0.483333
1.050000
1.595833
1.529167
1.604167
1.595833
0.983333
0.562500
1.095833
0.975000
0.550000
1.070833
1.520833
0.333333
1.258333
0.929167
0.337500
1.216667
0.483333
1.012500
0.579167
0.937500
0.541667
1.066667
1.595833
1.587500
1.612500
1.600000
0.966667
0.466667
1.050000
0.483333
1.054167
1.529167
0.970833
0.558333
1.079167
0.954167
0.545833
1.058333
0.554167
1.075000
0.491667
1.050000
1.600000
0.958333
0.541667
1.062500
1.595833
0.937500
0.550000
1.066667
0.954167
0.470833
1.037500
0.366667
1.237500
0.966667
0.566667
1.087500
1.587500
0.983333
0.962500
0.966667
0.345833
1.254167
0.558333
1.100000
1.629167
