1.195833
1.087500
1.087500
1.087500
1.087500
1.087500
1.087500
1.091667
1.083333
1.108333
0.458333
1.137500
1.091667
1.087500
1.083333
1.091667
1.087500
1.083333
1.091667
1.087500
1.087500
1.091667
1.083333
0.950000
0.445833
0.287500
1.200000
1.083333
1.091667
1.087500
1.087500
1.087500
0.741667
1.204167
1.087500
1.087500
1.087500
1.087500
1.083333
1.091667
1.091667
1.070833
1.104167
1.083333
0.812500
1.212500
0.729167
1.208333
0.758333
1.195833
1.083333
0.912500
1.116667
1.083333
1.087500
1.041667
0.462500
1.191667
1.091667
1.087500
1.066667
1.108333
1.087500
1.087500
1.087500
1.087500
0.954167
0.450000
1.145833
1.091667
1.087500
1.087500
1.087500
1.083333
1.091667
1.087500
1.087500
1.091667
1.083333
1.091667
1.087500
1.087500
1.087500
1.087500
1.087500
1.087500
1.091667
1.087500
0.937500
1.204167
0.729167
1.208333
1.087500
1.087500
1.070833
0.429167
1.195833
1.087500
1.087500
1.087500
1.054167
0.458333
0.304167
1.191667
0.854167
0.662500
0.441667
1.120833
1.808333
1.191667
1.816667
2.287500
0.812500
2.204167
1.087500
1.087500
1.087500
0.925000
1.116667
1.087500
1.087500
1.087500
1.087500
1.087500
1.087500
1.091667
1.037500
0.458333
0.300000
1.191667
1.091667
1.087500
1.087500
1.087500
1.087500
1.087500
1.087500
0.937500
1.191667
1.087500
1.087500
1.087500
1.087500
1.054167
1.112500
0.829167
1.116667
1.087500
1.087500
1.041667
0.379167
1.220833
1.087500
0.791667
1.112500
1.087500
1.087500
1.025000
1.120833
0.829167
1.112500
1.087500
1.087500
1.087500
1.075000
1.104167
1.087500
0.812500
1.112500
1.087500
1.091667
0.520833
1.191667
0.629167
1.208333
1.087500
1.087500
1.087500
1.087500
1.091667
0.712500
1.195833
1.087500
1.091667
1.087500
1.087500
1.083333
1.091667
1.087500
1.087500
1.091667
1.083333
0.991667
1.187500
1.087500
1.087500
0.554167
1.116667
1.087500
1.087500
1.087500
1.087500
1.087500
1.091667
1.025000
1.116667
0.737500
1.200000
1.087500
1.087500
0.962500
1.204167
0.820833
1.116667
1.087500
1.087500
1.016667
0.454167
1.154167
1.087500
0.804167
1.120833
1.087500
0.825000
1.120833
1.091667
1.083333
1.087500
1.091667
1.083333
1.091667
1.054167
1.120833
1.091667
1.083333
1.087500
1.091667
0.962500
0.591667
1.125000
1.083333
0.741667
1.195833
1.087500
1.087500
1.091667
1.087500
0.954167
0.366667
1.229167
0.779167
1.187500
1.087500
1.087500
1.091667
1.087500
1.087500
1.083333
1.091667
1.087500
1.087500
1.087500
1.087500
1.087500
0.962500
0.454167
1.141667
1.091667
1.087500
1.091667
1.083333
1.095833
0.850000
1.112500
0.750000
1.208333
0.762500
1.191667
1.083333
1.091667
1.087500
0.841667
1.116667
0.758333
1.191667
0.841667
1.120833
0.754167
1.195833
0.837500
0.737500
0.454167
2.204167
0.741667
2.279167
1.625000
2.283333
2.175000
1.087500
1.083333
1.091667
0.733333
1.191667
1.091667
1.087500
1.087500
1.087500
1.087500
1.087500
1.087500
1.091667
1.083333
1.091667
1.087500
0.870833
1.208333
1.087500
1.087500
1.087500
1.087500
1.091667
1.020833
1.112500
2.175000
1.087500
1.087500
1.091667
1.087500
0.987500
1.187500
0.654167
0.762500
1.195833
1.091667
1.087500
1.087500
1.087500
1.087500
1.087500
1.087500
0.558333
1.112500
0.637500
1.191667
1.087500
0.750000
1.191667
1.087500
1.087500
1.087500
1.087500
1.091667
1.083333
1.091667
1.095833
1.079167
1.087500
1.087500
1.087500
1.087500
1.087500
0.812500
1.125000
1.087500
1.087500
1.087500
1.091667
1.087500
1.091667
1.087500
0.929167
0.700000
1.120833
1.087500
1.087500
1.087500
1.091667
0.862500
1.208333
1.087500
1.087500
1.087500
1.012500
0.425000
1.195833
0.837500
1.112500
1.087500
1.087500
1.087500
1.091667
1.087500
1.104167
1.070833
1.095833
1.075000
0.779167
0.312500
0.741667
1.125000
1.158333
1.083333
1.095833
0.570833
0.512500
1.087500
0.975000
1.204167
0.275000
0.808333
1.095833
1.070833
1.100000
2.175000
1.087500
0.987500
1.070833
1.112500
1.087500
1.087500
1.083333
0.712500
1.208333
1.091667
1.083333
1.066667
1.108333
1.091667
1.083333
0.995833
0.537500
1.145833
1.087500
0.729167
1.195833
1.087500
0.729167
1.200000
1.087500
0.716667
1.195833
1.095833
0.787500
1.125000
1.091667
0.700000
1.204167
1.087500
0.787500
1.112500
1.091667
0.808333
1.108333
1.087500
0.720833
1.200000
1.091667
1.087500
1.087500
0.762500
1.108333
1.087500
0.804167
1.116667
1.087500
1.091667
1.083333
1.091667
1.083333
0.804167
1.116667
1.087500
0.845833
1.116667
0.854167
1.120833
1.087500
1.087500
1.087500
1.087500
1.087500
1.087500
1.091667
1.087500
1.087500
1.087500
1.087500
1.087500
1.087500
0.879167
1.112500
0.645833
1.187500
1.087500
1.087500
1.008333
1.166667
1.087500
1.087500
1.087500
1.087500
1.012500
1.166667
1.004167
1.170833
1.079167
1.095833
1.083333
1.091667
1.091667
1.054167
1.120833
1.087500
0.762500
1.208333
1.091667
0.800000
1.191667
1.087500
0.766667
1.200000
1.083333
0.829167
1.112500
1.087500
1.087500
1.087500
1.091667
1.087500
1.087500
1.087500
0.912500
1.120833
0.800000
1.200000
1.083333
1.091667
1.087500
1.087500
1.087500
1.087500
0.912500
0.458333
1.220833
1.087500
1.087500
1.087500
0.795833
1.108333
1.091667
0.712500
1.204167
0.904167
0.891667
1.116667
0.833333
1.112500
1.087500
1.087500
0.591667
1.112500
1.087500
1.087500
1.087500
1.087500
1.087500
0.866667
1.120833
1.083333
0.812500
1.187500
1.091667
1.087500
1.087500
1.087500
1.087500
0.541667
0.466667
1.112500
1.087500
0.750000
1.191667
1.091667
1.087500
1.087500
1.087500
0.995833
0.408333
1.195833
1.087500
1.083333
1.091667
1.091667
0.875000
1.208333
1.087500
1.091667
1.087500
