0.808333
0.545833
0.787500
0.666667
0.658333
0.433333
0.887500
0.450000
0.850000
1.333333
0.491667
0.816667
0.662500
0.662500
0.562500
0.725000
0.650000
0.670833
0.654167
0.666667
0.666667
0.537500
0.745833
0.683333
0.670833
0.441667
0.887500
0.441667
0.887500
0.450000
0.862500
0.470833
0.825000
0.500000
0.841667
0.483333
0.837500
0.495833
0.837500
1.270833
0.658333
0.670833
0.675000
0.670833
0.666667
0.662500
0.545833
0.737500
0.675000
0.675000
1.316667
1.325000
0.475000
0.837500
0.479167
0.829167
0.662500
0.650000
0.662500
0.662500
0.575000
0.725000
1.341667
0.658333
0.666667
0.462500
0.866667
0.445833
0.850000
0.454167
0.862500
0.483333
0.841667
0.475000
0.845833
0.491667
0.800000
0.654167
0.650000
0.666667
0.666667
0.666667
0.658333
0.554167
0.729167
0.650000
0.670833
0.454167
0.858333
0.450000
0.837500
0.483333
0.858333
0.454167
0.866667
0.475000
0.329167
0.520833
0.562500
0.720833
0.670833
0.666667
0.670833
0.662500
0.662500
0.666667
0.562500
0.716667
0.670833
0.670833
0.437500
0.908333
0.437500
0.883333
1.295833
1.333333
0.512500
0.825000
0.550000
0.783333
0.650000
0.658333
0.583333
0.716667
0.666667
0.662500
0.666667
0.658333
0.654167
0.658333
0.583333
0.720833
0.666667
0.670833
0.658333
0.662500
1.329167
0.458333
0.841667
0.475000
0.854167
0.487500
0.829167
0.500000
0.820833
0.537500
0.750000
0.662500
0.662500
0.466667
0.862500
0.662500
0.658333
1.204167
0.741667
0.670833
0.666667
0.650000
0.662500
0.666667
0.666667
0.537500
0.737500
0.658333
0.662500
1.312500
1.208333
0.741667
0.670833
0.666667
0.645833
0.654167
0.658333
0.670833
0.550000
0.729167
0.654167
0.662500
0.454167
0.854167
0.466667
0.808333
0.487500
0.837500
0.475000
0.829167
0.491667
0.812500
1.283333
0.662500
0.662500
0.433333
0.875000
0.450000
0.858333
1.287500
1.304167
1.308333
0.658333
0.658333
0.662500
0.662500
0.654167
0.654167
0.654167
0.662500
0.495833
0.704167
0.737500
0.670833
1.308333
1.300000
0.454167
0.825000
0.487500
0.845833
0.458333
0.854167
0.475000
0.829167
0.520833
0.670833
0.737500
0.666667
0.670833
0.662500
0.658333
0.662500
0.654167
0.658333
0.537500
0.733333
0.662500
0.666667
0.437500
0.870833
0.441667
0.883333
0.433333
0.825000
1.320833
0.541667
0.779167
0.650000
0.529167
0.729167
0.670833
0.662500
0.670833
0.662500
0.662500
0.650000
0.666667
0.645833
0.566667
0.725000
0.670833
0.666667
0.666667
0.666667
0.437500
0.875000
0.658333
0.654167
0.487500
0.825000
0.545833
0.737500
0.666667
0.662500
0.450000
0.870833
0.645833
0.545833
0.733333
0.670833
0.666667
0.666667
0.666667
0.654167
0.654167
0.533333
0.745833
0.675000
0.675000
1.329167
0.425000
0.908333
0.429167
0.858333
0.470833
0.854167
0.404167
0.920833
0.479167
0.841667
0.470833
0.820833
0.508333
0.800000
0.562500
0.750000
0.529167
0.741667
1.320833
1.304167
0.658333
0.654167
0.545833
0.733333
0.583333
0.745833
0.650000
0.662500
0.450000
0.862500
0.450000
0.845833
0.445833
0.841667
0.704167
0.608333
0.491667
0.808333
0.570833
0.687500
0.658333
0.641667
0.658333
0.650000
0.654167
0.537500
0.729167
0.262500
0.550000
1.150000
0.650000
0.525000
0.729167
0.666667
0.658333
0.437500
0.870833
1.254167
1.337500
1.320833
1.308333
1.300000
0.554167
0.729167
1.329167
0.487500
0.833333
1.195833
0.725000
0.666667
0.658333
0.662500
0.658333
0.658333
0.654167
0.654167
1.241667
0.700000
0.662500
0.425000
0.875000
0.433333
0.800000
0.504167
0.875000
0.450000
0.870833
0.466667
0.845833
0.466667
0.812500
0.545833
0.775000
1.316667
0.662500
0.662500
0.429167
0.829167
0.479167
0.837500
0.458333
0.870833
0.454167
0.795833
0.670833
0.662500
0.570833
0.762500
0.541667
0.779167
0.658333
0.645833
0.475000
0.812500
0.662500
0.666667
0.491667
0.837500
0.662500
0.525000
0.741667
0.675000
0.662500
0.666667
0.666667
1.325000
0.654167
0.525000
0.737500
0.666667
1.329167
0.662500
0.662500
0.645833
0.533333
0.733333
0.662500
0.666667
0.420833
0.908333
0.437500
0.883333
0.433333
0.837500
0.483333
0.837500
0.470833
0.850000
0.462500
0.733333
0.733333
0.662500
0.658333
0.662500
0.662500
0.658333
0.654167
0.645833
0.654167
0.583333
0.712500
0.662500
0.662500
0.662500
0.654167
0.658333
0.654167
0.570833
0.716667
0.666667
0.654167
0.654167
0.662500
0.666667
0.529167
0.745833
0.670833
0.662500
0.441667
0.870833
0.658333
0.529167
0.741667
0.670833
0.666667
0.658333
0.650000
0.666667
0.437500
0.866667
0.562500
0.725000
0.495833
0.829167
0.662500
0.650000
0.533333
0.779167
0.579167
0.712500
0.662500
0.666667
0.654167
0.650000
0.512500
0.741667
0.670833
0.666667
0.429167
0.904167
0.429167
0.895833
0.433333
0.866667
0.454167
0.837500
0.475000
0.837500
0.475000
0.812500
0.650000
0.641667
0.445833
0.825000
0.462500
0.850000
0.450000
0.858333
0.462500
0.720833
0.720833
0.654167
0.650000
0.654167
0.654167
0.645833
0.641667
0.541667
0.712500
0.654167
1.308333
0.658333
0.654167
0.516667
0.733333
0.533333
0.779167
0.520833
0.791667
0.529167
0.662500
0.733333
0.654167
0.662500
0.658333
0.454167
0.729167
0.741667
0.666667
0.662500
0.654167
0.658333
0.654167
0.658333
0.529167
0.737500
0.662500
0.650000
0.654167
0.662500
0.658333
0.654167
0.533333
0.716667
0.662500
0.650000
0.654167
0.654167
0.520833
0.733333
1.329167
0.650000
0.658333
0.429167
0.758333
0.733333
0.666667
0.658333
0.662500
0.429167
0.875000
0.441667
0.816667
0.466667
0.862500
0.445833
0.866667
0.441667
0.850000
0.470833
0.725000
0.720833
0.658333
0.658333
0.658333
0.658333
0.645833
0.525000
0.733333
0.662500
0.662500
0.429167
0.891667
0.416667
0.875000
0.437500
0.833333
0.462500
0.845833
0.445833
0.862500
0.445833
0.841667
0.466667
0.791667
0.654167
0.650000
0.650000
0.641667
0.462500
0.725000
0.720833
0.654167
0.654167
0.650000
0.654167
0.641667
0.520833
0.729167
0.662500
0.662500
0.429167
0.883333
0.429167
0.866667
0.445833
0.829167
0.470833
0.837500
0.458333
0.845833
0.462500
0.833333
0.470833
0.787500
0.654167
0.650000
0.654167
0.650000
0.645833
0.550000
0.720833
0.658333
0.662500
0.658333
0.662500
0.658333
0.650000
0.533333
0.729167
0.666667
0.662500
0.658333
0.658333
0.658333
0.658333
0.545833
0.725000
0.666667
0.662500
0.662500
0.662500
0.650000
0.650000
0.450000
0.870833
0.429167
0.891667
0.416667
0.766667
0.737500
0.662500
0.658333
0.662500
0.658333
0.662500
0.516667
0.741667
1.325000
0.529167
0.795833
0.466667
0.845833
0.450000
0.816667
0.487500
0.829167
0.462500
0.854167
0.450000
0.750000
0.716667
0.662500
0.533333
0.779167
0.483333
0.720833
0.733333
0.658333
0.545833
0.766667
0.487500
0.829167
0.445833
0.820833
1.312500
0.475000
0.829167
0.466667
0.841667
0.462500
0.787500
0.658333
0.650000
0.437500
0.866667
0.425000
0.833333
0.466667
0.841667
0.458333
0.833333
0.470833
0.704167
0.733333
0.662500
0.537500
0.770833
0.495833
0.812500
0.462500
0.804167
0.508333
0.812500
0.495833
0.804167
0.541667
0.729167
0.520833
0.800000
0.483333
0.812500
0.487500
0.804167
0.654167
0.529167
0.733333
0.666667
0.662500
0.429167
0.883333
0.429167
0.883333
0.429167
0.850000
0.450000
0.870833
0.437500
0.858333
0.462500
0.720833
0.733333
0.662500
0.525000
0.791667
0.470833
0.829167
0.450000
0.737500
0.720833
0.662500
0.533333
0.775000
0.483333
0.808333
0.458333
0.787500
0.658333
0.658333
0.554167
0.750000
1.179167
0.729167
0.666667
0.533333
0.783333
0.475000
0.833333
0.441667
0.737500
0.733333
0.666667
0.533333
0.783333
0.470833
0.837500
0.450000
0.808333
0.491667
0.829167
0.454167
0.854167
0.454167
0.845833
0.454167
0.829167
0.466667
0.845833
0.454167
0.837500
1.250000
0.662500
0.658333
0.537500
0.783333
1.312500
0.445833
0.808333
0.508333
0.820833
0.475000
0.845833
1.304167
0.470833
0.800000
0.662500
0.662500
0.541667
0.779167
1.166667
0.741667
0.666667
1.329167
0.454167
0.854167
0.441667
0.741667
0.741667
0.666667
0.508333
0.825000
0.450000
0.845833
0.441667
0.758333
0.737500
0.666667
0.516667
0.795833
0.587500
0.729167
0.512500
0.741667
0.483333
0.850000
0.433333
0.870833
0.433333
0.754167
0.741667
0.666667
1.329167
0.450000
0.862500
0.433333
0.754167
0.741667
0.666667
1.325000
1.308333
0.437500
0.825000
0.462500
0.870833
0.429167
0.879167
0.441667
0.862500
0.445833
0.829167
0.483333
0.858333
0.437500
0.883333
0.437500
0.866667
0.441667
0.833333
0.470833
0.837500
0.458333
0.850000
0.454167
0.729167
0.720833
0.658333
0.525000
0.787500
1.295833
0.520833
0.720833
0.495833
0.816667
0.454167
