0.654167
0.662500
0.654167
0.658333
0.658333
0.654167
0.654167
0.658333
0.654167
0.658333
0.654167
0.658333
0.654167
0.658333
0.654167
0.654167
0.654167
0.658333
0.654167
0.654167
0.658333
0.654167
0.650000
0.650000
0.650000
0.654167
0.650000
0.645833
0.654167
0.650000
0.650000
0.650000
0.650000
0.645833
0.645833
0.645833
0.645833
0.641667
0.641667
0.645833
0.645833
0.645833
0.645833
0.645833
0.645833
0.645833
0.650000
0.650000
0.650000
0.491667
0.808333
0.658333
0.650000
0.650000
0.650000
0.650000
0.645833
0.650000
0.650000
0.645833
0.654167
0.654167
0.650000
0.654167
0.650000
0.654167
0.650000
0.650000
0.650000
0.650000
0.654167
0.650000
0.654167
0.650000
0.654167
0.645833
0.650000
0.645833
0.650000
0.645833
0.645833
0.641667
0.650000
0.650000
0.645833
0.650000
0.654167
0.650000
0.654167
0.650000
0.654167
0.654167
0.654167
0.658333
0.658333
0.650000
0.658333
0.654167
0.654167
0.658333
0.654167
0.650000
0.650000
0.658333
0.654167
0.654167
0.654167
0.654167
0.654167
0.650000
0.654167
0.650000
0.654167
0.650000
0.650000
0.654167
0.650000
0.650000
0.650000
0.650000
0.654167
0.654167
0.658333
0.658333
0.654167
0.658333
0.654167
0.654167
0.654167
0.650000
0.654167
0.650000
0.650000
0.641667
0.645833
0.637500
0.645833
0.637500
0.645833
0.641667
0.637500
0.645833
0.645833
0.641667
0.645833
0.641667
0.641667
0.645833
0.645833
0.641667
0.641667
0.645833
0.641667
0.641667
0.641667
0.641667
0.641667
0.641667
0.645833
0.641667
0.637500
0.641667
0.641667
0.637500
0.641667
0.641667
0.641667
0.637500
0.641667
0.637500
0.637500
0.641667
0.641667
0.641667
0.645833
0.641667
0.641667
0.641667
0.641667
0.637500
0.641667
0.637500
0.641667
0.637500
0.637500
0.641667
0.641667
0.641667
0.495833
0.779167
0.641667
0.637500
0.637500
0.637500
0.641667
0.637500
0.637500
0.641667
0.637500
0.479167
0.800000
0.637500
0.637500
0.637500
0.641667
0.637500
0.637500
0.637500
0.641667
0.637500
0.637500
0.641667
0.641667
0.637500
0.637500
0.637500
0.637500
0.637500
0.637500
0.633333
0.629167
0.637500
0.637500
0.637500
0.637500
0.633333
0.641667
0.637500
0.633333
0.641667
0.637500
0.641667
0.637500
0.641667
0.645833
0.641667
0.645833
0.645833
0.641667
0.645833
0.645833
0.641667
0.641667
0.637500
0.641667
0.641667
0.633333
0.637500
0.637500
0.633333
0.637500
0.637500
0.633333
0.633333
0.633333
0.633333
0.637500
0.633333
0.641667
0.633333
0.641667
0.641667
0.637500
0.637500
0.645833
0.641667
0.637500
0.637500
0.641667
0.641667
0.641667
0.637500
0.641667
0.641667
0.641667
0.637500
0.641667
0.641667
0.641667
0.641667
0.641667
0.641667
0.641667
0.650000
0.641667
0.645833
0.650000
0.650000
0.645833
0.650000
0.650000
0.650000
0.645833
0.645833
0.645833
0.645833
0.641667
0.641667
0.641667
0.641667
0.641667
0.641667
0.637500
0.641667
0.641667
0.645833
0.641667
0.650000
0.645833
0.645833
0.641667
0.650000
0.645833
0.483333
0.816667
0.650000
0.645833
0.650000
1.287500
0.650000
0.645833
0.645833
0.641667
0.641667
0.641667
0.637500
0.633333
0.637500
0.633333
0.633333
0.629167
0.633333
0.633333
0.629167
0.633333
0.629167
0.391667
0.879167
0.633333
0.633333
0.633333
0.633333
0.633333
0.629167
0.637500
0.633333
0.633333
0.633333
0.633333
0.629167
0.637500
0.637500
0.637500
0.637500
0.641667
0.641667
0.637500
0.645833
0.641667
0.645833
0.641667
0.650000
0.645833
0.645833
0.645833
0.650000
0.645833
0.641667
0.650000
0.650000
0.650000
0.645833
0.654167
0.645833
0.650000
0.650000
0.654167
0.650000
0.650000
0.650000
0.654167
0.495833
0.804167
0.654167
0.645833
0.645833
0.654167
0.650000
0.650000
0.650000
0.650000
0.650000
0.650000
0.650000
0.650000
0.645833
0.650000
0.645833
0.650000
0.645833
0.641667
0.641667
0.645833
0.645833
0.645833
0.645833
0.645833
0.645833
0.650000
0.645833
0.645833
0.650000
0.650000
0.491667
0.800000
0.645833
1.287500
0.645833
0.645833
0.641667
0.645833
0.645833
0.641667
0.645833
0.641667
0.645833
0.641667
0.641667
0.641667
0.641667
0.641667
0.645833
0.641667
0.645833
0.641667
0.641667
0.645833
0.645833
0.645833
0.641667
0.645833
0.650000
0.641667
0.645833
0.641667
0.641667
0.641667
0.641667
0.641667
0.641667
0.641667
0.637500
0.641667
0.641667
0.641667
0.641667
0.641667
0.641667
0.641667
0.637500
0.641667
0.641667
0.641667
0.641667
0.637500
0.641667
0.645833
0.641667
0.641667
0.641667
0.645833
0.641667
0.641667
0.641667
0.645833
0.641667
0.641667
0.637500
0.641667
0.641667
0.641667
0.641667
0.641667
0.641667
0.641667
0.641667
0.637500
0.641667
0.641667
0.637500
0.641667
0.641667
0.637500
0.641667
0.641667
0.641667
0.641667
0.637500
0.637500
0.641667
0.637500
0.637500
0.641667
0.500000
0.779167
0.637500
0.641667
0.637500
0.637500
0.637500
0.637500
0.641667
0.633333
0.637500
0.637500
0.637500
0.637500
0.641667
0.633333
0.645833
0.641667
0.641667
0.645833
0.645833
0.650000
0.650000
0.650000
0.650000
0.650000
0.645833
0.645833
0.645833
0.645833
0.645833
0.641667
0.645833
0.645833
0.641667
0.645833
0.641667
0.641667
0.645833
0.641667
0.641667
0.641667
0.645833
0.641667
0.641667
0.645833
0.645833
0.641667
0.641667
0.645833
0.645833
0.645833
0.645833
0.645833
0.645833
0.641667
0.641667
0.641667
0.641667
0.637500
0.645833
0.641667
0.641667
0.641667
0.637500
0.637500
0.641667
0.641667
0.641667
0.637500
0.637500
0.641667
0.637500
0.637500
0.645833
0.641667
0.641667
0.641667
0.637500
0.645833
0.641667
0.641667
0.637500
0.641667
0.645833
0.641667
0.641667
0.637500
0.637500
0.637500
0.637500
0.637500
0.641667
0.637500
0.637500
0.641667
0.645833
0.641667
0.645833
0.641667
0.641667
0.645833
0.645833
0.641667
0.641667
0.641667
0.641667
0.641667
0.641667
0.641667
0.645833
0.641667
0.645833
0.645833
0.650000
0.645833
0.645833
0.641667
0.645833
0.650000
0.641667
0.645833
0.641667
0.491667
0.795833
0.650000
0.641667
0.641667
0.645833
0.641667
0.641667
0.637500
0.641667
0.641667
0.641667
0.641667
0.637500
0.641667
0.641667
0.641667
0.645833
0.641667
0.641667
0.645833
0.641667
0.637500
0.641667
0.641667
0.637500
0.633333
0.633333
0.637500
0.637500
0.633333
0.637500
0.637500
0.633333
0.637500
0.641667
0.637500
0.637500
0.637500
0.637500
0.637500
0.641667
0.641667
0.637500
0.641667
0.637500
0.641667
0.641667
0.637500
0.637500
0.637500
0.641667
0.637500
0.641667
0.637500
0.637500
0.633333
0.641667
0.637500
0.637500
0.637500
0.637500
0.637500
0.637500
0.641667
0.633333
0.637500
0.637500
0.633333
0.637500
0.633333
0.637500
0.637500
0.637500
0.641667
0.637500
0.637500
0.637500
0.641667
0.637500
0.637500
0.637500
0.637500
0.637500
0.637500
0.637500
0.637500
0.637500
0.633333
0.637500
0.641667
0.637500
0.637500
0.637500
0.641667
0.633333
0.637500
0.637500
0.633333
0.637500
0.633333
0.637500
0.633333
0.637500
0.637500
0.637500
0.637500
0.637500
0.637500
0.633333
0.641667
0.637500
0.637500
0.637500
0.637500
0.641667
0.641667
0.641667
0.641667
0.641667
0.641667
0.645833
0.645833
0.645833
0.650000
0.645833
0.645833
0.650000
0.645833
0.650000
0.645833
0.645833
0.641667
0.645833
0.645833
0.645833
0.645833
0.641667
0.645833
0.645833
0.645833
0.641667
0.641667
0.641667
0.641667
0.641667
0.641667
0.633333
0.641667
0.641667
0.637500
0.637500
0.637500
0.637500
0.641667
0.637500
0.637500
0.637500
0.641667
0.637500
0.633333
0.633333
0.633333
0.633333
0.633333
0.633333
0.633333
0.633333
0.633333
0.633333
0.633333
0.637500
0.637500
0.637500
0.633333
0.637500
0.641667
0.633333
0.637500
0.641667
0.637500
0.641667
0.637500
0.637500
0.641667
0.645833
0.641667
0.641667
0.641667
0.641667
0.641667
0.641667
0.645833
0.641667
0.641667
0.641667
0.645833
0.641667
0.645833
0.645833
0.645833
0.641667
0.641667
0.645833
0.641667
0.645833
0.641667
0.645833
0.645833
0.641667
0.641667
0.645833
0.645833
0.641667
0.645833
0.641667
0.641667
0.641667
0.641667
0.641667
0.641667
0.637500
0.641667
0.641667
0.641667
0.641667
0.637500
0.637500
0.641667
0.645833
0.641667
0.641667
0.641667
0.645833
0.645833
0.645833
0.641667
0.645833
0.641667
0.645833
0.645833
0.641667
0.645833
0.645833
0.645833
0.645833
0.641667
0.645833
0.641667
0.645833
0.645833
0.645833
0.645833
0.641667
0.650000
0.645833
0.650000
0.645833
0.650000
0.645833
0.645833
0.654167
0.650000
0.650000
0.654167
0.650000
0.654167
0.650000
0.650000
0.650000
0.654167
0.650000
0.654167
0.650000
0.650000
0.650000
0.650000
0.654167
0.650000
0.650000
0.650000
0.650000
0.650000
0.650000
0.650000
0.650000
0.645833
0.645833
0.650000
0.650000
0.645833
0.650000
0.650000
0.650000
0.650000
0.650000
0.654167
0.650000
0.654167
0.645833
0.650000
0.650000
0.650000
0.645833
0.650000
0.650000
0.645833
0.650000
0.654167
0.650000
0.650000
0.654167
0.650000
0.654167
0.650000
0.654167
0.654167
0.654167
0.654167
0.650000
0.654167
0.654167
0.654167
0.654167
0.650000
0.654167
0.654167
0.654167
0.654167
0.654167
0.650000
0.654167
0.650000
0.654167
0.654167
0.650000
0.654167
0.650000
0.654167
0.654167
0.654167
