0.362500
0.816667
0.587500
0.583333
0.583333
0.587500
0.583333
0.583333
0.583333
0.587500
0.587500
0.587500
0.587500
0.583333
0.583333
0.583333
0.587500
0.591667
0.583333
0.362500
0.229167
0.583333
0.587500
0.595833
0.591667
0.595833
0.595833
0.595833
0.587500
0.595833
0.595833
0.600000
0.591667
0.591667
0.591667
0.595833
0.595833
0.587500
0.520833
0.316667
0.929167
0.275000
0.620833
0.300000
0.591667
0.400000
0.787500
0.591667
0.600000
0.595833
0.591667
0.587500
0.587500
0.591667
1.187500
0.600000
0.595833
0.591667
0.591667
0.595833
0.600000
0.608333
0.600000
0.595833
0.591667
0.591667
0.595833
0.212500
0.379167
0.254167
0.408333
0.533333
0.429167
0.712500
0.575000
0.629167
0.491667
0.804167
0.537500
0.745833
0.333333
0.704167
0.416667
0.416667
0.404167
0.387500
0.454167
0.558333
0.341667
0.408333
0.770833
1.008333
0.191667
0.508333
0.425000
0.254167
0.316667
0.125000
0.350000
0.466667
0.487500
0.283333
0.391667
0.770833
0.508333
0.195833
0.612500
0.808333
0.495833
0.216667
0.458333
1.020833
0.441667
0.329167
0.579167
0.604167
1.029167
0.995833
0.891667
0.358333
0.412500
0.400000
1.025000
0.745833
1.179167
0.420833
0.429167
0.450000
0.600000
0.208333
0.237500
1.158333
1.329167
0.329167
1.004167
0.275000
0.595833
0.558333
0.666667
0.583333
0.479167
0.283333
0.950000
0.533333
0.275000
0.370833
0.625000
0.504167
0.708333
0.612500
0.345833
0.608333
0.275000
0.412500
0.404167
0.891667
0.595833
0.883333
0.883333
0.370833
1.025000
0.845833
0.791667
0.354167
0.220833
0.387500
0.575000
0.533333
0.720833
0.391667
0.550000
0.987500
0.537500
0.616667
0.295833
0.279167
0.462500
0.700000
0.991667
0.241667
0.566667
1.208333
0.704167
1.916667
12.300000
0.545833
0.687500
0.308333
0.620833
1.441667
0.891667
1.025000
9.083333
0.770833
0.441667
0.416667
0.195833
0.441667
0.504167
1.445833
0.375000
0.354167
0.341667
1.670833
0.970833
0.350000
0.583333
1.829167
0.762500
1.362500
1.745833
1.750000
1.750000
1.566667
2.516667
0.579167
2.329167
0.583333
0.579167
1.754167
0.583333
0.583333
1.170833
0.587500
0.587500
1.166667
0.583333
0.587500
0.587500
0.587500
0.583333
1.241667
1.095833
0.591667
0.450000
0.725000
0.587500
0.591667
0.583333
1.170833
0.587500
0.587500
0.741667
2.254167
0.308333
0.691667
0.400000
0.570833
0.945833
0.595833
1.095833
0.916667
1.412500
1.745833
1.741667
1.162500
0.579167
0.583333
0.587500
0.583333
1.162500
1.166667
0.579167
0.579167
1.162500
0.579167
0.575000
0.579167
0.575000
0.579167
0.270833
0.400000
0.283333
0.745833
0.604167
0.575000
0.579167
0.933333
0.791667
0.575000
0.770833
0.383333
0.579167
0.583333
0.579167
0.575000
0.579167
0.583333
0.583333
0.579167
0.329167
0.558333
0.333333
0.520833
0.583333
0.579167
0.579167
0.583333
0.583333
0.579167
0.579167
0.229167
0.350000
0.412500
0.904167
0.375000
0.633333
0.579167
0.583333
0.583333
0.579167
0.312500
2.287500
1.695833
0.745833
0.212500
0.579167
0.658333
0.200000
0.708333
0.837500
0.766667
0.200000
0.375000
0.329167
0.537500
0.220833
0.383333
0.412500
0.362500
0.241667
0.191667
0.295833
0.400000
0.425000
0.229167
0.270833
0.545833
0.620833
0.262500
0.300000
0.625000
0.462500
0.391667
0.229167
0.266667
0.333333
0.308333
0.504167
0.320833
0.370833
0.466667
0.541667
0.587500
0.487500
0.329167
0.491667
0.433333
0.370833
0.195833
0.300000
0.250000
0.483333
0.212500
0.275000
0.241667
0.362500
0.516667
0.375000
0.416667
0.737500
0.383333
0.104167
0.470833
0.379167
0.608333
0.470833
0.441667
0.737500
0.187500
0.291667
0.879167
0.112500
0.558333
0.425000
0.975000
0.220833
0.362500
0.475000
0.283333
0.204167
0.466667
0.225000
0.470833
0.375000
0.225000
0.229167
0.329167
0.233333
0.408333
0.516667
0.562500
0.725000
0.550000
0.504167
0.416667
0.200000
0.633333
0.112500
1.041667
0.241667
0.429167
0.745833
0.229167
0.354167
0.254167
0.362500
0.904167
0.629167
0.441667
0.266667
0.470833
0.179167
0.512500
0.829167
0.583333
0.616667
0.216667
0.504167
0.500000
0.566667
0.591667
0.654167
0.795833
0.729167
0.304167
0.695833
0.533333
0.254167
0.500000
0.204167
0.641667
0.375000
0.320833
0.208333
0.420833
0.316667
0.212500
0.475000
0.441667
0.475000
0.129167
0.304167
0.150000
0.237500
1.087500
0.704167
0.225000
0.508333
0.879167
1.087500
1.162500
1.404167
0.508333
1.191667
0.137500
0.541667
1.008333
0.337500
0.516667
0.212500
0.366667
0.283333
0.345833
0.266667
0.220833
0.233333
0.358333
0.262500
0.225000
0.708333
0.262500
0.550000
0.583333
0.466667
0.608333
1.033333
0.337500
0.433333
0.562500
0.404167
0.270833
0.808333
0.245833
12.816667
0.658333
0.308333
0.812500
1.162500
0.766667
0.283333
1.591667
0.645833
1.233333
1.041667
0.345833
0.450000
1.412500
0.516667
0.754167
0.362500
0.254167
0.579167
0.408333
0.708333
0.358333
0.658333
0.912500
0.566667
1.050000
0.379167
0.770833
0.837500
0.262500
1.183333
1.412500
0.870833
1.883333
0.529167
89.525000
0.250000
1.870833
38.187500
0.600000
0.312500
0.395833
1.175000
0.200000
0.116667
0.208333
0.516667
0.275000
0.216667
0.370833
0.504167
0.812500
0.279167
0.316667
0.545833
0.375000
0.283333
0.375000
0.658333
0.820833
2.641667
0.362500
0.808333
2.954167
1.166667
1.770833
1.170833
1.166667
1.779167
1.179167
1.183333
1.179167
0.579167
0.595833
0.591667
0.595833
0.591667
0.591667
0.587500
0.595833
0.591667
0.591667
0.595833
0.591667
0.591667
0.591667
0.600000
0.600000
0.600000
0.595833
0.591667
0.595833
0.600000
0.583333
0.587500
0.620833
0.600000
0.591667
0.600000
0.595833
0.600000
0.595833
0.604167
0.600000
0.591667
0.600000
0.604167
0.604167
0.600000
0.604167
0.595833
0.604167
0.604167
0.600000
0.600000
0.600000
0.745833
0.462500
0.441667
0.316667
0.391667
0.762500
0.454167
0.337500
0.254167
0.466667
0.383333
0.416667
0.204167
0.912500
0.591667
0.600000
0.541667
0.629167
0.645833
0.608333
0.745833
0.179167
0.262500
0.479167
0.454167
0.633333
0.716667
0.470833
0.558333
0.391667
0.741667
0.241667
0.679167
0.325000
0.845833
0.962500
0.216667
0.812500
0.816667
0.533333
0.370833
0.683333
0.116667
2.337500
0.420833
0.308333
0.208333
0.316667
0.775000
0.387500
0.550000
0.470833
0.387500
0.487500
0.450000
0.337500
0.508333
0.641667
0.537500
0.558333
0.529167
0.520833
0.325000
0.212500
0.695833
0.458333
0.395833
0.491667
0.500000
0.366667
0.587500
0.895833
0.208333
0.775000
1.116667
0.854167
0.650000
0.320833
0.225000
0.291667
0.220833
0.266667
0.350000
0.237500
0.354167
0.362500
0.183333
0.566667
0.437500
0.312500
0.295833
0.454167
0.700000
0.587500
1.162500
2.341667
1.383333
0.458333
0.504167
0.912500
0.850000
0.591667
0.595833
0.925000
0.687500
0.879167
1.054167
0.579167
0.591667
0.225000
0.795833
0.225000
0.387500
0.729167
1.095833
1.254167
1.175000
1.175000
1.762500
0.587500
0.583333
0.591667
0.591667
1.787500
0.591667
0.595833
0.600000
0.604167
0.600000
0.608333
0.604167
0.591667
0.600000
0.595833
0.595833
0.604167
0.604167
0.587500
0.595833
0.591667
0.595833
0.575000
0.633333
0.641667
0.629167
0.608333
0.604167
0.595833
0.600000
0.604167
0.595833
0.587500
0.587500
0.600000
0.608333
