0.670833
0.675000
0.679167
0.687500
0.670833
0.658333
0.670833
0.679167
0.687500
0.687500
0.666667
0.683333
0.537500
0.845833
0.695833
0.679167
0.679167
0.687500
0.704167
0.683333
0.670833
0.695833
0.691667
0.708333
0.691667
0.704167
0.712500
0.695833
0.679167
0.700000
0.700000
0.725000
0.725000
0.700000
0.708333
0.712500
0.725000
0.704167
0.695833
0.708333
0.712500
0.733333
0.708333
0.708333
0.716667
0.733333
0.720833
0.704167
0.716667
0.716667
0.733333
0.712500
0.716667
0.725000
0.791667
0.745833
0.741667
0.745833
0.758333
0.766667
0.733333
0.733333
0.787500
0.575000
0.891667
0.750000
0.750000
0.750000
0.725000
0.720833
0.737500
0.787500
0.750000
0.729167
0.779167
0.775000
0.791667
0.750000
0.787500
0.783333
0.804167
0.795833
0.804167
0.812500
0.820833
0.787500
0.800000
0.791667
0.808333
0.779167
0.766667
0.779167
0.787500
0.770833
0.745833
0.775000
0.745833
0.795833
0.754167
0.779167
0.741667
0.808333
0.766667
0.591667
0.941667
0.795833
0.762500
0.770833
0.779167
0.775000
0.766667
0.804167
0.795833
0.800000
0.791667
0.812500
0.829167
0.833333
0.816667
0.841667
0.850000
0.833333
0.812500
0.658333
0.454167
0.604167
0.750000
0.787500
0.804167
0.808333
0.808333
0.787500
0.795833
0.795833
0.787500
0.770833
0.783333
0.791667
0.783333
0.766667
0.787500
0.791667
0.800000
0.775000
0.787500
0.800000
0.800000
0.779167
0.545833
1.075000
0.800000
0.779167
0.808333
0.812500
0.795833
0.787500
0.808333
0.812500
0.795833
0.791667
0.812500
0.816667
0.812500
0.800000
0.600000
0.529167
0.579167
0.745833
0.787500
0.808333
0.812500
0.808333
0.795833
0.820833
0.825000
0.825000
0.804167
0.820833
0.837500
0.825000
0.804167
0.575000
1.054167
0.633333
0.975000
0.787500
0.800000
0.800000
0.783333
0.800000
0.804167
0.812500
0.791667
0.804167
0.820833
0.825000
0.808333
0.808333
0.829167
0.837500
0.812500
0.816667
0.820833
0.820833
0.791667
0.812500
0.808333
0.812500
0.787500
0.804167
0.804167
0.804167
0.783333
0.525000
1.066667
0.695833
0.895833
0.770833
0.791667
0.550000
1.083333
0.775000
0.783333
0.787500
0.783333
0.766667
0.791667
0.804167
0.783333
0.795833
0.816667
0.820833
0.554167
1.104167
0.820833
0.812500
0.791667
0.808333
0.812500
0.812500
0.783333
0.808333
0.816667
0.816667
0.800000
0.812500
0.820833
0.825000
0.625000
1.037500
0.633333
1.020833
0.795833
0.783333
0.791667
0.804167
0.795833
0.775000
0.791667
0.770833
0.737500
0.741667
0.704167
0.675000
0.687500
0.687500
0.700000
0.687500
0.662500
0.679167
0.683333
0.704167
0.679167
0.675000
0.687500
0.691667
0.712500
0.695833
0.687500
0.695833
0.700000
0.720833
0.716667
0.712500
0.737500
0.720833
0.687500
0.700000
0.704167
0.729167
0.704167
0.683333
0.700000
0.708333
0.541667
0.808333
0.695833
0.708333
0.733333
0.712500
0.541667
0.879167
0.695833
0.741667
0.716667
0.700000
0.708333
0.716667
0.737500
0.716667
0.712500
0.720833
0.745833
0.741667
0.712500
0.725000
0.729167
0.795833
0.495833
0.995833
0.725000
0.750000
0.762500
0.745833
0.725000
0.729167
0.791667
0.758333
0.741667
0.750000
0.787500
0.787500
0.766667
0.791667
0.750000
0.820833
0.808333
0.770833
0.733333
0.870833
0.808333
0.775000
0.800000
0.787500
0.812500
0.804167
0.770833
0.812500
0.808333
0.820833
0.816667
0.808333
0.570833
1.016667
0.820833
0.816667
0.816667
1.570833
0.795833
0.795833
0.783333
0.791667
0.783333
0.787500
0.775000
0.795833
0.808333
0.791667
0.804167
0.804167
0.783333
0.775000
0.587500
1.012500
0.600000
0.962500
0.783333
0.791667
0.783333
0.766667
0.787500
0.800000
0.787500
0.770833
0.804167
0.800000
0.808333
0.783333
0.787500
0.804167
0.579167
1.054167
0.558333
1.045833
0.791667
0.783333
0.775000
0.787500
0.483333
1.125000
0.787500
0.779167
0.795833
0.795833
0.800000
0.787500
0.808333
0.816667
0.816667
0.804167
0.620833
1.050000
0.533333
1.137500
0.604167
1.020833
0.545833
1.070833
0.791667
0.795833
0.683333
0.891667
0.791667
0.795833
0.800000
0.779167
0.783333
0.800000
0.808333
0.779167
0.804167
0.800000
0.779167
0.775000
0.795833
0.795833
0.783333
0.770833
0.787500
0.791667
0.783333
0.766667
0.766667
0.787500
0.775000
0.529167
1.012500
0.770833
0.779167
0.762500
0.766667
0.783333
0.783333
0.766667
0.766667
0.791667
0.791667
0.791667
0.775000
0.808333
0.804167
0.795833
0.779167
0.804167
0.812500
0.804167
0.800000
0.791667
0.816667
0.808333
0.812500
0.791667
0.800000
0.812500
0.816667
0.787500
0.787500
0.808333
0.533333
1.079167
0.787500
0.633333
0.983333
0.787500
0.525000
1.075000
0.787500
0.783333
0.700000
0.783333
0.579167
0.825000
0.687500
0.700000
0.708333
0.691667
0.612500
0.787500
0.712500
0.687500
0.687500
0.700000
0.704167
0.720833
0.695833
0.704167
0.720833
0.720833
0.741667
0.729167
0.695833
0.708333
0.716667
0.733333
0.716667
0.700000
0.716667
0.716667
0.737500
0.716667
0.704167
0.712500
0.720833
0.750000
0.725000
0.700000
0.716667
0.725000
0.745833
0.725000
0.712500
0.733333
0.733333
0.754167
0.729167
0.704167
0.587500
0.887500
0.758333
0.750000
0.720833
0.720833
0.733333
0.741667
0.716667
0.716667
0.725000
0.795833
0.754167
0.733333
0.737500
0.733333
0.795833
0.758333
0.729167
0.741667
0.783333
0.616667
0.495833
1.133333
0.800000
0.816667
0.550000
0.720833
1.020833
0.629167
0.858333
0.766667
0.720833
0.720833
0.745833
0.754167
0.758333
0.604167
0.891667
0.737500
0.912500
0.808333
0.825000
0.854167
0.816667
0.816667
0.608333
1.058333
0.812500
0.808333
0.804167
0.812500
0.795833
0.783333
0.779167
0.800000
0.804167
0.787500
0.783333
0.800000
0.808333
0.804167
0.800000
0.812500
0.812500
0.800000
0.795833
0.825000
0.833333
0.825000
0.812500
0.841667
0.841667
0.816667
0.791667
0.816667
0.808333
0.812500
0.787500
0.795833
0.795833
0.795833
0.775000
0.770833
0.554167
1.054167
0.625000
0.941667
0.779167
0.779167
0.583333
0.975000
0.754167
0.783333
0.783333
0.775000
0.762500
0.787500
0.791667
0.795833
0.775000
0.787500
0.791667
0.795833
0.783333
0.800000
0.541667
1.083333
0.787500
0.800000
0.795833
0.804167
0.783333
0.800000
0.808333
0.808333
0.791667
0.825000
0.820833
0.829167
0.800000
0.854167
0.845833
0.829167
0.812500
0.825000
0.833333
0.837500
0.800000
0.800000
0.816667
0.820833
0.791667
0.783333
0.787500
0.829167
0.808333
0.804167
0.787500
0.804167
0.787500
0.775000
0.779167
0.775000
0.766667
0.750000
0.754167
0.712500
0.679167
0.662500
0.658333
0.658333
0.645833
0.637500
0.645833
0.654167
0.525000
0.791667
0.645833
0.662500
0.666667
0.679167
0.666667
0.662500
0.679167
0.687500
0.708333
0.695833
0.679167
0.691667
0.700000
0.720833
0.704167
0.695833
0.704167
0.708333
0.733333
0.708333
0.708333
0.720833
0.775000
0.745833
0.725000
0.733333
0.733333
0.795833
0.733333
0.720833
0.541667
0.908333
0.595833
0.904167
0.716667
0.729167
0.770833
0.716667
0.700000
0.716667
0.720833
0.545833
0.979167
0.854167
0.854167
0.637500
0.937500
0.800000
0.783333
0.783333
0.754167
0.770833
0.758333
0.770833
0.750000
0.766667
0.762500
0.800000
0.783333
0.804167
0.795833
0.816667
0.816667
0.783333
0.816667
0.800000
0.804167
0.775000
0.795833
0.779167
0.800000
0.770833
0.754167
0.779167
0.783333
0.787500
0.733333
0.775000
0.795833
0.800000
0.750000
0.779167
0.775000
0.787500
0.762500
0.450000
1.070833
0.825000
0.825000
0.787500
0.783333
0.787500
0.783333
0.516667
0.966667
0.737500
0.775000
0.737500
0.720833
0.754167
0.779167
0.800000
0.745833
0.779167
0.770833
0.787500
0.791667
0.587500
0.920833
0.566667
0.966667
0.779167
0.733333
0.762500
0.766667
0.758333
0.720833
0.754167
0.770833
