0.754167
0.525000
0.812500
0.487500
0.641667
0.466667
0.812500
1.008333
0.479167
0.508333
0.445833
0.725000
0.670833
0.833333
0.654167
0.766667
0.658333
0.608333
0.454167
0.833333
0.637500
0.625000
0.683333
0.870833
0.720833
0.733333
0.529167
1.191667
0.766667
0.733333
1.275000
0.550000
0.591667
0.545833
0.275000
1.545833
2.470833
0.629167
0.666667
0.904167
0.545833
1.162500
0.650000
0.745833
0.516667
0.654167
0.454167
0.608333
0.687500
0.550000
0.604167
0.437500
0.666667
0.462500
0.350000
0.587500
0.470833
0.450000
0.491667
0.675000
0.591667
0.620833
0.791667
0.579167
0.508333
0.620833
0.595833
0.733333
0.558333
0.595833
0.925000
0.779167
0.658333
0.441667
0.650000
0.754167
0.537500
1.220833
0.950000
1.750000
0.591667
0.425000
0.758333
0.654167
0.645833
0.470833
0.458333
0.800000
0.662500
0.804167
0.745833
0.554167
0.466667
0.633333
0.508333
0.491667
0.466667
0.612500
0.504167
0.404167
0.479167
1.687500
0.279167
0.404167
0.800000
0.537500
0.800000
0.370833
0.745833
0.479167
0.825000
0.408333
0.758333
0.679167
0.525000
0.404167
0.583333
0.475000
0.420833
0.683333
0.745833
0.504167
0.695833
0.779167
0.700000
0.645833
0.529167
0.445833
0.637500
0.637500
0.850000
0.812500
0.733333
0.533333
0.587500
0.429167
0.629167
0.566667
0.458333
0.487500
0.537500
0.550000
0.933333
0.395833
0.495833
0.670833
0.483333
0.604167
0.687500
0.591667
0.216667
0.220833
0.683333
0.612500
0.758333
0.537500
0.341667
0.770833
0.720833
0.758333
0.225000
0.879167
1.079167
0.562500
0.475000
0.420833
0.387500
0.579167
0.620833
0.579167
0.745833
0.704167
0.687500
0.741667
0.462500
0.441667
0.637500
0.620833
0.633333
0.870833
0.804167
0.650000
0.570833
0.612500
0.658333
0.470833
0.762500
0.762500
0.745833
0.500000
0.458333
0.587500
0.429167
0.604167
0.666667
0.504167
0.750000
0.716667
0.762500
1.108333
0.754167
0.450000
0.033333
0.850000
0.550000
0.712500
1.350000
0.475000
0.712500
0.725000
0.570833
0.495833
0.845833
0.700000
0.587500
0.287500
0.787500
0.329167
0.879167
0.541667
0.495833
0.429167
0.704167
0.641667
0.825000
0.483333
0.770833
0.537500
0.670833
0.558333
0.650000
0.525000
0.600000
0.754167
0.483333
0.462500
0.854167
0.629167
0.754167
0.533333
0.612500
0.670833
0.754167
0.645833
0.887500
0.620833
0.579167
0.591667
0.587500
0.795833
0.695833
0.525000
0.729167
0.625000
0.658333
0.650000
0.608333
0.683333
0.487500
0.700000
0.487500
0.587500
0.466667
0.995833
0.879167
0.845833
0.495833
0.587500
0.650000
0.612500
0.966667
0.487500
0.537500
0.445833
1.775000
1.108333
0.633333
0.745833
1.616667
0.304167
0.779167
1.350000
2.216667
1.550000
1.254167
2.287500
2.170833
2.862500
2.854167
1.016667
0.758333
0.337500
1.983333
0.595833
2.729167
2.358333
4.000000
2.700000
0.950000
3.237500
0.833333
1.108333
4.054167
3.641667
0.479167
1.629167
1.429167
0.412500
0.500000
0.700000
0.441667
0.745833
0.625000
0.450000
0.612500
0.725000
0.425000
0.700000
0.529167
0.787500
0.833333
0.645833
0.712500
0.729167
0.604167
0.654167
0.666667
0.425000
0.775000
0.520833
0.579167
0.554167
0.570833
0.687500
1.650000
2.429167
0.458333
0.641667
0.520833
0.583333
0.420833
0.920833
0.591667
0.495833
0.716667
0.608333
0.833333
0.754167
0.479167
1.829167
1.154167
1.420833
0.483333
0.454167
0.795833
0.545833
0.637500
0.629167
0.629167
0.904167
0.716667
0.700000
0.558333
0.604167
0.566667
0.429167
0.650000
1.858333
1.008333
0.050000
0.470833
2.445833
0.283333
0.866667
1.058333
1.845833
1.279167
0.775000
0.745833
0.716667
0.650000
0.895833
0.658333
0.533333
0.729167
0.708333
0.645833
0.704167
0.466667
0.754167
0.616667
0.420833
0.433333
0.433333
0.629167
0.462500
0.500000
0.600000
0.558333
0.420833
0.416667
0.645833
0.458333
0.520833
0.833333
3.070833
0.645833
2.416667
1.145833
2.029167
0.570833
2.329167
1.050000
0.575000
2.050000
1.083333
2.733333
2.383333
2.579167
3.491667
0.416667
2.145833
2.754167
0.441667
0.208333
1.791667
0.733333
0.716667
0.604167
0.558333
0.625000
0.579167
0.666667
0.570833
0.625000
0.679167
0.637500
0.466667
0.375000
0.633333
0.658333
0.416667
0.670833
0.616667
0.662500
0.529167
0.683333
0.575000
0.691667
0.475000
0.616667
0.458333
0.529167
0.591667
0.516667
0.491667
0.620833
0.808333
0.470833
0.116667
0.458333
0.679167
0.337500
0.395833
0.616667
0.541667
0.625000
0.700000
0.450000
0.420833
0.379167
0.241667
0.795833
0.541667
0.675000
0.616667
0.445833
0.741667
0.595833
0.262500
0.470833
0.712500
0.625000
0.520833
0.629167
0.329167
0.316667
0.670833
0.750000
0.341667
0.387500
0.700000
0.520833
0.325000
0.691667
0.604167
0.662500
0.637500
0.562500
0.437500
0.608333
0.429167
0.412500
0.641667
0.608333
0.400000
0.879167
0.825000
0.641667
0.545833
0.458333
0.566667
0.454167
0.820833
0.783333
0.883333
0.516667
0.595833
0.729167
0.608333
0.541667
0.566667
0.575000
0.637500
0.458333
0.658333
0.487500
0.579167
0.716667
0.608333
0.125000
0.508333
0.508333
0.725000
0.462500
0.420833
0.270833
0.570833
1.229167
0.608333
0.370833
0.604167
0.395833
1.012500
0.408333
0.766667
0.650000
0.616667
0.354167
0.058333
0.587500
1.095833
1.720833
0.595833
0.579167
1.204167
1.191667
0.391667
1.779167
1.054167
1.725000
0.287500
1.912500
1.158333
0.529167
0.745833
2.462500
1.629167
0.454167
0.737500
0.745833
0.587500
0.637500
0.770833
0.783333
0.583333
0.662500
0.150000
0.241667
0.758333
0.762500
1.062500
1.962500
0.720833
0.666667
0.770833
0.687500
0.616667
0.745833
0.558333
0.504167
0.420833
0.245833
0.670833
1.808333
0.608333
0.550000
0.820833
0.475000
0.433333
0.391667
0.658333
0.487500
0.604167
0.745833
0.970833
0.562500
0.708333
0.612500
0.412500
0.608333
0.629167
0.612500
0.800000
0.712500
0.645833
0.804167
0.708333
0.629167
0.575000
0.525000
0.633333
0.670833
0.645833
0.179167
1.866667
2.212500
0.729167
0.700000
0.495833
0.087500
0.816667
0.591667
0.608333
0.720833
0.637500
0.429167
0.608333
0.745833
0.808333
1.166667
0.608333
0.583333
0.408333
0.629167
0.575000
0.637500
0.545833
0.475000
0.650000
0.454167
0.462500
0.445833
0.600000
0.741667
0.333333
0.595833
0.116667
0.566667
0.800000
0.408333
0.495833
0.412500
0.966667
0.425000
0.620833
0.091667
0.887500
0.025000
0.812500
1.620833
0.204167
0.350000
0.704167
2.591667
0.383333
0.237500
0.587500
0.433333
0.445833
0.670833
0.287500
0.575000
0.320833
0.220833
0.662500
0.612500
0.629167
0.662500
0.570833
0.475000
0.766667
0.620833
0.425000
0.645833
0.512500
0.520833
0.637500
0.066667
0.483333
0.629167
0.250000
1.287500
0.629167
0.808333
0.066667
0.583333
0.195833
0.862500
0.733333
0.650000
1.016667
0.666667
0.691667
0.654167
0.429167
0.858333
0.816667
0.441667
0.566667
0.250000
0.379167
0.783333
1.350000
0.483333
0.770833
0.791667
0.708333
0.525000
0.570833
0.370833
0.712500
0.679167
0.641667
0.508333
0.891667
0.229167
1.250000
0.237500
0.820833
0.437500
0.441667
0.412500
0.583333
0.487500
0.045833
0.508333
0.829167
0.791667
0.500000
0.441667
0.650000
0.450000
0.562500
0.920833
0.358333
0.550000
0.450000
0.625000
0.733333
0.504167
0.637500
0.500000
0.662500
0.841667
0.700000
0.400000
0.341667
0.387500
0.583333
0.425000
0.395833
0.587500
0.420833
0.625000
0.683333
0.441667
0.579167
0.433333
0.425000
0.516667
0.733333
0.595833
0.729167
0.491667
0.550000
0.583333
0.454167
0.608333
0.766667
0.720833
0.529167
0.558333
0.575000
0.433333
0.441667
0.670833
0.470833
0.441667
0.425000
0.600000
0.545833
0.462500
0.679167
0.504167
0.658333
0.745833
0.458333
0.662500
0.625000
0.820833
0.795833
0.712500
0.575000
0.779167
0.666667
0.675000
0.641667
0.800000
0.558333
0.587500
0.470833
0.595833
0.491667
0.608333
0.591667
0.450000
0.462500
0.583333
0.441667
0.841667
0.708333
0.625000
0.587500
0.454167
0.862500
0.791667
0.541667
0.545833
0.616667
0.733333
0.645833
0.633333
0.454167
0.466667
0.662500
0.650000
0.662500
0.416667
0.458333
0.487500
0.520833
0.645833
0.529167
0.670833
0.537500
0.733333
0.666667
0.708333
0.712500
0.508333
0.879167
0.812500
0.729167
0.608333
0.658333
0.512500
0.566667
0.720833
0.708333
0.562500
0.583333
0.525000
0.687500
0.700000
0.533333
0.462500
0.937500
0.475000
