0.670833
0.662500
0.666667
0.666667
0.666667
0.670833
0.675000
0.666667
0.662500
0.662500
0.654167
0.658333
0.662500
0.662500
0.666667
0.670833
0.591667
0.745833
0.658333
0.466667
0.754167
0.875000
0.720833
0.700000
0.691667
0.679167
0.670833
0.662500
0.662500
0.662500
0.662500
0.670833
0.675000
0.666667
0.670833
0.666667
0.662500
0.662500
0.662500
0.566667
0.779167
0.662500
0.666667
0.666667
0.675000
0.662500
0.666667
0.662500
0.662500
0.662500
0.666667
1.333333
0.670833
0.491667
0.854167
0.754167
0.691667
0.675000
0.666667
0.662500
0.666667
0.666667
0.666667
0.658333
0.666667
0.658333
0.658333
0.654167
0.654167
0.666667
0.666667
0.670833
0.670833
0.666667
0.670833
0.662500
0.666667
0.675000
0.679167
0.683333
0.683333
0.679167
0.670833
0.675000
0.679167
0.679167
0.691667
0.683333
0.679167
0.550000
0.787500
0.670833
0.679167
0.675000
0.670833
0.666667
0.662500
0.658333
0.654167
0.650000
0.654167
0.662500
0.662500
0.658333
0.658333
0.658333
0.662500
0.662500
0.687500
0.683333
0.675000
0.583333
0.595833
0.904167
0.775000
0.712500
0.687500
0.675000
0.666667
0.670833
0.670833
0.675000
0.675000
0.666667
0.662500
0.662500
0.666667
0.675000
0.670833
0.679167
0.545833
0.879167
0.729167
0.683333
0.687500
0.687500
0.691667
0.675000
0.670833
0.670833
0.683333
0.679167
0.679167
0.675000
0.666667
0.670833
0.666667
0.675000
0.683333
0.679167
0.691667
0.683333
0.683333
0.679167
0.683333
0.687500
0.691667
0.695833
0.695833
0.691667
0.679167
0.679167
0.675000
0.675000
0.679167
0.687500
0.679167
0.537500
0.916667
0.787500
0.516667
0.891667
0.766667
0.700000
0.679167
0.479167
0.629167
0.895833
0.745833
0.704167
0.691667
0.679167
0.679167
0.666667
0.662500
0.658333
0.658333
0.662500
0.666667
0.666667
0.608333
0.716667
0.670833
0.670833
0.670833
0.679167
0.683333
0.679167
0.670833
0.670833
0.670833
0.675000
0.679167
0.675000
0.679167
0.675000
0.487500
0.879167
0.750000
0.704167
0.691667
0.687500
0.691667
0.679167
0.670833
0.666667
0.662500
0.662500
0.670833
0.670833
0.670833
0.666667
0.487500
0.870833
0.495833
0.550000
0.895833
0.754167
0.691667
0.687500
0.666667
0.662500
0.654167
0.658333
0.658333
0.679167
0.679167
0.491667
0.891667
0.620833
0.841667
0.687500
0.670833
0.670833
0.675000
0.670833
0.666667
0.662500
0.658333
0.654167
0.662500
0.670833
0.675000
0.675000
0.679167
0.508333
0.870833
0.808333
0.725000
0.700000
0.679167
0.675000
0.662500
0.675000
0.670833
0.679167
0.679167
0.675000
0.670833
0.666667
0.662500
0.666667
0.666667
0.679167
0.675000
0.679167
0.679167
0.666667
0.666667
0.666667
0.670833
0.670833
0.670833
0.675000
0.679167
0.679167
0.670833
0.675000
0.670833
0.679167
0.679167
0.695833
0.695833
0.691667
0.679167
0.675000
0.670833
0.666667
0.670833
0.679167
0.683333
0.679167
0.675000
0.670833
0.504167
0.866667
0.754167
0.704167
0.687500
0.683333
0.670833
0.675000
0.600000
0.716667
0.662500
0.654167
0.500000
0.879167
0.537500
0.891667
0.733333
0.700000
0.700000
0.683333
0.687500
0.679167
0.687500
0.687500
0.687500
0.675000
0.675000
0.670833
0.683333
0.683333
0.679167
0.683333
0.675000
0.629167
0.720833
0.687500
0.691667
0.687500
0.679167
0.683333
0.683333
0.691667
0.691667
0.695833
0.691667
0.679167
0.675000
0.679167
0.687500
0.683333
0.700000
0.695833
0.687500
0.687500
0.591667
0.829167
0.687500
0.687500
0.687500
0.687500
0.679167
0.675000
0.679167
0.516667
0.891667
0.783333
0.716667
0.687500
0.679167
0.675000
0.679167
0.675000
0.679167
0.679167
0.675000
0.675000
0.675000
0.670833
0.679167
0.683333
0.679167
0.679167
0.675000
0.525000
0.875000
0.762500
0.712500
0.691667
0.687500
0.670833
0.666667
0.658333
0.666667
0.662500
0.654167
0.658333
0.658333
0.550000
0.733333
0.650000
0.650000
0.645833
0.650000
0.650000
0.650000
0.645833
0.641667
0.645833
0.645833
0.645833
0.645833
1.279167
0.654167
0.641667
0.641667
0.637500
0.579167
0.679167
0.637500
0.633333
0.637500
0.637500
0.637500
0.633333
0.633333
0.625000
0.633333
0.629167
0.633333
0.629167
1.262500
0.479167
0.800000
0.670833
0.645833
0.633333
0.637500
0.633333
0.629167
0.537500
0.700000
0.629167
0.625000
0.633333
0.633333
0.633333
0.529167
0.537500
0.812500
0.670833
0.645833
0.637500
0.645833
0.633333
0.625000
0.629167
0.633333
0.629167
0.633333
0.629167
0.629167
0.633333
0.629167
0.633333
0.633333
0.641667
0.641667
0.645833
0.645833
0.579167
0.716667
0.645833
0.654167
0.654167
1.320833
0.658333
0.662500
0.670833
0.666667
0.675000
0.675000
0.679167
0.679167
0.670833
0.691667
0.675000
0.691667
0.687500
0.683333
0.533333
0.929167
0.704167
0.879167
0.720833
0.675000
0.666667
0.662500
0.658333
0.666667
0.658333
0.666667
0.658333
0.654167
0.545833
0.820833
0.704167
0.675000
0.675000
0.666667
0.662500
0.666667
0.662500
0.662500
0.675000
0.679167
0.675000
0.670833
0.670833
0.666667
0.666667
0.675000
0.675000
0.679167
0.675000
0.679167
0.666667
0.670833
0.504167
0.516667
0.854167
0.770833
0.720833
0.708333
0.695833
0.695833
0.679167
0.679167
0.679167
0.679167
0.691667
0.687500
0.683333
0.675000
0.675000
0.670833
0.675000
0.675000
0.675000
0.670833
0.670833
0.666667
0.504167
0.804167
0.570833
0.508333
0.866667
0.791667
0.704167
0.679167
0.545833
0.491667
0.875000
1.533333
0.708333
0.558333
0.775000
1.583333
0.704167
0.679167
0.670833
0.675000
0.675000
0.679167
0.687500
0.683333
0.675000
0.679167
0.675000
0.683333
0.683333
0.695833
0.695833
0.683333
0.683333
0.683333
0.691667
0.687500
0.700000
0.700000
0.700000
0.683333
0.683333
0.687500
0.687500
0.687500
0.695833
0.695833
0.687500
0.683333
0.687500
0.683333
0.695833
0.691667
0.695833
0.695833
0.695833
0.679167
0.683333
0.679167
1.362500
0.700000
0.683333
0.683333
0.495833
0.925000
0.770833
0.725000
0.695833
0.700000
0.683333
0.537500
0.900000
1.462500
0.712500
0.691667
0.704167
0.683333
0.679167
0.683333
0.679167
1.370833
0.704167
0.691667
0.687500
0.687500
0.679167
0.687500
0.687500
0.695833
0.700000
0.691667
0.612500
0.741667
0.670833
0.683333
0.691667
0.691667
0.695833
0.687500
0.691667
0.679167
0.679167
0.670833
0.675000
0.679167
0.575000
0.620833
0.850000
0.683333
0.683333
0.683333
0.687500
0.687500
0.691667
0.691667
0.687500
0.500000
0.954167
0.529167
0.879167
0.800000
0.708333
0.700000
0.679167
0.670833
0.670833
0.666667
0.666667
0.666667
0.675000
0.679167
0.683333
0.675000
0.675000
0.537500
0.904167
0.850000
0.770833
0.725000
0.708333
0.683333
0.516667
0.908333
0.766667
0.708333
1.375000
0.695833
0.670833
0.662500
0.662500
0.675000
0.525000
0.916667
0.804167
0.712500
0.683333
0.679167
0.675000
0.679167
0.679167
0.675000
0.670833
0.666667
0.666667
0.666667
0.666667
0.670833
0.679167
0.683333
0.675000
0.670833
0.670833
0.666667
0.670833
0.679167
0.683333
0.687500
0.683333
0.679167
0.512500
0.858333
0.687500
0.687500
0.687500
0.683333
0.575000
0.762500
0.666667
0.679167
0.683333
0.691667
0.691667
0.700000
0.683333
0.545833
0.904167
0.795833
0.733333
0.716667
0.700000
0.683333
0.679167
0.675000
0.679167
0.679167
0.695833
0.700000
0.691667
0.683333
0.675000
0.675000
0.670833
0.675000
0.683333
0.687500
0.683333
0.679167
0.554167
0.666667
0.820833
0.700000
0.695833
0.691667
0.691667
0.683333
0.670833
0.575000
0.758333
0.691667
0.679167
0.679167
0.679167
0.683333
0.675000
0.670833
0.675000
0.670833
0.679167
0.679167
0.408333
0.941667
0.687500
0.675000
0.695833
0.704167
0.691667
0.683333
0.679167
1.354167
0.491667
0.870833
0.758333
0.708333
0.695833
0.691667
0.550000
0.895833
0.766667
0.725000
0.700000
0.704167
0.691667
0.687500
0.679167
0.650000
0.687500
0.679167
0.679167
0.670833
0.675000
0.683333
0.675000
1.333333
0.662500
0.666667
0.670833
0.670833
0.670833
0.675000
0.670833
0.666667
0.662500
0.662500
0.662500
0.670833
0.666667
0.679167
0.587500
0.758333
0.666667
0.670833
0.666667
0.675000
0.675000
0.675000
0.670833
0.666667
0.666667
0.666667
0.666667
0.679167
0.691667
0.550000
0.845833
0.525000
0.887500
0.812500
0.725000
0.704167
0.691667
0.683333
0.675000
0.666667
0.666667
0.670833
0.683333
0.683333
0.683333
0.683333
0.570833
0.787500
0.675000
0.687500
0.691667
0.695833
0.700000
0.695833
0.683333
0.675000
0.666667
0.666667
0.662500
0.670833
0.670833
0.683333
0.675000
0.670833
0.666667
0.583333
0.741667
0.666667
0.679167
0.670833
0.454167
0.883333
0.733333
0.700000
0.691667
0.691667
0.687500
0.683333
0.666667
