0.762500
0.766667
0.779167
0.775000
0.758333
0.766667
0.758333
0.770833
0.770833
0.775000
0.754167
0.758333
0.512500
0.937500
0.833333
0.812500
0.795833
0.770833
0.762500
0.766667
0.766667
0.766667
0.762500
0.745833
0.758333
0.750000
0.750000
0.766667
0.766667
0.758333
0.745833
0.750000
0.754167
0.762500
0.766667
0.779167
0.766667
0.770833
0.766667
0.754167
0.750000
0.750000
0.741667
0.733333
0.758333
0.779167
0.791667
0.779167
0.787500
0.800000
0.791667
0.800000
0.791667
0.766667
0.775000
0.770833
0.787500
0.787500
0.770833
0.775000
0.779167
0.791667
0.783333
0.791667
0.787500
0.554167
1.037500
0.875000
0.829167
0.816667
0.816667
0.812500
0.800000
0.791667
0.787500
0.795833
0.795833
0.783333
0.770833
0.775000
0.779167
0.791667
0.779167
0.766667
0.770833
0.783333
0.775000
0.791667
0.783333
0.779167
0.791667
0.795833
0.812500
0.804167
0.787500
0.787500
0.800000
0.795833
0.812500
0.800000
0.791667
0.787500
0.791667
0.808333
0.816667
0.804167
0.783333
0.787500
0.783333
0.787500
0.783333
0.783333
0.779167
0.787500
0.795833
0.787500
0.791667
0.775000
0.775000
0.787500
0.779167
0.783333
0.775000
0.520833
0.970833
0.537500
1.020833
0.858333
0.854167
0.829167
0.833333
0.820833
0.812500
0.816667
0.795833
0.775000
0.779167
0.779167
0.787500
0.779167
0.766667
0.762500
0.770833
0.775000
0.779167
0.783333
0.766667
0.770833
0.779167
0.783333
0.775000
0.779167
0.770833
0.766667
0.766667
0.770833
0.770833
0.766667
0.770833
0.758333
0.766667
0.750000
0.758333
0.762500
0.754167
0.754167
0.741667
0.745833
0.762500
0.766667
0.766667
0.745833
0.700000
0.808333
0.758333
0.754167
0.745833
0.741667
0.745833
0.754167
0.754167
0.762500
0.750000
0.750000
0.750000
0.758333
0.754167
0.750000
0.750000
0.733333
0.737500
0.737500
0.741667
0.745833
0.750000
0.745833
0.733333
0.733333
0.733333
0.737500
0.737500
0.737500
0.741667
0.741667
1.470833
0.737500
0.754167
0.745833
0.741667
0.733333
0.750000
0.762500
0.762500
0.762500
0.754167
0.754167
0.762500
0.762500
0.766667
0.758333
0.741667
0.750000
0.754167
0.745833
0.741667
0.745833
0.741667
0.733333
0.733333
0.737500
0.741667
0.745833
0.745833
0.754167
0.741667
0.737500
0.754167
0.762500
0.762500
0.741667
0.750000
0.762500
0.770833
0.770833
0.770833
0.766667
0.754167
0.766667
0.775000
0.775000
0.783333
0.779167
0.754167
0.758333
0.758333
0.766667
0.766667
0.766667
0.579167
0.962500
0.533333
0.950000
0.820833
0.812500
0.804167
0.791667
0.770833
0.770833
0.779167
0.795833
0.795833
0.795833
0.787500
0.779167
0.791667
0.795833
0.783333
0.783333
0.775000
0.766667
0.770833
0.775000
0.770833
0.766667
0.758333
1.508333
1.375000
1.691667
0.737500
0.745833
0.754167
0.758333
0.754167
0.762500
0.758333
0.750000
0.745833
0.745833
0.750000
0.762500
0.762500
0.754167
0.754167
0.737500
0.741667
0.741667
0.745833
0.741667
0.754167
0.750000
0.733333
0.725000
0.733333
0.745833
0.741667
0.737500
0.729167
0.729167
0.720833
0.733333
0.733333
0.737500
0.729167
0.716667
0.712500
0.716667
0.725000
0.720833
0.716667
0.720833
0.712500
0.720833
0.725000
0.729167
0.737500
0.720833
0.725000
0.725000
0.733333
0.741667
0.729167
0.720833
0.737500
0.733333
0.729167
0.720833
0.716667
0.720833
0.720833
0.733333
0.604167
0.854167
0.762500
0.754167
0.750000
0.737500
1.450000
0.729167
0.729167
0.729167
0.720833
0.712500
0.720833
0.720833
0.725000
0.733333
0.729167
0.725000
0.725000
0.737500
0.741667
0.745833
0.750000
0.737500
0.737500
0.737500
0.741667
0.754167
0.750000
0.741667
0.741667
0.741667
0.737500
0.750000
0.745833
0.750000
0.750000
0.758333
0.754167
0.745833
0.741667
0.666667
0.829167
0.754167
0.762500
0.741667
0.745833
0.737500
0.754167
0.754167
0.754167
0.754167
0.754167
0.737500
0.741667
0.737500
0.745833
0.754167
0.754167
0.745833
0.745833
0.737500
0.745833
0.750000
0.758333
0.745833
0.737500
0.733333
0.745833
0.754167
0.754167
0.745833
0.733333
0.733333
0.725000
0.741667
0.729167
0.733333
0.729167
0.725000
0.741667
0.750000
0.750000
0.754167
0.741667
0.741667
0.741667
0.612500
0.904167
0.795833
0.779167
0.750000
0.741667
0.745833
0.750000
0.754167
0.741667
0.733333
0.733333
0.733333
0.729167
0.666667
0.812500
0.737500
0.737500
0.733333
0.729167
0.741667
0.737500
0.733333
0.741667
0.725000
0.729167
0.741667
0.745833
0.741667
0.737500
0.737500
0.745833
0.733333
0.729167
0.737500
0.750000
0.754167
0.745833
0.741667
0.741667
0.737500
0.741667
0.650000
0.883333
0.779167
0.762500
0.758333
0.750000
0.754167
0.762500
0.750000
0.750000
0.741667
0.741667
0.741667
0.750000
0.758333
0.754167
0.754167
0.750000
0.741667
0.741667
0.754167
0.758333
0.766667
0.766667
0.762500
0.762500
0.754167
0.758333
0.766667
0.566667
0.962500
0.808333
0.779167
0.762500
0.762500
0.766667
0.750000
0.754167
0.733333
0.737500
0.754167
0.766667
0.779167
0.766667
0.766667
0.758333
0.770833
0.775000
0.791667
0.766667
0.766667
0.750000
0.754167
0.758333
0.762500
0.766667
0.766667
0.754167
0.745833
0.750000
0.762500
0.766667
0.766667
0.762500
0.750000
0.741667
0.741667
0.725000
0.725000
0.725000
0.725000
0.725000
0.741667
0.754167
0.770833
0.779167
0.787500
0.783333
0.525000
0.941667
0.858333
0.841667
0.829167
0.804167
0.804167
0.800000
0.804167
0.800000
0.800000
0.804167
0.495833
0.962500
0.850000
0.837500
0.816667
0.812500
0.812500
0.800000
0.791667
0.791667
0.804167
0.795833
0.787500
0.741667
0.833333
0.779167
0.758333
0.762500
0.770833
0.770833
0.775000
0.766667
0.758333
0.754167
0.758333
0.766667
0.758333
0.762500
0.762500
0.741667
0.745833
0.745833
0.754167
0.758333
0.608333
0.920833
0.787500
0.770833
0.762500
0.770833
0.775000
0.762500
0.750000
0.750000
0.762500
0.754167
0.745833
0.745833
0.729167
0.729167
0.725000
0.733333
0.737500
0.737500
0.733333
0.729167
0.729167
0.729167
0.733333
0.750000
0.750000
0.762500
0.745833
0.737500
0.737500
0.737500
0.737500
0.737500
0.733333
0.725000
0.720833
0.720833
0.720833
0.725000
0.725000
0.725000
0.725000
0.720833
0.700000
0.700000
0.704167
0.720833
0.720833
0.725000
0.737500
0.729167
0.729167
0.741667
0.745833
0.741667
0.741667
0.737500
0.733333
0.729167
0.729167
0.725000
0.729167
0.725000
0.725000
0.725000
0.729167
0.725000
0.725000
0.720833
0.729167
0.733333
0.729167
0.733333
0.737500
0.733333
0.733333
0.725000
0.737500
0.750000
0.737500
0.737500
0.745833
0.758333
0.750000
0.766667
0.758333
0.741667
0.737500
0.745833
0.754167
0.745833
0.758333
0.750000
0.737500
0.729167
0.729167
0.737500
0.733333
0.733333
0.720833
0.720833
0.725000
0.737500
0.733333
0.733333
0.729167
0.725000
0.729167
0.741667
0.729167
0.729167
0.733333
0.745833
0.745833
0.741667
0.737500
0.741667
0.750000
0.770833
0.770833
0.750000
0.754167
0.762500
0.762500
0.762500
0.758333
0.741667
0.745833
0.762500
0.758333
0.762500
0.762500
0.754167
0.745833
0.745833
0.762500
0.758333
0.758333
0.745833
0.754167
0.775000
0.775000
0.783333
0.775000
0.779167
0.762500
0.758333
0.766667
0.758333
0.750000
0.745833
0.733333
0.729167
0.720833
0.716667
0.720833
0.729167
0.729167
0.720833
0.725000
0.720833
0.716667
0.725000
0.729167
0.725000
0.729167
0.733333
0.725000
0.725000
0.725000
0.716667
0.720833
0.725000
0.729167
0.725000
0.725000
0.712500
0.716667
0.725000
0.733333
0.725000
0.729167
0.716667
0.725000
0.737500
0.745833
0.745833
0.725000
0.725000
0.725000
0.729167
0.737500
0.750000
0.725000
0.725000
0.737500
0.741667
0.745833
0.733333
0.729167
0.729167
0.741667
0.741667
0.733333
0.725000
0.729167
0.745833
0.750000
0.741667
0.733333
0.737500
0.745833
0.741667
0.754167
0.700000
0.750000
0.783333
0.762500
