0.954167
0.966667
0.991667
0.933333
0.933333
0.945833
0.958333
0.962500
0.345833
0.575000
0.175000
0.716667
0.466667
0.420833
0.429167
0.479167
0.541667
0.350000
0.275000
0.612500
0.870833
0.845833
0.816667
0.820833
0.833333
0.837500
0.845833
0.895833
0.929167
0.904167
0.904167
0.929167
0.925000
0.904167
0.925000
0.933333
0.916667
0.900000
0.925000
0.937500
0.916667
0.908333
0.933333
0.937500
0.920833
0.925000
0.937500
0.954167
0.920833
0.937500
0.958333
0.954167
0.945833
1.000000
0.987500
0.954167
0.983333
1.000000
0.970833
0.958333
1.004167
0.995833
0.954167
0.983333
0.987500
0.937500
0.933333
0.966667
0.925000
0.891667
0.858333
0.866667
0.883333
0.891667
0.879167
0.895833
0.916667
0.929167
0.908333
0.954167
0.966667
0.954167
0.941667
0.970833
0.991667
0.958333
0.945833
0.979167
0.975000
0.950000
0.983333
0.983333
0.945833
0.966667
0.983333
0.962500
0.958333
0.995833
0.987500
0.941667
0.966667
0.979167
0.962500
0.950000
0.966667
0.954167
0.950000
0.983333
0.962500
0.954167
0.995833
0.983333
0.958333
0.991667
0.991667
0.950000
0.983333
1.000000
0.929167
0.362500
0.291667
0.266667
0.941667
0.279167
0.641667
0.904167
0.812500
0.591667
0.987500
0.462500
0.404167
0.808333
0.791667
0.808333
0.808333
0.804167
0.791667
0.820833
0.825000
0.825000
0.825000
0.812500
0.862500
0.845833
0.616667
0.216667
0.883333
0.912500
0.941667
0.912500
0.912500
0.950000
0.945833
0.920833
0.970833
0.995833
0.958333
0.962500
0.500000
0.487500
0.975000
0.958333
0.991667
0.970833
0.958333
0.958333
0.970833
0.975000
0.987500
0.991667
1.008333
0.995833
0.966667
0.991667
1.000000
0.987500
0.958333
0.962500
0.975000
0.954167
0.933333
0.979167
1.004167
0.962500
0.979167
0.991667
0.945833
0.929167
0.950000
0.954167
0.929167
0.979167
0.987500
0.941667
0.995833
1.004167
0.970833
1.004167
1.000000
1.012500
1.041667
1.029167
1.020833
0.979167
1.029167
1.025000
0.995833
1.000000
1.041667
1.037500
1.000000
1.045833
1.070833
1.012500
1.066667
1.066667
1.008333
0.995833
1.033333
0.995833
0.979167
1.025000
1.016667
0.983333
1.025000
1.020833
0.958333
0.970833
0.995833
0.983333
0.920833
0.962500
0.970833
0.941667
0.991667
1.008333
0.958333
0.958333
0.966667
0.958333
0.941667
0.987500
0.995833
0.950000
0.995833
1.008333
0.954167
0.979167
0.975000
0.941667
0.995833
1.025000
0.966667
0.983333
1.008333
0.979167
1.000000
1.012500
0.970833
0.991667
1.025000
1.016667
0.995833
0.950000
0.937500
0.966667
0.987500
0.962500
0.950000
0.941667
0.945833
0.945833
0.929167
0.941667
0.966667
0.954167
0.958333
0.975000
0.987500
0.900000
0.962500
0.958333
0.929167
0.941667
0.941667
0.945833
0.920833
0.933333
0.937500
0.920833
0.933333
0.929167
0.937500
0.920833
0.925000
0.929167
0.941667
0.925000
0.945833
0.950000
0.941667
0.941667
0.954167
0.954167
0.937500
0.950000
0.954167
0.933333
0.941667
0.950000
0.937500
0.937500
0.941667
0.941667
0.929167
0.937500
0.941667
0.920833
0.937500
0.941667
0.929167
0.933333
0.937500
0.945833
0.925000
0.937500
0.945833
0.933333
0.925000
0.937500
0.941667
0.925000
0.929167
0.925000
0.920833
0.925000
0.925000
0.904167
0.916667
0.916667
0.925000
0.912500
0.925000
0.925000
0.937500
0.929167
0.929167
0.937500
0.941667
0.933333
0.937500
0.937500
1.862500
0.916667
0.933333
0.941667
0.925000
0.941667
0.616667
0.370833
1.754167
0.912500
0.925000
0.933333
0.937500
0.954167
0.975000
0.962500
0.983333
0.995833
0.983333
0.662500
0.404167
0.933333
1.000000
0.995833
1.004167
1.008333
1.004167
1.016667
1.029167
1.016667
1.029167
1.037500
1.016667
1.029167
1.041667
1.029167
0.616667
0.425000
0.933333
0.604167
1.112500
1.058333
1.083333
1.083333
1.029167
0.945833
0.920833
1.004167
0.650000
1.304167
0.904167
0.970833
0.975000
0.958333
0.950000
1.025000
1.037500
1.016667
1.108333
1.095833
1.041667
1.070833
0.616667
1.366667
0.562500
1.125000
1.104167
1.087500
1.012500
0.929167
0.975000
0.995833
1.941667
0.920833
0.975000
0.958333
1.016667
1.016667
0.983333
1.050000
1.050000
1.000000
1.054167
1.045833
0.975000
1.045833
1.054167
1.008333
0.991667
1.000000
1.883333
0.912500
0.983333
0.962500
0.941667
1.000000
1.012500
0.983333
0.970833
1.020833
1.012500
0.991667
1.054167
1.079167
1.000000
1.025000
1.008333
0.954167
1.012500
1.020833
1.020833
0.970833
1.016667
0.483333
0.379167
1.104167
0.916667
1.033333
1.004167
0.950000
1.004167
1.008333
0.975000
1.058333
1.087500
1.025000
1.008333
1.029167
0.562500
2.358333
0.975000
0.920833
0.987500
1.008333
0.966667
0.950000
1.020833
1.029167
0.962500
1.008333
1.004167
0.966667
0.970833
1.020833
1.012500
0.962500
1.025000
1.020833
0.966667
1.020833
1.012500
0.945833
1.016667
1.008333
0.954167
1.041667
1.029167
0.975000
0.941667
0.979167
0.995833
0.958333
0.941667
0.987500
0.983333
0.937500
1.016667
1.016667
0.958333
0.987500
1.000000
0.987500
0.950000
0.987500
0.991667
0.966667
1.041667
1.066667
1.004167
1.045833
0.912500
0.929167
0.920833
0.579167
1.345833
0.925000
0.912500
0.991667
0.983333
0.983333
0.979167
1.037500
1.029167
1.000000
0.983333
1.033333
1.020833
0.983333
1.054167
1.070833
1.004167
0.979167
1.020833
1.012500
0.979167
1.033333
1.041667
0.991667
0.970833
1.000000
1.000000
0.970833
0.954167
0.995833
1.004167
0.962500
1.012500
1.012500
0.975000
0.975000
1.000000
0.979167
0.950000
1.008333
0.487500
1.408333
0.558333
1.220833
1.058333
0.933333
0.950000
0.970833
0.954167
0.929167
0.991667
0.966667
0.933333
1.912500
0.925000
1.800000
0.925000
0.929167
0.916667
1.000000
0.995833
0.958333
1.004167
1.016667
0.987500
1.033333
1.045833
1.033333
1.000000
1.041667
1.058333
1.045833
1.012500
1.050000
1.058333
1.029167
1.066667
1.058333
0.995833
0.558333
1.466667
0.920833
0.970833
0.558333
1.345833
0.904167
0.575000
0.412500
0.916667
0.875000
0.962500
0.995833
0.975000
1.000000
1.058333
1.100000
1.054167
1.045833
0.495833
0.545833
1.012500
0.962500
1.012500
0.958333
0.916667
0.970833
1.004167
0.925000
0.891667
1.816667
0.912500
1.687500
1.687500
1.670833
0.833333
0.841667
0.854167
