0.725000
0.716667
0.700000
0.712500
0.720833
0.725000
0.737500
0.729167
0.704167
0.716667
0.725000
0.750000
0.741667
0.716667
0.708333
0.716667
0.725000
0.762500
0.737500
0.708333
0.683333
0.691667
0.695833
0.700000
0.704167
0.708333
0.687500
0.691667
0.691667
0.695833
0.687500
0.683333
0.691667
0.700000
0.691667
0.687500
0.695833
0.700000
0.704167
0.720833
0.704167
0.708333
0.716667
0.720833
0.733333
0.754167
0.741667
0.691667
0.779167
0.745833
0.750000
0.779167
0.766667
0.745833
0.754167
0.762500
0.766667
0.787500
0.775000
0.758333
0.766667
0.779167
0.795833
0.795833
0.779167
0.779167
0.787500
0.791667
0.808333
0.795833
0.779167
0.791667
0.795833
0.804167
0.829167
0.829167
0.816667
0.808333
0.816667
0.812500
0.804167
0.787500
0.791667
0.800000
0.816667
0.758333
0.825000
0.787500
0.554167
1.037500
0.779167
0.804167
0.779167
0.783333
0.791667
0.787500
0.758333
0.779167
0.775000
0.779167
0.795833
0.787500
0.770833
0.775000
0.783333
0.808333
0.804167
0.787500
0.500000
1.058333
0.808333
0.808333
0.775000
0.783333
0.775000
0.775000
0.783333
0.779167
0.758333
0.762500
0.766667
0.770833
0.791667
0.775000
0.754167
0.762500
0.766667
0.791667
0.766667
0.783333
0.779167
0.787500
0.820833
0.820833
0.791667
0.791667
0.787500
0.762500
0.862500
0.812500
0.775000
0.808333
0.795833
0.800000
0.808333
0.800000
0.562500
1.037500
0.820833
0.529167
0.445833
0.700000
0.729167
0.783333
0.766667
0.775000
0.791667
0.808333
0.770833
0.779167
0.775000
0.779167
0.808333
0.804167
0.770833
0.770833
0.770833
0.783333
0.804167
0.795833
0.779167
0.766667
0.775000
0.787500
0.791667
0.566667
0.962500
0.695833
0.862500
0.795833
0.750000
0.783333
0.512500
0.970833
0.754167
0.762500
0.745833
0.729167
0.729167
0.745833
0.758333
0.791667
0.787500
0.770833
0.779167
0.858333
0.812500
0.812500
0.795833
0.845833
0.470833
1.266667
0.575000
0.508333
0.641667
0.604167
0.541667
1.012500
0.633333
0.904167
0.775000
0.758333
0.804167
0.758333
0.770833
0.737500
0.795833
0.766667
0.816667
0.804167
0.791667
0.775000
0.829167
0.783333
0.833333
0.758333
0.816667
0.837500
0.833333
0.837500
0.800000
0.795833
0.820833
0.825000
0.841667
0.791667
0.787500
0.816667
0.816667
0.808333
0.754167
0.825000
0.800000
0.804167
0.816667
0.795833
0.783333
0.800000
0.808333
0.816667
0.812500
0.787500
0.795833
0.779167
0.816667
0.762500
0.775000
0.741667
0.804167
0.762500
0.829167
0.750000
0.783333
0.758333
0.816667
0.758333
0.783333
0.741667
0.812500
0.762500
0.812500
0.816667
0.787500
0.716667
0.804167
0.770833
0.825000
0.820833
0.800000
0.725000
0.825000
0.833333
0.841667
0.737500
0.791667
0.800000
0.866667
0.862500
0.812500
0.812500
0.770833
0.850000
0.791667
0.829167
0.587500
0.408333
0.683333
0.708333
0.825000
0.841667
0.800000
0.800000
0.816667
0.825000
0.825000
0.783333
0.737500
0.770833
0.737500
0.741667
0.745833
0.729167
0.708333
0.716667
0.720833
0.725000
0.733333
0.720833
0.704167
0.716667
0.720833
0.737500
0.737500
0.725000
0.720833
0.737500
0.750000
0.779167
0.758333
0.737500
0.741667
0.750000
0.754167
0.775000
0.600000
0.408333
1.216667
0.758333
0.758333
0.737500
0.716667
0.729167
0.725000
0.758333
0.745833
0.716667
0.716667
0.725000
0.729167
0.758333
0.745833
0.716667
0.733333
0.691667
0.795833
0.779167
0.754167
0.741667
0.741667
0.754167
0.783333
0.770833
0.745833
0.758333
0.762500
0.791667
0.779167
0.750000
0.754167
0.762500
0.795833
0.775000
0.758333
0.758333
0.758333
0.795833
0.783333
0.745833
0.750000
0.750000
0.758333
0.779167
0.770833
0.745833
0.741667
0.745833
0.766667
0.758333
0.745833
0.741667
0.508333
0.958333
0.762500
0.762500
0.766667
0.754167
0.750000
0.754167
0.758333
0.775000
0.779167
0.758333
0.754167
0.762500
0.770833
0.800000
0.808333
0.791667
0.775000
0.783333
0.766667
0.766667
0.500000
1.062500
0.816667
0.787500
0.783333
0.758333
0.775000
0.766667
0.762500
0.766667
0.791667
0.779167
0.754167
0.754167
0.766667
0.791667
0.783333
0.762500
0.762500
0.587500
0.958333
0.779167
0.762500
0.758333
0.758333
0.766667
0.775000
0.766667
0.750000
0.758333
0.762500
0.791667
0.787500
0.758333
0.762500
0.762500
0.791667
0.779167
0.754167
0.758333
0.758333
0.795833
0.787500
0.762500
0.470833
0.545833
0.575000
0.725000
0.791667
0.779167
0.754167
0.750000
0.754167
0.770833
0.770833
0.758333
0.745833
0.750000
0.762500
0.783333
0.779167
0.745833
0.750000
0.754167
0.758333
0.770833
0.766667
0.741667
0.750000
0.750000
0.775000
0.775000
0.766667
0.762500
0.762500
0.762500
0.783333
0.779167
0.758333
0.758333
0.770833
1.550000
0.529167
1.025000
0.787500
0.775000
0.766667
0.779167
0.770833
0.750000
0.754167
0.754167
0.766667
0.787500
0.787500
0.762500
0.612500
1.016667
0.783333
0.779167
0.775000
0.820833
0.837500
0.833333
0.787500
0.783333
0.812500
0.812500
0.820833
0.820833
0.562500
1.016667
0.783333
0.800000
0.800000
0.783333
0.775000
0.800000
0.800000
0.808333
0.808333
0.783333
0.812500
0.820833
0.825000
0.812500
0.795833
0.762500
0.829167
0.745833
0.816667
0.741667
0.800000
0.762500
0.812500
0.775000
0.791667
0.733333
0.808333
0.762500
0.820833
0.762500
0.787500
0.745833
0.508333
1.133333
0.833333
0.829167
0.791667
0.725000
0.795833
0.775000
0.825000
0.787500
0.825000
0.770833
0.820833
0.845833
0.833333
0.775000
0.800000
0.745833
0.791667
0.741667
0.775000
0.716667
0.762500
0.712500
0.758333
0.712500
0.733333
0.712500
0.762500
0.725000
0.758333
0.725000
0.716667
0.700000
0.695833
0.695833
0.691667
0.683333
0.683333
0.687500
0.695833
0.704167
0.687500
0.691667
0.695833
0.704167
0.708333
0.720833
0.712500
0.712500
0.725000
0.729167
0.729167
0.750000
0.733333
0.725000
0.737500
0.741667
0.750000
0.766667
0.758333
0.745833
0.754167
0.754167
0.775000
0.766667
0.745833
0.754167
0.762500
0.762500
0.787500
0.775000
0.750000
0.750000
0.745833
0.762500
0.566667
0.950000
0.762500
0.758333
0.750000
0.645833
0.862500
0.750000
0.745833
0.741667
0.745833
0.750000
0.745833
0.733333
0.745833
0.750000
0.762500
0.775000
0.758333
0.758333
0.762500
0.762500
0.808333
0.800000
0.629167
0.912500
0.629167
0.941667
0.762500
0.770833
0.791667
0.762500
0.779167
0.787500
0.750000
0.779167
0.762500
0.766667
0.787500
0.783333
0.754167
0.766667
0.770833
0.795833
0.575000
0.979167
0.787500
0.787500
0.770833
0.791667
0.779167
0.770833
0.770833
0.783333
0.800000
0.787500
0.766667
0.766667
0.779167
0.800000
0.779167
0.770833
0.758333
0.783333
0.787500
0.808333
0.779167
0.783333
0.762500
0.766667
0.787500
0.779167
0.758333
0.758333
0.762500
0.775000
0.775000
0.762500
0.754167
0.754167
0.758333
0.791667
0.779167
0.770833
0.770833
0.779167
0.787500
0.804167
0.766667
0.795833
0.787500
0.800000
0.808333
0.787500
0.770833
0.825000
0.791667
0.800000
0.758333
0.775000
0.770833
0.812500
0.770833
0.779167
0.741667
0.804167
0.583333
0.962500
0.770833
0.775000
0.750000
0.754167
0.745833
0.754167
0.783333
0.770833
0.754167
0.758333
0.770833
0.775000
0.808333
0.804167
0.795833
0.795833
0.795833
0.783333
0.766667
0.762500
0.766667
0.770833
0.754167
0.745833
0.745833
0.770833
0.766667
0.737500
0.737500
0.741667
0.766667
0.758333
0.729167
0.729167
0.737500
0.766667
0.750000
0.733333
0.725000
0.733333
0.745833
0.758333
0.745833
0.733333
0.733333
0.741667
0.741667
0.758333
0.750000
0.733333
0.745833
0.750000
0.766667
0.758333
0.733333
0.737500
0.737500
0.745833
0.754167
0.741667
0.725000
1.475000
0.737500
0.766667
0.750000
0.729167
0.729167
0.720833
0.725000
0.704167
0.695833
0.700000
0.683333
0.704167
