1.441667
0.833333
0.483333
0.975000
0.837500
0.475000
1.270833
0.879167
0.866667
0.570833
0.995833
0.837500
0.491667
0.983333
1.829167
1.479167
0.529167
1.000000
1.483333
0.845833
0.841667
0.529167
0.987500
0.845833
0.841667
0.595833
1.337500
0.870833
0.495833
1.004167
1.491667
0.854167
0.854167
0.525000
1.008333
0.345833
1.158333
0.862500
0.508333
1.008333
0.870833
1.033333
0.395833
1.008333
0.862500
0.512500
1.016667
1.504167
0.870833
0.862500
0.575000
1.008333
0.870833
0.870833
0.562500
1.008333
1.870833
0.883333
1.495833
1.516667
0.508333
1.008333
0.875000
0.529167
1.029167
0.579167
1.033333
0.887500
0.887500
0.575000
1.025000
0.379167
0.225000
0.958333
0.887500
0.879167
0.570833
1.000000
0.566667
0.487500
0.870833
0.858333
0.483333
1.291667
0.879167
0.841667
0.537500
0.970833
1.445833
0.320833
1.162500
0.825000
0.820833
1.458333
1.470833
0.554167
0.975000
1.433333
1.450000
0.537500
0.958333
0.812500
0.520833
0.950000
0.804167
0.325000
0.591667
1.295833
0.829167
0.516667
0.966667
0.508333
0.950000
0.854167
0.479167
0.975000
1.462500
0.845833
0.841667
0.841667
0.487500
0.979167
0.858333
0.500000
0.991667
0.858333
0.858333
0.600000
1.012500
0.866667
0.466667
1.016667
0.550000
1.025000
0.512500
1.020833
0.520833
1.016667
1.520833
0.887500
0.866667
0.575000
1.025000
0.879167
0.483333
1.100000
0.204167
0.570833
0.508333
1.008333
0.866667
0.512500
1.004167
0.537500
1.012500
0.512500
1.000000
0.858333
0.525000
1.008333
1.500000
0.875000
0.491667
1.008333
0.870833
0.875000
0.566667
1.016667
0.395833
0.470833
0.520833
0.650000
0.358333
0.525000
0.575000
0.429167
0.787500
0.712500
0.512500
0.991667
0.516667
0.983333
0.570833
0.462500
0.516667
0.837500
0.829167
0.495833
0.975000
1.466667
0.841667
0.829167
0.833333
0.504167
0.975000
1.470833
0.837500
0.825000
0.820833
0.525000
0.983333
0.820833
0.825000
0.562500
0.966667
0.820833
0.808333
0.595833
0.962500
1.445833
0.825000
0.512500
0.958333
0.820833
0.458333
1.308333
0.866667
0.479167
1.262500
0.891667
0.862500
0.550000
0.983333
0.483333
0.983333
0.841667
0.325000
1.433333
0.883333
0.845833
0.545833
0.970833
0.825000
0.483333
0.950000
0.541667
0.962500
0.816667
0.491667
0.954167
0.791667
0.716667
0.812500
0.483333
1.279167
1.491667
0.833333
0.820833
0.500000
0.975000
0.833333
0.837500
0.591667
0.987500
0.550000
0.983333
0.845833
0.920833
0.904167
0.845833
0.850000
0.566667
0.987500
0.512500
0.991667
0.504167
0.979167
0.858333
0.529167
0.995833
0.850000
0.479167
1.270833
0.891667
0.525000
1.000000
0.850000
0.837500
0.504167
0.995833
1.479167
0.850000
0.862500
0.854167
0.516667
0.991667
0.866667
0.866667
0.575000
1.008333
0.870833
1.737500
0.908333
0.908333
0.583333
1.016667
0.512500
1.008333
1.508333
1.516667
1.512500
0.529167
1.037500
0.879167
0.512500
1.029167
0.883333
0.883333
0.558333
1.025000
0.554167
1.025000
0.883333
0.887500
0.595833
1.029167
0.504167
1.033333
0.483333
0.837500
0.254167
0.525000
0.512500
0.391667
0.708333
0.179167
0.695833
0.058333
0.612500
0.116667
0.329167
0.154167
0.575000
0.437500
0.525000
0.991667
0.854167
0.512500
0.979167
1.466667
0.845833
0.837500
0.541667
0.979167
1.462500
1.470833
1.470833
1.450000
0.550000
0.966667
0.804167
0.804167
0.495833
0.366667
0.587500
0.812500
0.812500
0.500000
0.945833
1.025000
0.958333
0.554167
0.979167
1.470833
0.850000
0.833333
0.487500
0.983333
1.462500
0.841667
0.487500
0.966667
1.475000
1.570833
0.437500
0.995833
0.845833
0.837500
0.491667
0.983333
0.854167
0.854167
0.575000
0.987500
0.858333
0.858333
0.587500
1.004167
0.550000
0.991667
0.858333
0.854167
0.591667
1.000000
0.854167
0.850000
0.583333
1.000000
1.491667
0.504167
1.000000
0.508333
1.000000
1.487500
0.858333
0.854167
0.570833
1.000000
0.541667
1.008333
1.500000
0.870833
0.862500
0.570833
1.008333
0.862500
0.862500
0.558333
1.012500
0.516667
1.008333
1.495833
0.550000
1.025000
0.875000
0.862500
0.570833
1.029167
0.875000
0.875000
0.570833
1.020833
1.520833
0.495833
1.041667
0.883333
0.879167
0.566667
1.016667
0.875000
0.870833
0.558333
1.004167
0.520833
1.016667
1.508333
1.520833
1.508333
0.537500
1.025000
0.879167
0.875000
0.570833
1.025000
0.870833
0.875000
0.604167
1.012500
0.875000
0.487500
1.016667
0.879167
0.879167
0.541667
1.025000
0.883333
0.883333
0.554167
1.033333
0.891667
0.891667
0.562500
1.037500
0.512500
1.041667
0.904167
0.908333
0.562500
1.050000
0.516667
1.045833
0.908333
0.900000
0.550000
1.045833
0.525000
1.041667
0.900000
0.879167
0.562500
1.020833
0.875000
0.570833
0.429167
0.404167
1.054167
1.408333
0.829167
0.841667
0.541667
0.958333
0.579167
0.970833
0.825000
1.458333
0.829167
0.837500
0.470833
1.000000
0.550000
1.004167
1.495833
0.850000
0.854167
0.562500
0.983333
1.504167
0.512500
0.995833
0.679167
1.025000
0.325000
1.150000
0.845833
0.841667
0.558333
0.995833
1.475000
0.858333
0.850000
0.554167
0.983333
1.691667
0.491667
0.970833
0.850000
0.850000
0.529167
1.000000
0.591667
0.979167
0.841667
0.837500
0.579167
0.970833
0.516667
1.012500
0.854167
0.845833
0.575000
0.995833
0.845833
0.841667
0.554167
0.995833
0.858333
0.837500
0.558333
0.966667
0.525000
0.983333
0.579167
0.979167
0.516667
0.979167
0.854167
0.837500
0.570833
0.966667
0.733333
0.920833
0.579167
0.962500
0.825000
0.829167
0.545833
0.941667
0.837500
0.808333
0.591667
0.970833
0.520833
0.833333
1.616667
1.470833
1.487500
0.525000
0.995833
0.833333
0.858333
0.575000
0.987500
1.316667
1.608333
0.508333
0.995833
0.825000
0.833333
0.541667
0.962500
1.462500
1.458333
0.837500
0.829167
0.566667
0.979167
0.545833
0.979167
1.483333
0.854167
0.837500
0.562500
0.970833
1.491667
0.829167
1.358333
0.979167
0.833333
0.816667
0.533333
0.983333
0.837500
0.825000
0.329167
1.125000
0.533333
0.283333
0.708333
0.829167
0.300000
1.429167
0.545833
0.983333
1.654167
0.554167
0.966667
0.541667
0.945833
0.525000
0.629167
0.345833
0.545833
0.287500
0.404167
0.516667
0.612500
0.541667
0.966667
0.833333
0.520833
1.137500
0.387500
0.270833
0.687500
0.845833
0.837500
0.287500
0.258333
1.000000
0.875000
0.604167
1.450000
1.466667
1.462500
0.845833
0.829167
0.566667
0.970833
0.829167
0.291667
1.162500
0.541667
0.287500
0.283333
0.529167
0.583333
0.975000
0.866667
0.608333
0.487500
0.958333
0.829167
0.825000
0.570833
0.954167
0.825000
0.829167
0.562500
0.966667
0.820833
0.816667
0.570833
0.954167
0.825000
0.816667
0.570833
0.966667
0.820833
0.833333
0.550000
0.945833
0.833333
0.795833
0.583333
0.516667
0.783333
0.833333
0.829167
0.545833
0.975000
0.550000
1.112500
0.554167
0.966667
1.295833
0.975000
0.333333
0.495833
0.820833
0.495833
0.966667
0.550000
0.966667
0.808333
0.570833
0.241667
0.291667
0.520833
0.520833
0.300000
0.658333
0.554167
0.958333
0.583333
0.900000
1.450000
0.570833
0.975000
1.466667
0.833333
0.833333
0.512500
0.966667
0.537500
0.975000
0.829167
0.833333
0.570833
0.966667
0.533333
0.641667
0.329167
0.495833
