0.450000
0.416667
0.708333
0.566667
0.358333
0.804167
0.466667
0.479167
0.495833
0.470833
1.045833
0.470833
0.541667
0.283333
0.137500
0.337500
0.545833
0.466667
0.945833
0.558333
0.412500
0.270833
0.366667
0.612500
0.416667
0.429167
0.637500
0.454167
0.470833
0.304167
0.470833
0.475000
0.475000
0.645833
0.479167
0.304167
0.475000
0.545833
0.520833
0.700000
0.866667
0.320833
0.504167
0.479167
0.325000
1.008333
0.570833
0.333333
0.712500
0.483333
1.141667
0.291667
0.466667
0.550000
0.504167
1.091667
0.325000
0.458333
0.462500
0.520833
0.479167
1.104167
0.279167
0.487500
0.441667
0.250000
0.608333
0.850000
0.575000
0.400000
0.466667
0.595833
0.612500
0.254167
0.937500
0.466667
0.508333
0.479167
1.058333
0.729167
0.441667
0.250000
0.758333
0.454167
0.912500
0.450000
0.458333
1.087500
0.741667
0.612500
0.275000
0.495833
1.041667
0.291667
0.458333
0.550000
0.516667
0.458333
0.445833
0.487500
0.458333
0.520833
0.487500
1.066667
0.650000
0.525000
0.470833
0.458333
0.895833
0.912500
0.483333
0.520833
0.470833
0.433333
0.862500
0.462500
0.475000
0.458333
0.500000
0.433333
1.129167
0.312500
0.412500
0.458333
0.454167
0.483333
0.629167
0.512500
0.225000
0.437500
0.470833
0.487500
0.495833
0.470833
0.458333
1.116667
0.300000
0.466667
0.487500
0.475000
0.566667
0.729167
0.704167
0.500000
0.400000
0.533333
0.462500
0.462500
0.400000
1.116667
0.287500
0.429167
0.458333
0.475000
0.583333
1.075000
0.333333
0.462500
0.466667
0.466667
0.562500
0.695833
0.208333
0.562500
0.454167
0.458333
0.512500
0.516667
1.095833
0.279167
0.454167
0.533333
0.525000
0.454167
1.087500
0.750000
0.462500
0.504167
0.545833
0.479167
1.133333
0.770833
0.545833
0.525000
0.500000
0.483333
1.887500
0.495833
0.525000
0.512500
0.529167
1.425000
0.479167
0.566667
0.541667
1.066667
0.808333
0.433333
0.395833
0.483333
0.525000
0.604167
0.779167
0.416667
0.450000
0.483333
0.462500
0.487500
1.079167
0.304167
0.470833
0.483333
0.475000
0.495833
0.529167
1.116667
0.362500
0.458333
0.475000
0.425000
1.083333
0.337500
0.483333
0.487500
0.558333
0.495833
1.137500
0.325000
0.470833
0.441667
0.500000
0.475000
0.987500
0.850000
0.470833
0.479167
0.470833
0.550000
0.587500
1.112500
1.233333
0.487500
0.466667
0.629167
1.070833
0.308333
0.466667
0.483333
0.479167
0.541667
1.104167
0.275000
0.545833
0.475000
0.458333
0.487500
0.716667
0.508333
0.275000
0.516667
0.470833
0.479167
0.433333
0.445833
1.104167
0.300000
0.470833
0.387500
0.433333
0.533333
1.054167
0.350000
0.445833
0.483333
0.487500
1.104167
0.287500
0.545833
0.504167
0.454167
0.458333
0.483333
0.445833
0.516667
0.495833
0.920833
0.466667
0.458333
0.466667
0.387500
1.412500
0.475000
0.479167
0.487500
0.420833
0.404167
1.100000
0.262500
0.450000
0.508333
0.483333
0.520833
0.425000
1.012500
0.579167
0.533333
0.491667
1.425000
0.475000
0.558333
0.579167
0.454167
1.120833
0.762500
0.475000
0.475000
0.479167
1.125000
0.287500
0.416667
0.450000
0.516667
0.466667
1.129167
0.308333
0.479167
0.541667
0.416667
0.787500
0.225000
0.433333
0.591667
0.475000
0.454167
0.387500
0.754167
1.620833
0.429167
0.504167
0.504167
1.058333
0.325000
0.458333
0.462500
0.441667
0.429167
0.433333
0.487500
1.091667
0.300000
0.529167
0.479167
0.470833
0.870833
0.562500
0.483333
0.479167
0.537500
1.104167
0.500000
0.345833
0.404167
0.408333
0.445833
0.266667
1.045833
0.408333
0.433333
0.379167
0.595833
0.454167
0.566667
1.029167
0.375000
0.266667
0.616667
0.870833
0.275000
1.312500
0.337500
0.462500
0.450000
0.579167
0.525000
0.383333
1.258333
1.012500
0.975000
1.108333
0.891667
0.170833
1.175000
1.520833
1.512500
1.500000
0.379167
1.475000
0.937500
0.554167
1.850000
0.800000
0.575000
1.516667
0.641667
0.366667
0.650000
1.383333
0.529167
1.258333
0.650000
0.491667
1.020833
1.025000
1.029167
1.037500
1.029167
1.020833
1.033333
1.037500
1.020833
1.033333
1.045833
1.016667
1.029167
1.037500
1.016667
1.033333
2.066667
2.454167
1.050000
1.041667
1.837500
2.541667
7.395833
3.754167
2.258333
5.100000
3.687500
7.958333
0.379167
2.862500
3.933333
5.529167
1.241667
0.333333
3.816667
1.312500
1.416667
2.420833
1.433333
2.158333
1.400000
2.558333
0.375000
1.945833
3.491667
1.829167
2.625000
1.687500
2.679167
5.237500
2.241667
1.837500
3.258333
1.283333
2.320833
1.866667
0.316667
0.983333
3.512500
2.225000
0.333333
1.470833
0.312500
1.854167
0.379167
1.270833
4.275000
25.879167
4.950000
2.808333
0.562500
1.404167
1.925000
1.333333
0.445833
0.941667
1.300000
1.675000
2.216667
0.583333
2.133333
0.958333
0.479167
2.012500
2.204167
2.483333
0.891667
1.100000
0.675000
0.879167
0.358333
0.429167
1.145833
0.520833
0.387500
0.516667
0.645833
1.100000
0.691667
0.879167
1.208333
0.187500
0.462500
0.420833
0.695833
0.379167
0.350000
1.054167
0.616667
0.875000
1.129167
0.666667
0.295833
0.720833
0.404167
0.358333
1.183333
1.075000
0.304167
0.462500
0.412500
0.433333
0.987500
0.554167
0.941667
0.991667
0.770833
0.416667
0.737500
1.425000
0.270833
0.425000
1.237500
1.050000
0.695833
0.837500
0.416667
0.433333
1.208333
0.237500
1.070833
0.762500
1.075000
0.587500
0.829167
1.258333
0.620833
0.450000
0.462500
0.633333
1.537500
1.608333
0.187500
0.316667
0.600000
0.745833
0.670833
0.066667
1.616667
0.195833
0.483333
0.183333
0.862500
0.387500
0.954167
0.200000
0.320833
0.716667
1.420833
1.604167
1.054167
0.662500
0.420833
1.312500
1.191667
1.375000
0.537500
0.341667
1.516667
0.925000
1.454167
0.916667
1.041667
0.391667
0.783333
0.879167
1.066667
0.616667
0.712500
1.204167
0.583333
0.229167
1.208333
0.320833
0.325000
0.858333
1.587500
0.716667
0.983333
0.520833
1.458333
0.400000
0.320833
0.725000
0.429167
1.450000
0.187500
1.704167
0.254167
0.304167
0.795833
0.616667
1.041667
0.366667
1.033333
1.358333
0.387500
1.408333
0.279167
0.820833
0.529167
1.066667
0.858333
0.383333
0.325000
1.187500
0.295833
0.483333
0.295833
0.316667
1.112500
0.450000
0.341667
0.891667
0.866667
0.375000
1.200000
0.762500
0.179167
0.404167
0.687500
0.541667
0.758333
0.441667
0.408333
1.404167
0.345833
0.533333
0.229167
0.433333
1.037500
0.437500
0.225000
0.395833
0.387500
1.000000
0.733333
0.429167
0.662500
0.225000
0.366667
0.458333
0.591667
0.687500
1.150000
0.433333
0.412500
0.304167
0.837500
0.854167
0.800000
0.416667
0.370833
0.779167
1.120833
0.883333
0.858333
1.695833
0.237500
0.212500
0.533333
0.195833
1.370833
0.545833
0.258333
0.550000
1.445833
0.862500
0.379167
0.325000
1.125000
0.450000
0.341667
0.537500
0.462500
0.475000
0.987500
0.708333
0.687500
0.825000
0.391667
0.312500
0.437500
0.308333
0.616667
0.912500
0.979167
0.766667
1.000000
0.595833
0.383333
0.325000
1.050000
1.170833
0.329167
0.991667
0.783333
0.375000
1.283333
0.570833
0.170833
1.137500
0.445833
0.337500
0.433333
0.316667
0.754167
0.395833
0.270833
1.083333
0.454167
0.333333
1.054167
0.383333
0.308333
0.983333
0.829167
0.445833
0.337500
1.391667
0.758333
0.387500
0.316667
1.012500
0.758333
0.387500
0.320833
0.975000
0.454167
1.091667
0.558333
0.366667
0.325000
1.179167
0.429167
0.700000
