1.687500
0.854167
1.750000
0.850000
1.654167
1.766667
2.608333
2.537500
0.795833
0.816667
0.883333
0.770833
0.829167
0.841667
0.866667
0.833333
1.791667
2.600000
1.712500
1.445833
1.112500
0.854167
0.870833
0.883333
2.120833
2.195833
1.483333
2.133333
1.987500
0.354167
0.787500
0.812500
0.954167
0.750000
0.908333
0.850000
0.820833
0.791667
2.420833
1.070833
1.741667
1.725000
2.579167
1.687500
2.537500
0.912500
0.829167
0.870833
0.791667
2.675000
3.445833
1.670833
0.787500
0.783333
0.833333
0.854167
0.800000
0.841667
0.787500
0.908333
0.900000
4.220833
0.841667
0.820833
0.845833
0.837500
0.875000
0.912500
2.620833
1.712500
1.704167
0.850000
0.875000
0.716667
1.804167
2.579167
0.729167
0.866667
0.945833
0.850000
1.729167
0.841667
0.800000
1.804167
1.720833
1.716667
0.858333
0.862500
3.404167
0.858333
0.841667
4.295833
0.858333
0.862500
0.854167
0.862500
0.858333
0.858333
0.858333
0.870833
0.858333
0.858333
2.570833
0.862500
0.858333
0.866667
0.854167
0.837500
0.887500
0.858333
0.870833
0.858333
1.716667
0.858333
0.858333
1.708333
0.870833
0.820833
1.879167
1.479167
0.858333
0.187500
0.962500
1.600000
0.450000
0.229167
0.629167
0.854167
0.850000
0.812500
1.779167
1.720833
0.858333
0.858333
0.854167
0.862500
0.841667
2.550000
2.583333
0.862500
0.858333
0.858333
0.312500
0.545833
0.862500
0.862500
0.854167
0.862500
0.825000
0.875000
1.741667
0.862500
0.854167
0.862500
1.716667
0.858333
0.595833
0.704167
0.645833
0.812500
0.570833
0.195833
0.229167
0.400000
0.670833
0.266667
0.320833
0.204167
1.200000
0.870833
0.837500
0.716667
0.750000
0.954167
1.725000
0.770833
0.770833
0.916667
1.758333
0.754167
0.875000
0.808333
0.866667
0.891667
0.862500
0.825000
0.804167
0.795833
0.779167
0.791667
0.929167
5.987500
1.770833
0.783333
0.829167
0.841667
0.783333
0.908333
1.725000
0.850000
0.812500
0.754167
0.750000
0.791667
0.762500
0.937500
0.787500
0.895833
0.883333
3.458333
0.850000
1.716667
0.862500
0.779167
0.775000
0.866667
0.837500
2.695833
1.600000
0.679167
1.033333
0.345833
0.445833
1.766667
1.125000
0.529167
0.816667
0.808333
0.891667
1.062500
0.704167
0.816667
1.245833
1.370833
0.691667
1.025000
0.825000
0.733333
0.637500
0.216667
0.791667
1.808333
1.400000
1.150000
1.700000
1.775000
1.991667
0.500000
0.866667
0.737500
0.945833
0.808333
0.808333
0.825000
0.825000
0.866667
1.312500
0.479167
0.291667
1.566667
0.170833
0.562500
0.404167
0.550000
0.300000
0.354167
0.204167
0.591667
0.525000
0.245833
0.320833
0.883333
0.704167
1.262500
0.341667
0.870833
0.870833
0.862500
0.804167
0.820833
0.929167
1.275000
0.450000
0.766667
0.804167
1.404167
1.283333
0.508333
0.854167
0.316667
0.420833
0.312500
1.541667
1.045833
0.591667
0.362500
0.212500
0.495833
0.933333
0.795833
1.362500
1.279167
0.808333
0.866667
2.595833
0.879167
0.716667
0.925000
0.850000
0.879167
1.741667
0.808333
0.800000
0.875000
0.775000
0.941667
0.787500
0.854167
1.808333
5.941667
0.816667
3.508333
1.741667
0.845833
0.895833
2.579167
0.833333
0.820833
1.787500
1.683333
2.604167
1.650000
2.641667
2.558333
0.837500
0.787500
2.675000
2.525000
0.791667
4.387500
0.854167
2.583333
1.712500
3.179167
2.858333
2.541667
0.770833
0.812500
0.791667
0.858333
0.808333
0.770833
0.929167
3.441667
1.754167
0.841667
1.729167
1.358333
2.079167
1.650000
2.600000
2.625000
3.433333
1.675000
0.745833
0.770833
3.533333
2.500000
0.745833
0.825000
0.833333
0.762500
2.666667
0.808333
1.783333
2.587500
2.587500
2.529167
0.875000
0.845833
3.470833
0.850000
0.854167
0.808333
0.791667
1.816667
0.850000
1.737500
0.850000
0.829167
1.754167
1.716667
0.858333
0.858333
0.841667
1.737500
0.858333
0.854167
1.333333
0.383333
0.858333
0.862500
0.858333
0.850000
0.862500
0.862500
0.858333
0.862500
0.854167
0.858333
0.858333
0.858333
0.862500
0.854167
0.858333
0.858333
0.862500
0.862500
0.858333
0.820833
1.687500
1.716667
0.504167
1.225000
0.862500
1.708333
0.875000
0.850000
0.870833
0.833333
0.854167
0.908333
0.216667
0.620833
0.741667
0.862500
0.762500
1.816667
1.170833
1.362500
0.816667
0.925000
0.779167
0.875000
0.829167
0.916667
2.625000
1.716667
1.945833
1.483333
2.579167
0.870833
0.770833
0.866667
0.837500
1.816667
0.845833
1.712500
0.854167
0.787500
0.762500
0.800000
0.837500
0.862500
0.816667
1.812500
2.566667
2.558333
0.770833
0.879167
1.795833
0.845833
1.650000
1.795833
0.795833
0.895833
1.750000
0.845833
0.779167
0.841667
0.720833
0.804167
0.904167
1.779167
5.070833
1.808333
1.712500
0.825000
0.775000
0.741667
1.741667
0.925000
2.741667
1.558333
0.791667
0.862500
0.904167
0.866667
0.862500
1.745833
1.716667
1.716667
0.829167
0.775000
0.725000
0.833333
1.816667
2.575000
1.700000
0.862500
1.654167
0.770833
0.929167
0.875000
0.758333
0.745833
0.800000
0.812500
1.812500
1.729167
1.716667
1.708333
2.583333
