0.737500
0.737500
0.741667
0.737500
0.733333
0.729167
0.729167
0.725000
0.729167
0.729167
0.737500
0.741667
0.741667
0.745833
0.733333
0.737500
0.741667
0.741667
0.741667
0.741667
0.737500
0.737500
0.741667
0.733333
0.737500
0.741667
0.729167
0.741667
0.737500
0.733333
0.754167
0.737500
0.741667
0.745833
0.745833
0.741667
0.750000
0.750000
0.750000
0.758333
0.750000
0.770833
0.754167
0.754167
0.741667
0.737500
0.729167
0.720833
0.729167
0.725000
0.729167
0.729167
0.733333
0.733333
0.737500
0.733333
0.754167
0.758333
0.754167
0.762500
0.758333
0.754167
0.745833
0.754167
0.758333
0.754167
0.741667
0.737500
0.733333
0.733333
0.729167
0.725000
0.729167
0.737500
0.729167
0.733333
0.741667
0.733333
0.733333
0.737500
0.741667
0.737500
0.741667
0.737500
0.733333
0.741667
0.745833
0.750000
0.745833
0.741667
0.737500
0.733333
0.725000
0.725000
0.720833
0.716667
0.716667
0.712500
0.708333
0.704167
0.708333
0.700000
0.700000
0.700000
0.704167
0.700000
0.708333
0.712500
0.704167
0.704167
0.716667
0.712500
0.720833
0.716667
0.725000
0.716667
0.720833
0.725000
0.720833
0.716667
0.720833
0.720833
0.725000
0.729167
0.733333
0.725000
0.725000
0.716667
0.716667
0.716667
0.708333
0.712500
0.712500
0.720833
0.716667
0.720833
0.720833
0.725000
0.729167
0.729167
0.737500
0.754167
0.741667
0.750000
0.737500
0.741667
0.745833
0.745833
0.733333
0.741667
0.741667
0.733333
0.733333
0.741667
0.733333
0.733333
0.733333
0.745833
0.675000
0.812500
0.758333
0.762500
0.750000
0.745833
0.737500
0.745833
0.741667
0.733333
0.729167
0.729167
0.733333
0.729167
0.720833
0.716667
0.716667
0.712500
0.712500
0.720833
0.712500
0.712500
0.716667
0.712500
0.725000
0.729167
0.725000
0.729167
0.745833
0.754167
0.754167
0.745833
0.745833
0.741667
0.750000
0.741667
0.745833
0.750000
0.737500
0.745833
0.741667
0.741667
0.741667
0.733333
0.733333
0.737500
0.741667
0.745833
0.729167
0.737500
0.725000
0.725000
0.737500
0.733333
0.725000
0.737500
0.745833
0.745833
0.741667
0.729167
0.737500
0.737500
0.733333
0.725000
0.725000
0.716667
0.720833
0.716667
0.720833
0.733333
0.725000
0.725000
0.729167
0.733333
0.729167
0.733333
0.729167
0.741667
0.733333
0.741667
0.741667
0.741667
0.733333
0.741667
0.741667
0.737500
0.754167
0.741667
0.745833
0.750000
0.745833
0.745833
0.741667
0.737500
0.733333
0.741667
0.741667
0.733333
0.741667
0.733333
0.737500
0.741667
0.737500
0.737500
0.745833
0.758333
0.758333
0.750000
0.754167
0.758333
0.750000
0.754167
0.754167
0.745833
0.741667
0.745833
0.741667
0.750000
0.733333
0.737500
0.737500
0.737500
0.729167
0.741667
0.733333
0.737500
0.737500
0.737500
0.733333
0.725000
0.729167
0.725000
0.729167
0.720833
0.729167
0.725000
0.725000
0.720833
0.720833
0.720833
0.729167
0.720833
0.741667
0.745833
0.733333
0.733333
0.737500
0.733333
0.737500
0.733333
0.729167
0.725000
0.725000
0.729167
0.725000
0.733333
0.733333
0.733333
0.729167
0.725000
0.725000
0.725000
0.725000
0.729167
0.725000
0.741667
0.741667
0.733333
0.745833
0.750000
0.745833
1.483333
0.750000
0.758333
0.729167
0.733333
0.725000
0.725000
0.716667
0.720833
0.725000
0.725000
0.729167
0.737500
0.733333
0.741667
0.741667
0.741667
0.737500
0.733333
0.754167
0.737500
0.745833
0.737500
0.741667
0.737500
0.750000
0.741667
0.741667
0.750000
0.750000
0.758333
0.741667
0.750000
0.758333
0.741667
0.745833
0.745833
0.741667
0.754167
0.754167
0.754167
0.750000
0.762500
0.750000
0.758333
0.758333
0.754167
0.750000
0.741667
0.750000
0.750000
0.675000
0.816667
0.575000
0.912500
0.741667
0.733333
0.737500
0.733333
0.745833
0.741667
0.745833
0.754167
0.754167
0.758333
0.762500
0.758333
0.766667
0.745833
0.537500
0.954167
0.775000
0.779167
0.762500
0.758333
0.762500
0.758333
0.758333
0.758333
0.750000
0.750000
0.754167
0.741667
0.750000
0.758333
0.754167
0.775000
0.770833
0.758333
0.766667
0.766667
0.758333
0.762500
0.754167
0.745833
0.758333
0.758333
0.766667
0.741667
0.754167
0.754167
0.754167
0.762500
0.745833
0.745833
0.750000
0.745833
0.754167
0.741667
0.737500
0.741667
0.733333
0.737500
0.733333
0.741667
0.733333
0.741667
0.745833
0.741667
0.741667
0.754167
0.750000
0.754167
0.741667
0.750000
0.750000
0.737500
0.750000
0.758333
0.737500
0.758333
0.750000
0.750000
0.745833
0.754167
0.754167
0.745833
0.758333
0.745833
0.750000
0.754167
0.750000
0.745833
0.737500
0.733333
0.737500
0.741667
0.745833
0.741667
0.758333
0.733333
0.745833
0.741667
0.754167
0.750000
0.737500
0.745833
0.745833
0.737500
0.741667
0.741667
0.741667
0.750000
0.750000
0.754167
0.737500
0.750000
0.741667
0.750000
0.737500
0.745833
0.754167
0.745833
0.741667
0.745833
0.741667
0.737500
0.729167
0.733333
0.737500
0.733333
0.750000
0.733333
0.737500
0.729167
0.737500
0.741667
0.733333
0.741667
0.725000
0.729167
0.737500
0.741667
0.733333
0.733333
0.729167
0.733333
0.733333
0.733333
0.750000
0.733333
0.733333
0.741667
0.729167
0.745833
0.745833
0.741667
0.750000
0.725000
0.733333
0.733333
0.725000
0.733333
0.733333
0.733333
0.741667
0.758333
0.750000
0.754167
0.745833
0.745833
0.750000
0.754167
0.758333
0.770833
0.762500
0.758333
0.758333
0.770833
0.775000
0.779167
0.766667
0.766667
0.762500
0.766667
0.758333
0.575000
0.925000
0.770833
0.770833
0.762500
0.762500
0.758333
0.758333
0.758333
0.750000
0.745833
0.741667
0.750000
0.741667
0.750000
0.745833
0.737500
0.733333
0.737500
0.741667
0.741667
0.733333
0.741667
0.745833
0.733333
0.741667
0.737500
0.733333
0.733333
0.741667
0.750000
0.750000
0.745833
0.750000
0.745833
0.758333
0.758333
0.741667
0.754167
0.750000
0.758333
0.762500
0.762500
0.750000
0.762500
0.754167
0.750000
0.745833
0.737500
0.729167
0.729167
0.729167
0.729167
0.733333
0.733333
0.750000
0.745833
0.758333
0.754167
0.762500
0.737500
0.745833
0.737500
0.745833
0.745833
0.745833
0.754167
0.745833
0.762500
0.762500
0.762500
0.758333
0.775000
0.762500
0.779167
0.775000
0.779167
0.787500
0.787500
0.787500
0.766667
0.758333
0.762500
0.754167
0.745833
0.737500
0.529167
0.945833
0.758333
0.762500
0.762500
0.766667
0.758333
0.758333
0.754167
0.758333
0.758333
0.754167
0.758333
0.770833
0.762500
0.754167
0.766667
0.750000
0.604167
0.900000
0.754167
0.745833
0.741667
0.741667
0.729167
0.729167
0.729167
0.733333
0.733333
0.745833
0.745833
0.741667
0.745833
0.758333
0.741667
0.745833
0.733333
0.741667
0.745833
0.750000
0.754167
0.750000
0.745833
0.754167
0.754167
0.758333
0.762500
0.758333
0.791667
0.766667
0.779167
0.783333
0.779167
0.783333
0.775000
0.783333
0.779167
0.775000
0.766667
0.758333
0.770833
0.758333
0.754167
0.762500
0.750000
0.741667
0.758333
0.754167
0.750000
0.758333
0.754167
0.758333
0.741667
0.750000
0.741667
0.745833
0.741667
0.745833
0.750000
0.758333
0.770833
0.770833
0.775000
0.791667
0.791667
0.800000
0.800000
0.804167
0.770833
0.783333
0.775000
0.762500
0.754167
0.745833
0.745833
0.737500
0.741667
0.745833
0.745833
0.737500
0.762500
0.762500
0.754167
0.758333
0.758333
0.770833
0.754167
0.779167
0.754167
0.750000
0.741667
0.750000
0.741667
0.733333
0.737500
0.733333
0.737500
0.741667
0.741667
0.737500
0.750000
0.754167
0.758333
0.754167
0.750000
0.750000
0.745833
0.745833
0.741667
0.737500
0.737500
0.733333
0.737500
0.741667
0.741667
0.745833
0.741667
0.741667
0.745833
0.745833
0.745833
0.750000
0.750000
0.758333
0.750000
0.745833
0.737500
0.741667
0.737500
0.737500
0.737500
0.741667
0.737500
0.741667
0.737500
0.733333
0.725000
0.720833
0.729167
0.733333
0.729167
0.733333
0.729167
0.745833
0.733333
0.733333
0.733333
0.737500
0.741667
0.733333
0.729167
0.737500
0.725000
0.733333
0.729167
0.737500
0.729167
0.729167
0.729167
0.737500
0.745833
0.737500
0.733333
0.733333
0.733333
0.741667
0.741667
