0.645833
0.650000
0.650000
0.641667
0.666667
0.654167
0.658333
0.587500
0.716667
0.658333
0.491667
0.804167
0.650000
0.645833
0.645833
0.641667
0.637500
0.462500
0.754167
0.650000
0.641667
0.637500
0.637500
0.637500
0.641667
0.637500
0.641667
0.641667
0.650000
0.583333
0.704167
0.645833
0.645833
0.645833
0.645833
0.650000
0.645833
0.645833
0.650000
0.645833
0.650000
0.650000
0.641667
0.645833
0.645833
0.650000
0.645833
0.641667
0.645833
0.645833
0.645833
0.645833
0.645833
0.650000
0.641667
0.645833
0.650000
0.645833
0.645833
0.650000
0.645833
0.650000
0.654167
0.650000
0.654167
0.654167
0.654167
0.650000
0.658333
0.654167
0.654167
0.650000
0.650000
0.658333
0.654167
0.654167
0.658333
0.654167
0.650000
0.658333
0.654167
0.650000
0.650000
0.650000
0.645833
0.645833
0.645833
0.650000
0.650000
0.641667
0.650000
0.641667
0.645833
0.650000
0.650000
0.645833
0.650000
0.650000
0.650000
0.650000
0.650000
0.645833
0.650000
0.645833
0.645833
0.645833
0.650000
0.645833
0.650000
0.650000
0.650000
0.650000
0.645833
0.650000
0.641667
0.650000
0.650000
0.650000
0.650000
0.641667
0.645833
0.645833
0.641667
0.645833
0.645833
0.645833
0.641667
0.650000
0.650000
0.645833
0.650000
0.645833
0.645833
0.645833
0.645833
0.650000
0.641667
0.641667
0.641667
0.641667
0.645833
0.637500
0.637500
0.641667
0.637500
0.633333
0.641667
0.645833
0.645833
0.645833
0.654167
0.650000
0.650000
0.650000
0.650000
0.650000
0.645833
0.645833
0.645833
0.645833
0.641667
0.641667
0.641667
0.633333
0.637500
0.641667
0.637500
0.641667
0.637500
0.637500
0.637500
0.637500
0.637500
0.641667
0.641667
0.637500
0.641667
0.641667
0.645833
0.645833
0.650000
0.645833
0.645833
0.645833
0.650000
0.645833
0.645833
0.645833
0.641667
0.650000
0.650000
0.645833
0.645833
0.641667
0.641667
0.637500
0.641667
0.641667
0.633333
0.641667
0.483333
0.787500
0.645833
0.637500
0.641667
0.637500
0.637500
0.637500
0.637500
0.633333
0.633333
0.633333
0.633333
0.633333
0.633333
0.633333
0.637500
0.637500
0.637500
0.633333
0.637500
0.633333
0.637500
0.633333
0.637500
0.637500
0.637500
0.637500
0.637500
0.637500
0.479167
0.795833
0.645833
0.637500
0.641667
0.645833
0.641667
0.637500
0.641667
0.637500
0.641667
0.637500
0.637500
0.637500
0.637500
0.633333
0.641667
0.637500
0.645833
0.645833
0.641667
0.645833
0.645833
0.645833
0.641667
0.641667
0.637500
0.637500
0.637500
0.633333
0.633333
0.633333
0.633333
0.633333
0.633333
0.637500
0.637500
0.633333
0.633333
0.633333
0.641667
0.641667
0.641667
0.641667
0.641667
0.637500
0.612500
0.670833
0.645833
0.641667
0.641667
0.637500
0.641667
0.637500
0.645833
0.637500
0.641667
0.641667
0.637500
0.641667
0.641667
0.641667
0.645833
0.645833
0.645833
0.641667
0.641667
0.641667
0.641667
0.637500
0.637500
0.641667
0.637500
0.491667
0.779167
0.637500
0.637500
0.637500
0.633333
0.637500
0.633333
0.633333
0.633333
0.633333
0.629167
0.625000
0.625000
0.620833
0.620833
0.625000
0.620833
0.625000
0.625000
0.620833
0.625000
0.629167
0.629167
0.629167
0.629167
0.629167
0.629167
0.633333
0.629167
0.629167
0.633333
0.629167
0.629167
0.629167
0.629167
0.629167
0.633333
0.629167
0.629167
0.629167
0.633333
0.629167
0.633333
0.633333
0.637500
0.633333
0.637500
0.641667
0.641667
0.645833
0.645833
0.641667
0.645833
0.645833
0.637500
0.641667
0.637500
0.633333
0.633333
0.629167
0.637500
0.633333
0.633333
0.491667
0.770833
0.633333
0.633333
0.625000
0.629167
0.558333
0.687500
0.625000
0.629167
0.579167
0.666667
0.633333
0.633333
0.633333
0.633333
0.633333
0.633333
0.633333
0.633333
0.575000
0.687500
0.637500
0.633333
0.633333
0.633333
0.629167
0.633333
0.633333
0.633333
0.637500
0.641667
0.645833
0.641667
0.641667
0.645833
0.641667
0.637500
0.637500
0.633333
0.629167
0.633333
0.633333
0.616667
0.645833
0.629167
0.633333
0.637500
0.641667
0.641667
0.637500
0.641667
0.645833
0.650000
0.645833
0.650000
0.645833
0.645833
0.645833
0.645833
0.650000
0.645833
0.641667
0.637500
0.637500
0.641667
0.637500
0.637500
0.637500
0.633333
0.633333
0.633333
0.633333
0.633333
0.633333
0.629167
0.629167
0.629167
0.633333
0.633333
0.629167
0.629167
0.633333
0.633333
0.633333
0.637500
0.633333
0.637500
0.637500
0.641667
0.637500
0.641667
0.650000
0.641667
0.641667
0.641667
0.645833
0.641667
0.641667
0.637500
0.637500
0.637500
0.637500
0.637500
0.633333
0.633333
0.629167
0.633333
0.629167
0.629167
0.629167
0.633333
0.637500
0.633333
0.637500
0.637500
0.641667
0.633333
0.633333
0.637500
0.637500
0.637500
0.637500
0.641667
0.637500
0.645833
0.641667
0.645833
0.650000
0.645833
0.641667
0.645833
0.637500
0.641667
0.637500
0.637500
0.629167
0.633333
0.629167
0.633333
0.620833
0.641667
0.633333
0.633333
0.633333
0.633333
0.637500
0.641667
0.637500
0.641667
0.641667
0.641667
0.637500
0.479167
0.791667
0.637500
0.637500
0.633333
0.633333
0.633333
0.629167
0.629167
0.629167
0.629167
0.629167
0.633333
0.629167
0.629167
0.633333
0.629167
0.629167
0.629167
0.633333
0.633333
0.633333
0.633333
0.637500
0.633333
0.629167
0.633333
0.629167
0.633333
0.633333
0.633333
0.625000
0.629167
0.629167
0.629167
0.625000
0.629167
0.620833
0.625000
0.625000
0.620833
0.625000
0.620833
0.620833
0.620833
0.625000
0.629167
0.625000
0.633333
0.629167
0.633333
0.629167
0.545833
0.712500
0.637500
0.637500
0.637500
0.633333
0.633333
0.633333
0.633333
0.633333
0.637500
0.633333
0.633333
0.633333
0.633333
0.633333
0.633333
0.629167
0.629167
0.629167
0.625000
0.625000
0.625000
0.625000
0.620833
0.625000
0.625000
0.625000
0.625000
0.625000
0.625000
0.625000
0.629167
0.625000
0.629167
0.625000
0.629167
0.629167
0.637500
0.633333
0.637500
0.637500
0.633333
0.637500
0.637500
0.637500
0.641667
0.633333
0.637500
0.633333
0.637500
0.633333
0.633333
0.633333
0.633333
0.637500
0.637500
0.633333
0.637500
0.637500
0.633333
0.641667
0.633333
0.641667
0.637500
0.641667
0.633333
0.637500
0.641667
0.637500
0.637500
0.637500
0.633333
0.637500
0.637500
0.637500
0.633333
0.637500
0.641667
0.637500
0.637500
0.637500
0.637500
0.629167
0.633333
0.629167
0.633333
0.637500
0.633333
0.629167
0.629167
0.633333
0.633333
0.629167
0.629167
0.629167
0.629167
0.629167
0.633333
0.629167
0.633333
0.633333
0.629167
0.633333
0.629167
0.633333
0.629167
0.633333
0.625000
0.629167
0.625000
0.629167
0.625000
0.629167
0.633333
0.629167
0.633333
0.633333
0.641667
0.637500
0.645833
0.633333
0.641667
0.641667
0.641667
0.641667
0.645833
0.641667
0.641667
0.637500
0.641667
0.645833
0.645833
0.641667
0.641667
0.637500
0.637500
0.637500
0.629167
0.633333
0.633333
0.629167
0.629167
0.629167
0.629167
0.633333
0.629167
0.633333
0.595833
0.670833
0.637500
0.637500
0.637500
0.633333
0.629167
0.637500
0.633333
0.629167
0.633333
0.625000
0.633333
0.629167
0.629167
0.633333
0.633333
0.633333
0.629167
0.633333
0.629167
0.633333
0.629167
0.625000
0.625000
0.633333
0.620833
0.633333
0.625000
0.629167
0.625000
0.629167
0.633333
0.633333
0.637500
0.637500
0.637500
0.641667
0.641667
0.641667
0.641667
0.641667
0.637500
0.637500
0.637500
0.637500
0.641667
0.641667
0.637500
0.645833
0.641667
0.645833
0.645833
0.650000
0.645833
0.641667
0.641667
0.645833
0.641667
0.641667
0.637500
0.641667
0.641667
0.641667
0.637500
0.637500
0.633333
0.633333
0.637500
0.629167
0.633333
0.629167
0.625000
0.629167
0.625000
0.629167
0.629167
0.625000
0.629167
0.583333
0.666667
0.625000
0.625000
0.625000
0.625000
0.620833
0.620833
0.625000
0.620833
0.620833
0.625000
0.620833
0.629167
0.625000
0.629167
0.629167
0.625000
0.625000
0.625000
0.625000
0.620833
0.625000
0.625000
0.625000
0.620833
0.625000
0.616667
0.620833
0.616667
0.616667
0.616667
0.612500
0.616667
0.616667
0.620833
0.616667
0.616667
0.616667
0.625000
0.616667
0.625000
0.620833
0.625000
0.620833
0.625000
0.629167
0.625000
0.629167
0.625000
0.625000
0.625000
0.625000
0.620833
0.625000
0.625000
0.616667
0.620833
0.620833
0.625000
0.616667
0.625000
0.620833
0.620833
0.629167
0.625000
0.629167
0.629167
0.629167
0.629167
0.629167
0.629167
0.633333
0.625000
0.633333
0.625000
0.629167
0.629167
0.629167
0.629167
0.629167
0.629167
0.633333
0.637500
0.633333
0.637500
0.633333
0.633333
0.633333
0.633333
0.633333
0.633333
0.633333
0.629167
0.633333
0.633333
0.629167
0.629167
0.629167
0.625000
0.625000
0.625000
0.625000
0.470833
0.775000
0.629167
0.620833
0.625000
0.625000
0.625000
0.620833
0.620833
0.625000
0.625000
0.625000
0.625000
0.629167
0.625000
0.625000
0.625000
0.629167
0.629167
0.633333
0.629167
0.629167
0.633333
0.633333
0.633333
0.633333
0.633333
0.629167
0.633333
0.625000
0.625000
0.625000
0.620833
0.625000
0.616667
0.625000
0.620833
0.625000
0.620833
0.475000
0.766667
0.620833
0.629167
0.625000
0.620833
0.620833
0.616667
0.620833
0.620833
0.620833
0.625000
0.625000
0.625000
0.625000
0.625000
0.620833
0.625000
0.625000
0.620833
0.625000
0.625000
0.625000
0.625000
0.625000
0.625000
0.475000
0.770833
0.629167
0.625000
0.625000
0.620833
0.620833
0.625000
0.558333
0.683333
0.616667
0.620833
0.616667
0.520833
0.695833
