1.016667
1.016667
1.016667
1.008333
1.016667
1.025000
1.016667
1.016667
1.016667
1.025000
1.020833
1.020833
1.016667
1.012500
1.020833
1.012500
1.004167
1.008333
1.008333
1.008333
1.004167
1.000000
1.004167
0.995833
1.000000
0.995833
1.004167
1.000000
1.004167
1.004167
1.004167
1.012500
1.012500
1.004167
1.008333
1.012500
1.008333
1.008333
1.008333
1.008333
1.008333
1.004167
1.008333
1.008333
1.008333
1.000000
1.008333
1.000000
1.004167
1.004167
1.000000
1.008333
1.004167
1.008333
1.008333
1.012500
1.016667
1.012500
1.012500
1.016667
1.012500
1.008333
1.012500
1.008333
1.012500
1.004167
1.008333
1.004167
1.008333
1.008333
1.004167
1.008333
1.008333
1.004167
1.004167
1.000000
1.004167
1.004167
1.000000
1.004167
1.004167
1.000000
1.008333
1.000000
1.008333
1.000000
1.004167
1.000000
1.004167
1.004167
1.000000
0.995833
1.004167
1.000000
0.995833
1.000000
1.000000
1.004167
1.000000
1.000000
1.000000
1.000000
1.000000
1.000000
1.000000
0.995833
1.004167
1.083333
0.304167
0.600000
0.991667
0.991667
0.995833
0.991667
0.995833
0.991667
0.995833
0.675000
0.320833
0.991667
0.987500
0.983333
0.991667
0.750000
0.233333
0.979167
0.970833
0.966667
0.975000
0.979167
0.966667
0.966667
0.975000
0.987500
0.983333
0.983333
0.995833
0.995833
0.679167
0.262500
0.487500
0.554167
0.987500
0.383333
0.483333
1.133333
1.000000
0.991667
0.995833
0.995833
0.987500
0.995833
0.995833
0.995833
0.995833
0.995833
1.004167
0.995833
1.000000
0.995833
0.995833
1.000000
0.595833
0.391667
0.987500
0.991667
0.995833
1.004167
1.000000
1.004167
1.000000
0.504167
0.504167
1.012500
1.008333
1.008333
1.016667
1.008333
1.012500
1.008333
1.020833
1.016667
1.016667
1.012500
1.016667
1.012500
1.004167
1.016667
1.012500
1.004167
1.004167
1.004167
1.004167
1.008333
1.000000
1.008333
0.995833
1.004167
0.995833
0.991667
0.995833
1.000000
0.991667
0.991667
0.991667
0.995833
0.991667
0.991667
0.987500
0.991667
0.745833
1.254167
0.991667
0.987500
0.987500
0.987500
0.995833
0.995833
1.004167
1.004167
1.008333
1.012500
1.004167
1.008333
1.004167
1.008333
1.004167
1.004167
1.004167
1.004167
1.000000
1.000000
1.000000
1.000000
1.004167
0.995833
0.995833
1.004167
1.000000
1.000000
1.004167
1.000000
1.004167
1.012500
1.004167
1.004167
1.012500
1.004167
1.000000
1.000000
1.004167
1.004167
0.991667
0.995833
0.995833
0.991667
0.987500
0.995833
0.991667
0.995833
0.987500
0.991667
0.991667
0.991667
0.991667
0.995833
0.995833
0.995833
0.991667
1.000000
1.000000
0.995833
0.991667
1.000000
1.000000
1.000000
0.995833
1.004167
0.995833
0.995833
0.995833
0.995833
1.000000
0.991667
0.995833
0.991667
1.000000
0.991667
0.991667
0.991667
0.991667
0.991667
0.991667
0.987500
0.991667
0.995833
0.991667
0.991667
0.991667
1.000000
0.995833
0.991667
0.991667
0.991667
0.995833
0.995833
0.991667
0.995833
0.991667
0.991667
0.987500
0.983333
0.995833
0.991667
0.987500
0.991667
0.991667
1.000000
0.991667
0.995833
0.995833
1.000000
0.991667
0.991667
0.991667
0.991667
0.987500
0.991667
0.983333
0.983333
0.983333
0.983333
0.987500
0.979167
0.983333
0.983333
0.987500
0.983333
0.991667
0.987500
0.991667
0.983333
0.995833
0.995833
0.991667
0.995833
1.000000
1.000000
0.991667
0.995833
0.995833
0.995833
0.995833
0.991667
0.991667
1.000000
0.995833
1.000000
0.991667
0.995833
0.991667
0.995833
0.991667
0.995833
1.000000
0.991667
0.991667
0.991667
0.991667
0.991667
0.987500
0.991667
0.991667
0.991667
0.991667
0.987500
0.987500
0.987500
0.987500
0.987500
0.987500
0.983333
0.991667
0.987500
0.987500
0.991667
0.983333
0.987500
0.983333
0.983333
0.975000
0.983333
0.979167
0.975000
0.975000
0.979167
0.983333
0.979167
0.987500
0.983333
0.987500
0.991667
0.987500
0.987500
0.987500
0.433333
0.545833
0.987500
0.979167
0.983333
0.691667
1.266667
0.979167
0.979167
0.854167
1.100000
0.987500
0.987500
0.991667
0.983333
0.991667
0.995833
0.991667
0.991667
0.991667
0.995833
0.995833
0.995833
0.995833
0.991667
1.000000
0.991667
1.000000
0.995833
0.995833
0.995833
0.991667
0.991667
0.991667
0.991667
0.991667
0.995833
0.983333
0.991667
0.987500
0.983333
0.983333
0.983333
0.983333
0.983333
0.979167
0.983333
0.983333
0.975000
0.979167
0.975000
0.983333
0.979167
0.979167
0.979167
0.979167
0.979167
0.983333
0.975000
0.979167
0.979167
0.979167
0.979167
0.983333
0.983333
0.983333
0.983333
0.983333
0.991667
0.987500
0.987500
0.983333
0.991667
0.987500
0.987500
0.987500
0.983333
0.987500
0.987500
0.983333
0.987500
0.991667
1.983333
0.979167
0.983333
0.983333
0.983333
0.987500
0.983333
0.983333
0.983333
0.983333
0.983333
0.987500
0.987500
0.987500
0.991667
0.991667
0.987500
0.991667
0.983333
0.987500
0.991667
0.983333
0.983333
0.983333
0.987500
0.987500
0.987500
0.991667
0.991667
0.995833
0.987500
0.991667
0.991667
0.987500
0.987500
0.991667
0.987500
0.991667
0.991667
0.987500
0.987500
0.987500
0.991667
0.987500
0.987500
0.979167
0.995833
0.991667
0.995833
0.987500
1.000000
0.995833
0.991667
0.995833
1.000000
0.991667
0.991667
0.987500
0.991667
0.991667
0.983333
0.983333
0.983333
0.991667
0.987500
0.983333
0.983333
0.995833
0.983333
0.987500
0.987500
0.991667
0.995833
0.991667
0.987500
0.995833
0.995833
0.991667
0.987500
0.991667
0.991667
0.991667
0.991667
0.987500
0.995833
0.991667
0.991667
0.991667
0.995833
1.000000
0.995833
0.995833
1.004167
1.000000
1.000000
0.991667
0.995833
0.762500
1.233333
0.987500
0.983333
0.987500
0.987500
0.987500
0.983333
0.991667
0.991667
0.995833
0.995833
0.995833
1.000000
0.995833
1.000000
1.000000
1.000000
1.000000
1.000000
1.004167
0.995833
1.000000
1.004167
1.000000
0.995833
1.004167
1.000000
0.995833
0.995833
0.991667
0.995833
0.995833
0.987500
0.987500
0.987500
0.995833
1.987500
0.991667
0.991667
0.991667
0.987500
0.991667
0.995833
1.000000
0.991667
0.995833
0.987500
0.995833
