0.970833
0.891667
0.900000
1.025000
1.004167
0.937500
1.083333
0.983333
0.979167
1.058333
1.004167
0.979167
1.045833
0.966667
0.954167
0.983333
0.954167
0.887500
0.958333
0.900000
0.854167
0.908333
0.941667
0.879167
1.004167
1.000000
0.920833
1.037500
1.012500
0.929167
1.041667
0.995833
0.912500
0.987500
0.983333
0.883333
0.929167
0.854167
0.825000
0.908333
0.987500
0.870833
1.020833
0.991667
0.912500
1.050000
0.987500
0.937500
1.012500
1.020833
0.920833
1.025000
0.970833
0.916667
1.012500
0.933333
0.862500
0.920833
0.979167
0.891667
0.995833
1.016667
0.937500
1.029167
0.995833
0.920833
1.029167
1.008333
0.925000
1.004167
1.008333
0.912500
0.991667
1.029167
0.904167
0.975000
0.925000
0.858333
0.958333
1.012500
0.908333
0.979167
1.000000
0.916667
0.962500
0.925000
0.841667
0.887500
0.970833
0.870833
1.050000
1.012500
0.929167
1.087500
1.037500
0.962500
1.116667
1.041667
0.954167
1.079167
1.020833
0.950000
0.995833
0.970833
0.925000
1.000000
1.016667
0.933333
0.929167
0.883333
0.837500
0.879167
0.975000
0.920833
0.979167
1.008333
0.933333
1.050000
1.012500
0.933333
1.054167
1.033333
0.925000
1.041667
1.062500
0.945833
1.008333
0.991667
0.891667
0.900000
0.854167
0.833333
0.808333
0.883333
0.787500
0.833333
1.170833
0.891667
0.941667
0.991667
0.895833
0.925000
1.008333
0.900000
0.879167
1.025000
0.958333
0.912500
1.087500
0.954167
0.945833
0.987500
0.966667
0.933333
1.004167
0.929167
0.841667
0.862500
0.854167
0.895833
1.325000
1.262500
1.000000
1.045833
0.975000
0.916667
1.016667
0.954167
0.912500
1.004167
0.991667
0.929167
0.991667
0.966667
0.904167
0.950000
0.966667
0.891667
0.966667
0.937500
0.875000
0.945833
0.912500
0.837500
0.870833
0.858333
0.733333
0.775000
1.275000
0.875000
0.987500
1.020833
0.895833
1.012500
0.954167
0.870833
1.012500
0.975000
0.875000
0.962500
0.904167
0.841667
0.887500
0.912500
0.866667
1.075000
0.987500
0.920833
0.991667
1.012500
0.904167
0.954167
0.912500
0.850000
0.887500
0.933333
0.866667
0.933333
0.891667
0.854167
0.983333
0.979167
0.887500
0.962500
1.000000
0.845833
0.833333
0.737500
0.733333
0.904167
1.279167
0.820833
0.754167
0.720833
0.704167
0.679167
0.666667
0.637500
0.625000
0.616667
0.595833
0.604167
0.591667
0.591667
0.591667
0.591667
0.570833
0.587500
0.583333
0.587500
0.583333
0.575000
0.575000
0.591667
0.575000
0.566667
0.554167
0.550000
0.558333
0.558333
0.562500
0.545833
0.550000
0.537500
0.566667
0.554167
0.554167
0.554167
0.537500
0.562500
0.558333
0.550000
0.550000
0.554167
0.550000
0.537500
0.558333
0.554167
0.550000
0.545833
0.537500
0.554167
0.558333
0.558333
0.554167
0.554167
0.558333
0.545833
0.558333
0.579167
0.570833
0.550000
0.579167
0.570833
0.554167
0.595833
0.579167
0.579167
0.570833
0.591667
0.575000
0.562500
0.570833
0.570833
0.566667
0.570833
0.562500
0.591667
0.575000
0.562500
0.566667
0.575000
0.558333
0.566667
0.583333
0.566667
0.570833
0.558333
0.566667
0.579167
0.570833
0.570833
0.562500
0.562500
0.558333
0.554167
0.558333
0.554167
0.554167
0.541667
0.545833
0.554167
0.545833
0.545833
0.554167
0.541667
0.562500
0.558333
0.554167
0.558333
0.550000
0.570833
0.562500
0.558333
0.554167
0.566667
0.562500
0.562500
0.562500
0.545833
0.570833
0.558333
0.562500
0.554167
0.558333
0.545833
0.566667
0.558333
0.554167
0.550000
0.550000
0.566667
0.550000
0.554167
0.545833
0.545833
0.554167
0.554167
0.545833
0.537500
0.550000
0.550000
0.545833
0.545833
0.541667
0.554167
0.550000
0.545833
0.545833
0.529167
0.545833
0.550000
0.545833
0.541667
0.541667
0.541667
0.533333
0.550000
0.545833
0.541667
0.537500
0.537500
0.533333
0.537500
0.541667
0.545833
0.537500
0.537500
0.537500
0.529167
0.545833
0.537500
0.541667
0.537500
0.541667
0.541667
0.529167
0.541667
0.541667
0.541667
0.541667
0.537500
0.525000
0.541667
0.541667
0.537500
0.541667
0.533333
0.537500
0.545833
0.545833
0.537500
0.541667
0.533333
0.545833
0.545833
0.537500
0.537500
0.537500
0.529167
0.550000
0.541667
0.537500
0.533333
0.533333
0.529167
0.541667
0.533333
0.537500
0.533333
0.537500
0.516667
0.537500
0.537500
0.537500
0.533333
0.537500
0.529167
0.533333
0.537500
0.537500
0.529167
0.529167
0.529167
0.537500
0.537500
0.529167
0.537500
0.525000
0.533333
0.533333
0.537500
0.529167
0.533333
0.533333
0.529167
0.520833
0.537500
0.533333
0.529167
0.533333
0.525000
0.529167
0.525000
0.529167
0.533333
0.529167
0.525000
0.520833
0.533333
0.533333
0.529167
0.529167
0.533333
0.516667
0.533333
0.533333
0.537500
0.533333
0.537500
0.529167
0.533333
0.525000
0.545833
0.541667
0.533333
0.545833
0.545833
0.537500
0.533333
0.537500
0.520833
0.533333
0.541667
0.541667
0.533333
0.545833
0.541667
0.545833
0.541667
0.533333
0.545833
0.545833
0.533333
0.545833
0.541667
0.537500
0.550000
0.550000
0.525000
0.545833
0.545833
0.541667
0.533333
0.545833
0.541667
0.533333
0.533333
0.541667
0.541667
0.537500
0.533333
0.541667
0.537500
0.533333
0.529167
0.529167
0.541667
0.537500
0.529167
0.525000
0.525000
0.533333
0.533333
0.533333
0.512500
0.529167
0.533333
0.533333
0.533333
0.529167
0.512500
0.537500
0.533333
0.537500
0.529167
0.537500
0.520833
0.533333
0.537500
0.533333
0.537500
0.529167
0.537500
0.516667
0.529167
0.541667
0.533333
0.537500
0.533333
0.529167
0.533333
0.537500
0.541667
0.537500
0.533333
0.525000
0.541667
0.541667
0.545833
0.537500
0.537500
0.537500
0.545833
0.541667
0.541667
0.550000
0.545833
0.529167
0.541667
0.541667
0.537500
0.545833
0.533333
0.545833
0.541667
0.545833
0.533333
0.537500
0.545833
0.566667
0.583333
0.554167
0.550000
0.550000
0.541667
0.550000
0.545833
0.533333
0.541667
0.541667
0.537500
0.529167
0.537500
0.537500
0.533333
0.533333
0.533333
0.541667
0.541667
0.533333
0.533333
0.541667
0.537500
0.541667
0.537500
0.533333
0.541667
0.541667
0.541667
0.537500
0.541667
0.537500
0.533333
0.545833
0.537500
0.541667
0.537500
0.537500
0.529167
0.545833
0.537500
0.541667
0.541667
0.537500
0.529167
0.545833
0.541667
0.541667
0.529167
0.533333
0.545833
0.537500
0.541667
0.533333
0.533333
0.545833
0.541667
0.541667
0.537500
0.537500
0.545833
0.550000
0.550000
0.550000
0.545833
0.554167
0.554167
0.554167
0.550000
0.541667
0.545833
0.550000
0.550000
0.545833
0.541667
0.541667
0.533333
0.537500
0.545833
0.537500
0.537500
0.537500
0.529167
0.537500
0.541667
0.541667
0.541667
0.537500
0.541667
0.533333
0.550000
0.541667
0.545833
0.537500
0.545833
0.533333
0.541667
0.550000
0.541667
0.541667
0.541667
0.537500
0.541667
0.541667
0.545833
0.537500
0.541667
0.537500
0.537500
0.533333
0.541667
0.537500
0.545833
0.537500
0.537500
0.537500
0.529167
0.545833
0.541667
0.550000
0.541667
0.541667
0.541667
0.533333
0.545833
0.541667
0.545833
0.550000
0.537500
0.550000
0.558333
0.554167
0.545833
0.554167
0.554167
0.545833
0.554167
0.554167
0.550000
0.545833
0.558333
0.550000
0.545833
0.541667
0.550000
0.554167
0.550000
0.554167
0.541667
0.554167
0.550000
0.558333
0.545833
0.558333
0.558333
0.554167
0.537500
0.554167
0.550000
0.558333
0.554167
0.545833
0.558333
0.554167
0.554167
0.541667
0.554167
0.554167
0.554167
0.541667
0.554167
0.554167
0.550000
0.545833
0.550000
0.541667
0.554167
0.550000
0.545833
0.550000
0.541667
0.550000
0.541667
0.554167
0.554167
0.554167
0.550000
0.554167
0.554167
0.550000
0.554167
0.558333
0.558333
0.558333
0.562500
0.558333
0.554167
0.562500
0.562500
0.562500
0.558333
0.562500
0.554167
0.558333
0.558333
0.562500
0.562500
0.562500
0.550000
0.558333
0.558333
0.558333
0.558333
0.558333
0.554167
0.558333
0.570833
0.579167
0.579167
0.583333
0.579167
0.575000
0.566667
0.566667
0.566667
0.545833
0.562500
0.558333
0.550000
0.550000
0.550000
0.554167
0.545833
0.545833
0.554167
0.550000
0.545833
0.550000
0.550000
0.554167
0.550000
0.545833
0.550000
0.550000
0.554167
0.541667
0.550000
0.554167
0.550000
0.545833
0.550000
0.562500
0.554167
0.554167
0.554167
0.558333
0.566667
0.566667
0.558333
0.566667
0.566667
0.566667
0.566667
0.566667
0.566667
0.570833
0.566667
0.575000
0.575000
0.566667
0.570833
0.570833
0.566667
0.570833
0.562500
0.562500
0.566667
0.558333
0.558333
0.558333
0.554167
0.554167
0.550000
0.550000
0.550000
0.537500
0.541667
0.550000
0.550000
0.554167
0.541667
0.558333
0.550000
0.558333
0.550000
0.562500
0.562500
0.545833
0.558333
0.550000
0.545833
0.550000
0.545833
0.550000
0.541667
0.541667
0.550000
0.550000
0.537500
0.541667
0.550000
0.545833
0.554167
0.545833
0.554167
0.554167
0.558333
0.550000
0.566667
0.558333
0.562500
0.550000
0.562500
0.566667
0.558333
0.550000
0.562500
0.554167
0.562500
0.558333
0.558333
0.558333
0.558333
0.545833
0.554167
0.558333
0.562500
0.554167
0.558333
0.566667
0.562500
0.558333
0.566667
0.575000
0.566667
0.566667
0.566667
0.575000
0.570833
0.566667
0.570833
0.570833
0.566667
0.562500
0.558333
0.545833
0.562500
0.554167
0.550000
0.550000
0.550000
0.545833
0.545833
