0.837500
0.812500
0.837500
0.833333
0.829167
0.825000
0.808333
0.829167
0.825000
0.820833
0.808333
0.691667
0.887500
0.841667
0.808333
0.825000
0.820833
0.825000
0.687500
0.891667
0.720833
0.883333
0.825000
0.812500
0.820833
0.829167
0.812500
0.816667
0.820833
0.820833
0.812500
0.816667
0.825000
0.829167
0.720833
0.858333
0.829167
0.829167
0.825000
0.820833
0.825000
0.833333
0.820833
0.675000
0.895833
0.745833
0.870833
0.812500
0.825000
0.837500
0.812500
0.820833
0.816667
0.816667
0.687500
0.850000
0.795833
0.820833
0.808333
0.812500
0.825000
0.816667
0.804167
0.691667
0.870833
0.820833
0.812500
0.808333
0.820833
0.825000
0.700000
0.820833
0.883333
0.841667
0.825000
0.820833
0.829167
0.829167
0.829167
0.691667
0.891667
0.775000
0.866667
0.820833
0.825000
0.833333
0.833333
0.816667
0.833333
0.837500
0.841667
0.820833
0.829167
0.766667
0.883333
0.825000
0.850000
0.850000
0.845833
0.825000
0.837500
0.837500
0.783333
0.854167
0.825000
0.825000
0.808333
0.800000
0.816667
0.825000
0.816667
0.808333
0.825000
0.820833
0.825000
0.820833
0.825000
0.812500
0.833333
0.820833
0.820833
0.845833
0.825000
0.812500
0.691667
0.904167
0.837500
0.812500
0.829167
0.833333
0.833333
0.666667
0.904167
0.733333
0.904167
0.845833
0.829167
0.841667
0.837500
0.833333
0.820833
0.829167
0.837500
0.825000
0.820833
0.841667
0.837500
0.833333
0.829167
0.841667
0.845833
0.841667
0.829167
0.841667
0.841667
0.837500
0.675000
0.895833
0.787500
0.875000
0.833333
0.833333
0.845833
0.845833
0.825000
0.825000
0.825000
0.829167
0.825000
0.729167
0.854167
0.816667
0.833333
0.808333
0.808333
0.808333
0.816667
0.808333
0.725000
0.850000
0.820833
0.804167
0.800000
0.816667
0.820833
0.691667
0.883333
0.825000
0.825000
0.820833
0.829167
0.829167
0.829167
0.820833
0.829167
0.833333
0.829167
0.816667
0.829167
0.833333
0.833333
0.825000
0.829167
0.837500
0.837500
0.825000
0.841667
0.845833
0.845833
0.833333
0.775000
0.891667
0.845833
0.829167
0.841667
0.845833
0.850000
0.700000
0.879167
0.850000
0.850000
0.829167
0.816667
0.808333
0.862500
0.837500
0.820833
0.808333
0.804167
0.804167
0.812500
0.816667
0.820833
0.820833
0.825000
0.837500
0.845833
0.833333
0.808333
0.816667
0.816667
0.829167
0.737500
0.850000
0.812500
0.820833
0.816667
0.795833
0.812500
0.812500
0.812500
0.804167
0.800000
0.804167
0.800000
0.795833
0.791667
0.800000
0.800000
0.741667
0.833333
0.804167
0.812500
0.808333
0.695833
0.841667
0.820833
0.816667
0.812500
0.804167
0.820833
0.820833
0.825000
0.808333
0.812500
0.820833
0.825000
0.825000
0.812500
0.766667
0.929167
0.845833
0.829167
0.816667
0.833333
0.833333
0.762500
0.854167
0.825000
0.829167
0.812500
0.812500
0.816667
0.825000
0.804167
0.804167
0.829167
0.820833
0.808333
0.820833
0.829167
0.833333
0.812500
0.825000
0.829167
0.825000
0.812500
0.825000
0.829167
0.825000
0.816667
0.825000
0.829167
0.829167
0.816667
0.825000
0.829167
0.833333
0.816667
0.816667
0.829167
0.833333
0.833333
0.820833
0.829167
0.833333
0.833333
0.820833
0.820833
0.825000
0.825000
0.733333
0.854167
0.825000
0.825000
0.808333
0.825000
0.829167
0.733333
0.862500
0.833333
0.841667
0.845833
0.820833
0.845833
0.841667
0.845833
0.833333
0.850000
0.858333
0.862500
0.837500
0.850000
0.858333
0.858333
0.804167
0.854167
0.841667
0.854167
0.816667
0.837500
0.837500
0.833333
0.820833
0.812500
0.854167
0.850000
0.820833
0.837500
0.837500
0.837500
0.820833
0.833333
0.833333
0.833333
0.816667
0.829167
0.829167
0.758333
0.854167
0.829167
0.833333
0.829167
0.812500
0.833333
0.829167
0.829167
0.812500
0.745833
0.870833
0.841667
0.820833
0.829167
0.825000
0.829167
0.745833
0.870833
0.833333
0.833333
0.816667
0.841667
0.841667
0.829167
0.808333
0.708333
0.862500
0.833333
0.816667
0.825000
0.837500
0.829167
0.683333
0.879167
0.841667
0.841667
0.816667
0.820833
0.858333
0.770833
0.845833
0.837500
0.854167
0.850000
0.662500
0.895833
0.808333
0.854167
0.820833
0.812500
0.829167
0.845833
0.812500
0.825000
0.833333
0.820833
0.812500
0.829167
0.825000
0.820833
0.758333
0.837500
0.825000
0.825000
0.804167
0.820833
0.825000
0.775000
0.841667
0.825000
0.858333
0.841667
0.670833
0.900000
0.854167
0.845833
0.825000
0.845833
0.841667
0.854167
0.829167
0.845833
0.845833
0.837500
0.829167
0.820833
0.833333
0.833333
0.729167
0.854167
0.820833
0.833333
0.812500
0.804167
0.820833
0.816667
0.816667
0.695833
0.875000
0.833333
0.833333
0.812500
0.829167
0.837500
0.766667
0.862500
0.820833
0.829167
0.837500
0.833333
0.816667
0.837500
0.833333
0.829167
0.812500
0.837500
0.833333
0.829167
0.820833
0.837500
0.841667
0.833333
0.825000
0.733333
0.908333
0.854167
0.829167
0.845833
0.845833
0.845833
0.675000
0.912500
0.766667
0.904167
0.841667
0.833333
0.837500
0.841667
0.820833
0.825000
0.837500
0.837500
0.816667
0.829167
0.837500
0.833333
0.820833
0.829167
0.833333
0.837500
0.820833
0.833333
0.837500
0.845833
0.708333
0.908333
0.858333
0.854167
0.829167
0.837500
0.845833
0.845833
0.829167
0.841667
0.862500
0.866667
0.850000
0.850000
0.854167
0.850000
0.841667
0.829167
0.841667
0.845833
0.833333
0.825000
0.833333
0.837500
0.833333
0.825000
0.708333
0.929167
0.854167
0.825000
0.837500
0.841667
0.845833
0.779167
0.862500
0.841667
0.841667
0.833333
0.825000
0.850000
0.837500
0.833333
0.704167
0.895833
0.854167
0.837500
0.825000
0.854167
0.854167
0.841667
0.833333
0.850000
0.854167
0.850000
0.829167
0.850000
0.862500
0.850000
0.716667
0.875000
0.854167
0.841667
0.820833
0.841667
0.841667
0.800000
0.825000
0.854167
0.850000
0.833333
0.695833
0.904167
0.845833
0.845833
0.829167
0.837500
0.841667
0.833333
0.825000
0.750000
0.904167
0.854167
0.829167
0.845833
0.845833
0.850000
0.729167
0.891667
0.829167
0.837500
0.833333
0.820833
0.845833
0.866667
0.850000
0.666667
0.904167
0.850000
0.837500
0.820833
0.837500
0.841667
0.833333
0.825000
0.750000
0.870833
0.854167
0.825000
0.833333
0.845833
0.837500
0.683333
0.887500
0.850000
0.845833
0.833333
0.850000
0.862500
0.879167
0.841667
0.837500
0.854167
0.816667
0.820833
0.837500
0.812500
0.837500
0.816667
0.816667
0.833333
0.733333
0.862500
0.825000
0.845833
0.854167
0.745833
0.841667
0.854167
0.862500
0.850000
0.820833
0.883333
0.879167
0.858333
0.850000
0.870833
0.866667
0.704167
0.887500
0.866667
0.858333
0.837500
0.866667
0.858333
0.833333
0.833333
0.741667
0.904167
0.837500
0.829167
0.837500
0.841667
0.825000
0.841667
0.837500
0.825000
0.829167
0.841667
0.729167
0.887500
0.841667
0.858333
0.862500
0.841667
0.837500
0.854167
0.858333
0.754167
0.887500
0.833333
0.850000
0.833333
0.825000
0.825000
0.833333
0.837500
0.837500
0.845833
0.816667
0.825000
0.837500
0.812500
0.816667
0.825000
0.812500
0.804167
0.812500
0.812500
0.812500
0.812500
0.825000
0.825000
0.829167
0.841667
0.837500
0.841667
0.762500
0.895833
0.858333
0.862500
0.862500
0.870833
0.858333
0.679167
0.933333
0.812500
0.895833
0.829167
0.845833
0.850000
0.854167
0.833333
