1.120833
1.112500
1.125000
1.100000
1.145833
1.162500
1.112500
2.183333
1.120833
1.120833
1.170833
1.083333
1.162500
2.183333
1.137500
1.116667
1.108333
1.129167
1.137500
1.095833
1.158333
1.133333
1.104167
1.141667
1.162500
1.112500
1.150000
2.187500
1.141667
1.120833
1.108333
1.137500
1.150000
1.104167
2.179167
1.112500
1.120833
1.150000
1.087500
2.191667
1.112500
1.087500
1.075000
1.075000
1.058333
1.058333
1.054167
1.062500
1.066667
1.054167
1.058333
1.070833
1.066667
1.066667
1.075000
1.091667
1.075000
1.075000
1.112500
1.087500
1.091667
1.075000
1.133333
1.116667
1.095833
2.137500
1.108333
1.100000
1.112500
1.104167
1.100000
2.183333
1.108333
1.108333
1.145833
1.091667
2.166667
1.116667
1.104167
1.137500
1.137500
1.104167
2.175000
1.112500
1.108333
1.120833
1.104167
1.150000
1.141667
1.100000
1.154167
2.141667
1.129167
1.120833
1.100000
1.125000
1.145833
1.083333
1.116667
1.054167
1.079167
1.087500
1.083333
1.079167
1.116667
1.137500
1.091667
1.125000
2.162500
1.137500
1.120833
1.112500
1.170833
2.150000
1.141667
1.129167
1.108333
1.154167
1.129167
1.108333
1.154167
2.150000
1.133333
1.112500
1.104167
1.125000
1.133333
1.095833
1.154167
1.137500
1.095833
1.145833
2.166667
1.133333
1.120833
1.104167
1.116667
1.162500
1.116667
2.195833
1.129167
1.133333
1.166667
1.100000
2.204167
1.125000
1.133333
1.162500
1.112500
1.145833
2.187500
1.133333
1.095833
1.070833
1.083333
1.087500
1.075000
1.075000
1.091667
1.095833
1.075000
1.100000
1.133333
1.062500
1.141667
1.125000
1.100000
1.137500
2.166667
1.133333
1.120833
1.112500
1.133333
1.154167
1.145833
2.175000
1.133333
1.141667
1.166667
1.120833
2.187500
1.125000
1.125000
1.162500
1.120833
2.175000
1.120833
1.116667
1.129167
1.116667
1.141667
1.125000
1.137500
1.125000
2.187500
1.120833
1.116667
1.125000
1.100000
1.145833
1.154167
1.100000
1.158333
2.191667
1.141667
1.129167
1.120833
1.179167
2.183333
1.141667
1.133333
1.112500
1.179167
2.183333
1.154167
1.137500
1.120833
1.170833
2.179167
1.141667
1.133333
1.104167
1.166667
1.141667
1.116667
1.162500
2.170833
1.137500
1.116667
1.108333
1.141667
1.145833
1.116667
1.154167
2.187500
1.137500
1.125000
1.116667
1.162500
1.137500
1.125000
2.212500
1.137500
1.133333
1.179167
1.129167
2.208333
1.129167
1.145833
1.158333
1.125000
2.204167
1.125000
1.120833
1.141667
1.095833
1.158333
1.150000
1.112500
1.158333
2.187500
1.137500
1.125000
1.108333
1.133333
1.137500
1.116667
1.195833
2.154167
1.133333
1.125000
1.112500
1.158333
1.137500
1.116667
2.200000
1.133333
1.133333
1.162500
1.058333
1.091667
1.083333
1.066667
1.062500
1.058333
0.579167
0.804167
0.783333
0.754167
0.716667
0.716667
0.737500
0.700000
0.737500
0.700000
0.679167
0.720833
0.700000
0.370833
0.312500
0.683333
0.670833
0.658333
0.645833
0.637500
0.620833
0.625000
0.612500
0.620833
0.604167
0.595833
0.616667
0.604167
0.604167
0.587500
0.616667
0.608333
0.591667
0.608333
0.612500
0.612500
0.625000
0.612500
0.958333
0.995833
0.858333
0.466667
0.304167
0.366667
0.666667
0.645833
0.670833
0.662500
0.666667
0.625000
0.654167
0.650000
0.645833
0.620833
0.654167
0.633333
0.633333
0.612500
0.629167
0.620833
0.612500
0.604167
0.620833
0.633333
0.600000
0.604167
0.620833
0.600000
0.600000
0.620833
0.608333
0.579167
0.616667
0.604167
0.570833
0.604167
0.587500
0.562500
0.591667
0.587500
0.566667
0.575000
0.583333
0.583333
0.558333
0.587500
0.429167
0.162500
0.575000
0.570833
0.604167
1.237500
1.116667
0.579167
0.587500
0.612500
0.608333
0.587500
0.591667
0.604167
0.591667
0.575000
0.595833
0.600000
0.579167
0.575000
0.595833
0.579167
0.566667
0.604167
0.575000
0.562500
0.587500
0.579167
0.562500
0.570833
0.583333
0.579167
0.562500
0.595833
0.591667
0.579167
0.579167
0.604167
0.600000
0.566667
0.600000
0.600000
0.591667
1.183333
0.595833
0.275000
0.316667
0.579167
0.833333
0.962500
0.600000
0.225000
0.379167
0.412500
0.766667
0.587500
0.587500
0.445833
0.712500
0.608333
0.566667
0.600000
0.591667
0.575000
0.570833
0.583333
0.587500
0.587500
0.566667
0.604167
0.587500
0.591667
0.579167
0.720833
0.841667
0.241667
0.579167
0.608333
0.600000
0.591667
0.570833
0.608333
0.595833
0.241667
0.529167
0.983333
0.595833
0.583333
0.608333
0.595833
0.575000
0.591667
0.600000
0.600000
0.579167
0.612500
0.604167
0.608333
0.675000
0.541667
0.612500
0.604167
0.600000
0.620833
0.616667
0.212500
0.383333
0.612500
0.633333
0.200000
0.420833
0.595833
0.441667
0.195833
0.466667
0.354167
0.541667
0.554167
0.533333
0.416667
0.095833
0.575000
0.208333
0.612500
0.220833
0.391667
0.608333
0.604167
0.616667
0.616667
0.583333
0.620833
0.608333
0.595833
0.591667
0.616667
0.608333
0.591667
0.600000
0.616667
0.612500
0.591667
0.612500
0.604167
0.254167
0.966667
0.595833
0.408333
0.420833
0.516667
0.500000
0.608333
0.625000
0.612500
0.595833
0.616667
0.595833
0.579167
1.187500
0.558333
0.587500
0.575000
0.562500
0.558333
0.583333
0.575000
0.566667
0.554167
0.583333
0.579167
0.254167
0.329167
0.558333
0.591667
0.787500
0.166667
0.229167
0.541667
0.858333
0.829167
0.587500
0.558333
0.183333
0.325000
0.583333
0.883333
0.591667
1.183333
1.154167
0.579167
1.183333
0.562500
0.587500
0.608333
0.233333
0.379167
0.833333
0.341667
0.629167
0.620833
0.804167
0.804167
0.250000
0.512500
0.329167
0.229167
0.383333
0.416667
0.520833
0.491667
0.754167
0.625000
0.216667
0.629167
0.366667
0.504167
0.329167
0.400000
0.795833
0.362500
0.704167
0.487500
0.579167
0.587500
0.595833
0.558333
0.583333
0.587500
0.579167
0.562500
0.604167
0.595833
0.575000
0.587500
0.250000
0.366667
0.795833
0.404167
0.183333
0.300000
0.325000
0.408333
0.225000
0.458333
0.154167
0.308333
0.258333
0.404167
0.612500
0.612500
0.395833
0.362500
0.437500
0.587500
0.812500
0.370833
0.779167
0.275000
0.562500
0.737500
0.591667
0.800000
0.358333
0.579167
0.583333
0.562500
0.604167
0.583333
0.558333
0.595833
0.579167
0.562500
0.575000
0.591667
0.583333
0.200000
0.379167
0.375000
0.358333
0.175000
0.475000
0.383333
0.245833
0.437500
0.462500
0.233333
0.358333
0.433333
0.329167
0.562500
0.420833
0.558333
0.391667
0.091667
0.420833
0.220833
0.366667
0.670833
0.291667
0.287500
0.179167
0.495833
0.195833
0.366667
0.508333
0.470833
0.141667
0.591667
0.554167
0.566667
0.629167
0.370833
0.695833
0.566667
0.545833
0.583333
0.566667
0.545833
0.566667
0.570833
0.575000
0.212500
0.845833
0.441667
0.454167
0.362500
0.570833
0.212500
0.558333
0.162500
0.650000
0.166667
0.600000
0.416667
0.304167
0.466667
0.216667
0.466667
0.241667
0.670833
0.404167
0.333333
0.795833
0.683333
0.191667
0.395833
0.208333
0.283333
0.508333
0.283333
0.541667
0.145833
0.333333
0.245833
0.408333
0.329167
0.283333
0.316667
0.466667
0.333333
0.312500
0.379167
0.754167
0.625000
0.350000
0.533333
0.516667
0.437500
0.525000
0.329167
0.845833
0.812500
0.583333
0.558333
0.579167
0.837500
0.366667
0.229167
0.308333
1.237500
0.662500
0.187500
0.254167
1.000000
0.616667
0.762500
0.420833
0.775000
0.604167
0.595833
0.745833
0.629167
0.087500
0.866667
0.479167
0.354167
0.583333
0.750000
0.183333
0.562500
0.641667
0.758333
1.191667
0.783333
0.387500
