0.895833
0.891667
0.900000
0.900000
0.887500
0.887500
0.875000
0.887500
0.879167
0.816667
0.908333
0.895833
0.875000
0.891667
0.895833
0.895833
0.900000
0.895833
0.870833
0.854167
0.783333
0.845833
0.845833
0.691667
0.966667
0.825000
0.779167
0.791667
0.808333
1.083333
1.054167
0.895833
0.937500
1.004167
0.900000
0.937500
0.870833
0.816667
0.904167
0.795833
0.862500
0.841667
0.912500
0.754167
0.766667
0.695833
0.562500
0.666667
1.045833
0.833333
0.945833
0.908333
0.700000
0.900000
0.762500
0.775000
0.820833
0.858333
1.016667
0.787500
0.733333
0.941667
1.079167
0.720833
0.858333
0.841667
0.775000
0.766667
0.900000
0.866667
1.000000
1.166667
0.987500
0.804167
0.850000
0.900000
0.920833
0.812500
1.187500
1.004167
1.033333
0.875000
0.862500
0.808333
0.812500
0.716667
0.812500
0.800000
0.820833
0.762500
0.791667
0.908333
0.795833
0.670833
0.770833
0.912500
0.825000
0.883333
0.916667
0.891667
1.166667
0.887500
1.025000
0.891667
0.733333
0.737500
0.791667
0.800000
0.895833
0.808333
0.866667
0.920833
0.812500
0.850000
0.975000
0.900000
0.858333
1.066667
1.075000
0.858333
0.920833
0.916667
0.862500
0.766667
0.779167
0.858333
0.779167
0.991667
0.737500
0.850000
0.795833
0.729167
0.870833
0.766667
0.704167
0.908333
0.991667
0.887500
0.908333
0.812500
0.825000
0.766667
0.712500
0.808333
0.683333
0.941667
0.833333
1.133333
0.758333
0.741667
1.045833
0.854167
0.695833
0.879167
1.050000
0.800000
0.841667
0.979167
0.829167
0.825000
0.866667
0.770833
1.075000
0.770833
1.075000
0.858333
0.950000
0.791667
0.683333
0.737500
0.837500
1.050000
0.704167
0.829167
0.991667
0.775000
0.983333
0.833333
0.633333
0.800000
0.933333
0.837500
0.970833
0.800000
0.745833
0.779167
0.762500
0.691667
0.883333
0.866667
0.700000
1.083333
1.004167
1.083333
0.866667
0.912500
0.825000
0.754167
0.733333
0.795833
0.833333
1.179167
0.862500
1.083333
0.854167
0.933333
0.929167
1.016667
0.854167
0.766667
0.729167
0.779167
0.887500
0.795833
0.800000
0.891667
0.787500
0.787500
0.775000
0.737500
0.687500
0.791667
0.887500
0.975000
0.883333
0.904167
0.883333
0.779167
0.745833
0.820833
0.691667
0.595833
0.795833
0.754167
0.862500
1.087500
0.770833
0.758333
0.733333
0.716667
0.791667
0.704167
1.062500
0.779167
0.862500
0.645833
1.050000
0.962500
0.941667
0.770833
0.750000
0.783333
0.800000
0.954167
0.979167
0.870833
1.041667
0.770833
1.100000
0.945833
0.775000
0.850000
1.041667
0.875000
0.858333
0.995833
0.908333
0.866667
0.904167
0.829167
0.900000
0.716667
0.691667
0.704167
0.625000
0.745833
0.945833
0.800000
0.670833
0.720833
1.179167
0.979167
1.091667
0.991667
0.862500
0.812500
0.837500
0.729167
0.400000
0.441667
0.979167
0.900000
0.754167
0.925000
1.125000
0.945833
0.825000
0.933333
0.791667
0.629167
0.358333
0.133333
0.391667
0.445833
0.854167
0.545833
0.220833
0.733333
0.704167
0.729167
0.629167
0.762500
0.712500
0.345833
0.766667
0.404167
0.454167
0.837500
0.679167
0.475000
0.504167
1.045833
0.775000
0.208333
0.470833
0.241667
0.433333
0.495833
0.858333
0.841667
1.062500
0.833333
1.104167
0.962500
0.845833
0.270833
0.433333
0.675000
0.354167
0.404167
0.941667
1.000000
0.870833
1.112500
0.504167
0.820833
0.841667
1.175000
0.891667
1.058333
0.883333
0.908333
1.679167
1.279167
1.070833
0.937500
0.854167
0.816667
0.825000
0.895833
0.941667
0.766667
0.750000
0.754167
0.787500
1.183333
0.650000
0.250000
0.737500
0.791667
1.033333
1.220833
1.083333
0.858333
0.762500
0.762500
0.958333
0.858333
0.979167
0.920833
0.854167
0.987500
1.020833
0.862500
0.800000
0.920833
1.104167
0.987500
0.404167
0.316667
0.812500
0.708333
1.141667
0.737500
0.745833
1.000000
0.995833
0.950000
1.020833
0.783333
0.766667
0.700000
0.950000
0.854167
0.816667
0.833333
0.925000
0.883333
0.908333
0.779167
1.170833
1.029167
0.816667
0.812500
0.766667
0.804167
0.837500
0.854167
1.066667
0.900000
0.929167
0.866667
0.875000
0.712500
0.725000
1.079167
0.845833
1.050000
1.116667
0.995833
0.691667
0.820833
0.887500
1.004167
0.841667
0.779167
0.787500
0.708333
0.675000
0.937500
0.870833
0.941667
0.991667
0.804167
1.004167
0.779167
0.762500
0.825000
0.766667
0.816667
0.775000
0.975000
0.816667
0.679167
0.729167
0.787500
0.887500
0.595833
0.850000
0.966667
1.070833
0.875000
0.816667
0.833333
0.887500
0.816667
0.866667
0.891667
0.841667
0.950000
0.754167
0.958333
0.916667
1.095833
0.804167
0.850000
0.750000
0.779167
0.704167
0.770833
0.754167
0.650000
0.641667
0.875000
0.837500
0.937500
0.908333
0.820833
0.683333
0.854167
0.858333
0.929167
1.200000
0.745833
1.004167
0.795833
0.766667
0.758333
0.800000
0.841667
0.725000
0.820833
0.795833
0.654167
0.983333
0.941667
0.779167
0.754167
0.941667
0.591667
0.933333
0.837500
0.870833
0.775000
1.016667
0.662500
1.000000
1.066667
0.833333
0.979167
0.929167
0.795833
0.937500
0.737500
0.883333
0.850000
0.837500
0.779167
0.679167
0.850000
0.679167
0.754167
1.079167
0.833333
0.966667
0.679167
0.950000
0.837500
0.925000
0.795833
0.725000
0.866667
0.770833
0.758333
0.783333
0.729167
0.875000
0.966667
0.725000
1.066667
0.958333
0.800000
0.779167
0.770833
1.012500
0.858333
0.891667
0.733333
0.858333
0.879167
0.829167
0.808333
0.733333
0.895833
0.975000
1.087500
0.850000
0.775000
0.708333
0.695833
0.829167
0.745833
0.891667
0.858333
0.800000
0.787500
0.950000
1.025000
0.845833
0.920833
0.795833
0.754167
0.733333
0.804167
0.766667
0.700000
1.041667
0.779167
0.700000
0.754167
0.745833
0.683333
0.700000
0.729167
0.945833
0.870833
0.879167
0.870833
0.833333
0.787500
0.758333
0.854167
0.775000
0.737500
0.645833
0.587500
1.137500
1.025000
0.866667
1.079167
0.758333
0.833333
0.695833
1.087500
0.929167
0.850000
0.820833
0.758333
0.762500
0.954167
0.745833
0.858333
0.758333
0.954167
1.016667
0.791667
0.712500
0.712500
1.066667
0.804167
0.950000
0.695833
0.858333
0.845833
0.904167
0.783333
0.720833
0.762500
0.816667
1.008333
0.837500
0.895833
0.875000
0.908333
1.037500
0.862500
0.887500
0.920833
0.850000
1.029167
0.904167
0.941667
0.870833
0.737500
0.866667
0.779167
1.100000
1.070833
0.791667
0.925000
0.779167
0.837500
0.858333
0.695833
0.700000
0.754167
0.700000
1.158333
1.125000
0.879167
0.754167
0.825000
0.850000
1.079167
0.950000
0.983333
0.841667
0.875000
0.729167
0.870833
0.875000
0.850000
0.858333
0.920833
0.912500
0.904167
0.804167
0.800000
0.920833
0.833333
0.795833
0.725000
0.687500
0.945833
1.033333
0.908333
1.016667
0.779167
0.979167
0.850000
0.879167
0.887500
0.975000
0.679167
0.754167
0.758333
0.770833
0.754167
0.991667
0.745833
0.816667
0.704167
0.704167
0.787500
0.837500
0.720833
0.775000
1.016667
0.900000
1.033333
1.029167
0.783333
0.800000
0.979167
0.700000
0.850000
0.858333
0.870833
0.779167
0.887500
0.741667
1.025000
0.945833
0.754167
0.800000
0.808333
0.779167
0.841667
0.750000
0.783333
0.733333
0.795833
