0.350000
0.391667
0.350000
0.695833
0.816667
0.416667
0.379167
0.266667
0.233333
0.412500
0.650000
0.645833
0.616667
0.120833
0.279167
0.566667
0.341667
0.645833
0.645833
0.208333
0.433333
0.520833
0.116667
0.645833
0.287500
0.354167
0.204167
0.437500
0.645833
0.645833
0.645833
0.620833
0.658333
0.308333
0.337500
0.645833
0.645833
0.529167
0.537500
0.233333
0.400000
0.550000
0.987500
0.641667
0.129167
0.695833
0.466667
0.775000
0.491667
0.458333
0.379167
0.475000
0.650000
0.400000
0.237500
0.350000
0.291667
0.629167
0.445833
0.958333
0.529167
0.641667
0.641667
0.204167
0.320833
0.358333
0.400000
0.645833
0.637500
0.641667
0.529167
0.754167
0.650000
0.650000
0.641667
0.637500
0.641667
0.641667
0.645833
0.641667
0.637500
0.637500
0.641667
1.016667
0.254167
0.625000
0.275000
0.400000
0.645833
0.637500
0.633333
0.391667
0.900000
0.425000
1.308333
0.808333
0.641667
1.279167
0.275000
1.000000
0.516667
0.766667
0.637500
0.629167
0.458333
0.204167
0.641667
0.637500
1.283333
0.641667
0.641667
0.645833
0.820833
0.462500
0.637500
0.637500
0.641667
0.687500
0.291667
0.591667
0.337500
0.641667
0.645833
0.633333
0.287500
0.466667
0.525000
0.641667
0.641667
0.641667
0.283333
0.370833
0.641667
0.633333
0.229167
0.629167
0.316667
0.412500
0.350000
0.295833
0.445833
0.304167
0.237500
0.641667
0.629167
0.654167
0.641667
0.645833
0.650000
0.641667
0.637500
0.266667
0.375000
0.500000
0.783333
0.229167
0.470833
0.570833
0.641667
0.641667
0.633333
0.633333
0.912500
0.283333
0.237500
0.479167
0.387500
0.254167
0.637500
0.937500
0.987500
0.695833
0.241667
0.333333
0.162500
0.479167
0.470833
0.404167
0.970833
0.979167
0.966667
0.458333
0.250000
0.804167
1.020833
1.279167
0.645833
0.425000
1.512500
1.287500
1.933333
1.933333
2.583333
0.645833
0.645833
0.645833
0.316667
0.466667
0.445833
0.733333
0.654167
0.645833
0.645833
0.258333
0.387500
0.654167
0.645833
0.645833
0.650000
0.645833
0.650000
0.654167
0.654167
0.658333
0.658333
0.658333
0.658333
0.412500
0.237500
0.245833
0.283333
0.462500
0.325000
0.654167
0.400000
0.250000
0.650000
0.650000
0.658333
0.650000
0.208333
0.437500
0.645833
0.650000
0.766667
0.529167
0.650000
0.645833
0.608333
0.620833
0.295833
0.433333
0.645833
0.645833
0.433333
0.212500
0.645833
0.408333
0.237500
0.650000
0.654167
0.650000
0.650000
0.641667
0.645833
0.650000
0.650000
0.645833
0.641667
0.641667
0.645833
0.645833
0.645833
0.641667
0.641667
0.645833
0.645833
0.645833
0.654167
0.650000
0.641667
0.641667
0.641667
0.645833
0.645833
0.650000
0.637500
0.645833
0.641667
0.641667
0.650000
0.645833
0.645833
0.641667
0.637500
0.645833
0.650000
0.645833
0.220833
0.525000
0.345833
0.445833
1.029167
0.641667
0.633333
0.641667
0.637500
0.637500
0.637500
0.641667
0.641667
0.650000
0.645833
0.645833
0.637500
0.645833
0.654167
0.550000
0.433333
0.325000
0.645833
0.645833
0.412500
0.229167
0.645833
0.404167
0.250000
0.441667
1.358333
0.687500
0.254167
0.370833
0.725000
0.604167
0.691667
0.370833
1.495833
0.650000
1.266667
1.258333
0.275000
0.291667
1.329167
0.629167
0.625000
0.633333
1.270833
0.641667
0.637500
0.500000
0.762500
0.641667
0.637500
0.645833
0.641667
0.645833
0.641667
0.641667
0.650000
0.650000
0.245833
0.404167
0.654167
0.658333
0.354167
0.300000
0.458333
0.187500
0.658333
0.641667
0.537500
0.116667
0.645833
0.645833
0.650000
0.466667
0.829167
0.500000
0.795833
0.641667
0.758333
0.537500
0.645833
0.545833
0.437500
0.479167
0.466667
0.645833
0.512500
0.445833
0.333333
0.645833
0.650000
0.645833
0.725000
0.558333
0.495833
0.529167
0.370833
0.537500
1.120833
0.570833
0.233333
0.637500
0.241667
0.229167
0.812500
0.633333
0.208333
0.875000
1.462500
0.283333
0.283333
0.695833
0.475000
0.475000
0.233333
0.450000
0.895833
0.725000
0.541667
0.633333
0.941667
0.316667
0.720833
0.533333
0.341667
0.291667
0.300000
0.333333
0.629167
0.629167
1.266667
1.079167
0.191667
0.645833
0.629167
0.633333
1.025000
0.895833
0.650000
0.650000
0.650000
0.641667
0.645833
0.645833
0.529167
0.766667
0.512500
0.283333
0.354167
0.387500
0.516667
0.375000
0.804167
0.645833
0.308333
0.966667
0.208333
1.133333
0.708333
1.033333
0.745833
0.545833
0.470833
0.479167
1.062500
1.275000
0.633333
0.654167
0.629167
0.633333
0.629167
0.850000
0.416667
0.816667
0.458333
0.520833
0.312500
0.429167
0.633333
1.025000
0.879167
0.637500
1.254167
0.345833
0.262500
0.212500
0.266667
0.841667
0.279167
0.654167
0.970833
1.258333
1.266667
0.241667
1.029167
1.270833
1.920833
0.645833
1.270833
0.641667
0.641667
0.645833
0.633333
1.020833
0.254167
0.645833
0.300000
0.345833
0.641667
0.220833
0.425000
0.645833
0.637500
0.637500
0.387500
0.891667
0.520833
0.120833
0.637500
0.633333
0.641667
0.645833
0.608333
0.545833
0.337500
0.383333
0.358333
0.375000
0.229167
0.575000
0.495833
0.641667
0.645833
0.937500
0.358333
0.641667
0.295833
0.345833
0.733333
0.270833
0.279167
0.145833
0.658333
0.479167
0.775000
0.491667
0.637500
0.641667
1.270833
0.633333
0.637500
0.637500
0.637500
0.529167
0.308333
0.454167
0.641667
0.645833
0.645833
0.650000
0.650000
0.641667
0.262500
1.029167
0.645833
0.650000
0.650000
0.645833
0.645833
0.650000
0.650000
0.654167
0.654167
0.654167
0.662500
0.654167
0.658333
0.658333
0.658333
0.658333
0.662500
0.654167
0.654167
0.654167
0.654167
0.658333
0.654167
0.654167
0.650000
0.650000
0.654167
0.654167
0.650000
0.645833
0.650000
0.387500
0.916667
0.233333
0.412500
0.766667
0.683333
0.500000
0.650000
0.654167
0.650000
0.641667
0.645833
0.645833
0.650000
0.650000
0.654167
0.650000
0.645833
0.641667
0.645833
0.641667
0.650000
0.641667
0.641667
0.637500
0.645833
0.645833
0.300000
0.350000
0.654167
0.570833
0.229167
0.491667
0.645833
0.650000
0.641667
0.654167
0.650000
0.645833
0.641667
0.645833
0.650000
0.241667
0.408333
0.637500
0.654167
0.258333
0.391667
0.654167
0.658333
0.662500
0.658333
0.658333
0.441667
0.337500
0.316667
0.283333
0.300000
0.570833
0.466667
0.591667
0.475000
0.558333
0.283333
0.429167
0.729167
0.295833
0.533333
0.650000
0.658333
0.662500
0.658333
0.595833
0.316667
0.412500
0.270833
0.395833
0.316667
0.337500
0.658333
0.654167
0.650000
1.083333
0.420833
0.545833
0.558333
0.433333
0.487500
0.479167
0.333333
0.220833
0.550000
0.345833
0.270833
0.616667
0.929167
0.550000
0.579167
1.262500
1.016667
0.441667
1.075000
1.262500
2.062500
0.358333
0.308333
1.691667
1.270833
1.920833
0.645833
0.266667
0.379167
0.641667
0.650000
0.645833
0.650000
0.650000
0.650000
0.650000
0.645833
0.650000
0.654167
0.650000
0.650000
0.645833
0.645833
0.650000
0.654167
0.658333
0.650000
0.650000
0.650000
0.658333
0.658333
0.654167
0.279167
0.366667
0.645833
0.645833
0.758333
0.320833
0.633333
0.295833
0.600000
0.625000
0.325000
0.320833
0.412500
1.712500
0.658333
0.620833
0.404167
0.629167
0.637500
0.400000
0.225000
0.625000
0.629167
0.629167
0.629167
0.637500
0.445833
0.237500
0.566667
0.262500
0.358333
0.312500
0.320833
0.308333
0.245833
0.716667
0.633333
0.633333
0.562500
0.700000
0.637500
0.741667
0.262500
0.908333
0.729167
0.537500
0.358333
0.279167
1.266667
0.550000
0.725000
0.587500
0.304167
0.579167
1.100000
1.279167
0.645833
0.995833
0.937500
0.345833
0.304167
0.637500
0.504167
0.241667
0.325000
0.404167
0.437500
0.633333
0.966667
0.308333
0.641667
0.400000
0.220833
0.308333
0.545833
0.320833
0.508333
0.470833
0.308333
0.566667
0.662500
0.420833
0.275000
0.129167
0.383333
0.704167
0.654167
0.620833
1.237500
1.245833
1.445833
1.341667
1.604167
1.891667
0.637500
0.641667
0.787500
0.120833
0.379167
0.604167
0.266667
0.337500
0.216667
0.470833
0.358333
0.208333
0.533333
0.150000
0.379167
0.370833
0.245833
0.237500
0.225000
0.433333
0.620833
0.616667
0.879167
0.987500
0.625000
0.612500
0.620833
0.825000
0.425000
0.312500
0.312500
0.625000
0.625000
0.629167
0.629167
0.366667
0.266667
0.633333
0.629167
0.633333
0.629167
0.637500
0.633333
0.637500
0.637500
0.208333
0.429167
0.633333
0.258333
0.370833
0.633333
0.641667
0.637500
0.645833
0.641667
0.650000
0.658333
0.654167
0.650000
0.641667
0.641667
0.645833
0.650000
0.658333
0.779167
0.254167
0.258333
0.291667
0.350000
0.754167
0.529167
0.645833
0.641667
0.641667
0.920833
0.500000
0.495833
0.645833
1.275000
0.637500
0.775000
0.158333
0.350000
0.641667
0.237500
0.395833
0.637500
0.629167
0.525000
0.437500
0.316667
0.291667
0.350000
0.641667
0.466667
0.166667
0.304167
0.329167
0.516667
0.445833
0.300000
0.258333
1.404167
0.458333
0.462500
0.466667
0.445833
0.279167
1.004167
0.879167
1.262500
0.637500
1.241667
1.333333
1.575000
1.520833
1.279167
1.287500
0.979167
0.387500
0.358333
0.212500
0.641667
0.645833
0.262500
0.383333
1.283333
0.637500
0.641667
0.645833
0.225000
0.245833
0.350000
0.479167
0.645833
0.400000
0.233333
0.658333
0.641667
0.654167
0.254167
0.400000
0.645833
0.858333
0.579167
0.291667
0.204167
0.500000
0.316667
0.458333
0.650000
0.308333
0.962500
0.725000
0.558333
1.041667
0.437500
1.166667
0.533333
1.320833
0.287500
0.387500
0.758333
0.425000
0.316667
0.395833
0.270833
0.220833
0.554167
0.320833
0.279167
0.520833
0.287500
0.625000
0.629167
0.633333
1.262500
1.445833
1.087500
1.270833
0.641667
0.804167
0.483333
0.720833
0.554167
0.637500
0.800000
0.233333
0.245833
0.658333
0.625000
0.633333
0.845833
0.420833
0.637500
0.645833
1.262500
0.637500
0.641667
0.383333
0.254167
1.270833
0.637500
0.645833
0.637500
0.650000
0.620833
1.266667
0.641667
0.637500
0.645833
0.612500
0.675000
0.641667
0.645833
0.641667
0.641667
1.600000
0.312500
0.637500
0.629167
0.637500
0.429167
0.850000
0.641667
