0.858333
0.866667
0.862500
0.862500
0.866667
0.866667
0.854167
0.870833
0.866667
0.862500
0.858333
0.858333
0.845833
0.858333
0.866667
0.866667
0.866667
0.858333
0.854167
0.850000
0.845833
0.866667
0.862500
0.858333
0.862500
0.854167
0.854167
0.850000
0.875000
0.858333
0.866667
0.862500
0.862500
0.858333
0.858333
0.708333
1.004167
0.700000
1.020833
0.887500
0.862500
0.866667
0.870833
0.862500
0.862500
0.862500
0.870833
0.862500
0.870833
0.887500
0.875000
0.875000
0.870833
0.870833
0.850000
0.875000
0.870833
0.862500
0.858333
0.858333
0.833333
0.854167
0.854167
0.854167
0.845833
0.845833
0.616667
1.012500
0.870833
0.858333
0.845833
0.854167
0.850000
0.854167
0.866667
0.862500
0.862500
0.866667
0.866667
0.850000
0.866667
0.870833
0.866667
0.866667
0.858333
0.854167
0.854167
0.870833
0.858333
0.858333
0.862500
0.866667
0.854167
0.875000
0.891667
0.887500
0.887500
0.875000
0.875000
0.866667
0.862500
0.875000
0.870833
0.862500
0.862500
0.866667
0.862500
0.879167
0.879167
0.879167
0.879167
0.875000
0.870833
0.879167
0.887500
0.883333
0.879167
0.879167
0.870833
0.862500
0.870833
0.875000
0.870833
0.866667
0.870833
0.870833
0.875000
0.883333
0.875000
0.875000
0.879167
0.870833
0.862500
0.887500
0.875000
0.870833
0.862500
0.870833
0.862500
0.866667
0.883333
0.875000
0.875000
0.875000
0.875000
0.875000
0.883333
0.879167
0.875000
0.862500
0.866667
0.866667
0.862500
0.858333
0.600000
1.012500
0.875000
0.875000
0.870833
0.870833
0.862500
0.875000
0.879167
0.875000
0.870833
0.870833
0.862500
0.866667
0.875000
0.870833
0.870833
0.862500
0.862500
0.858333
0.870833
0.870833
0.870833
0.858333
0.858333
0.858333
0.850000
0.858333
0.550000
1.016667
0.875000
0.875000
0.866667
0.858333
0.854167
0.875000
0.866667
0.858333
0.862500
0.862500
0.870833
0.862500
0.883333
0.887500
0.875000
0.883333
0.875000
0.879167
0.895833
0.895833
0.887500
0.879167
0.875000
0.866667
0.537500
1.029167
0.887500
0.550000
1.045833
0.887500
0.879167
0.891667
0.875000
0.870833
0.862500
0.858333
0.858333
0.866667
0.858333
0.862500
0.858333
0.866667
0.870833
0.858333
0.850000
0.850000
0.862500
0.845833
0.841667
0.837500
0.845833
0.850000
0.829167
0.866667
0.829167
0.841667
0.816667
0.833333
0.833333
0.829167
0.820833
0.825000
0.808333
0.800000
0.816667
0.816667
0.820833
0.808333
0.795833
0.812500
0.829167
0.833333
0.816667
0.816667
0.795833
0.858333
0.825000
0.845833
0.829167
0.804167
0.833333
0.841667
0.850000
0.837500
0.816667
0.812500
0.858333
0.829167
0.850000
0.837500
0.820833
0.820833
0.883333
0.816667
0.870833
0.850000
0.829167
0.845833
0.870833
0.841667
0.837500
0.829167
0.833333
0.841667
0.837500
0.837500
0.845833
0.841667
0.841667
0.841667
0.833333
0.858333
0.837500
0.833333
0.825000
0.829167
0.825000
0.829167
0.833333
0.829167
0.820833
0.820833
0.825000
0.833333
0.837500
0.829167
0.829167
0.825000
0.837500
0.837500
0.837500
0.850000
0.845833
0.841667
0.837500
0.829167
0.845833
0.850000
0.845833
0.841667
0.829167
0.841667
0.845833
0.850000
0.845833
0.850000
0.850000
0.837500
0.845833
0.841667
0.841667
0.841667
0.841667
0.845833
0.854167
0.841667
0.837500
0.833333
0.837500
0.845833
0.837500
0.837500
0.837500
0.841667
0.833333
0.845833
0.845833
0.833333
0.825000
0.825000
0.816667
0.837500
0.816667
0.812500
0.812500
0.816667
0.808333
0.812500
0.804167
0.837500
0.820833
0.825000
0.829167
0.841667
0.845833
0.850000
0.845833
0.841667
0.845833
0.850000
0.841667
0.845833
0.837500
0.850000
0.854167
0.854167
0.854167
0.845833
0.850000
0.858333
0.841667
0.845833
0.833333
0.850000
0.841667
0.841667
0.833333
0.837500
0.850000
0.837500
0.837500
0.837500
0.833333
0.850000
0.850000
0.845833
0.845833
0.841667
0.854167
0.850000
0.841667
0.841667
0.841667
0.858333
0.850000
0.850000
0.845833
0.841667
0.858333
0.845833
0.845833
0.841667
0.845833
0.858333
0.845833
0.845833
0.845833
0.837500
0.845833
0.845833
0.837500
0.837500
0.529167
1.004167
0.862500
0.854167
0.850000
0.833333
0.829167
0.841667
0.837500
0.833333
0.837500
0.841667
0.858333
0.854167
0.845833
0.845833
0.837500
0.850000
0.850000
0.845833
0.604167
0.995833
0.866667
0.862500
0.862500
0.845833
0.841667
0.845833
0.858333
0.850000
0.850000
0.845833
0.841667
0.858333
0.850000
0.850000
0.841667
0.850000
0.854167
0.850000
0.850000
0.850000
0.675000
1.016667
0.858333
0.854167
0.850000
0.854167
0.854167
0.854167
0.850000
0.845833
0.845833
0.854167
0.854167
0.841667
0.850000
0.845833
0.858333
0.862500
0.850000
0.850000
0.850000
0.850000
0.870833
0.866667
0.858333
0.862500
0.850000
0.862500
0.866667
0.854167
0.854167
0.850000
0.525000
1.016667
0.875000
0.875000
0.866667
0.845833
0.858333
0.866667
0.858333
0.862500
0.866667
0.862500
0.858333
0.875000
0.866667
0.862500
0.858333
0.854167
0.858333
0.866667
0.858333
0.862500
0.854167
0.854167
0.862500
0.866667
0.862500
0.866667
0.858333
0.850000
0.870833
0.866667
0.866667
0.862500
0.858333
0.858333
0.858333
0.866667
0.850000
0.845833
0.845833
0.841667
0.837500
0.558333
0.887500
0.858333
0.850000
0.837500
0.845833
0.845833
0.845833
0.850000
0.850000
0.841667
0.854167
0.862500
0.854167
0.845833
0.845833
0.833333
0.845833
0.804167
0.891667
0.841667
0.850000
0.841667
0.841667
0.858333
0.850000
0.858333
0.854167
0.845833
0.854167
0.862500
0.858333
0.858333
0.858333
0.858333
0.850000
0.583333
1.012500
0.875000
0.875000
0.841667
0.850000
0.858333
0.850000
0.854167
0.845833
0.854167
0.862500
0.854167
0.850000
0.845833
0.841667
0.862500
0.854167
0.845833
0.845833
0.837500
0.841667
0.858333
0.858333
0.858333
0.854167
0.854167
0.858333
0.875000
0.862500
0.862500
0.862500
0.862500
0.879167
0.870833
0.866667
0.858333
0.858333
0.870833
0.866667
0.866667
0.862500
0.858333
0.854167
0.866667
0.862500
0.870833
0.870833
0.866667
0.875000
0.879167
0.879167
0.879167
0.883333
0.875000
0.883333
0.879167
0.883333
0.870833
0.875000
0.870833
0.850000
0.858333
0.854167
0.854167
0.862500
0.858333
0.875000
0.879167
0.875000
0.875000
0.862500
0.879167
0.883333
0.870833
0.875000
0.875000
0.866667
0.879167
0.879167
0.883333
0.879167
0.866667
0.879167
0.875000
0.870833
0.870833
0.866667
0.854167
0.870833
0.875000
0.862500
0.866667
0.858333
0.870833
0.875000
0.870833
0.866667
0.866667
0.858333
0.579167
1.033333
0.887500
0.879167
0.858333
0.858333
0.870833
0.870833
0.862500
0.858333
0.858333
0.854167
0.854167
0.850000
0.841667
0.833333
0.837500
0.845833
0.850000
0.845833
0.670833
0.587500
1.054167
0.883333
0.870833
0.870833
0.870833
0.870833
0.862500
0.870833
0.866667
0.620833
1.012500
0.875000
0.879167
0.875000
0.866667
0.866667
0.858333
0.879167
0.875000
0.879167
0.879167
0.866667
0.883333
0.879167
0.879167
0.870833
0.870833
0.866667
0.883333
