0.641667
0.620833
0.654167
0.637500
0.641667
0.637500
0.641667
0.645833
0.637500
0.637500
0.637500
0.658333
0.641667
0.645833
0.641667
0.645833
0.450000
1.000000
0.425000
0.733333
0.562500
0.904167
0.358333
0.779167
0.475000
0.812500
0.462500
0.820833
0.462500
0.979167
0.304167
0.820833
0.470833
0.970833
0.308333
0.975000
0.320833
0.816667
0.470833
0.787500
0.487500
1.304167
1.295833
1.304167
1.304167
1.304167
1.291667
1.300000
1.275000
1.287500
1.270833
1.304167
0.658333
2.020833
2.079167
2.400000
2.570833
0.616667
0.650000
0.625000
0.658333
0.637500
0.654167
0.637500
0.650000
0.645833
0.633333
0.637500
0.641667
0.637500
0.641667
0.633333
0.620833
0.658333
0.637500
0.629167
0.616667
0.654167
0.779167
0.491667
0.637500
0.633333
0.641667
0.641667
0.645833
0.654167
0.654167
0.654167
0.650000
0.650000
0.654167
0.637500
0.654167
0.620833
0.658333
0.629167
0.670833
0.654167
0.654167
0.650000
0.641667
0.645833
0.645833
0.645833
0.641667
0.616667
0.650000
0.658333
0.650000
0.641667
0.641667
0.637500
0.637500
0.641667
0.458333
0.804167
0.641667
0.670833
0.641667
0.791667
0.479167
0.645833
0.641667
0.641667
0.645833
0.641667
0.654167
0.641667
0.645833
0.645833
0.641667
0.641667
0.620833
0.670833
0.645833
0.645833
0.650000
0.650000
0.650000
0.650000
0.645833
0.645833
0.645833
0.645833
0.641667
0.608333
0.670833
0.650000
0.641667
0.650000
0.637500
0.650000
0.641667
0.620833
0.645833
0.766667
0.450000
0.633333
0.620833
0.616667
0.658333
0.641667
0.666667
0.662500
0.650000
0.666667
0.654167
0.804167
0.512500
0.804167
0.491667
0.662500
0.620833
0.662500
0.633333
0.637500
0.629167
0.633333
0.608333
0.645833
0.650000
0.645833
0.641667
0.641667
0.641667
0.779167
0.491667
0.637500
0.620833
0.625000
0.641667
0.654167
0.641667
0.633333
0.641667
0.637500
0.645833
0.641667
0.650000
0.458333
0.816667
0.637500
0.641667
0.466667
0.808333
0.633333
0.641667
0.629167
0.616667
0.641667
0.658333
0.641667
0.641667
0.641667
0.645833
0.637500
0.641667
0.637500
0.633333
0.633333
0.633333
0.633333
0.641667
0.645833
0.637500
0.633333
0.633333
0.637500
0.645833
0.633333
0.629167
0.616667
0.662500
0.641667
0.620833
0.662500
0.791667
0.650000
0.487500
0.637500
0.637500
0.637500
0.633333
0.637500
0.612500
0.662500
0.633333
0.633333
0.641667
0.637500
0.645833
0.620833
0.579167
0.725000
0.491667
0.795833
0.454167
0.845833
0.641667
0.791667
0.325000
0.829167
0.462500
0.979167
0.329167
0.812500
0.483333
1.291667
1.291667
1.275000
1.291667
1.291667
1.287500
1.308333
1.300000
1.279167
1.270833
1.287500
1.275000
1.300000
1.291667
1.312500
1.266667
1.308333
1.279167
1.287500
1.275000
1.275000
1.454167
0.500000
0.550000
0.733333
0.541667
0.704167
0.575000
0.708333
0.766667
0.479167
0.520833
0.762500
0.620833
0.637500
0.491667
0.754167
0.570833
0.700000
0.570833
0.704167
0.766667
0.475000
0.645833
0.629167
0.620833
0.658333
0.629167
0.629167
0.491667
0.762500
0.516667
0.766667
0.608333
0.637500
0.800000
0.500000
0.629167
0.620833
0.629167
0.650000
0.658333
0.641667
0.645833
0.645833
0.641667
0.466667
0.958333
0.495833
0.625000
0.654167
0.650000
0.612500
0.654167
0.633333
0.620833
0.645833
0.633333
0.629167
0.608333
0.641667
0.641667
0.637500
0.620833
0.629167
0.658333
0.633333
0.612500
0.637500
0.633333
0.654167
0.808333
0.500000
0.641667
0.641667
0.641667
0.779167
0.508333
0.641667
0.641667
0.637500
0.637500
0.641667
0.645833
0.641667
0.491667
0.954167
0.487500
0.645833
0.641667
0.641667
0.641667
0.637500
0.629167
0.779167
0.495833
0.641667
0.637500
0.650000
0.620833
0.666667
0.633333
0.654167
0.650000
0.650000
0.645833
0.633333
0.620833
0.654167
0.629167
0.629167
0.637500
0.629167
0.625000
0.612500
0.629167
0.483333
0.795833
0.612500
0.666667
0.637500
0.641667
0.637500
0.641667
0.641667
0.629167
0.625000
0.650000
0.616667
0.658333
0.633333
0.633333
0.620833
0.641667
0.641667
0.620833
0.666667
0.650000
0.625000
0.666667
0.658333
0.625000
0.670833
0.654167
0.650000
0.654167
0.645833
0.650000
0.641667
0.654167
0.641667
0.629167
0.670833
0.650000
0.641667
0.641667
0.641667
0.645833
0.637500
0.629167
0.658333
0.645833
0.645833
0.637500
0.633333
0.641667
0.633333
0.616667
0.612500
0.616667
0.612500
0.620833
0.629167
0.650000
0.654167
0.675000
0.645833
0.650000
0.641667
0.641667
0.633333
0.637500
0.633333
0.791667
0.650000
0.637500
0.250000
0.695833
1.000000
0.645833
0.500000
0.650000
0.637500
0.779167
0.487500
0.637500
0.775000
0.495833
0.633333
0.637500
0.637500
0.641667
0.637500
0.637500
0.620833
0.654167
0.637500
0.645833
0.645833
0.637500
0.641667
0.645833
0.641667
0.770833
0.491667
0.633333
0.787500
0.483333
0.620833
0.645833
0.629167
0.633333
0.629167
0.620833
0.637500
0.629167
0.604167
0.633333
0.616667
0.650000
0.608333
0.645833
0.629167
0.637500
0.758333
0.504167
0.516667
0.908333
0.320833
0.958333
0.316667
0.808333
0.475000
1.312500
1.308333
1.316667
1.300000
1.300000
1.287500
1.295833
1.287500
1.279167
1.287500
1.291667
1.291667
1.270833
1.279167
1.270833
1.275000
1.300000
1.270833
1.245833
1.300000
1.466667
0.491667
0.570833
0.708333
0.562500
0.700000
0.562500
0.708333
0.766667
0.479167
0.504167
0.779167
0.495833
0.745833
0.516667
0.766667
0.483333
0.779167
0.629167
0.650000
0.500000
0.783333
0.645833
0.637500
0.637500
0.616667
0.650000
0.645833
0.637500
0.616667
0.650000
0.637500
0.633333
0.633333
0.633333
0.620833
0.458333
0.820833
0.637500
0.650000
0.670833
0.829167
0.508333
0.654167
0.650000
0.650000
0.637500
0.637500
0.641667
0.625000
0.645833
0.779167
0.495833
0.633333
0.641667
0.612500
0.637500
0.829167
0.483333
0.675000
0.654167
0.670833
0.666667
0.691667
0.654167
0.670833
0.591667
0.800000
0.662500
0.658333
0.666667
0.825000
0.508333
0.645833
0.637500
0.650000
0.720833
0.645833
0.637500
0.662500
0.658333
0.666667
0.645833
0.633333
0.641667
0.645833
0.645833
0.791667
0.516667
0.658333
0.670833
0.645833
0.637500
0.645833
0.783333
0.495833
0.633333
0.637500
0.633333
0.637500
0.633333
0.629167
0.625000
0.650000
0.612500
0.650000
0.629167
0.625000
0.645833
0.608333
0.650000
0.633333
0.616667
0.637500
0.625000
0.633333
0.620833
0.637500
0.629167
0.775000
0.483333
0.600000
0.641667
0.658333
0.641667
0.633333
0.629167
0.629167
0.629167
0.633333
0.625000
0.633333
0.629167
0.616667
0.650000
0.633333
0.641667
0.637500
0.641667
0.633333
0.633333
0.637500
0.625000
0.633333
0.637500
0.620833
0.658333
0.637500
0.625000
0.612500
0.641667
0.629167
0.625000
0.633333
0.625000
0.612500
0.641667
0.625000
0.612500
0.620833
0.620833
0.645833
0.629167
0.612500
0.362500
1.016667
0.487500
0.625000
0.604167
0.629167
0.629167
0.629167
0.633333
0.608333
0.641667
0.604167
0.620833
0.641667
0.616667
0.637500
0.637500
0.633333
0.633333
0.604167
0.629167
0.658333
0.604167
0.645833
0.620833
0.612500
0.616667
0.629167
0.620833
0.625000
0.625000
0.620833
0.625000
0.637500
0.633333
0.629167
0.612500
0.650000
0.625000
0.620833
0.608333
0.629167
0.641667
0.620833
0.637500
0.633333
0.612500
0.633333
0.645833
0.633333
0.604167
0.650000
0.620833
0.637500
0.608333
0.629167
0.633333
0.633333
0.612500
0.650000
0.612500
0.629167
0.633333
0.604167
0.629167
0.625000
0.641667
0.783333
0.450000
0.641667
0.625000
0.608333
0.650000
0.604167
0.633333
0.629167
0.633333
0.641667
0.620833
0.616667
0.637500
0.779167
0.462500
0.633333
0.654167
0.629167
0.762500
0.395833
0.745833
0.475000
0.929167
0.300000
0.845833
0.641667
0.645833
0.445833
0.858333
0.454167
1.000000
0.304167
0.850000
0.479167
1.329167
1.325000
1.295833
1.279167
1.283333
1.262500
1.283333
1.262500
1.275000
1.262500
1.270833
1.262500
1.270833
1.283333
1.275000
1.300000
1.279167
1.258333
1.304167
1.275000
1.287500
0.691667
2.525000
0.812500
1.050000
0.700000
0.783333
0.491667
0.495833
0.766667
0.625000
0.629167
0.633333
0.637500
0.616667
0.637500
0.775000
0.495833
0.541667
0.733333
0.766667
0.500000
0.637500
0.633333
0.633333
0.770833
0.645833
0.483333
0.620833
0.641667
0.629167
0.595833
0.654167
0.650000
0.612500
0.658333
0.641667
0.625000
0.637500
0.633333
0.633333
0.650000
0.637500
0.641667
0.645833
0.645833
0.645833
0.633333
0.641667
0.616667
0.654167
0.637500
