0.912500
1.570833
0.912500
1.129167
0.420833
0.412500
0.270833
0.845833
0.525000
0.379167
0.512500
1.087500
0.670833
0.250000
1.495833
0.725000
0.387500
0.320833
1.470833
0.170833
0.375000
0.416667
0.420833
0.429167
0.479167
0.787500
0.416667
0.450000
0.479167
0.425000
0.479167
0.591667
0.779167
0.458333
0.854167
0.716667
1.004167
0.325000
1.416667
1.025000
1.008333
0.991667
1.395833
1.191667
0.979167
2.312500
0.491667
0.712500
0.362500
0.404167
1.416667
0.962500
0.929167
0.404167
0.483333
0.429167
0.745833
0.962500
1.487500
1.100000
0.416667
1.129167
0.425000
1.091667
0.425000
1.095833
1.762500
0.404167
1.491667
0.429167
1.041667
0.883333
1.483333
0.437500
1.045833
0.429167
1.045833
0.433333
1.033333
0.433333
1.029167
0.433333
1.466667
1.458333
1.483333
1.458333
1.479167
1.470833
1.470833
1.487500
1.475000
1.487500
1.466667
1.479167
1.487500
1.475000
1.483333
1.470833
1.475000
1.475000
1.475000
1.475000
1.458333
1.466667
1.483333
1.445833
1.479167
1.483333
1.475000
1.491667
1.487500
1.479167
1.504167
1.483333
1.491667
1.512500
1.470833
0.600000
2.233333
1.500000
1.512500
1.520833
2.433333
1.533333
2.450000
1.529167
1.908333
1.387500
1.429167
3.095833
1.133333
1.758333
1.650000
1.383333
1.220833
1.625000
2.483333
2.458333
2.412500
2.358333
1.479167
2.362500
1.462500
2.333333
3.566667
1.329167
0.458333
3.366667
3.304167
4.083333
4.887500
0.820833
1.637500
0.820833
0.825000
0.829167
1.645833
0.820833
0.829167
0.825000
1.645833
0.820833
0.816667
0.812500
0.816667
1.633333
0.812500
0.812500
0.820833
1.616667
0.816667
0.808333
0.820833
0.816667
1.637500
0.816667
0.820833
0.825000
1.641667
0.825000
0.825000
0.825000
0.825000
1.641667
0.820833
0.825000
0.833333
1.662500
0.837500
0.837500
0.837500
0.837500
1.675000
0.837500
0.841667
0.841667
0.837500
1.675000
0.837500
0.837500
0.837500
1.658333
0.829167
0.833333
0.833333
1.670833
0.837500
0.833333
0.841667
0.837500
1.662500
0.837500
0.508333
1.154167
0.850000
1.675000
0.837500
0.525000
1.150000
0.858333
1.687500
0.845833
0.845833
0.845833
0.850000
1.691667
0.850000
0.841667
0.504167
1.170833
1.675000
0.837500
0.837500
1.350000
1.179167
0.883333
0.862500
0.862500
1.683333
0.845833
0.850000
0.850000
0.850000
1.670833
0.837500
0.841667
0.841667
1.683333
0.841667
0.845833
0.850000
1.700000
0.850000
0.854167
0.850000
0.858333
0.487500
1.225000
0.862500
0.850000
0.858333
1.700000
0.850000
0.854167
0.858333
0.500000
1.220833
0.870833
0.854167
0.858333
0.854167
1.683333
0.845833
0.850000
0.854167
1.695833
0.850000
0.850000
0.850000
0.858333
1.704167
0.854167
0.504167
1.191667
1.720833
0.858333
0.858333
0.858333
0.858333
1.704167
1.670833
0.841667
0.850000
0.845833
0.845833
1.662500
0.829167
0.820833
0.820833
0.820833
1.620833
0.812500
0.804167
0.808333
1.604167
0.808333
0.808333
0.812500
1.350000
1.075000
0.837500
1.641667
0.820833
0.820833
0.825000
1.633333
0.816667
0.820833
0.816667
0.808333
0.816667
0.816667
0.816667
1.629167
0.816667
0.820833
1.629167
0.816667
0.816667
0.816667
0.808333
0.816667
0.812500
0.812500
0.820833
1.625000
0.820833
0.816667
1.625000
0.820833
0.820833
0.825000
1.637500
0.825000
0.504167
1.137500
0.841667
1.654167
0.825000
0.833333
0.837500
1.658333
0.837500
0.845833
0.850000
1.687500
0.850000
0.854167
0.858333
1.691667
0.845833
0.500000
1.191667
1.708333
0.850000
0.850000
0.650000
1.058333
1.762500
0.858333
0.854167
0.854167
0.858333
1.687500
0.841667
0.850000
1.683333
0.845833
0.845833
0.845833
0.845833
1.691667
0.850000
0.841667
0.850000
0.850000
1.675000
0.841667
0.850000
0.854167
0.850000
1.554167
1.529167
1.120833
1.925000
2.220833
0.820833
0.816667
0.804167
0.816667
0.808333
0.537500
1.075000
0.808333
0.808333
0.804167
0.808333
1.612500
0.804167
0.808333
1.608333
0.804167
0.808333
0.804167
0.800000
0.808333
0.804167
0.808333
1.608333
0.800000
0.804167
0.800000
1.600000
0.804167
0.804167
0.804167
0.804167
0.804167
0.795833
0.804167
0.804167
0.804167
0.795833
0.804167
0.812500
0.812500
0.800000
0.808333
0.804167
0.800000
0.800000
0.791667
0.791667
0.791667
0.791667
1.575000
0.791667
0.795833
0.800000
1.604167
0.804167
0.812500
0.816667
1.629167
0.816667
0.820833
0.825000
1.641667
0.825000
0.825000
0.833333
0.829167
1.645833
0.825000
0.825000
0.829167
1.650000
0.825000
0.504167
1.145833
0.837500
0.820833
0.825000
0.829167
0.829167
0.833333
1.658333
0.829167
0.837500
0.841667
1.341667
1.191667
0.858333
0.845833
0.845833
1.679167
0.845833
0.845833
0.845833
0.500000
1.204167
0.858333
0.841667
0.491667
1.183333
0.845833
0.829167
0.833333
0.837500
0.841667
1.666667
0.833333
0.841667
0.841667
1.666667
0.833333
0.837500
0.841667
0.841667
1.666667
0.837500
0.837500
0.841667
0.833333
0.820833
0.820833
0.820833
0.816667
0.816667
1.616667
0.808333
0.520833
1.104167
0.829167
0.816667
0.812500
0.812500
0.804167
0.812500
0.808333
0.812500
1.616667
0.808333
0.804167
0.804167
0.804167
0.800000
0.795833
0.787500
0.791667
0.791667
1.575000
0.787500
0.787500
0.791667
0.783333
0.779167
0.787500
0.783333
0.783333
0.779167
0.783333
0.783333
0.791667
0.787500
0.783333
0.500000
1.075000
0.800000
0.791667
0.787500
0.791667
0.791667
0.787500
0.791667
0.791667
0.791667
1.575000
0.783333
0.787500
0.783333
1.562500
0.779167
0.779167
0.770833
0.787500
0.775000
0.775000
0.779167
0.775000
0.762500
0.775000
0.766667
0.762500
0.766667
0.770833
0.770833
0.770833
0.766667
0.779167
0.775000
0.775000
0.770833
0.779167
0.775000
0.775000
0.766667
0.770833
0.775000
0.770833
0.762500
0.770833
0.462500
0.175000
0.904167
0.758333
