0.425000
0.800000
0.441667
0.808333
0.758333
0.750000
0.750000
1.204167
0.429167
0.795833
0.445833
0.783333
0.741667
0.737500
0.741667
1.212500
0.754167
0.425000
0.808333
0.754167
0.429167
0.833333
0.654167
0.820833
1.258333
0.787500
1.245833
0.779167
1.225000
0.754167
1.208333
0.745833
1.204167
0.750000
1.216667
0.429167
0.812500
0.754167
0.754167
0.425000
0.804167
0.716667
0.754167
1.154167
0.700000
0.687500
0.675000
0.670833
0.675000
0.679167
0.687500
0.683333
0.691667
0.695833
0.700000
0.704167
0.683333
0.716667
0.704167
0.708333
0.704167
0.704167
0.704167
0.716667
0.720833
0.733333
1.187500
0.737500
0.733333
0.729167
0.725000
1.187500
0.741667
0.733333
0.729167
0.737500
0.733333
1.195833
0.741667
0.729167
1.391667
0.462500
0.775000
0.712500
0.708333
0.695833
0.700000
0.704167
0.662500
0.750000
1.191667
0.737500
0.741667
1.187500
0.729167
0.725000
0.716667
0.716667
0.712500
0.708333
0.708333
0.612500
0.737500
0.708333
0.708333
0.704167
0.708333
0.708333
0.704167
0.712500
0.720833
0.733333
0.750000
0.745833
0.733333
0.733333
0.737500
1.204167
0.645833
0.770833
1.187500
0.729167
0.725000
0.725000
0.733333
0.741667
0.762500
0.762500
1.225000
0.433333
0.812500
0.437500
0.783333
0.733333
0.729167
0.729167
0.720833
0.720833
0.720833
0.637500
0.775000
1.220833
0.762500
1.225000
0.758333
1.212500
0.745833
0.950000
0.666667
0.766667
0.741667
0.750000
1.404167
0.466667
0.808333
0.741667
0.733333
1.204167
0.720833
0.754167
1.191667
0.729167
0.720833
0.729167
0.729167
0.725000
0.729167
0.645833
0.758333
1.175000
0.720833
0.712500
0.712500
0.708333
0.704167
0.708333
0.712500
0.716667
0.716667
0.720833
0.720833
0.712500
0.712500
0.695833
0.700000
0.700000
1.308333
0.791667
0.429167
0.745833
0.700000
0.683333
0.683333
0.687500
0.691667
0.704167
0.708333
0.708333
0.712500
0.720833
0.729167
0.737500
0.737500
1.191667
0.412500
0.779167
0.729167
0.712500
0.712500
0.712500
0.716667
0.720833
0.729167
0.725000
0.729167
0.733333
0.737500
0.741667
1.195833
0.662500
0.770833
1.175000
0.725000
0.720833
0.720833
0.616667
0.762500
0.741667
0.741667
0.741667
1.204167
0.620833
0.770833
0.737500
0.733333
1.358333
0.787500
1.162500
0.700000
0.700000
0.687500
0.691667
0.700000
0.708333
0.725000
0.733333
0.741667
1.212500
0.416667
0.795833
0.741667
0.729167
0.725000
0.716667
0.720833
0.708333
0.716667
0.716667
0.725000
0.570833
0.770833
1.200000
0.745833
0.737500
1.187500
0.733333
0.716667
0.708333
0.712500
0.712500
0.716667
0.729167
0.733333
0.750000
1.229167
0.425000
0.829167
0.437500
0.804167
0.758333
0.704167
0.787500
1.229167
0.420833
0.829167
0.770833
0.758333
1.229167
0.754167
0.741667
0.737500
0.737500
0.729167
0.725000
0.725000
1.204167
0.745833
0.733333
0.729167
1.200000
0.737500
0.729167
0.733333
1.204167
0.745833
0.750000
1.229167
0.425000
0.816667
0.754167
1.212500
0.754167
0.745833
0.733333
0.733333
1.204167
0.750000
0.737500
0.737500
0.425000
0.795833
0.441667
0.783333
0.741667
1.204167
0.737500
0.729167
1.408333
0.454167
0.787500
1.433333
0.720833
0.700000
0.695833
0.704167
0.575000
0.820833
1.158333
0.708333
0.695833
0.700000
0.695833
0.700000
0.712500
0.720833
1.183333
0.733333
0.733333
1.195833
0.741667
0.745833
1.212500
0.750000
1.220833
0.750000
0.750000
0.754167
1.212500
0.433333
0.812500
0.437500
0.783333
0.733333
0.720833
0.712500
0.712500
0.725000
0.729167
1.220833
0.425000
0.829167
0.758333
0.433333
0.795833
0.445833
0.779167
0.729167
0.712500
0.712500
0.716667
0.725000
0.733333
0.737500
1.225000
0.758333
0.425000
0.804167
0.745833
0.733333
1.333333
0.525000
0.766667
0.712500
1.291667
0.775000
0.687500
0.662500
0.429167
0.725000
0.441667
0.716667
0.437500
0.720833
0.675000
0.683333
0.679167
0.687500
0.700000
1.170833
0.725000
0.720833
1.195833
0.733333
0.737500
1.187500
0.729167
0.720833
0.716667
0.712500
0.712500
0.712500
0.712500
1.175000
0.720833
0.716667
0.720833
0.729167
0.745833
1.216667
0.429167
0.812500
0.445833
0.800000
0.737500
0.725000
0.716667
0.716667
0.708333
0.708333
0.704167
0.708333
0.716667
0.712500
0.712500
0.716667
1.183333
0.729167
0.683333
0.700000
0.770833
1.183333
0.425000
0.800000
0.437500
0.787500
0.729167
0.725000
0.729167
0.733333
1.187500
0.737500
0.729167
0.733333
1.195833
0.741667
0.729167
1.175000
0.725000
0.712500
0.708333
0.704167
0.708333
0.704167
0.704167
0.700000
0.708333
0.708333
1.158333
0.716667
0.716667
0.712500
0.712500
0.716667
1.179167
0.733333
0.733333
1.375000
0.495833
0.775000
1.150000
0.700000
0.687500
0.687500
0.687500
0.687500
1.320833
0.504167
0.754167
1.150000
0.700000
0.700000
0.716667
0.725000
0.420833
0.791667
0.437500
0.791667
0.441667
0.779167
0.441667
0.779167
0.441667
0.766667
0.720833
0.712500
0.720833
0.720833
1.195833
0.745833
1.229167
0.433333
0.825000
0.450000
0.804167
0.750000
0.750000
0.425000
0.820833
1.233333
0.433333
0.804167
0.737500
0.733333
1.379167
0.475000
0.775000
0.716667
0.708333
1.170833
0.716667
0.716667
1.170833
0.612500
0.750000
1.183333
0.725000
0.716667
0.720833
0.716667
0.416667
0.775000
0.716667
0.712500
0.712500
0.704167
0.425000
0.766667
0.662500
1.266667
0.766667
0.700000
0.654167
0.645833
0.650000
0.429167
0.700000
0.654167
0.650000
0.654167
0.654167
0.420833
0.700000
0.420833
0.687500
0.654167
0.641667
0.637500
0.637500
0.641667
0.641667
0.645833
0.650000
1.095833
0.395833
0.708333
0.662500
0.662500
0.662500
0.666667
0.675000
1.125000
0.691667
0.691667
0.700000
1.158333
0.400000
0.754167
0.708333
0.704167
0.704167
0.700000
0.700000
1.150000
0.704167
0.695833
0.700000
0.704167
0.708333
1.154167
0.641667
0.729167
0.420833
0.737500
0.691667
0.687500
0.679167
0.687500
0.683333
0.620833
0.708333
0.425000
0.733333
0.437500
0.733333
0.683333
0.683333
0.683333
0.691667
0.695833
0.700000
1.166667
0.716667
0.716667
0.420833
0.770833
0.433333
0.762500
0.437500
0.758333
0.704167
0.695833
0.695833
0.695833
0.700000
0.695833
0.695833
0.700000
0.670833
0.729167
1.162500
0.433333
0.762500
0.704167
0.700000
0.700000
0.695833
0.704167
0.700000
0.704167
0.708333
0.708333
0.704167
0.704167
0.416667
0.762500
0.712500
0.700000
0.700000
0.695833
0.700000
0.700000
0.695833
0.700000
1.150000
0.704167
0.708333
0.708333
1.162500
0.725000
0.712500
0.716667
0.716667
1.158333
0.716667
0.716667
0.704167
0.695833
0.650000
0.725000
0.425000
0.745833
0.433333
0.737500
0.695833
1.229167
0.545833
0.725000
0.433333
0.716667
0.670833
0.662500
0.666667
0.675000
0.683333
1.300000
0.470833
0.745833
0.429167
0.720833
0.679167
0.408333
0.591667
0.575000
0.775000
0.683333
0.662500
0.658333
0.658333
0.662500
0.662500
0.670833
0.679167
0.683333
0.691667
0.700000
0.587500
0.745833
0.720833
1.337500
0.462500
0.762500
0.433333
0.737500
0.695833
1.283333
0.750000
0.662500
0.658333
0.654167
0.654167
0.662500
0.662500
0.670833
0.679167
0.687500
0.691667
1.162500
0.716667
0.708333
0.708333
0.704167
0.700000
0.700000
0.700000
0.704167
0.704167
1.158333
0.716667
0.712500
0.712500
0.616667
0.745833
1.175000
0.404167
0.775000
0.712500
0.704167
0.700000
0.704167
0.704167
0.704167
1.162500
0.637500
0.737500
1.158333
0.708333
0.704167
0.712500
0.666667
0.741667
1.170833
0.725000
0.720833
0.720833
0.720833
0.720833
1.179167
0.412500
0.783333
0.733333
0.720833
1.341667
0.487500
0.754167
0.437500
0.737500
0.687500
0.679167
0.683333
0.683333
0.691667
0.691667
0.700000
0.704167
1.162500
0.712500
0.712500
0.712500
1.170833
0.716667
0.712500
0.708333
0.625000
0.741667
1.162500
0.720833
0.712500
0.716667
0.716667
1.179167
0.412500
0.775000
0.733333
