0.654167
0.658333
0.654167
0.662500
0.654167
0.658333
0.662500
0.666667
0.666667
0.666667
0.666667
0.666667
0.662500
0.666667
0.670833
0.675000
0.666667
0.675000
0.675000
0.666667
1.000000
1.020833
0.695833
1.341667
0.675000
0.662500
0.675000
0.670833
0.654167
0.662500
0.662500
0.675000
0.683333
0.675000
0.675000
0.666667
0.679167
0.683333
0.554167
1.066667
0.987500
0.920833
0.637500
1.054167
0.954167
0.616667
1.037500
0.900000
0.850000
0.787500
0.708333
0.675000
1.312500
0.550000
1.045833
0.908333
1.600000
0.700000
0.650000
0.637500
0.679167
0.650000
0.645833
0.645833
0.645833
0.650000
0.666667
0.670833
0.679167
0.679167
0.662500
0.662500
0.654167
0.658333
0.666667
0.662500
0.650000
0.662500
0.658333
0.645833
0.658333
0.658333
0.662500
0.662500
0.658333
0.658333
0.650000
0.645833
0.662500
0.662500
0.666667
0.666667
1.337500
0.570833
1.029167
0.870833
0.808333
0.754167
0.691667
0.675000
0.670833
0.654167
0.654167
0.650000
0.658333
0.650000
0.650000
0.654167
0.654167
0.654167
0.654167
0.650000
0.650000
0.650000
0.650000
0.579167
0.712500
0.670833
0.658333
0.654167
0.658333
0.654167
0.658333
0.654167
0.658333
0.662500
0.658333
0.662500
0.654167
0.666667
1.329167
0.666667
0.650000
0.654167
0.658333
0.666667
0.666667
0.679167
0.666667
0.666667
0.662500
0.654167
0.662500
0.654167
0.658333
0.658333
0.654167
0.658333
0.654167
0.658333
0.658333
0.670833
0.683333
0.679167
0.675000
0.662500
0.666667
1.308333
0.670833
1.329167
0.675000
0.666667
0.679167
0.679167
0.670833
0.666667
0.666667
0.662500
0.654167
0.658333
0.666667
0.691667
0.679167
0.679167
0.675000
0.670833
0.679167
0.562500
1.066667
1.004167
0.970833
0.912500
0.929167
0.683333
0.737500
0.704167
0.695833
0.695833
0.687500
0.666667
0.662500
0.670833
0.670833
0.679167
0.679167
0.683333
0.683333
0.670833
0.679167
0.679167
0.691667
0.704167
0.708333
0.695833
0.700000
0.704167
0.691667
0.691667
0.695833
0.708333
0.704167
0.720833
0.708333
0.695833
0.700000
0.687500
0.691667
0.704167
0.708333
0.708333
0.708333
0.700000
0.687500
0.704167
0.704167
0.695833
0.695833
0.687500
1.162500
1.520833
0.662500
0.645833
0.666667
0.666667
0.683333
0.675000
0.666667
0.670833
0.670833
0.679167
0.675000
0.666667
0.658333
0.670833
0.670833
0.662500
0.658333
0.654167
0.666667
0.645833
0.654167
0.662500
0.679167
0.675000
0.575000
0.708333
0.645833
0.654167
0.675000
0.691667
0.679167
1.050000
0.966667
0.945833
0.933333
0.616667
0.641667
0.637500
0.625000
0.625000
0.629167
0.629167
0.629167
0.620833
0.620833
0.620833
0.608333
0.604167
0.612500
0.620833
0.620833
0.629167
0.637500
0.637500
0.658333
0.666667
0.666667
0.662500
0.683333
0.683333
0.679167
0.675000
0.658333
0.662500
0.662500
0.662500
0.662500
0.666667
0.666667
0.666667
0.662500
0.675000
0.679167
0.675000
1.337500
0.679167
0.670833
0.675000
0.675000
0.675000
0.662500
0.662500
0.658333
0.662500
0.662500
0.666667
0.654167
0.654167
0.658333
0.658333
0.662500
0.670833
0.666667
0.662500
0.662500
0.666667
0.662500
0.662500
0.666667
0.670833
0.670833
0.666667
0.675000
0.662500
0.670833
0.670833
0.666667
0.679167
0.683333
0.670833
0.670833
0.670833
0.670833
0.670833
0.662500
0.662500
1.129167
0.850000
0.675000
0.650000
0.658333
0.662500
0.662500
0.670833
0.675000
0.662500
0.687500
0.670833
0.658333
0.650000
0.641667
0.633333
0.633333
0.633333
0.641667
0.641667
0.633333
0.637500
0.629167
0.645833
0.645833
0.650000
0.645833
0.641667
0.641667
0.633333
0.633333
0.633333
0.641667
0.625000
0.654167
0.637500
1.270833
0.645833
0.633333
0.629167
0.633333
0.633333
0.641667
0.645833
0.637500
0.637500
0.633333
0.633333
0.641667
0.645833
0.645833
0.633333
0.633333
0.625000
0.633333
0.633333
0.637500
0.633333
0.633333
0.629167
0.633333
0.633333
0.633333
0.629167
0.629167
0.625000
0.629167
0.633333
0.625000
0.625000
0.629167
0.629167
0.633333
0.629167
0.629167
0.633333
0.633333
0.637500
0.629167
0.633333
0.641667
0.641667
0.650000
0.654167
0.645833
0.645833
0.650000
0.654167
0.662500
0.658333
0.654167
0.645833
0.658333
0.658333
0.658333
0.662500
0.654167
0.650000
0.650000
0.650000
0.654167
0.654167
0.654167
0.662500
0.666667
0.666667
0.662500
0.658333
0.662500
0.662500
1.187500
0.820833
0.662500
0.658333
0.654167
0.633333
0.616667
0.625000
0.629167
0.633333
0.633333
0.637500
0.641667
0.645833
0.604167
0.720833
0.662500
0.633333
0.645833
0.645833
0.637500
0.641667
0.637500
0.641667
0.595833
0.654167
0.641667
0.587500
0.666667
0.645833
1.270833
0.637500
0.595833
0.658333
0.625000
0.629167
0.629167
0.629167
0.645833
0.654167
0.645833
1.279167
0.666667
0.637500
0.650000
0.645833
0.645833
0.645833
0.645833
0.650000
0.662500
0.654167
0.662500
0.662500
0.662500
0.666667
0.666667
0.658333
0.658333
0.666667
0.670833
0.666667
0.662500
0.683333
0.695833
0.729167
0.716667
0.704167
0.695833
0.687500
0.675000
0.654167
0.629167
0.641667
0.645833
0.662500
0.670833
0.700000
0.716667
0.695833
0.700000
0.691667
0.695833
0.700000
0.695833
0.712500
0.708333
0.700000
0.891667
1.016667
1.016667
1.004167
1.025000
0.812500
1.137500
0.900000
1.920833
0.808333
0.900000
1.045833
0.808333
0.783333
0.783333
0.729167
0.608333
0.716667
0.670833
0.666667
0.670833
0.670833
0.670833
0.666667
0.650000
0.658333
0.666667
0.691667
1.391667
0.700000
1.387500
0.775000
0.733333
0.725000
0.725000
0.712500
0.716667
0.708333
0.708333
0.737500
0.716667
0.716667
0.708333
0.708333
0.708333
0.695833
0.712500
0.750000
0.720833
0.700000
0.700000
0.695833
0.708333
1.345833
0.725000
0.687500
0.687500
0.679167
0.683333
0.683333
0.687500
0.554167
1.079167
0.558333
1.191667
0.962500
0.958333
1.970833
0.900000
0.904167
1.658333
0.787500
0.716667
0.683333
0.675000
0.662500
0.558333
1.025000
0.925000
0.866667
0.841667
0.804167
0.729167
0.691667
0.687500
0.666667
0.658333
0.662500
0.662500
0.675000
0.679167
0.687500
0.683333
0.683333
0.687500
1.375000
0.700000
0.675000
0.666667
0.670833
0.666667
0.670833
0.658333
0.670833
0.670833
0.679167
0.679167
0.691667
0.687500
0.779167
0.700000
0.708333
0.708333
0.691667
0.683333
0.591667
0.766667
0.712500
0.679167
0.683333
0.679167
0.683333
0.683333
0.670833
0.670833
0.675000
0.675000
0.679167
0.675000
0.670833
0.662500
0.662500
0.675000
0.670833
0.666667
0.666667
0.670833
0.675000
0.670833
0.675000
0.675000
0.675000
0.679167
0.662500
0.666667
0.675000
0.683333
0.675000
0.675000
0.666667
0.662500
0.637500
0.633333
0.625000
0.625000
0.650000
0.650000
0.658333
0.666667
0.675000
0.683333
0.687500
0.683333
1.366667
0.712500
0.687500
0.679167
0.679167
0.687500
0.679167
0.687500
0.683333
0.666667
0.666667
0.670833
0.662500
0.666667
2.016667
0.687500
0.666667
0.691667
0.683333
0.687500
0.666667
0.675000
0.675000
0.679167
0.687500
0.670833
0.670833
0.675000
0.670833
0.679167
0.562500
1.016667
0.970833
0.908333
0.925000
0.962500
1.929167
0.858333
0.766667
0.762500
0.720833
0.670833
0.512500
1.929167
0.850000
0.812500
0.758333
0.687500
0.666667
0.666667
0.654167
0.666667
0.654167
0.654167
0.858333
0.441667
0.400000
0.250000
0.654167
0.658333
0.245833
0.220833
0.187500
0.654167
0.658333
0.658333
0.662500
0.666667
0.662500
0.779167
0.545833
0.662500
0.670833
0.675000
0.679167
0.666667
0.666667
0.666667
0.670833
0.670833
0.670833
0.670833
0.666667
0.658333
0.662500
0.666667
0.670833
0.670833
0.666667
0.662500
0.662500
0.654167
0.658333
0.654167
0.662500
0.679167
0.675000
0.683333
0.687500
0.683333
0.675000
0.666667
0.687500
0.387500
0.950000
0.687500
0.670833
0.670833
0.675000
0.683333
0.670833
0.675000
0.683333
0.691667
0.683333
0.679167
0.675000
0.675000
0.679167
0.683333
0.683333
0.679167
0.675000
0.666667
0.658333
0.658333
0.654167
0.670833
0.662500
0.666667
0.675000
0.670833
0.666667
0.666667
0.670833
0.662500
0.666667
0.662500
0.666667
0.662500
0.658333
0.662500
0.479167
0.854167
0.695833
0.675000
0.679167
0.670833
0.687500
0.700000
0.687500
0.691667
0.679167
0.679167
0.695833
0.695833
0.695833
0.679167
0.670833
0.658333
0.650000
0.625000
0.637500
0.645833
0.658333
0.658333
0.670833
0.687500
0.683333
0.683333
0.679167
0.670833
0.670833
0.675000
0.658333
0.666667
0.679167
