1.175000
1.154167
1.137500
1.154167
1.012500
0.216667
1.000000
1.266667
0.420833
0.325000
0.416667
0.420833
0.383333
0.308333
0.775000
0.379167
0.675000
0.504167
0.775000
0.662500
0.454167
1.104167
0.454167
0.358333
0.725000
1.100000
1.120833
1.095833
1.129167
1.125000
1.091667
1.133333
1.225000
1.158333
1.170833
1.200000
1.195833
1.220833
1.112500
1.079167
1.150000
1.154167
1.116667
0.775000
1.304167
1.204167
1.233333
0.575000
0.658333
0.608333
0.079167
0.237500
1.483333
1.200000
0.362500
0.787500
0.675000
0.508333
1.137500
0.358333
0.404167
0.362500
0.416667
0.554167
0.216667
0.304167
0.812500
1.120833
1.158333
1.141667
0.333333
0.670833
0.175000
1.200000
1.137500
1.195833
1.200000
1.154167
0.350000
0.779167
1.233333
0.358333
0.487500
1.479167
0.358333
0.779167
0.500000
0.750000
0.479167
0.220833
0.958333
0.991667
1.216667
1.087500
1.075000
0.733333
0.212500
1.229167
1.125000
1.120833
1.062500
0.354167
0.895833
0.225000
0.241667
0.533333
1.083333
1.133333
0.662500
0.558333
0.379167
0.700000
1.158333
1.170833
1.170833
1.166667
1.208333
1.120833
0.741667
0.487500
1.200000
1.141667
1.983333
0.354167
1.320833
0.404167
0.533333
0.883333
0.208333
1.095833
0.329167
0.458333
1.158333
1.158333
1.116667
1.145833
1.083333
2.250000
1.104167
2.004167
0.258333
1.154167
2.266667
1.150000
1.112500
1.075000
1.141667
1.137500
1.133333
1.141667
1.137500
1.112500
1.145833
1.279167
0.400000
0.533333
1.129167
1.129167
1.120833
1.150000
1.129167
1.120833
1.129167
1.145833
1.112500
1.187500
1.166667
1.108333
0.350000
0.775000
2.312500
1.179167
1.150000
1.866667
0.366667
1.175000
1.187500
1.304167
1.116667
0.145833
0.941667
1.166667
2.362500
1.891667
1.620833
1.187500
1.150000
1.141667
0.700000
0.375000
0.425000
0.262500
0.208333
0.895833
0.562500
1.145833
0.629167
0.512500
1.137500
0.362500
0.408333
0.341667
0.262500
0.266667
0.237500
0.475000
0.425000
0.295833
0.558333
0.408333
0.854167
0.258333
0.762500
1.254167
0.245833
0.212500
0.225000
0.875000
0.479167
0.604167
1.100000
1.137500
1.137500
1.150000
1.183333
1.191667
1.187500
1.212500
1.204167
1.179167
1.208333
1.229167
1.200000
1.233333
1.233333
1.204167
1.212500
0.654167
0.566667
0.270833
0.333333
0.525000
1.116667
1.375000
0.941667
1.162500
1.195833
1.170833
0.737500
0.416667
1.162500
1.383333
0.970833
1.162500
1.175000
1.175000
1.204167
1.183333
0.650000
0.291667
1.445833
1.175000
1.216667
1.191667
1.175000
0.720833
0.133333
0.333333
0.683333
0.470833
0.337500
0.829167
0.779167
0.400000
0.866667
0.316667
0.862500
0.329167
1.187500
1.183333
1.162500
1.179167
1.179167
1.179167
1.200000
1.208333
1.195833
1.208333
1.212500
1.200000
0.437500
0.754167
1.200000
1.220833
0.766667
0.466667
1.237500
1.195833
1.183333
1.187500
1.200000
1.187500
2.325000
1.108333
1.179167
1.208333
1.150000
1.208333
2.420833
1.183333
1.212500
1.179167
1.166667
1.200000
1.183333
1.158333
1.229167
1.254167
1.195833
1.179167
1.200000
1.154167
1.175000
1.141667
1.150000
1.233333
1.195833
1.166667
1.195833
1.208333
1.175000
1.229167
1.241667
0.250000
0.941667
1.195833
1.208333
1.233333
1.258333
1.245833
1.225000
1.262500
1.237500
1.200000
1.233333
0.437500
0.787500
1.195833
1.216667
1.225000
0.437500
0.750000
1.229167
1.208333
2.391667
1.225000
1.229167
1.254167
0.554167
0.641667
1.225000
1.225000
1.204167
1.220833
1.233333
1.212500
1.229167
1.208333
0.679167
0.541667
0.250000
0.970833
1.225000
0.337500
0.883333
1.183333
1.150000
1.150000
1.158333
1.116667
1.241667
1.287500
1.041667
1.183333
1.183333
1.212500
1.195833
1.200000
1.212500
0.745833
0.383333
0.737500
0.425000
0.445833
0.804167
0.970833
0.162500
1.154167
1.158333
0.025000
0.491667
0.679167
1.175000
1.179167
1.162500
1.187500
1.191667
0.329167
0.837500
0.320833
0.858333
1.158333
1.175000
1.195833
1.183333
1.187500
1.191667
1.195833
1.179167
1.183333
0.258333
0.183333
0.720833
1.158333
1.187500
1.170833
1.141667
1.345833
0.970833
1.145833
1.187500
0.333333
0.608333
0.229167
0.604167
0.541667
0.304167
0.854167
0.800000
0.329167
0.575000
0.366667
0.500000
0.579167
0.200000
0.670833
0.429167
0.354167
0.758333
1.100000
1.120833
1.116667
1.112500
1.129167
1.137500
1.150000
1.145833
1.145833
1.158333
1.145833
0.304167
0.512500
0.375000
1.012500
1.120833
1.095833
1.137500
1.112500
1.137500
1.150000
0.695833
0.475000
1.166667
1.179167
0.366667
0.500000
1.379167
0.775000
1.208333
0.220833
0.308333
0.808333
1.116667
1.137500
1.175000
1.162500
1.179167
2.395833
0.320833
0.845833
0.500000
0.683333
0.741667
0.458333
1.187500
1.200000
1.191667
1.170833
0.287500
0.900000
0.520833
0.066667
0.508333
1.266667
0.375000
0.804167
1.187500
1.175000
1.125000
0.733333
0.387500
0.541667
0.333333
0.237500
0.704167
0.370833
1.091667
0.162500
0.612500
0.491667
0.437500
0.241667
0.487500
0.437500
0.679167
0.291667
0.258333
0.233333
0.312500
0.612500
0.566667
0.916667
0.795833
0.600000
0.716667
0.491667
1.258333
0.862500
0.325000
0.995833
0.212500
0.225000
0.970833
1.183333
1.204167
1.841667
0.470833
1.087500
1.133333
1.120833
1.183333
1.220833
1.200000
1.208333
1.191667
1.179167
1.183333
0.650000
0.004167
0.512500
0.554167
0.637500
0.433333
0.475000
0.229167
0.645833
0.245833
1.037500
0.308333
1.150000
0.379167
0.441667
0.304167
0.620833
0.504167
1.162500
1.129167
1.216667
1.216667
1.225000
1.291667
1.266667
1.237500
1.258333
1.125000
0.266667
0.775000
0.516667
0.362500
0.245833
0.291667
0.591667
0.262500
0.816667
0.154167
0.283333
0.583333
0.270833
0.366667
0.791667
0.395833
0.216667
0.408333
0.370833
0.333333
0.370833
0.620833
1.166667
1.187500
1.220833
1.229167
1.279167
1.283333
1.275000
1.270833
1.258333
1.241667
0.445833
0.083333
0.691667
0.433333
0.208333
0.537500
0.600000
0.570833
0.654167
0.062500
0.429167
0.341667
0.066667
0.454167
0.754167
0.379167
0.266667
0.708333
0.404167
1.108333
1.108333
1.150000
1.179167
1.183333
1.204167
1.204167
1.208333
1.220833
1.241667
1.237500
1.250000
1.266667
1.225000
1.250000
1.270833
1.266667
1.270833
1.204167
1.212500
1.250000
1.250000
1.208333
1.241667
1.241667
1.220833
1.212500
1.233333
1.212500
1.229167
1.225000
1.225000
1.245833
1.241667
1.229167
1.250000
1.200000
1.179167
1.195833
1.195833
1.229167
1.250000
1.258333
1.287500
1.270833
1.270833
1.295833
1.275000
1.254167
1.279167
1.275000
1.279167
