0.625000
0.616667
0.612500
0.608333
0.533333
0.725000
0.641667
0.616667
0.612500
0.612500
0.608333
0.612500
0.612500
0.600000
0.595833
0.600000
0.587500
0.587500
0.583333
0.579167
0.587500
0.587500
0.587500
0.587500
0.587500
0.591667
0.600000
0.595833
0.595833
0.600000
0.612500
0.604167
0.608333
0.620833
0.625000
0.625000
0.625000
0.612500
0.637500
0.620833
0.616667
0.608333
0.620833
0.616667
0.612500
0.608333
0.616667
0.612500
0.604167
0.604167
0.595833
0.279167
0.312500
0.591667
0.591667
0.587500
0.583333
0.600000
0.604167
0.591667
0.587500
0.591667
0.591667
0.591667
0.587500
0.595833
0.237500
0.354167
0.595833
0.587500
0.591667
0.591667
0.595833
0.300000
0.291667
0.587500
0.600000
0.595833
0.591667
0.608333
0.604167
0.608333
0.612500
0.604167
0.612500
0.608333
0.604167
0.612500
0.616667
0.616667
0.616667
0.591667
0.612500
0.608333
0.604167
0.595833
0.591667
0.591667
0.595833
0.591667
0.591667
0.229167
0.362500
0.587500
0.587500
0.595833
0.591667
0.591667
0.591667
0.595833
0.587500
0.591667
0.600000
0.595833
0.600000
0.595833
0.600000
0.600000
0.608333
0.600000
0.608333
0.608333
0.595833
1.200000
0.608333
0.612500
0.604167
0.600000
0.608333
0.625000
0.612500
0.616667
0.608333
0.616667
0.608333
0.608333
0.604167
0.604167
0.616667
0.616667
0.608333
0.616667
0.620833
0.629167
0.637500
0.616667
0.616667
0.616667
0.608333
0.604167
0.608333
0.608333
0.608333
0.600000
0.608333
0.612500
0.608333
0.612500
0.612500
0.625000
0.620833
0.625000
0.620833
0.616667
0.612500
0.629167
0.616667
0.612500
0.612500
0.616667
0.620833
0.620833
0.620833
0.620833
0.637500
0.641667
0.625000
0.620833
0.616667
0.625000
0.620833
0.625000
0.629167
0.625000
0.629167
0.625000
0.633333
0.625000
0.625000
0.650000
0.641667
0.633333
0.633333
0.625000
0.641667
0.625000
0.625000
0.629167
0.633333
0.629167
0.629167
0.625000
0.616667
0.620833
0.625000
0.633333
0.629167
0.625000
0.629167
0.625000
0.620833
0.620833
0.633333
0.645833
0.633333
0.633333
0.625000
0.629167
0.637500
0.625000
0.629167
0.625000
0.633333
0.637500
0.629167
0.633333
0.625000
0.633333
0.629167
0.625000
0.620833
0.625000
0.629167
0.629167
0.625000
0.616667
0.625000
0.633333
0.629167
0.620833
0.620833
0.629167
0.629167
0.637500
0.625000
0.620833
0.625000
0.625000
0.625000
0.620833
0.629167
0.637500
0.625000
0.629167
0.620833
0.629167
0.629167
0.637500
0.620833
0.620833
0.616667
0.637500
0.629167
0.637500
0.633333
0.637500
0.637500
0.633333
0.633333
0.633333
0.637500
0.654167
0.633333
0.641667
0.645833
0.645833
0.641667
0.637500
0.633333
0.637500
0.637500
0.633333
0.641667
0.650000
0.641667
0.637500
0.633333
0.629167
0.637500
0.637500
0.629167
0.629167
0.629167
0.625000
0.629167
0.637500
0.625000
0.616667
0.633333
0.625000
0.625000
0.620833
0.625000
0.625000
0.625000
0.625000
0.620833
0.629167
0.633333
0.620833
0.625000
0.620833
0.629167
0.616667
0.625000
0.633333
0.616667
0.620833
0.620833
0.625000
0.620833
0.625000
0.629167
0.625000
0.629167
0.625000
0.633333
0.620833
0.625000
0.633333
0.616667
0.625000
0.620833
0.629167
0.629167
0.629167
0.625000
0.620833
0.633333
0.629167
0.629167
0.629167
0.633333
0.625000
0.633333
0.633333
0.629167
0.620833
0.629167
0.625000
0.633333
0.629167
0.620833
0.629167
0.637500
0.633333
0.629167
0.633333
0.641667
0.629167
0.633333
0.633333
0.633333
0.633333
0.633333
0.612500
0.633333
0.633333
0.625000
0.625000
0.620833
0.620833
1.025000
0.237500
0.620833
0.620833
0.620833
0.616667
0.616667
0.616667
0.620833
0.608333
0.604167
0.616667
0.612500
0.612500
0.612500
0.612500
0.620833
0.612500
0.612500
0.616667
0.620833
0.620833
0.616667
0.620833
0.625000
0.637500
0.633333
0.633333
0.637500
0.637500
0.633333
0.633333
0.629167
0.620833
0.620833
0.625000
0.625000
0.608333
0.620833
0.616667
0.616667
0.620833
0.612500
0.620833
0.616667
0.625000
0.616667
0.608333
0.620833
0.620833
0.620833
0.620833
0.612500
0.625000
0.625000
0.625000
0.620833
0.625000
0.633333
0.629167
0.620833
0.625000
0.645833
0.625000
0.625000
0.620833
0.620833
0.625000
0.629167
0.620833
0.616667
0.629167
0.625000
0.633333
0.625000
0.620833
0.629167
0.625000
0.629167
0.633333
0.629167
0.641667
0.633333
0.629167
0.633333
0.625000
0.641667
0.633333
0.641667
0.625000
0.641667
0.629167
0.645833
0.641667
0.637500
0.641667
0.641667
0.633333
0.625000
0.629167
0.637500
0.637500
0.633333
0.629167
0.637500
0.645833
0.637500
0.637500
0.633333
0.650000
0.650000
0.645833
0.633333
0.641667
0.650000
0.637500
0.641667
0.645833
0.645833
0.645833
0.633333
0.645833
0.625000
0.637500
0.629167
0.625000
0.625000
0.625000
0.633333
0.625000
0.633333
0.629167
0.629167
0.637500
0.629167
0.637500
0.633333
0.641667
0.637500
0.629167
0.633333
0.629167
0.637500
0.633333
0.625000
0.625000
0.625000
0.629167
0.633333
0.633333
0.629167
0.633333
0.629167
0.633333
0.625000
0.633333
0.629167
0.633333
0.629167
0.629167
0.625000
0.637500
0.641667
0.637500
0.633333
0.637500
0.637500
0.650000
0.637500
0.637500
0.637500
0.641667
0.637500
0.637500
0.637500
0.637500
0.633333
0.633333
0.629167
0.625000
0.641667
0.641667
0.633333
0.629167
0.629167
0.641667
0.641667
0.629167
0.625000
0.641667
0.637500
0.641667
0.633333
0.629167
0.629167
0.633333
0.637500
0.629167
0.641667
0.658333
0.650000
0.650000
0.637500
0.679167
0.679167
0.654167
0.650000
0.654167
0.679167
0.700000
0.662500
0.658333
0.654167
0.654167
0.650000
0.645833
0.650000
0.670833
0.650000
0.645833
0.633333
0.645833
0.658333
0.637500
0.633333
0.633333
0.637500
0.641667
0.641667
0.637500
0.641667
0.650000
0.658333
0.650000
0.650000
0.662500
0.650000
0.650000
0.641667
0.641667
0.645833
0.641667
0.650000
0.633333
0.641667
0.641667
0.637500
0.637500
0.629167
0.645833
0.629167
0.633333
0.629167
0.625000
0.637500
0.641667
0.633333
0.625000
0.633333
0.637500
0.641667
0.637500
0.633333
0.633333
0.650000
0.637500
0.633333
0.633333
0.620833
0.633333
0.625000
0.629167
0.625000
0.629167
0.645833
0.641667
0.637500
0.637500
0.645833
0.645833
0.641667
0.637500
0.645833
0.650000
0.641667
0.645833
0.629167
0.633333
0.641667
0.637500
0.633333
0.633333
0.650000
0.650000
0.650000
0.637500
0.658333
0.650000
0.650000
0.641667
0.633333
0.637500
0.637500
0.629167
0.633333
0.629167
0.637500
0.641667
0.645833
0.641667
0.645833
0.658333
0.650000
0.637500
0.641667
0.641667
0.637500
0.641667
0.637500
0.645833
0.645833
0.650000
0.645833
0.650000
0.633333
0.658333
0.645833
0.658333
0.641667
0.650000
0.645833
0.641667
0.641667
0.641667
0.645833
0.641667
0.637500
0.629167
0.633333
0.629167
0.633333
0.633333
0.633333
0.637500
0.633333
0.633333
0.633333
0.637500
0.637500
0.641667
0.645833
0.637500
0.641667
0.637500
0.654167
0.637500
0.637500
0.645833
0.645833
0.645833
0.645833
0.641667
0.650000
0.637500
0.629167
0.641667
0.641667
0.645833
0.637500
0.637500
0.637500
0.633333
0.641667
0.641667
0.633333
0.637500
0.645833
0.650000
0.637500
0.641667
0.637500
0.641667
0.645833
0.637500
0.637500
0.645833
0.654167
0.633333
0.637500
0.633333
0.645833
0.641667
0.650000
0.637500
0.637500
0.658333
0.641667
0.650000
0.645833
0.641667
0.645833
0.645833
0.633333
0.629167
0.641667
0.641667
0.633333
0.637500
0.637500
0.654167
0.641667
0.645833
0.637500
0.641667
0.645833
0.645833
0.650000
0.641667
0.650000
0.641667
0.645833
0.641667
0.645833
0.654167
0.650000
0.662500
0.658333
0.658333
0.658333
0.645833
0.650000
0.650000
0.650000
0.654167
0.645833
0.641667
0.650000
0.662500
0.645833
0.641667
0.654167
0.641667
0.645833
0.650000
0.641667
0.637500
0.641667
0.645833
0.645833
0.641667
0.658333
0.650000
0.658333
0.650000
0.654167
0.645833
0.654167
0.650000
0.650000
0.641667
0.650000
0.645833
0.645833
0.637500
0.637500
0.654167
0.641667
0.637500
0.637500
0.637500
0.641667
0.637500
0.645833
0.645833
0.645833
0.650000
0.645833
0.641667
0.645833
0.654167
0.645833
0.645833
0.637500
0.641667
0.641667
0.629167
0.629167
0.629167
0.629167
0.620833
0.625000
0.625000
0.629167
0.625000
0.620833
0.620833
0.620833
0.620833
0.629167
0.629167
0.625000
0.629167
0.625000
0.629167
0.629167
0.633333
0.633333
0.629167
0.629167
0.654167
0.641667
0.629167
0.633333
0.629167
0.629167
0.633333
0.629167
0.625000
0.641667
0.637500
0.637500
0.633333
0.633333
0.641667
0.637500
0.637500
0.625000
0.637500
0.650000
0.637500
0.633333
0.400000
0.229167
0.295833
0.341667
0.162500
0.508333
0.587500
0.629167
0.329167
0.295833
0.366667
0.254167
0.516667
0.116667
0.633333
0.508333
0.762500
0.637500
0.629167
0.625000
0.629167
0.620833
0.616667
0.616667
0.620833
0.629167
0.625000
0.616667
0.629167
0.629167
0.629167
0.625000
0.633333
0.625000
0.637500
0.645833
0.633333
0.633333
0.637500
0.633333
0.629167
0.625000
0.633333
0.637500
0.629167
0.620833
0.625000
0.629167
0.625000
0.616667
0.320833
0.304167
0.612500
0.608333
0.620833
0.612500
0.612500
0.608333
0.620833
0.608333
0.612500
0.608333
0.608333
0.608333
0.604167
0.595833
0.600000
0.600000
0.595833
0.604167
0.600000
0.608333
0.612500
0.608333
0.616667
0.616667
0.616667
0.620833
0.625000
0.616667
0.629167
0.629167
0.625000
0.629167
0.633333
0.629167
0.633333
0.633333
0.629167
0.637500
0.620833
0.629167
0.629167
0.625000
0.620833
0.629167
0.620833
0.620833
0.629167
