1.420833
0.691667
0.579167
0.825000
0.720833
0.691667
0.708333
0.712500
0.708333
0.641667
0.729167
0.708333
0.708333
0.550000
1.008333
0.550000
0.720833
0.700000
0.708333
0.695833
0.712500
0.691667
0.712500
0.587500
0.725000
0.800000
0.875000
0.550000
0.720833
0.708333
0.716667
0.704167
0.716667
0.700000
0.725000
0.691667
0.733333
0.708333
0.716667
0.704167
0.712500
0.704167
0.716667
0.700000
0.612500
0.804167
0.716667
0.700000
0.716667
0.704167
0.720833
0.695833
0.720833
0.704167
0.716667
0.700000
0.716667
0.695833
0.587500
0.966667
0.591667
0.712500
0.708333
0.716667
0.716667
0.650000
0.729167
0.708333
0.562500
0.833333
0.720833
0.704167
0.716667
0.720833
0.712500
0.725000
0.712500
0.716667
0.716667
0.716667
0.725000
0.720833
0.716667
0.716667
0.716667
0.712500
0.712500
0.716667
0.712500
0.704167
0.708333
0.712500
0.712500
0.600000
0.820833
0.708333
0.716667
0.708333
0.708333
0.712500
0.420833
0.987500
0.729167
0.700000
0.562500
0.754167
0.816667
0.716667
0.650000
0.733333
0.675000
0.712500
0.712500
0.604167
0.795833
0.729167
0.704167
0.704167
0.695833
0.716667
0.708333
0.687500
0.720833
0.587500
0.833333
0.712500
0.687500
0.720833
0.695833
0.708333
0.587500
1.537500
0.720833
0.700000
0.720833
1.412500
1.400000
0.683333
0.600000
1.179167
0.829167
0.862500
1.354167
1.479167
0.695833
0.591667
0.700000
1.520833
0.700000
0.716667
0.708333
1.404167
1.404167
0.558333
0.845833
0.700000
1.404167
1.412500
0.725000
1.404167
1.412500
0.687500
1.416667
1.420833
0.700000
0.591667
0.825000
1.420833
0.687500
0.616667
0.795833
1.304167
0.720833
0.804167
0.729167
1.420833
1.429167
0.720833
0.691667
0.716667
1.583333
1.275000
0.725000
0.850000
0.562500
0.704167
0.712500
0.704167
0.570833
0.841667
0.712500
0.712500
0.712500
0.712500
0.712500
0.704167
0.708333
0.870833
0.550000
0.708333
0.704167
0.870833
0.554167
0.700000
0.641667
0.733333
0.670833
0.708333
0.708333
0.704167
0.687500
0.716667
0.691667
0.712500
0.704167
0.679167
0.712500
0.687500
0.704167
0.604167
0.875000
0.612500
0.712500
0.708333
0.704167
0.679167
0.712500
0.691667
0.812500
0.445833
0.958333
0.591667
0.866667
0.529167
0.720833
0.704167
0.691667
0.608333
0.687500
0.820833
0.700000
0.666667
0.729167
0.712500
0.700000
0.716667
0.862500
0.500000
0.875000
0.695833
0.575000
0.687500
0.725000
0.700000
0.725000
0.700000
0.720833
0.708333
0.716667
0.712500
0.708333
0.591667
0.837500
0.708333
0.708333
0.700000
0.716667
0.691667
0.716667
0.704167
0.712500
0.683333
0.729167
0.820833
0.479167
0.791667
0.720833
0.700000
0.712500
1.320833
0.783333
0.725000
0.691667
0.612500
0.879167
0.616667
0.716667
0.716667
0.700000
0.729167
0.708333
0.720833
1.420833
1.425000
0.687500
0.729167
1.420833
0.695833
0.704167
1.416667
0.687500
0.716667
1.408333
0.570833
0.816667
1.416667
0.650000
0.725000
1.412500
0.579167
0.708333
1.487500
0.704167
0.695833
1.404167
0.679167
0.712500
1.400000
0.587500
0.804167
1.320833
0.691667
0.704167
0.795833
0.833333
0.566667
0.712500
0.708333
0.708333
0.704167
0.712500
0.712500
0.712500
0.704167
0.712500
0.695833
0.720833
0.695833
0.720833
0.695833
0.712500
0.858333
0.695833
0.579167
0.712500
0.375000
1.004167
0.641667
0.795833
0.700000
0.700000
0.591667
0.962500
0.562500
0.712500
0.687500
0.729167
0.700000
0.708333
0.687500
0.462500
1.095833
0.570833
0.662500
0.733333
0.704167
0.662500
0.458333
0.962500
0.616667
0.795833
0.679167
0.720833
0.695833
0.695833
0.716667
0.595833
0.825000
0.700000
0.670833
0.729167
1.308333
0.795833
0.712500
0.691667
1.404167
0.716667
0.695833
0.658333
0.479167
0.941667
0.712500
0.566667
0.820833
0.695833
0.716667
0.704167
0.691667
0.708333
0.704167
0.695833
0.712500
0.712500
0.695833
0.675000
0.725000
0.708333
0.700000
0.700000
0.858333
0.508333
1.420833
0.600000
0.787500
0.712500
0.700000
0.708333
0.712500
0.604167
0.816667
0.550000
0.833333
0.704167
0.708333
0.587500
0.775000
0.608333
0.683333
1.408333
1.504167
1.387500
0.695833
0.683333
0.708333
0.575000
0.808333
0.700000
1.412500
1.383333
0.604167
0.787500
1.300000
0.795833
0.591667
0.704167
0.783333
0.704167
1.312500
0.775000
0.712500
0.675000
0.700000
0.679167
0.608333
1.495833
0.579167
0.779167
1.316667
1.495833
1.395833
0.704167
0.708333
1.408333
1.395833
0.395833
0.883333
0.804167
0.708333
0.404167
1.008333
0.591667
0.804167
0.387500
1.016667
0.591667
0.700000
0.450000
0.954167
0.695833
0.787500
0.708333
0.695833
0.604167
0.804167
0.695833
0.704167
0.700000
0.695833
0.645833
0.720833
0.679167
0.691667
0.675000
0.600000
0.791667
0.716667
0.687500
0.708333
0.704167
0.679167
0.708333
0.691667
0.650000
0.612500
0.791667
1.316667
0.658333
0.825000
0.712500
0.600000
0.804167
0.658333
0.720833
0.700000
0.691667
0.683333
0.708333
0.700000
0.700000
0.695833
0.708333
0.679167
1.308333
0.791667
0.691667
0.704167
0.683333
0.712500
0.691667
0.716667
0.695833
0.604167
0.787500
0.712500
0.687500
0.704167
0.679167
0.712500
0.695833
0.604167
0.804167
0.712500
0.679167
0.720833
0.687500
0.700000
0.708333
0.712500
0.679167
0.716667
0.683333
0.720833
0.695833
0.704167
0.679167
0.716667
0.687500
0.708333
0.687500
0.712500
0.591667
0.804167
0.695833
1.295833
0.787500
0.683333
0.704167
0.704167
0.704167
0.691667
0.716667
0.687500
0.704167
0.691667
0.712500
0.679167
0.712500
1.308333
0.779167
0.616667
0.791667
0.708333
0.687500
0.712500
0.687500
0.712500
0.695833
0.712500
0.683333
0.712500
0.687500
0.704167
0.583333
0.800000
0.570833
0.708333
0.679167
0.820833
1.291667
1.358333
0.812500
0.691667
1.283333
1.491667
0.691667
0.695833
1.400000
0.695833
0.683333
1.370833
0.683333
0.695833
1.395833
0.691667
0.683333
1.304167
0.795833
0.695833
1.395833
1.387500
1.400000
0.600000
0.795833
0.370833
1.029167
0.604167
0.787500
0.708333
0.683333
0.708333
0.575000
0.812500
0.695833
0.716667
0.700000
0.712500
0.687500
0.708333
0.683333
0.708333
0.575000
0.816667
0.691667
0.712500
0.704167
0.708333
0.691667
0.716667
0.695833
0.695833
0.695833
0.704167
0.575000
0.816667
0.691667
0.712500
0.700000
0.704167
0.691667
0.708333
0.683333
0.704167
0.820833
0.566667
0.695833
0.708333
0.700000
0.675000
0.720833
0.691667
0.695833
0.679167
0.708333
0.829167
0.570833
0.695833
0.704167
0.708333
0.687500
0.716667
0.675000
0.708333
0.679167
0.387500
0.566667
0.566667
0.562500
0.558333
0.562500
0.558333
0.566667
0.558333
0.570833
0.558333
0.566667
0.562500
0.562500
0.558333
0.566667
0.562500
1.008333
0.858333
0.712500
0.779167
0.687500
0.700000
0.687500
0.700000
0.687500
0.683333
0.579167
0.791667
0.679167
0.662500
0.650000
0.658333
0.662500
0.658333
0.662500
0.795833
0.529167
0.666667
0.658333
0.658333
0.662500
0.662500
0.666667
0.666667
0.666667
0.670833
0.662500
0.662500
0.666667
0.666667
0.670833
0.670833
0.666667
0.670833
0.666667
0.662500
0.666667
0.666667
0.662500
0.662500
0.795833
0.416667
0.916667
0.529167
0.650000
0.679167
0.666667
0.654167
0.679167
0.666667
0.808333
0.366667
0.958333
0.529167
0.675000
0.670833
0.658333
0.679167
0.658333
0.675000
0.670833
0.812500
0.529167
0.662500
0.645833
0.670833
0.654167
0.662500
0.683333
0.658333
0.670833
0.662500
0.666667
0.675000
0.662500
0.662500
0.654167
0.670833
0.662500
0.666667
0.654167
0.670833
0.654167
0.670833
0.654167
0.670833
0.529167
0.937500
0.520833
0.670833
0.812500
0.500000
0.695833
0.670833
0.670833
0.829167
0.425000
0.900000
0.504167
0.695833
0.650000
0.679167
0.666667
0.658333
0.645833
0.812500
0.650000
0.545833
0.662500
0.658333
0.670833
0.679167
0.658333
0.683333
0.662500
0.679167
0.666667
0.670833
0.670833
0.670833
0.675000
0.675000
0.670833
0.679167
0.670833
0.683333
0.687500
0.683333
