0.995833
0.987500
0.979167
0.979167
0.975000
0.966667
0.979167
0.954167
0.983333
0.987500
0.495833
0.495833
0.979167
0.975000
0.975000
0.966667
0.954167
0.950000
0.945833
0.933333
0.937500
0.950000
0.962500
0.920833
0.958333
0.970833
0.945833
0.958333
0.970833
0.983333
0.254167
0.720833
0.933333
0.945833
0.941667
0.975000
0.975000
1.012500
0.962500
0.941667
0.941667
0.991667
1.016667
0.979167
0.954167
0.991667
1.000000
1.004167
0.995833
0.991667
0.983333
1.000000
1.016667
1.012500
1.004167
0.966667
0.658333
0.954167
0.383333
0.220833
0.775000
1.000000
0.991667
0.525000
0.441667
0.358333
0.629167
1.000000
0.508333
0.625000
0.845833
0.950000
0.979167
0.995833
0.991667
0.779167
0.166667
0.308333
0.666667
0.995833
0.420833
0.200000
0.366667
0.620833
0.358333
0.708333
0.291667
0.608333
0.345833
0.233333
0.754167
0.987500
0.300000
0.675000
0.937500
0.945833
0.991667
1.004167
0.970833
0.945833
0.387500
0.579167
0.804167
0.579167
0.608333
0.320833
0.670833
0.950000
0.983333
1.000000
1.004167
0.991667
1.004167
0.970833
0.970833
1.987500
0.987500
0.950000
0.770833
0.195833
0.958333
0.983333
0.962500
0.920833
0.962500
1.991667
0.954167
0.970833
1.141667
0.850000
0.983333
0.483333
0.362500
0.954167
1.041667
0.920833
0.958333
0.900000
0.904167
0.904167
0.945833
0.958333
0.962500
0.941667
0.987500
1.025000
1.000000
0.979167
0.970833
1.012500
1.016667
1.008333
1.016667
0.979167
1.000000
1.029167
1.012500
1.012500
0.979167
0.995833
1.020833
1.008333
1.008333
0.987500
0.987500
1.012500
1.012500
1.008333
0.979167
0.983333
1.020833
1.008333
1.004167
0.975000
1.008333
1.016667
1.008333
0.979167
1.004167
1.016667
1.012500
0.979167
0.991667
1.025000
1.020833
0.991667
0.979167
1.025000
1.016667
1.020833
0.983333
1.000000
1.029167
1.016667
1.008333
0.987500
1.025000
1.020833
1.016667
0.983333
0.987500
1.020833
1.025000
1.012500
0.979167
0.995833
1.016667
1.008333
0.970833
1.000000
1.004167
0.975000
0.962500
0.962500
0.975000
0.954167
0.933333
0.970833
0.991667
1.008333
0.954167
0.995833
1.020833
0.995833
0.987500
0.975000
1.008333
1.004167
0.979167
0.991667
1.020833
1.012500
0.983333
0.995833
1.020833
1.016667
0.987500
0.987500
1.016667
1.016667
0.991667
0.983333
1.016667
1.012500
0.987500
0.983333
1.012500
1.012500
1.016667
0.979167
1.004167
1.025000
1.012500
0.983333
1.000000
1.020833
1.012500
0.979167
1.000000
1.016667
1.016667
0.983333
0.991667
1.016667
1.012500
1.000000
0.979167
1.020833
1.016667
0.991667
0.983333
1.016667
1.012500
1.000000
0.979167
1.008333
1.000000
0.962500
1.000000
1.004167
0.995833
0.937500
0.975000
1.029167
1.000000
0.975000
0.975000
1.008333
1.008333
1.004167
0.975000
1.016667
1.012500
1.008333
0.975000
1.008333
1.025000
1.020833
0.991667
0.987500
1.025000
1.012500
0.991667
0.987500
1.020833
1.020833
0.987500
0.991667
1.025000
1.020833
0.995833
0.987500
1.025000
1.016667
0.995833
0.987500
1.025000
1.020833
1.016667
0.983333
1.016667
1.029167
1.020833
0.987500
1.012500
1.029167
1.020833
0.983333
1.020833
1.025000
1.016667
0.983333
1.008333
1.025000
1.020833
1.004167
0.987500
1.025000
1.029167
1.012500
0.983333
1.025000
1.020833
1.016667
0.979167
1.016667
1.016667
1.012500
0.970833
0.995833
1.016667
1.012500
0.970833
1.004167
1.016667
0.975000
0.987500
1.000000
0.995833
0.966667
1.004167
1.004167
0.975000
0.975000
1.008333
0.966667
0.945833
1.004167
0.991667
0.958333
0.970833
0.975000
0.991667
0.954167
0.929167
0.962500
0.987500
0.970833
0.941667
1.000000
1.025000
0.987500
0.970833
1.008333
1.008333
1.004167
0.970833
1.012500
1.012500
1.004167
0.975000
1.004167
1.016667
1.012500
0.975000
1.008333
1.016667
1.008333
0.975000
1.012500
1.020833
0.991667
0.975000
1.020833
1.012500
0.991667
0.979167
1.016667
1.016667
1.004167
0.983333
1.012500
1.012500
1.008333
0.966667
1.025000
1.012500
1.004167
0.966667
1.016667
1.008333
0.991667
0.962500
1.008333
1.008333
1.000000
0.979167
0.975000
1.008333
0.979167
0.954167
0.608333
0.354167
0.008333
0.937500
1.000000
1.000000
0.345833
0.062500
0.595833
0.337500
0.254167
0.362500
0.254167
0.358333
0.320833
0.458333
0.283333
0.254167
0.633333
0.975000
0.362500
0.416667
0.525000
0.983333
1.012500
1.000000
0.962500
0.800000
0.212500
0.150000
0.850000
0.962500
0.975000
1.033333
1.020833
0.970833
1.004167
1.020833
0.991667
0.970833
1.012500
1.004167
0.983333
0.983333
1.004167
1.000000
0.975000
1.000000
1.008333
1.000000
0.970833
1.008333
1.012500
0.991667
0.979167
1.020833
1.016667
1.012500
0.979167
1.025000
1.020833
1.004167
0.987500
1.029167
1.020833
0.995833
0.995833
1.025000
1.020833
0.995833
0.987500
1.020833
1.020833
1.000000
0.979167
1.020833
1.020833
0.979167
0.987500
1.016667
1.012500
0.987500
0.987500
1.016667
1.008333
0.987500
0.979167
1.016667
1.008333
0.995833
0.979167
1.020833
1.008333
0.975000
0.991667
1.016667
1.008333
0.983333
0.983333
1.016667
1.012500
1.000000
0.970833
1.020833
1.008333
0.995833
0.975000
1.020833
1.008333
1.008333
0.970833
1.012500
1.016667
1.012500
0.970833
1.025000
1.016667
1.008333
0.979167
1.008333
1.020833
0.995833
0.975000
1.025000
1.016667
1.012500
0.975000
1.025000
1.012500
1.012500
0.970833
1.020833
1.016667
1.008333
0.979167
1.029167
1.016667
1.008333
0.975000
1.020833
1.008333
1.004167
0.966667
1.020833
1.012500
1.008333
0.970833
1.008333
1.008333
1.004167
0.966667
1.016667
1.012500
1.012500
0.979167
0.979167
1.029167
0.370833
0.612500
0.966667
0.350000
0.629167
1.000000
0.950000
0.979167
1.004167
0.970833
0.929167
0.970833
1.008333
0.987500
0.950000
0.975000
0.987500
0.950000
0.954167
0.995833
1.020833
1.012500
0.970833
1.004167
1.020833
1.016667
0.983333
0.995833
1.029167
1.020833
1.020833
0.987500
1.025000
1.041667
1.033333
1.025000
0.991667
1.033333
1.037500
1.037500
1.025000
0.991667
1.037500
1.037500
1.025000
1.025000
0.991667
1.033333
1.033333
1.016667
0.983333
1.029167
1.025000
1.016667
0.983333
1.008333
1.020833
1.016667
1.020833
0.983333
1.012500
1.029167
1.025000
0.983333
1.020833
1.029167
1.025000
0.979167
1.016667
1.037500
1.025000
1.016667
0.987500
1.033333
