1.100000
1.000000
0.933333
1.020833
1.020833
0.970833
1.045833
1.083333
1.029167
1.050000
1.112500
1.041667
1.312500
1.254167
1.254167
1.233333
1.233333
1.141667
1.008333
0.979167
0.937500
1.041667
1.062500
0.983333
1.070833
1.087500
1.033333
1.166667
1.204167
1.054167
1.133333
1.229167
1.108333
1.108333
1.137500
1.041667
1.070833
1.100000
1.000000
1.312500
1.245833
1.241667
1.233333
1.225000
1.191667
1.075000
1.008333
0.970833
1.079167
1.070833
0.983333
1.087500
1.066667
1.012500
1.125000
1.137500
1.020833
1.075000
1.070833
1.008333
1.066667
1.062500
1.008333
1.150000
1.162500
1.050000
1.320833
1.258333
1.258333
1.237500
1.133333
1.004167
1.020833
0.983333
0.970833
1.037500
1.091667
1.012500
1.079167
1.066667
1.025000
1.075000
1.075000
1.008333
1.058333
1.150000
1.041667
1.095833
1.112500
1.079167
1.158333
1.137500
1.083333
1.100000
1.083333
1.004167
1.116667
1.320833
1.270833
1.241667
1.237500
1.083333
1.020833
0.979167
0.950000
1.054167
1.045833
0.966667
1.037500
1.054167
1.016667
1.091667
1.112500
1.025000
1.133333
1.175000
1.070833
1.083333
1.091667
1.012500
1.075000
1.141667
1.058333
1.083333
1.095833
1.012500
1.070833
1.033333
0.966667
1.029167
1.012500
0.975000
1.020833
1.025000
0.966667
1.066667
1.070833
1.004167
1.083333
1.079167
0.945833
0.954167
0.987500
0.937500
1.050000
1.112500
1.016667
1.337500
1.270833
1.275000
1.262500
1.275000
1.262500
1.250000
1.050000
1.045833
1.029167
0.975000
1.054167
1.058333
1.004167
1.083333
1.083333
1.012500
1.087500
1.108333
1.041667
1.108333
1.104167
1.012500
1.104167
1.129167
1.016667
1.062500
1.091667
0.991667
1.045833
1.066667
0.991667
1.050000
1.075000
1.016667
1.050000
1.033333
1.000000
1.079167
1.112500
1.000000
1.062500
1.037500
0.970833
1.083333
1.075000
0.979167
1.058333
1.045833
0.987500
1.020833
1.104167
1.020833
1.083333
1.079167
0.987500
1.062500
1.054167
0.995833
1.054167
1.116667
1.020833
1.083333
1.362500
1.312500
1.241667
1.008333
1.025000
1.016667
0.954167
1.020833
1.054167
0.987500
1.054167
1.100000
1.004167
1.083333
1.091667
1.008333
1.087500
1.116667
1.012500
1.037500
1.033333
0.987500
1.037500
1.050000
0.983333
1.062500
1.083333
1.012500
1.087500
1.104167
1.012500
1.079167
1.062500
0.983333
1.025000
1.041667
0.983333
1.050000
1.075000
1.004167
1.100000
1.141667
1.029167
1.070833
1.116667
1.037500
1.075000
1.095833
1.016667
1.054167
1.112500
1.008333
1.050000
1.054167
0.979167
1.070833
1.070833
0.995833
1.058333
1.100000
1.004167
1.062500
1.083333
1.025000
1.070833
1.095833
1.016667
1.095833
1.100000
1.016667
1.095833
1.091667
1.012500
1.062500
1.087500
1.033333
1.100000
1.154167
1.066667
1.133333
1.162500
1.033333
1.062500
1.083333
0.991667
1.104167
1.095833
1.020833
1.087500
1.137500
1.029167
1.133333
1.133333
1.020833
1.062500
1.070833
0.995833
1.045833
1.054167
1.000000
1.062500
1.070833
1.016667
1.141667
1.225000
1.137500
1.175000
1.166667
1.070833
1.050000
1.095833
0.987500
1.066667
1.050000
0.979167
1.112500
1.108333
1.025000
1.120833
1.116667
1.045833
1.150000
1.195833
1.087500
1.100000
1.058333
0.983333
1.070833
1.070833
1.016667
1.100000
1.116667
1.037500
1.062500
1.095833
1.000000
1.041667
1.087500
1.000000
1.045833
1.120833
1.012500
1.091667
1.070833
1.012500
1.120833
1.241667
0.766667
0.725000
0.700000
0.666667
0.645833
0.750000
0.245833
0.250000
0.320833
0.304167
0.604167
0.600000
0.295833
0.604167
0.279167
0.162500
0.437500
0.558333
0.245833
0.383333
0.595833
0.591667
0.591667
0.570833
0.591667
0.554167
0.245833
0.254167
0.666667
0.295833
0.291667
0.450000
0.587500
0.716667
0.579167
0.475000
0.258333
0.591667
0.470833
0.216667
0.408333
0.212500
0.291667
0.295833
0.366667
0.116667
0.450000
0.216667
0.708333
0.475000
0.237500
0.716667
0.520833
0.195833
0.745833
0.741667
0.762500
0.729167
0.745833
0.745833
0.741667
0.750000
0.725000
0.775000
0.787500
0.758333
0.795833
0.762500
0.812500
0.829167
0.808333
0.775000
0.870833
0.825000
0.833333
0.808333
0.862500
0.858333
0.837500
0.816667
0.900000
0.866667
0.875000
0.837500
0.945833
0.891667
0.854167
0.954167
0.925000
0.833333
0.941667
0.908333
0.841667
1.150000
0.962500
0.845833
0.908333
0.912500
0.862500
1.270833
1.200000
0.991667
0.908333
0.920833
0.870833
0.920833
0.925000
0.887500
0.929167
0.966667
0.937500
0.900000
0.950000
0.950000
0.920833
0.983333
0.975000
0.904167
0.916667
0.904167
0.841667
0.750000
0.670833
0.645833
0.745833
0.820833
0.766667
1.412500
0.983333
1.008333
1.112500
0.945833
0.891667
1.345833
1.262500
1.162500
0.979167
0.958333
0.908333
0.933333
0.954167
0.900000
0.983333
0.970833
0.929167
0.987500
0.975000
0.920833
0.983333
0.987500
0.975000
0.920833
0.966667
0.958333
0.945833
0.995833
0.987500
0.941667
0.975000
1.000000
0.925000
0.991667
0.991667
0.987500
0.950000
0.987500
0.995833
0.954167
1.004167
1.020833
0.962500
1.037500
1.012500
0.958333
1.020833
1.012500
0.962500
1.029167
1.045833
0.995833
1.050000
1.091667
0.987500
1.100000
1.100000
1.000000
1.029167
1.070833
1.000000
1.058333
1.045833
1.004167
1.045833
1.045833
0.995833
1.083333
1.058333
0.970833
1.041667
1.041667
0.979167
1.062500
1.075000
0.966667
1.050000
1.062500
0.983333
1.054167
1.050000
0.991667
1.041667
1.045833
1.012500
1.037500
1.058333
0.991667
1.050000
1.070833
1.025000
1.045833
1.083333
0.991667
1.058333
1.062500
1.025000
1.100000
1.066667
1.008333
1.208333
1.145833
1.079167
1.075000
1.083333
1.020833
1.104167
1.108333
1.020833
1.100000
1.087500
0.995833
1.087500
1.104167
1.012500
1.079167
1.091667
1.033333
1.108333
1.079167
0.991667
1.062500
1.066667
0.979167
1.083333
1.066667
0.970833
1.025000
1.083333
1.012500
1.158333
1.100000
1.066667
1.404167
0.879167
0.741667
0.700000
0.750000
1.391667
1.370833
1.329167
1.287500
1.212500
0.854167
0.745833
1.358333
