1.020833
1.020833
0.983333
1.008333
1.033333
1.020833
0.987500
1.016667
1.033333
1.033333
0.991667
1.008333
1.041667
1.037500
1.000000
1.004167
1.041667
1.045833
1.033333
0.995833
1.045833
1.045833
1.037500
1.004167
1.045833
1.054167
1.050000
1.050000
1.012500
1.037500
1.045833
1.041667
1.004167
1.016667
1.041667
1.037500
1.000000
1.008333
1.045833
1.037500
1.008333
1.004167
1.037500
1.033333
1.025000
0.991667
1.025000
1.033333
1.025000
0.995833
1.000000
1.033333
1.033333
1.029167
1.012500
1.000000
1.037500
1.041667
1.041667
1.008333
1.037500
1.050000
1.045833
1.033333
1.000000
1.041667
1.045833
1.041667
1.000000
1.008333
1.041667
1.037500
0.995833
1.012500
1.029167
1.000000
0.979167
1.004167
1.000000
0.933333
0.933333
0.958333
0.958333
0.920833
0.954167
0.975000
1.000000
0.941667
0.970833
1.008333
1.041667
1.004167
0.954167
1.004167
1.020833
1.012500
0.412500
0.541667
0.966667
0.991667
1.000000
0.950000
0.975000
1.025000
1.050000
0.995833
0.983333
1.020833
1.020833
1.016667
0.991667
0.991667
1.029167
1.025000
0.991667
0.995833
1.029167
1.029167
1.016667
0.987500
1.025000
1.033333
1.029167
1.033333
0.995833
1.033333
1.037500
1.029167
1.025000
0.991667
1.037500
1.033333
1.033333
0.987500
1.025000
1.037500
1.033333
1.016667
0.995833
1.037500
1.037500
1.025000
0.987500
1.012500
1.033333
1.025000
0.987500
1.008333
1.033333
1.020833
0.983333
1.037500
1.033333
1.033333
0.991667
1.041667
1.041667
1.037500
0.995833
1.045833
1.050000
1.041667
1.000000
1.025000
1.041667
1.037500
1.000000
1.004167
1.037500
1.029167
0.995833
1.004167
1.029167
1.029167
1.000000
1.000000
1.037500
1.029167
1.004167
1.004167
1.037500
1.033333
1.020833
0.995833
1.045833
1.045833
1.045833
1.041667
1.008333
1.045833
1.054167
1.045833
1.008333
1.045833
1.054167
1.041667
1.012500
1.000000
1.050000
1.041667
1.025000
1.000000
1.037500
1.037500
1.037500
0.995833
1.020833
1.045833
1.037500
1.004167
1.016667
1.041667
1.033333
1.033333
1.012500
1.000000
1.037500
1.033333
1.008333
1.000000
1.033333
1.037500
1.029167
1.000000
1.037500
1.033333
1.033333
1.000000
1.037500
1.041667
1.033333
1.020833
0.995833
1.037500
1.037500
1.004167
0.995833
1.041667
1.041667
1.033333
1.000000
1.033333
1.050000
1.045833
1.045833
1.008333
1.054167
1.054167
1.041667
1.050000
1.012500
1.050000
1.050000
1.041667
1.004167
1.025000
1.050000
1.045833
1.000000
1.008333
1.037500
1.041667
0.995833
1.008333
1.033333
1.033333
0.987500
1.004167
1.033333
1.029167
0.995833
1.008333
1.041667
1.041667
1.029167
1.004167
1.050000
1.050000
1.045833
1.008333
1.045833
1.054167
1.050000
1.020833
1.016667
1.050000
1.045833
1.012500
1.000000
1.050000
1.045833
1.020833
0.995833
1.037500
1.037500
1.037500
1.000000
1.041667
1.045833
1.041667
1.008333
1.012500
1.054167
1.045833
1.045833
1.008333
1.045833
1.054167
1.037500
1.004167
1.029167
1.045833
1.033333
0.995833
1.025000
1.045833
1.045833
1.037500
1.000000
1.037500
1.054167
1.041667
1.020833
1.012500
1.045833
1.045833
1.004167
1.033333
1.037500
1.033333
0.995833
1.041667
1.041667
1.045833
0.995833
1.016667
1.050000
1.033333
0.991667
1.020833
1.041667
1.033333
0.995833
1.016667
1.041667
1.050000
1.029167
1.004167
1.058333
1.050000
1.050000
1.020833
1.016667
1.054167
1.058333
1.050000
1.004167
1.041667
1.045833
1.045833
0.995833
1.016667
1.045833
1.037500
0.991667
1.033333
1.041667
1.025000
0.991667
1.041667
1.037500
1.020833
1.000000
1.041667
1.041667
1.041667
1.000000
1.054167
1.054167
1.054167
1.041667
1.012500
1.066667
1.062500
1.050000
1.033333
1.012500
1.062500
1.050000
1.012500
1.012500
1.045833
1.037500
0.995833
1.012500
1.041667
1.037500
1.004167
1.000000
1.045833
1.045833
1.041667
1.008333
1.050000
1.058333
1.054167
1.050000
1.008333
1.062500
1.054167
1.054167
1.033333
1.012500
1.037500
1.050000
1.016667
1.000000
1.033333
1.033333
1.029167
0.991667
1.033333
1.033333
1.033333
0.991667
1.029167
1.041667
1.037500
1.025000
0.995833
1.037500
1.045833
1.041667
1.000000
1.033333
1.045833
1.045833
1.033333
1.004167
1.054167
1.045833
1.041667
0.995833
1.016667
1.050000
1.029167
0.995833
1.004167
1.037500
1.041667
1.029167
1.004167
1.050000
1.050000
1.045833
1.050000
1.008333
1.058333
1.050000
1.025000
0.987500
1.033333
1.025000
0.983333
0.995833
1.020833
1.016667
0.987500
0.995833
1.029167
1.020833
0.983333
1.016667
1.041667
1.041667
1.000000
1.012500
1.045833
1.045833
1.041667
1.004167
1.054167
1.045833
1.050000
1.012500
1.016667
1.050000
1.050000
1.037500
1.012500
1.045833
1.054167
1.045833
1.037500
1.008333
1.054167
1.045833
1.041667
1.004167
1.012500
1.045833
1.033333
0.991667
1.016667
1.037500
1.033333
0.995833
1.008333
1.041667
1.037500
1.020833
1.000000
1.054167
1.045833
1.041667
1.008333
1.025000
1.050000
1.050000
1.050000
1.012500
1.020833
1.054167
1.050000
1.041667
1.004167
1.029167
1.050000
1.033333
1.000000
1.020833
1.037500
1.004167
1.000000
1.041667
1.037500
1.037500
0.995833
1.045833
1.054167
1.050000
1.029167
1.012500
1.062500
1.058333
1.050000
1.008333
1.050000
1.050000
1.041667
1.000000
1.020833
1.045833
1.041667
1.012500
1.004167
1.045833
1.054167
1.045833
1.012500
1.066667
1.058333
1.050000
1.016667
1.020833
1.054167
1.054167
1.045833
1.004167
1.045833
1.050000
1.045833
0.995833
1.037500
1.041667
1.037500
0.995833
1.033333
1.045833
1.041667
1.004167
1.012500
1.050000
1.058333
1.050000
1.012500
1.062500
1.062500
1.058333
1.050000
1.016667
1.062500
1.054167
1.050000
1.037500
1.020833
1.041667
1.045833
1.041667
1.000000
1.029167
1.050000
1.037500
0.995833
1.029167
1.050000
1.045833
1.000000
