0.358333
0.354167
0.325000
0.345833
0.358333
0.341667
0.350000
0.366667
0.358333
0.350000
0.358333
0.358333
0.354167
0.354167
0.358333
0.358333
0.354167
0.354167
0.354167
0.366667
0.358333
0.354167
0.358333
0.362500
0.358333
0.358333
0.358333
0.350000
0.358333
0.366667
0.358333
0.358333
0.350000
0.358333
0.366667
0.358333
0.362500
0.358333
0.354167
0.358333
0.362500
0.362500
0.362500
0.362500
0.350000
0.358333
0.366667
0.362500
0.354167
0.358333
0.362500
0.358333
0.362500
0.358333
0.358333
0.362500
0.358333
0.358333
0.362500
0.354167
0.354167
0.362500
0.362500
0.362500
0.354167
0.358333
0.366667
0.358333
0.358333
0.362500
0.350000
0.358333
0.366667
0.354167
0.358333
0.362500
0.358333
0.362500
0.358333
0.358333
0.362500
0.362500
0.358333
0.350000
0.358333
0.358333
0.362500
0.358333
0.366667
0.358333
0.350000
0.370833
0.366667
0.358333
0.350000
0.366667
0.366667
0.358333
0.358333
0.358333
0.362500
0.362500
0.362500
0.362500
0.350000
0.366667
0.362500
0.354167
0.362500
0.366667
0.354167
0.362500
0.366667
0.362500
0.350000
0.362500
0.366667
0.350000
0.362500
0.366667
0.358333
0.362500
0.362500
0.358333
0.366667
0.354167
0.362500
0.366667
0.354167
0.358333
0.366667
0.354167
0.362500
0.362500
0.362500
0.366667
0.354167
0.362500
0.358333
0.362500
0.358333
0.362500
0.362500
0.366667
0.358333
0.333333
0.337500
0.350000
0.391667
0.375000
0.354167
0.354167
0.366667
0.358333
0.358333
0.366667
0.358333
0.350000
0.362500
0.362500
0.345833
0.358333
0.366667
0.362500
0.345833
0.362500
0.362500
0.358333
0.354167
0.354167
0.362500
0.354167
0.354167
0.362500
0.358333
0.354167
0.362500
0.354167
0.354167
0.362500
0.354167
0.354167
0.362500
0.354167
0.358333
0.358333
0.358333
0.358333
0.358333
0.358333
0.350000
0.362500
0.358333
0.358333
0.354167
0.358333
0.362500
0.345833
0.362500
0.366667
0.350000
0.354167
0.366667
0.358333
0.354167
0.358333
0.358333
0.354167
0.354167
0.362500
0.362500
0.350000
0.362500
0.358333
0.354167
0.354167
0.362500
0.358333
0.358333
0.354167
0.362500
0.362500
0.354167
0.358333
0.345833
0.362500
0.358333
0.358333
0.362500
0.354167
0.358333
0.362500
0.358333
0.354167
0.358333
0.362500
0.345833
0.366667
0.362500
0.350000
0.358333
0.366667
0.354167
0.358333
0.362500
0.362500
0.345833
0.358333
0.362500
0.354167
0.358333
0.362500
0.358333
0.362500
0.350000
0.354167
0.354167
0.358333
0.358333
0.358333
0.358333
0.350000
0.362500
0.362500
0.350000
0.358333
0.358333
0.362500
0.354167
0.362500
0.358333
0.350000
0.358333
0.358333
0.358333
0.333333
0.333333
0.358333
0.350000
0.312500
0.562500
1.425000
1.404167
0.987500
0.933333
0.920833
0.945833
0.929167
0.925000
0.920833
0.908333
0.920833
0.933333
0.891667
0.916667
0.908333
0.904167
0.908333
0.904167
0.895833
0.900000
0.900000
0.891667
0.895833
0.887500
0.883333
0.879167
0.891667
0.887500
0.895833
0.891667
0.883333
0.891667
0.895833
0.891667
0.808333
0.987500
0.900000
0.808333
0.995833
0.904167
0.816667
0.904167
0.908333
0.995833
0.904167
0.358333
1.258333
0.912500
0.912500
0.920833
0.908333
0.995833
0.375000
0.604167
0.754167
0.704167
1.691667
1.037500
0.904167
0.908333
0.895833
0.883333
0.883333
0.900000
0.891667
0.887500
0.891667
0.883333
0.895833
0.895833
0.895833
0.895833
0.895833
0.895833
0.475000
1.237500
0.895833
0.908333
0.479167
0.762500
1.770833
0.795833
0.725000
0.733333
0.779167
0.779167
1.212500
1.783333
0.791667
0.729167
0.637500
0.629167
0.754167
0.312500
0.366667
0.345833
0.312500
0.337500
0.366667
0.341667
0.325000
0.345833
0.354167
0.345833
0.345833
0.350000
0.354167
0.345833
0.354167
0.366667
0.354167
0.341667
0.354167
0.358333
0.345833
0.341667
0.354167
0.358333
0.350000
0.337500
0.362500
0.362500
0.345833
0.350000
0.358333
0.350000
0.345833
0.354167
0.358333
0.354167
0.354167
0.354167
0.354167
0.350000
0.358333
0.358333
0.350000
0.354167
0.358333
0.354167
0.354167
0.350000
0.354167
0.362500
0.362500
0.354167
0.354167
0.354167
0.358333
0.350000
0.358333
0.358333
0.358333
0.358333
0.354167
0.358333
0.358333
0.354167
0.354167
0.358333
0.362500
0.358333
0.358333
0.358333
0.358333
0.354167
0.362500
0.358333
0.358333
0.358333
0.362500
0.358333
0.354167
0.362500
0.362500
0.350000
0.362500
0.362500
0.354167
0.358333
0.362500
0.354167
0.362500
0.354167
0.358333
0.362500
0.358333
0.358333
0.358333
0.358333
0.362500
0.358333
0.354167
0.358333
0.366667
0.350000
0.354167
0.366667
0.362500
0.345833
0.366667
0.362500
0.354167
0.354167
0.358333
0.358333
0.362500
0.354167
0.354167
0.358333
0.354167
0.354167
0.362500
0.362500
0.354167
0.358333
0.354167
0.354167
0.362500
0.358333
0.354167
0.358333
0.362500
0.350000
0.358333
0.358333
0.358333
0.354167
0.358333
0.362500
0.354167
0.354167
0.354167
0.358333
0.362500
0.358333
0.354167
0.362500
0.354167
0.350000
0.362500
0.362500
0.350000
0.358333
0.362500
0.350000
0.358333
0.350000
0.362500
0.362500
0.345833
0.362500
0.362500
0.341667
0.354167
0.350000
0.337500
0.362500
0.379167
0.362500
0.350000
0.358333
0.358333
0.354167
0.358333
0.358333
0.350000
0.358333
0.362500
0.358333
0.341667
0.358333
0.370833
0.354167
0.354167
0.354167
0.358333
0.354167
0.362500
0.233333
0.475000
0.358333
0.341667
0.358333
0.366667
0.358333
0.362500
0.358333
0.350000
0.358333
0.362500
0.350000
0.354167
0.225000
0.491667
0.354167
0.358333
0.358333
0.350000
0.358333
0.362500
0.358333
0.354167
0.354167
0.358333
0.345833
0.358333
0.366667
0.358333
0.354167
0.354167
0.354167
0.358333
0.350000
0.362500
0.350000
0.358333
0.358333
0.354167
0.354167
0.354167
0.358333
0.358333
0.358333
0.350000
0.358333
0.362500
0.341667
0.354167
0.362500
0.358333
0.350000
0.350000
0.358333
0.354167
0.350000
0.358333
0.358333
0.341667
0.358333
0.366667
0.345833
0.354167
0.362500
0.354167
0.358333
0.345833
0.362500
0.362500
0.341667
0.358333
0.362500
0.354167
0.354167
0.354167
0.358333
0.354167
0.358333
0.354167
0.354167
0.350000
0.358333
0.358333
0.354167
0.354167
0.358333
0.354167
0.354167
0.350000
0.354167
0.362500
0.341667
0.358333
0.362500
0.341667
0.358333
0.366667
0.358333
0.350000
0.354167
0.358333
0.358333
0.345833
0.354167
0.362500
0.354167
0.350000
0.358333
0.354167
0.354167
0.345833
0.358333
0.358333
0.350000
0.354167
0.362500
0.354167
0.354167
0.358333
0.354167
0.341667
0.220833
0.504167
0.350000
0.354167
0.358333
0.354167
0.354167
0.358333
0.354167
0.354167
0.350000
0.358333
0.358333
0.350000
0.358333
0.358333
0.358333
0.345833
0.358333
0.362500
0.350000
0.354167
0.354167
0.345833
0.358333
0.358333
0.354167
0.354167
0.354167
0.354167
0.354167
0.358333
0.354167
0.350000
0.354167
0.358333
0.354167
0.350000
0.358333
0.354167
0.350000
0.350000
0.354167
0.362500
0.345833
0.354167
0.362500
0.345833
0.358333
0.358333
0.354167
0.354167
0.354167
0.358333
0.345833
0.354167
0.358333
0.350000
0.354167
0.354167
0.354167
0.358333
0.354167
0.354167
0.358333
0.345833
0.354167
0.354167
0.350000
0.358333
0.345833
0.354167
0.362500
0.345833
0.354167
0.362500
0.354167
0.345833
0.354167
0.362500
0.345833
0.354167
0.358333
0.345833
0.354167
0.362500
0.354167
0.350000
0.354167
0.354167
0.354167
0.345833
0.362500
0.358333
0.341667
0.354167
0.358333
0.345833
0.354167
0.358333
0.358333
0.350000
0.354167
0.354167
0.354167
0.354167
0.354167
0.350000
0.354167
0.354167
0.345833
0.354167
0.362500
0.333333
0.341667
0.370833
0.366667
0.345833
0.358333
0.350000
0.354167
0.358333
0.350000
0.354167
0.354167
0.354167
0.350000
0.362500
0.350000
0.350000
0.358333
0.350000
0.354167
0.345833
0.354167
0.354167
0.354167
0.354167
0.345833
0.354167
0.358333
0.337500
0.358333
0.362500
0.350000
0.354167
0.354167
0.345833
0.354167
0.358333
0.350000
0.350000
0.350000
0.354167
0.354167
0.350000
0.354167
0.354167
0.354167
0.354167
0.354167
0.350000
0.358333
0.354167
0.333333
0.358333
0.366667
0.350000
0.350000
0.358333
0.358333
0.350000
0.354167
0.358333
0.354167
0.350000
0.354167
0.358333
0.350000
0.354167
0.354167
0.350000
0.358333
0.354167
0.354167
0.350000
0.358333
0.354167
0.354167
0.350000
0.354167
0.358333
0.350000
0.354167
0.354167
0.345833
0.354167
0.354167
0.358333
0.354167
0.354167
0.350000
0.354167
0.358333
0.354167
0.350000
0.354167
0.354167
0.345833
0.358333
0.358333
0.350000
0.354167
0.354167
0.354167
0.350000
0.354167
0.350000
0.350000
0.345833
0.354167
0.362500
0.350000
0.354167
0.358333
0.350000
0.350000
0.350000
0.354167
0.350000
0.354167
0.358333
0.354167
0.350000
0.354167
0.354167
0.341667
0.354167
0.358333
0.341667
0.350000
0.358333
0.345833
0.333333
0.362500
0.366667
0.354167
0.354167
0.354167
0.345833
0.354167
0.358333
0.350000
0.354167
0.350000
0.341667
0.354167
0.362500
0.341667
0.358333
0.358333
0.350000
0.358333
0.358333
0.354167
0.341667
0.358333
0.358333
0.350000
0.354167
0.358333
0.354167
0.354167
0.345833
0.354167
0.362500
0.333333
0.387500
0.387500
0.454167
1.308333
0.933333
1.366667
0.883333
0.862500
1.333333
0.908333
0.995833
0.954167
0.937500
0.941667
0.929167
0.933333
0.925000
0.929167
0.916667
0.916667
0.908333
0.920833
0.904167
0.908333
0.900000
0.904167
0.900000
0.900000
0.812500
0.983333
0.904167
0.891667
0.358333
0.779167
1.079167
1.054167
0.366667
0.812500
0.316667
0.354167
0.329167
0.287500
0.570833
1.116667
0.887500
0.804167
0.779167
1.145833
0.625000
0.666667
0.987500
0.362500
0.325000
1.708333
0.850000
0.904167
0.787500
0.800000
0.787500
0.833333
0.795833
0.450000
0.920833
0.704167
0.633333
0.800000
0.995833
0.879167
1.229167
0.920833
0.712500
0.650000
0.608333
0.800000
0.695833
1.062500
0.941667
0.875000
1.254167
0.887500
0.729167
0.700000
0.679167
0.645833
0.766667
0.320833
0.366667
0.333333
0.316667
0.341667
0.362500
0.254167
0.404167
0.366667
0.400000
0.254167
0.500000
0.366667
0.575000
0.283333
0.350000
0.337500
0.345833
0.358333
0.366667
0.375000
0.379167
0.354167
0.333333
0.354167
0.358333
0.325000
0.370833
0.416667
0.370833
0.341667
0.341667
0.358333
0.362500
0.366667
0.358333
0.358333
0.337500
0.445833
0.641667
0.270833
0.362500
0.362500
0.358333
0.425000
0.583333
0.383333
0.375000
0.395833
0.516667
0.591667
0.383333
0.312500
0.358333
0.354167
0.333333
0.341667
0.370833
0.370833
0.362500
0.341667
0.354167
0.375000
0.387500
0.458333
0.416667
0.470833
0.595833
0.379167
0.333333
0.550000
0.379167
0.312500
0.804167
0.341667
0.241667
0.462500
0.345833
0.337500
0.329167
0.345833
0.237500
0.495833
0.237500
0.475000
1.912500
1.150000
1.212500
0.991667
0.979167
0.920833
0.916667
0.912500
0.920833
0.912500
0.916667
0.908333
0.912500
0.908333
0.908333
0.900000
0.904167
0.895833
0.895833
0.895833
0.891667
0.895833
0.895833
0.887500
0.804167
0.891667
0.883333
0.883333
0.912500
0.466667
0.691667
0.183333
0.620833
0.229167
1.345833
0.475000
0.341667
0.337500
0.325000
0.341667
0.345833
0.337500
0.329167
0.337500
0.358333
0.362500
0.354167
0.375000
0.370833
0.354167
0.370833
0.358333
0.366667
0.470833
0.375000
0.333333
0.366667
0.375000
0.345833
0.391667
0.383333
0.345833
0.329167
0.333333
0.354167
0.358333
1.283333
1.262500
0.470833
1.254167
1.204167
0.975000
0.583333
0.220833
0.333333
0.383333
0.262500
0.466667
0.341667
0.354167
0.362500
0.358333
0.366667
0.362500
0.345833
0.345833
0.366667
0.379167
0.383333
0.379167
0.362500
0.395833
0.250000
0.462500
0.395833
0.362500
0.341667
0.358333
0.350000
0.345833
0.358333
0.354167
0.358333
0.366667
0.358333
0.350000
0.354167
0.391667
0.708333
1.420833
0.916667
1.016667
0.937500
0.916667
0.958333
0.850000
0.929167
0.941667
0.941667
0.933333
0.945833
0.929167
0.462500
0.329167
0.300000
0.354167
0.341667
0.295833
0.304167
0.495833
1.054167
1.245833
0.450000
0.354167
0.337500
0.370833
0.383333
0.250000
0.420833
0.345833
0.358333
0.354167
0.395833
0.375000
0.395833
0.425000
0.258333
0.450000
0.387500
0.416667
0.370833
0.362500
0.587500
0.270833
0.354167
0.350000
0.358333
0.375000
0.366667
0.354167
0.341667
0.370833
0.400000
0.450000
0.379167
0.383333
0.375000
0.358333
0.345833
0.350000
0.366667
0.695833
0.362500
0.433333
0.379167
0.345833
0.366667
0.345833
0.329167
0.341667
0.387500
0.395833
0.345833
0.337500
0.366667
0.350000
0.237500
0.491667
0.245833
0.491667
0.375000
0.375000
0.387500
0.391667
0.370833
0.350000
0.412500
0.395833
0.350000
0.320833
0.325000
0.358333
0.358333
0.379167
0.379167
0.358333
0.354167
0.333333
0.287500
0.354167
0.395833
0.345833
0.333333
0.308333
0.308333
0.320833
0.295833
0.350000
0.370833
0.362500
0.370833
0.320833
0.341667
0.383333
0.370833
0.395833
0.379167
0.350000
0.354167
0.379167
0.370833
0.379167
0.683333
0.295833
0.683333
0.429167
0.629167
0.379167
0.670833
0.550000
0.354167
0.491667
1.612500
1.200000
1.008333
0.962500
0.916667
