1.087500
1.225000
1.633333
1.083333
1.700000
1.837500
2.112500
1.737500
1.633333
0.933333
1.362500
1.679167
0.970833
1.470833
1.512500
1.150000
1.000000
0.816667
1.037500
1.383333
0.883333
1.158333
0.870833
1.316667
0.995833
1.225000
1.262500
1.020833
1.820833
2.058333
1.554167
0.900000
0.875000
0.687500
1.579167
1.187500
1.204167
0.870833
1.404167
0.804167
0.950000
1.629167
0.879167
1.125000
0.866667
1.658333
1.279167
1.220833
1.216667
1.912500
1.029167
0.825000
1.116667
1.225000
1.466667
1.829167
0.858333
1.062500
0.858333
0.883333
1.262500
1.491667
0.891667
1.591667
1.104167
2.245833
1.633333
1.100000
1.475000
1.454167
0.708333
1.537500
1.841667
0.875000
1.075000
1.016667
1.250000
0.904167
1.141667
1.441667
1.387500
1.358333
1.662500
1.195833
1.200000
1.191667
1.166667
1.083333
1.837500
1.679167
1.616667
1.841667
1.304167
0.720833
1.541667
0.862500
1.683333
1.700000
2.025000
1.441667
0.879167
1.166667
1.158333
1.012500
1.675000
1.145833
1.358333
0.995833
1.329167
1.154167
1.316667
1.741667
0.975000
1.250000
0.991667
0.770833
1.150000
1.125000
1.420833
1.337500
1.070833
1.450000
0.808333
0.779167
0.841667
0.841667
1.095833
0.866667
1.054167
0.954167
1.175000
1.550000
1.404167
1.741667
0.762500
0.762500
1.116667
0.750000
1.012500
0.970833
1.091667
1.604167
1.000000
1.262500
1.320833
0.933333
1.225000
0.875000
1.129167
1.325000
0.737500
1.379167
1.483333
0.916667
0.675000
1.075000
0.937500
0.991667
1.820833
1.158333
0.970833
0.775000
1.454167
1.087500
1.250000
1.325000
0.966667
0.887500
1.225000
1.041667
1.100000
1.220833
1.845833
0.879167
1.145833
1.725000
1.204167
1.170833
1.000000
0.895833
1.575000
1.991667
1.820833
1.979167
1.129167
1.845833
1.325000
1.312500
0.858333
0.875000
1.700000
1.262500
0.866667
1.870833
1.637500
0.991667
0.854167
1.350000
1.145833
1.116667
1.758333
1.604167
1.700000
1.112500
1.583333
1.254167
0.979167
0.825000
1.379167
0.833333
1.095833
1.962500
1.350000
1.687500
1.325000
1.804167
1.400000
0.941667
1.583333
0.862500
1.216667
1.008333
1.029167
1.129167
1.470833
0.779167
0.795833
1.012500
0.733333
1.070833
0.933333
1.608333
1.475000
0.895833
0.995833
1.383333
1.691667
1.458333
0.820833
1.070833
1.462500
1.008333
1.116667
1.025000
1.245833
1.370833
1.008333
1.304167
1.295833
1.000000
1.083333
0.912500
0.779167
0.804167
1.141667
0.837500
1.283333
0.841667
1.550000
1.270833
0.950000
1.037500
0.820833
1.162500
0.779167
0.950000
0.858333
1.262500
1.245833
1.704167
0.933333
0.800000
1.037500
0.929167
0.891667
1.970833
0.866667
1.137500
1.366667
0.866667
0.829167
0.770833
1.804167
1.604167
1.254167
1.337500
1.083333
2.158333
0.954167
1.691667
1.387500
0.816667
1.212500
1.250000
1.029167
1.304167
0.775000
1.020833
1.075000
0.829167
1.420833
1.541667
1.300000
0.812500
1.270833
1.270833
1.020833
1.566667
1.320833
1.025000
1.495833
1.212500
1.675000
1.533333
1.504167
0.979167
1.437500
0.970833
1.437500
1.179167
1.045833
1.525000
1.212500
1.954167
1.195833
2.075000
0.854167
0.958333
0.833333
1.566667
1.337500
1.333333
1.583333
0.733333
1.020833
1.179167
0.891667
0.979167
1.500000
1.462500
1.883333
0.950000
1.041667
1.037500
0.712500
1.066667
0.616667
1.416667
1.137500
1.216667
1.187500
1.079167
1.091667
1.458333
0.954167
1.112500
1.095833
0.850000
1.083333
1.237500
1.408333
0.841667
0.741667
1.095833
0.875000
1.591667
0.791667
1.083333
1.470833
0.750000
0.770833
1.045833
0.820833
1.720833
0.904167
1.308333
0.812500
1.162500
0.987500
1.645833
1.129167
1.179167
0.704167
1.495833
0.833333
0.933333
0.729167
1.075000
0.979167
1.804167
1.704167
1.345833
1.041667
0.708333
1.383333
1.429167
0.812500
1.354167
0.916667
2.083333
1.029167
0.791667
0.820833
1.083333
1.358333
1.012500
1.337500
1.750000
1.250000
1.145833
1.558333
1.641667
1.191667
0.941667
0.908333
0.812500
0.787500
0.979167
0.791667
2.020833
0.987500
0.804167
1.304167
0.745833
1.058333
1.054167
2.108333
1.300000
2.062500
0.800000
1.833333
1.525000
1.966667
0.854167
1.258333
1.720833
1.095833
1.283333
1.362500
1.929167
0.729167
1.654167
0.725000
0.808333
1.245833
1.245833
0.745833
1.170833
1.183333
0.958333
1.179167
1.400000
1.100000
1.050000
0.829167
1.600000
1.208333
1.291667
1.466667
0.920833
1.095833
1.250000
0.837500
1.087500
0.875000
1.237500
1.491667
1.070833
1.233333
1.554167
1.120833
0.966667
1.725000
0.795833
0.916667
1.995833
0.908333
1.262500
1.737500
1.020833
0.870833
1.470833
1.529167
1.112500
0.708333
1.370833
0.975000
0.770833
1.012500
1.216667
1.920833
0.912500
1.233333
1.383333
0.862500
0.837500
1.016667
0.879167
1.262500
1.166667
1.420833
1.079167
2.070833
1.104167
1.845833
1.525000
1.445833
0.712500
1.058333
1.029167
1.633333
1.129167
0.995833
0.754167
1.137500
