0.770833
0.770833
0.775000
0.779167
0.770833
0.779167
0.779167
0.775000
0.775000
0.775000
0.775000
0.770833
0.779167
0.775000
0.775000
0.770833
0.775000
0.770833
0.775000
0.770833
0.779167
0.775000
0.775000
0.779167
0.779167
0.775000
0.775000
0.783333
0.775000
0.775000
0.779167
0.775000
0.775000
0.770833
0.775000
0.775000
0.770833
0.775000
0.770833
0.775000
0.770833
0.775000
0.775000
0.775000
0.770833
0.770833
0.775000
0.770833
0.616667
0.950000
0.779167
0.779167
0.783333
0.745833
0.816667
0.779167
0.783333
0.783333
0.595833
0.979167
0.783333
0.783333
0.783333
0.783333
0.637500
0.929167
0.779167
0.779167
0.779167
0.783333
0.779167
0.783333
0.783333
0.787500
0.783333
0.666667
0.900000
0.779167
0.775000
0.775000
0.775000
0.775000
0.779167
0.629167
0.925000
0.770833
0.770833
0.770833
0.770833
0.779167
0.770833
0.775000
0.770833
0.770833
0.770833
0.766667
0.766667
0.775000
0.766667
0.770833
0.766667
0.770833
0.770833
0.775000
0.775000
0.779167
0.779167
0.775000
0.775000
0.775000
0.775000
0.775000
0.775000
0.775000
0.770833
0.775000
0.779167
0.775000
0.779167
0.775000
0.775000
0.779167
0.775000
0.775000
0.775000
0.775000
0.775000
0.775000
0.779167
0.783333
0.541667
1.033333
0.783333
0.779167
0.779167
0.783333
0.641667
0.920833
0.775000
0.775000
0.775000
0.770833
0.775000
0.775000
0.737500
0.812500
0.770833
0.770833
0.775000
0.775000
0.670833
0.891667
0.775000
0.775000
0.775000
0.779167
0.779167
0.779167
0.720833
0.850000
0.783333
0.787500
0.787500
0.787500
0.787500
0.787500
0.791667
0.787500
0.791667
0.787500
0.791667
0.787500
0.787500
0.787500
0.783333
0.791667
0.787500
0.783333
0.787500
0.783333
0.783333
0.783333
0.783333
0.629167
0.950000
0.783333
0.779167
0.779167
0.775000
0.779167
0.770833
0.779167
0.637500
0.916667
0.770833
0.775000
0.775000
0.725000
0.820833
0.770833
0.770833
0.770833
0.766667
0.625000
0.916667
0.766667
0.770833
0.650000
0.895833
0.770833
0.775000
0.775000
0.570833
0.979167
0.779167
0.775000
0.775000
0.600000
0.962500
0.783333
0.783333
0.670833
0.908333
0.787500
0.783333
0.783333
0.783333
0.783333
0.787500
0.779167
0.779167
0.779167
0.779167
0.779167
0.779167
0.783333
0.779167
0.783333
0.783333
0.783333
0.783333
0.779167
0.779167
0.783333
0.779167
0.779167
0.775000
0.779167
0.775000
0.779167
0.779167
0.775000
0.708333
0.850000
0.779167
0.775000
0.779167
0.775000
0.779167
0.775000
0.770833
0.779167
0.775000
0.775000
0.775000
0.775000
0.779167
0.783333
0.779167
0.783333
0.779167
0.779167
0.775000
0.779167
0.779167
0.787500
0.679167
0.895833
0.787500
0.783333
0.787500
0.787500
0.787500
0.787500
0.787500
0.787500
0.787500
0.783333
0.787500
0.795833
0.658333
0.929167
0.787500
0.787500
0.783333
0.783333
0.787500
0.787500
0.783333
0.787500
0.783333
0.787500
0.783333
0.783333
0.783333
0.662500
0.912500
0.783333
0.783333
0.783333
0.783333
0.787500
0.783333
0.779167
0.787500
0.783333
0.779167
0.779167
0.775000
0.708333
0.854167
0.775000
0.775000
0.775000
0.779167
0.770833
0.779167
0.775000
0.704167
0.850000
0.770833
0.770833
0.766667
0.770833
0.775000
0.770833
0.770833
0.770833
0.775000
0.770833
0.770833
0.779167
0.770833
0.770833
0.770833
0.770833
0.770833
0.766667
0.775000
0.770833
0.766667
0.766667
0.766667
0.766667
0.762500
0.770833
0.604167
0.937500
0.775000
0.775000
0.775000
0.779167
0.783333
0.683333
0.883333
0.783333
0.779167
0.779167
0.779167
0.779167
0.783333
0.666667
0.900000
0.779167
0.779167
0.779167
0.766667
0.712500
0.862500
0.779167
0.775000
0.775000
0.775000
0.779167
0.691667
0.862500
0.770833
0.775000
0.775000
0.775000
0.779167
0.779167
0.775000
0.775000
0.770833
0.775000
0.775000
0.775000
0.775000
0.775000
0.779167
0.779167
0.775000
0.779167
0.779167
0.783333
0.783333
0.783333
0.783333
0.787500
0.783333
0.783333
0.783333
0.787500
0.787500
0.783333
0.783333
0.783333
0.779167
0.779167
0.775000
0.787500
0.775000
0.779167
0.779167
0.775000
0.775000
0.775000
0.775000
0.779167
0.779167
0.779167
0.779167
0.779167
0.779167
0.775000
0.779167
0.779167
0.779167
0.779167
0.783333
0.783333
0.779167
0.779167
0.783333
0.783333
0.783333
0.779167
0.779167
0.783333
0.779167
0.775000
0.783333
0.779167
0.779167
0.783333
0.779167
0.779167
0.779167
0.779167
0.779167
0.775000
0.775000
0.775000
0.770833
0.770833
0.770833
0.766667
0.779167
0.770833
0.770833
0.770833
0.766667
0.770833
0.770833
0.775000
0.779167
0.779167
0.775000
0.779167
0.783333
0.783333
0.787500
0.783333
0.787500
0.787500
0.791667
0.787500
0.783333
0.783333
0.783333
0.779167
0.779167
0.783333
0.787500
0.783333
0.787500
0.791667
0.787500
0.791667
0.787500
0.787500
0.791667
0.791667
0.783333
0.787500
0.787500
0.787500
0.783333
0.783333
0.783333
0.787500
0.779167
0.783333
0.783333
0.779167
0.687500
0.875000
0.783333
0.750000
0.816667
0.783333
0.783333
0.783333
0.779167
0.779167
0.783333
0.783333
0.695833
0.883333
0.783333
0.783333
0.783333
0.779167
0.654167
0.916667
0.775000
0.775000
0.779167
0.775000
0.775000
0.783333
0.779167
0.783333
0.779167
0.779167
0.783333
0.779167
0.775000
0.787500
0.787500
0.787500
0.787500
0.791667
0.791667
0.791667
0.791667
0.795833
0.791667
0.795833
0.791667
0.791667
0.787500
0.787500
0.787500
0.787500
0.787500
0.787500
0.783333
0.783333
0.779167
0.783333
0.779167
0.779167
0.775000
0.779167
0.779167
0.775000
0.770833
0.775000
0.775000
0.770833
0.775000
0.775000
0.775000
0.775000
0.779167
0.779167
0.787500
0.783333
0.779167
0.783333
0.783333
0.783333
0.779167
0.791667
0.770833
0.787500
0.783333
0.779167
0.787500
0.783333
0.779167
0.791667
0.787500
0.779167
0.791667
0.791667
0.783333
0.787500
0.800000
0.779167
0.787500
0.795833
0.787500
0.787500
0.791667
0.775000
0.791667
0.791667
0.787500
0.666667
0.912500
0.783333
0.783333
0.783333
0.783333
0.779167
0.783333
0.779167
0.783333
0.783333
0.783333
0.783333
0.783333
0.779167
0.787500
0.787500
0.783333
0.654167
0.916667
0.779167
0.783333
0.783333
0.779167
0.783333
0.779167
0.787500
0.783333
0.779167
0.783333
0.783333
0.783333
0.783333
0.779167
0.783333
0.783333
0.779167
0.779167
0.779167
0.783333
0.787500
0.779167
0.783333
0.779167
0.783333
0.787500
0.783333
0.783333
0.787500
0.779167
0.783333
0.783333
0.783333
0.779167
0.658333
0.904167
0.779167
0.783333
0.775000
0.779167
0.779167
0.783333
0.779167
0.783333
0.779167
0.783333
0.783333
0.783333
0.779167
0.787500
0.683333
0.883333
0.783333
0.783333
0.787500
0.725000
0.858333
0.795833
0.795833
0.545833
1.041667
0.783333
0.791667
0.787500
0.795833
0.791667
0.791667
0.791667
0.791667
0.783333
0.787500
0.791667
0.800000
0.791667
0.733333
0.845833
0.791667
0.791667
0.783333
0.795833
0.804167
0.795833
0.791667
0.800000
0.783333
0.795833
0.795833
0.795833
0.808333
0.800000
0.787500
0.800000
0.800000
0.779167
0.800000
0.800000
0.800000
0.800000
0.675000
0.920833
0.795833
0.800000
0.791667
0.808333
0.750000
0.837500
0.791667
0.795833
0.791667
0.783333
0.787500
0.787500
0.791667
0.670833
0.916667
0.795833
0.795833
0.800000
0.795833
0.808333
0.708333
0.900000
0.804167
0.804167
0.804167
0.804167
0.808333
0.804167
0.800000
0.800000
0.808333
0.804167
0.800000
0.804167
0.804167
0.804167
0.804167
0.800000
0.800000
0.804167
0.800000
0.804167
0.800000
0.800000
0.795833
0.800000
0.795833
0.800000
0.804167
0.800000
0.800000
0.795833
0.800000
0.795833
0.791667
0.800000
0.795833
