0.850000
0.729167
0.950000
0.658333
0.937500
0.695833
0.504167
0.937500
0.866667
0.854167
0.725000
0.983333
0.712500
0.745833
0.725000
0.850000
0.512500
0.912500
0.587500
0.708333
0.854167
0.725000
0.858333
0.954167
0.741667
0.804167
0.854167
0.616667
0.704167
0.854167
0.725000
0.954167
0.758333
0.925000
0.708333
0.820833
0.758333
0.533333
0.862500
0.716667
0.708333
0.725000
0.858333
0.954167
0.770833
0.820833
0.733333
0.720833
0.704167
1.562500
0.725000
1.808333
0.758333
0.900000
0.750000
0.712500
0.704167
0.845833
1.712500
0.858333
0.854167
0.625000
1.700000
1.525000
0.725000
0.854167
0.987500
0.720833
0.716667
0.741667
0.675000
0.766667
0.883333
0.725000
0.987500
0.775000
0.745833
0.700000
0.837500
0.691667
0.720833
0.725000
0.954167
0.758333
0.954167
0.804167
0.691667
0.854167
0.729167
0.858333
0.741667
0.795833
0.829167
0.695833
0.854167
0.858333
0.725000
0.954167
0.833333
0.608333
0.929167
0.745833
0.587500
0.854167
0.725000
0.858333
0.954167
0.775000
0.804167
0.812500
0.708333
0.700000
0.854167
0.725000
0.858333
0.854167
0.887500
0.741667
0.716667
0.845833
0.716667
0.570833
0.870833
0.533333
0.879167
0.725000
0.858333
0.854167
0.941667
0.712500
0.850000
0.583333
0.845833
0.708333
1.662500
0.700000
0.725000
0.979167
0.704167
0.620833
0.812500
0.679167
0.912500
0.704167
0.725000
0.858333
1.604167
0.720833
0.854167
0.737500
0.687500
1.720833
1.650000
0.791667
0.650000
1.629167
0.308333
1.066667
0.854167
0.858333
0.854167
0.733333
0.858333
0.945833
0.758333
0.954167
0.850000
0.708333
0.816667
0.854167
0.729167
0.854167
1.720833
0.691667
0.945833
0.716667
0.595833
0.850000
0.858333
0.816667
0.854167
0.725000
0.937500
0.716667
0.858333
0.750000
0.762500
0.962500
0.725000
1.691667
0.854167
0.858333
0.725000
0.933333
0.704167
0.716667
0.741667
0.708333
0.850000
0.729167
0.854167
0.858333
0.862500
0.808333
0.645833
0.904167
0.604167
0.745833
0.741667
0.716667
0.858333
0.725000
1.237500
0.475000
0.941667
0.687500
0.908333
0.854167
0.858333
0.829167
0.712500
0.795833
0.895833
0.708333
0.729167
0.854167
0.858333
0.983333
0.579167
0.825000
0.891667
0.854167
0.858333
0.983333
0.800000
0.712500
0.858333
1.708333
0.858333
0.725000
0.820833
0.812500
0.858333
0.850000
0.829167
0.758333
0.979167
0.712500
0.675000
0.883333
0.850000
0.829167
0.758333
0.987500
0.754167
0.712500
0.787500
0.879167
0.725000
0.858333
0.854167
0.862500
0.858333
0.825000
0.758333
0.858333
0.837500
0.708333
0.804167
0.666667
0.904167
0.708333
0.712500
0.729167
0.879167
0.833333
0.945833
0.708333
0.720833
0.750000
0.708333
0.854167
0.854167
0.729167
0.791667
0.808333
0.895833
0.566667
0.850000
0.504167
0.820833
0.666667
0.854167
0.729167
1.991667
0.595833
0.804167
0.666667
0.916667
0.954167
0.758333
0.887500
0.858333
0.704167
0.641667
0.950000
0.804167
0.962500
1.004167
0.445833
0.983333
0.716667
0.512500
0.929167
0.854167
0.954167
0.779167
0.829167
0.670833
0.891667
0.700000
0.750000
0.833333
0.954167
0.766667
0.800000
0.679167
0.895833
0.954167
0.725000
0.954167
0.845833
0.629167
0.795833
0.679167
0.750000
0.687500
0.891667
0.854167
0.954167
0.883333
0.716667
0.691667
0.891667
0.979167
0.733333
0.841667
0.800000
0.850000
0.608333
0.629167
0.941667
0.825000
0.791667
1.566667
0.854167
1.716667
0.691667
1.812500
0.675000
0.787500
1.712500
1.645833
0.737500
0.975000
1.545833
0.854167
0.825000
0.779167
1.475000
1.450000
0.854167
0.850000
0.733333
1.808333
0.716667
0.837500
1.358333
0.854167
0.729167
0.854167
0.887500
0.695833
0.825000
0.733333
0.358333
0.895833
0.854167
0.750000
0.833333
0.854167
0.912500
0.858333
0.737500
0.975000
0.725000
0.983333
0.704167
0.683333
0.850000
0.716667
0.741667
0.583333
0.850000
0.854167
0.729167
0.954167
0.808333
0.854167
0.825000
0.758333
0.954167
0.745833
0.870833
0.720833
0.687500
0.891667
0.858333
0.854167
0.987500
0.645833
0.654167
0.987500
1.712500
0.854167
0.854167
0.825000
0.758333
0.954167
0.758333
0.954167
0.766667
0.975000
0.729167
0.854167
0.858333
0.854167
0.954167
0.775000
0.837500
0.858333
0.879167
0.837500
0.858333
0.683333
0.783333
0.900000
0.858333
0.854167
0.954167
0.758333
0.854167
0.883333
0.812500
0.841667
0.858333
0.725000
0.954167
0.758333
0.825000
0.825000
0.854167
0.825000
0.758333
0.954167
0.779167
0.808333
0.695833
0.987500
0.758333
1.841667
0.770833
0.712500
0.862500
0.850000
1.445833
0.900000
0.983333
1.716667
0.820833
1.745833
0.854167
1.712500
0.854167
1.570833
0.725000
1.770833
0.854167
1.537500
0.854167
1.545833
0.854167
1.545833
0.854167
1.545833
0.729167
1.587500
0.954167
1.745833
0.854167
0.854167
0.729167
0.854167
0.954167
0.758333
0.954167
0.758333
0.854167
0.858333
0.854167
0.858333
0.854167
0.954167
0.758333
0.854167
0.858333
0.854167
0.858333
0.854167
0.954167
0.758333
0.854167
0.858333
0.854167
0.858333
0.854167
0.833333
0.879167
0.854167
0.858333
0.854167
0.858333
0.854167
0.854167
0.858333
0.854167
0.858333
0.854167
0.954167
0.758333
0.954167
0.758333
0.854167
0.858333
0.854167
0.858333
0.854167
0.854167
0.858333
0.954167
0.758333
0.854167
0.858333
0.854167
0.954167
0.670833
0.779167
0.900000
0.954167
0.758333
0.841667
0.712500
0.716667
0.787500
0.633333
0.795833
0.608333
1.050000
0.725000
0.983333
0.645833
0.808333
0.658333
0.929167
0.854167
0.954167
0.741667
0.800000
0.829167
0.516667
0.804167
0.858333
0.687500
1.687500
0.954167
0.675000
0.708333
0.816667
0.550000
0.983333
0.729167
0.954167
0.758333
0.979167
0.712500
0.675000
0.708333
0.775000
0.854167
0.825000
0.887500
0.854167
0.858333
1.458333
0.854167
0.725000
0.987500
0.854167
0.750000
0.833333
0.704167
0.854167
0.729167
0.954167
0.758333
0.862500
0.791667
0.687500
0.891667
0.566667
0.854167
0.729167
0.979167
1.587500
0.720833
0.737500
0.683333
1.020833
0.525000
0.912500
0.954167
0.758333
0.854167
0.729167
0.983333
0.729167
0.954167
0.758333
0.854167
0.954167
0.758333
1.712500
0.983333
0.858333
0.854167
0.825000
0.887500
0.854167
0.729167
0.954167
0.879167
0.733333
0.954167
0.758333
0.954167
0.783333
0.829167
0.858333
0.854167
0.954167
0.779167
0.933333
0.758333
0.854167
0.983333
0.750000
0.933333
0.758333
0.954167
0.883333
0.741667
0.725000
0.858333
0.725000
0.954167
0.758333
0.954167
0.758333
0.854167
0.858333
0.854167
0.954167
0.758333
0.854167
0.866667
0.945833
0.758333
0.854167
0.983333
0.729167
0.954167
0.758333
0.854167
0.858333
0.854167
0.954167
0.758333
0.954167
0.887500
0.750000
0.858333
0.725000
0.854167
0.858333
0.879167
0.833333
0.854167
0.858333
0.854167
0.908333
0.633333
0.825000
0.670833
0.850000
0.729167
0.854167
1.729167
0.729167
0.862500
0.912500
0.962500
0.491667
1.087500
0.720833
