1.083333
1.100000
1.112500
1.087500
2.012500
1.195833
1.125000
1.091667
1.095833
1.095833
2.004167
1.191667
1.108333
1.104167
1.087500
1.095833
2.000000
1.195833
1.104167
1.095833
1.095833
1.095833
2.000000
1.200000
1.095833
1.120833
1.108333
1.095833
1.104167
1.995833
1.212500
1.104167
1.100000
1.095833
1.091667
1.987500
1.204167
1.108333
1.100000
1.112500
1.087500
1.987500
1.195833
1.091667
1.083333
1.095833
1.095833
1.987500
1.195833
1.091667
1.091667
1.087500
1.991667
1.187500
1.091667
1.091667
1.091667
1.091667
1.987500
1.195833
1.104167
1.100000
1.112500
1.095833
1.995833
1.216667
1.104167
1.095833
1.100000
1.075000
1.991667
1.195833
1.116667
1.095833
1.104167
1.091667
1.991667
1.204167
1.104167
1.091667
1.091667
1.104167
1.083333
1.987500
1.195833
1.091667
1.087500
1.091667
1.104167
1.091667
1.991667
1.200000
1.095833
1.087500
1.083333
1.991667
1.187500
1.087500
1.095833
1.075000
1.987500
1.191667
1.104167
1.104167
1.095833
1.087500
2.000000
1.183333
1.091667
1.091667
1.087500
1.100000
1.087500
1.991667
1.225000
1.100000
1.100000
1.104167
1.108333
1.095833
1.104167
1.100000
2.000000
1.187500
1.112500
1.095833
1.095833
1.108333
1.108333
1.095833
2.000000
1.195833
1.104167
1.095833
1.108333
1.091667
1.087500
2.004167
1.183333
1.104167
1.095833
1.087500
1.091667
2.004167
1.187500
1.100000
1.100000
1.100000
1.095833
1.104167
1.120833
1.104167
2.000000
1.170833
1.100000
1.083333
1.087500
1.995833
1.166667
1.091667
1.095833
1.083333
1.995833
1.183333
1.087500
1.083333
1.091667
1.091667
2.000000
1.154167
1.091667
1.070833
1.079167
1.995833
1.166667
1.095833
1.087500
1.091667
1.087500
1.991667
1.204167
1.100000
1.100000
1.095833
1.095833
1.087500
2.000000
1.191667
1.108333
1.091667
1.100000
1.087500
2.000000
1.166667
1.095833
1.079167
1.079167
1.987500
1.170833
1.104167
1.104167
1.091667
1.100000
1.104167
1.095833
1.087500
1.987500
1.175000
1.104167
1.095833
1.087500
1.100000
1.058333
1.991667
1.233333
1.116667
1.100000
1.100000
1.112500
1.091667
1.100000
2.000000
1.212500
1.104167
1.108333
1.091667
1.100000
1.100000
1.108333
1.095833
2.000000
1.195833
1.091667
1.091667
1.100000
1.087500
1.991667
1.200000
1.095833
1.095833
1.104167
1.091667
1.991667
1.187500
1.087500
1.087500
1.091667
1.991667
1.170833
1.100000
1.087500
1.075000
1.983333
1.162500
1.091667
1.091667
1.100000
1.091667
1.987500
1.216667
1.100000
1.095833
1.091667
1.104167
1.083333
1.991667
1.212500
1.104167
1.100000
1.108333
1.095833
1.091667
1.995833
1.195833
1.108333
1.104167
1.104167
1.100000
1.108333
1.120833
1.100000
1.095833
2.000000
1.216667
1.112500
1.104167
1.100000
1.091667
1.087500
1.991667
1.175000
1.095833
1.100000
1.075000
1.987500
1.158333
1.095833
1.083333
1.083333
1.983333
1.187500
1.100000
1.083333
1.087500
1.987500
1.187500
1.095833
1.095833
1.083333
1.083333
1.987500
1.183333
1.104167
1.095833
1.095833
1.091667
1.091667
1.995833
1.204167
1.112500
1.116667
1.100000
1.104167
1.104167
1.112500
2.204167
1.095833
1.104167
1.087500
1.095833
1.100000
1.108333
1.100000
1.995833
1.212500
1.095833
1.087500
1.095833
1.087500
1.991667
1.183333
1.100000
1.087500
1.087500
1.983333
1.195833
1.112500
1.104167
1.104167
1.095833
1.100000
1.116667
1.100000
2.000000
1.220833
1.112500
1.100000
1.104167
1.087500
1.987500
1.195833
1.095833
1.087500
1.108333
1.083333
1.983333
1.195833
1.091667
1.087500
1.087500
1.983333
1.170833
1.100000
1.087500
1.087500
1.100000
1.987500
1.183333
1.104167
1.083333
1.087500
1.983333
1.191667
1.095833
1.095833
1.091667
1.079167
1.983333
1.204167
1.100000
1.091667
1.091667
1.100000
1.087500
1.987500
1.204167
1.100000
1.095833
1.095833
1.108333
1.091667
1.991667
1.208333
1.108333
1.104167
1.100000
1.100000
1.095833
1.991667
1.225000
1.100000
1.104167
1.087500
1.100000
1.100000
1.987500
1.204167
1.104167
1.091667
1.087500
1.095833
1.987500
1.195833
1.108333
1.108333
1.095833
1.095833
1.991667
1.200000
1.104167
1.104167
1.095833
1.091667
1.987500
1.208333
1.100000
1.100000
1.104167
1.087500
1.991667
1.204167
1.100000
1.095833
1.100000
1.083333
1.983333
1.204167
1.091667
1.091667
1.100000
1.079167
1.983333
1.183333
1.087500
1.083333
1.091667
1.079167
1.983333
1.183333
1.100000
1.079167
1.083333
1.979167
1.191667
1.091667
1.100000
1.075000
1.975000
1.183333
1.079167
1.079167
1.083333
1.975000
1.183333
1.095833
1.091667
1.070833
1.975000
1.162500
1.079167
1.075000
1.087500
1.979167
1.166667
1.091667
1.087500
1.091667
1.108333
1.108333
1.987500
1.216667
1.095833
1.091667
1.091667
1.095833
1.995833
1.162500
