0.604167
0.629167
0.637500
0.625000
0.625000
0.487500
0.508333
0.654167
0.720833
0.758333
0.625000
0.645833
0.475000
0.508333
0.654167
0.712500
0.779167
0.383333
1.275000
0.687500
0.516667
0.650000
0.716667
0.541667
0.716667
0.629167
0.770833
0.483333
0.762500
0.487500
0.541667
0.708333
0.545833
0.629167
0.708333
0.454167
0.729167
0.845833
0.487500
0.541667
0.625000
0.629167
0.625000
0.629167
0.737500
0.754167
0.500000
0.520833
0.629167
0.625000
0.629167
0.629167
0.620833
0.637500
0.525000
0.829167
0.612500
0.537500
0.629167
0.625000
0.620833
0.620833
0.629167
0.720833
0.633333
0.745833
0.487500
0.625000
0.620833
0.625000
0.625000
0.620833
0.629167
0.629167
0.637500
0.737500
0.641667
0.470833
0.625000
0.625000
0.512500
0.629167
0.858333
0.633333
0.391667
0.620833
0.625000
0.625000
0.629167
0.629167
0.629167
0.729167
0.766667
0.400000
0.616667
0.629167
0.633333
0.633333
0.629167
0.629167
0.641667
0.737500
1.241667
0.541667
0.637500
0.629167
0.629167
0.633333
0.725000
0.629167
0.754167
0.504167
0.616667
0.550000
0.633333
0.633333
0.633333
0.725000
0.637500
0.629167
0.625000
0.616667
0.554167
0.633333
0.720833
0.633333
0.633333
0.629167
0.625000
0.625000
0.508333
0.745833
0.641667
0.629167
0.620833
0.629167
0.629167
0.770833
0.625000
0.491667
0.616667
0.541667
0.712500
0.537500
0.487500
0.862500
0.616667
0.541667
0.704167
0.537500
0.625000
0.620833
0.620833
0.720833
0.754167
0.637500
0.466667
0.533333
0.616667
0.625000
0.612500
0.620833
0.629167
0.720833
0.750000
0.483333
0.625000
0.612500
0.620833
0.625000
0.620833
0.754167
0.629167
0.625000
0.487500
0.754167
0.625000
0.358333
0.637500
1.354167
0.641667
0.741667
0.487500
1.141667
0.625000
0.620833
0.625000
0.620833
0.620833
0.620833
0.725000
0.625000
0.758333
0.625000
0.625000
0.491667
0.616667
0.629167
0.637500
0.620833
0.625000
0.637500
0.762500
0.616667
0.487500
0.779167
0.483333
0.625000
0.633333
0.500000
0.658333
0.845833
0.500000
0.762500
0.633333
0.475000
0.625000
0.629167
0.625000
0.620833
0.766667
0.633333
0.625000
0.629167
0.633333
0.479167
0.633333
0.629167
0.616667
0.641667
0.629167
0.629167
0.758333
0.654167
0.475000
0.620833
0.766667
0.504167
0.629167
0.625000
0.516667
0.645833
0.733333
0.762500
0.491667
0.625000
0.541667
0.712500
0.541667
0.708333
0.545833
0.712500
0.770833
0.483333
0.625000
0.629167
0.529167
0.629167
0.629167
0.620833
0.633333
0.733333
0.620833
0.625000
0.525000
0.629167
0.625000
0.620833
0.629167
0.741667
0.637500
0.604167
0.541667
0.716667
0.541667
0.712500
0.625000
0.625000
0.629167
0.629167
0.745833
0.491667
0.616667
0.629167
0.529167
0.629167
0.625000
0.616667
0.716667
0.758333
0.620833
0.495833
0.529167
0.620833
0.616667
0.625000
0.620833
0.629167
0.725000
1.145833
0.625000
0.620833
0.620833
0.620833
0.620833
0.629167
1.362500
0.520833
0.620833
0.625000
0.625000
0.625000
0.620833
0.629167
0.445833
1.558333
0.520833
0.625000
0.620833
0.633333
0.637500
0.620833
0.633333
0.733333
0.620833
0.616667
0.625000
0.537500
0.633333
0.625000
0.625000
0.625000
0.487500
0.862500
0.625000
0.620833
0.533333
0.625000
0.620833
0.616667
0.620833
0.629167
0.725000
0.620833
0.516667
0.620833
0.620833
0.616667
0.616667
0.616667
0.620833
1.495833
0.383333
0.620833
0.612500
0.612500
0.616667
0.616667
0.625000
1.379167
0.512500
0.620833
0.620833
0.625000
0.466667
1.537500
1.016667
1.379167
0.620833
0.462500
0.787500
0.616667
0.625000
0.462500
1.433333
0.620833
0.458333
0.800000
0.620833
0.616667
0.462500
2.191667
0.508333
0.620833
0.625000
0.454167
0.783333
0.625000
0.616667
0.575000
1.458333
0.433333
0.708333
0.637500
0.625000
0.504167
0.754167
0.633333
1.508333
0.395833
0.625000
0.620833
0.629167
0.629167
0.625000
0.625000
0.641667
1.366667
0.529167
0.629167
0.629167
0.445833
0.850000
0.641667
0.604167
0.466667
0.808333
0.616667
0.416667
0.837500
0.629167
0.616667
0.616667
0.633333
0.720833
1.150000
0.625000
0.620833
0.620833
0.620833
0.620833
0.625000
0.629167
0.412500
0.712500
0.841667
0.616667
0.508333
0.620833
0.625000
0.620833
0.625000
0.629167
1.366667
0.512500
0.625000
0.625000
0.620833
0.620833
0.620833
1.391667
1.141667
0.629167
0.625000
0.620833
0.620833
0.633333
0.745833
1.141667
0.629167
0.629167
0.625000
0.629167
0.625000
0.633333
0.741667
0.758333
0.629167
0.475000
0.633333
0.637500
0.637500
0.529167
0.633333
0.712500
0.554167
0.720833
0.629167
0.629167
0.620833
0.545833
0.445833
0.825000
0.641667
0.704167
0.641667
0.625000
0.629167
0.525000
0.629167
0.629167
0.629167
0.629167
0.754167
0.487500
0.766667
0.529167
0.625000
0.625000
0.625000
0.625000
0.625000
0.633333
1.391667
0.512500
0.625000
0.625000
0.625000
0.629167
0.612500
0.625000
0.633333
1.279167
0.625000
0.625000
0.625000
0.625000
0.620833
0.620833
0.633333
0.437500
1.525000
0.591667
0.616667
0.629167
0.612500
0.616667
0.629167
0.637500
1.270833
0.629167
0.629167
0.620833
0.625000
0.612500
0.633333
0.637500
1.266667
0.620833
0.625000
0.629167
0.620833
0.625000
0.625000
0.620833
0.625000
1.387500
0.508333
0.620833
0.620833
0.616667
0.616667
0.620833
0.620833
1.412500
0.504167
0.616667
0.616667
0.616667
0.612500
0.612500
0.608333
0.616667
1.454167
1.116667
0.612500
0.612500
0.608333
0.608333
0.612500
1.458333
1.129167
0.625000
0.616667
0.612500
0.612500
0.612500
0.612500
0.566667
1.512500
1.137500
0.625000
0.620833
0.629167
0.625000
0.533333
1.529167
0.508333
1.275000
1.258333
1.345833
0.620833
0.629167
0.775000
0.625000
0.475000
0.625000
0.629167
0.558333
1.229167
0.641667
0.625000
0.720833
0.641667
0.629167
0.529167
0.716667
0.633333
0.641667
0.512500
0.654167
0.637500
0.720833
0.629167
0.645833
0.625000
0.520833
0.633333
0.641667
0.637500
0.725000
0.633333
0.633333
0.458333
0.791667
0.562500
0.604167
0.725000
0.620833
0.641667
0.625000
0.625000
0.637500
0.616667
0.525000
0.625000
0.625000
0.620833
0.620833
0.625000
0.637500
0.725000
0.525000
0.612500
0.620833
0.616667
0.612500
0.616667
0.616667
1.395833
0.500000
0.616667
0.620833
0.608333
0.612500
0.612500
0.612500
0.616667
0.441667
1.004167
0.550000
1.200000
0.625000
0.625000
0.620833
0.629167
1.495833
0.379167
0.625000
0.620833
0.541667
0.695833
0.625000
0.637500
1.366667
0.520833
0.620833
0.620833
0.620833
0.620833
0.625000
0.612500
0.612500
0.625000
1.391667
1.137500
0.620833
0.616667
0.612500
0.620833
0.616667
0.629167
1.395833
0.512500
0.625000
0.620833
0.620833
0.625000
0.612500
0.633333
1.266667
0.625000
0.616667
0.620833
0.616667
0.616667
0.616667
0.508333
1.508333
0.504167
0.620833
0.612500
0.616667
0.616667
0.616667
0.616667
1.425000
1.129167
0.620833
0.620833
0.616667
0.616667
0.620833
0.620833
1.504167
0.483333
0.533333
0.625000
0.629167
0.625000
0.625000
0.633333
0.633333
0.716667
0.641667
0.616667
0.625000
0.537500
0.629167
0.633333
0.629167
0.629167
0.645833
0.733333
0.629167
0.625000
0.620833
0.541667
0.633333
0.633333
0.629167
0.633333
0.729167
0.629167
0.616667
0.620833
0.545833
0.716667
0.533333
0.720833
0.541667
0.716667
0.775000
0.487500
0.616667
0.541667
0.625000
0.629167
0.629167
0.633333
0.729167
0.629167
0.537500
0.712500
0.541667
0.716667
0.541667
0.625000
0.716667
0.637500
0.758333
0.491667
0.620833
0.637500
0.616667
0.545833
0.633333
0.625000
0.625000
0.629167
0.633333
0.729167
0.625000
0.629167
0.625000
0.537500
0.629167
0.633333
0.633333
0.629167
0.725000
0.637500
0.620833
0.633333
0.541667
0.625000
0.625000
0.625000
0.629167
0.637500
0.737500
0.625000
0.525000
0.629167
0.620833
0.437500
0.820833
0.625000
0.633333
0.754167
1.141667
0.629167
0.625000
0.620833
0.625000
0.620833
0.620833
0.616667
1.404167
1.145833
0.620833
0.625000
0.625000
0.616667
0.616667
1.237500
1.158333
1.404167
0.625000
0.629167
0.612500
0.625000
0.633333
1.408333
0.508333
0.620833
0.616667
0.620833
0.616667
0.616667
0.620833
0.433333
0.995833
0.554167
1.200000
0.583333
0.641667
0.629167
0.612500
0.733333
1.316667
1.133333
0.625000
0.612500
0.620833
0.616667
0.612500
0.637500
0.645833
1.270833
0.625000
0.616667
0.620833
0.616667
0.616667
0.616667
1.437500
1.129167
0.633333
0.616667
0.608333
0.616667
0.616667
0.608333
0.612500
0.612500
0.616667
0.620833
0.616667
0.612500
0.612500
0.616667
0.612500
0.612500
0.612500
0.612500
0.616667
0.425000
1.054167
0.595833
1.200000
0.625000
0.616667
0.620833
0.612500
0.612500
1.329167
1.295833
0.620833
0.620833
0.616667
0.625000
0.633333
0.550000
1.495833
1.200000
1.437500
1.116667
0.675000
1.283333
0.445833
0.370833
