0.737500
0.408333
0.329167
0.537500
0.200000
0.725000
0.966667
0.604167
0.625000
0.350000
0.595833
0.512500
0.458333
1.008333
0.741667
0.383333
0.295833
0.525000
0.262500
0.750000
0.095833
0.650000
0.733333
0.166667
0.191667
0.404167
0.412500
0.337500
0.195833
0.541667
1.608333
0.441667
0.570833
0.370833
0.233333
0.504167
0.508333
0.241667
0.741667
0.479167
0.266667
0.750000
0.233333
0.516667
0.745833
0.750000
0.216667
0.529167
0.420833
0.320833
0.741667
0.745833
0.225000
0.529167
0.404167
0.508333
0.133333
0.425000
0.262500
0.737500
0.500000
1.050000
0.641667
0.533333
0.741667
0.466667
0.279167
0.745833
0.025000
0.712500
0.220833
0.537500
0.416667
0.325000
0.741667
0.754167
0.775000
0.712500
0.237500
1.245833
0.745833
0.425000
0.316667
0.745833
0.158333
0.408333
0.150000
0.787500
0.754167
0.754167
0.383333
0.258333
0.837500
0.458333
0.637500
0.308333
0.295833
0.320833
0.670833
0.308333
0.729167
0.362500
0.787500
0.300000
0.558333
0.291667
0.545833
0.320833
0.475000
0.720833
0.716667
0.512500
0.587500
0.512500
0.558333
0.716667
0.720833
0.354167
0.587500
0.333333
0.575000
0.291667
0.795833
0.620833
0.475000
0.504167
0.750000
0.358333
0.550000
0.512500
0.350000
0.237500
0.762500
0.366667
0.700000
0.750000
0.262500
0.695833
1.195833
1.295833
0.704167
0.400000
0.254167
0.758333
0.333333
0.325000
0.275000
0.341667
0.629167
0.587500
0.337500
0.279167
1.150000
0.712500
0.720833
1.025000
0.404167
0.325000
0.404167
0.404167
0.670833
0.495833
0.500000
0.858333
0.737500
0.333333
0.408333
0.737500
1.466667
1.150000
0.316667
0.733333
0.737500
0.729167
1.137500
0.300000
1.500000
0.762500
0.766667
0.762500
0.766667
0.758333
0.745833
0.745833
0.745833
0.745833
0.812500
0.658333
0.729167
0.341667
0.387500
0.729167
0.729167
0.733333
0.733333
0.383333
0.354167
0.966667
0.504167
0.225000
0.495833
0.450000
0.725000
0.266667
0.725000
0.262500
0.466667
0.420833
0.316667
0.295833
0.433333
0.337500
0.404167
0.741667
0.354167
0.391667
0.737500
0.737500
0.733333
0.729167
0.737500
0.741667
0.741667
0.750000
0.750000
0.754167
0.750000
0.750000
0.750000
0.754167
0.750000
0.662500
0.829167
0.745833
0.754167
1.487500
0.137500
0.529167
0.475000
0.416667
0.425000
0.283333
0.645833
0.758333
0.879167
0.533333
0.875000
0.525000
0.275000
0.275000
0.304167
0.516667
0.437500
1.120833
0.591667
0.329167
0.525000
0.779167
0.450000
0.241667
0.379167
0.550000
0.429167
0.887500
0.233333
0.737500
1.050000
0.716667
0.729167
0.729167
0.733333
0.733333
0.737500
0.750000
0.737500
0.412500
0.333333
0.750000
0.758333
0.762500
0.754167
0.754167
0.754167
0.754167
0.762500
0.754167
0.750000
0.762500
0.758333
0.762500
0.758333
0.762500
0.762500
0.762500
0.250000
0.495833
0.254167
0.470833
0.275000
0.425000
0.508333
0.733333
0.287500
0.508333
0.487500
0.537500
0.633333
0.412500
0.308333
0.720833
0.566667
0.408333
0.904167
0.529167
0.487500
0.737500
0.741667
0.650000
1.079167
1.283333
0.750000
1.241667
1.029167
1.504167
0.420833
0.333333
0.270833
1.245833
0.250000
0.291667
0.804167
0.416667
0.762500
0.766667
0.291667
0.329167
0.133333
0.491667
0.750000
0.745833
0.754167
1.495833
1.508333
0.754167
0.754167
1.516667
0.762500
0.758333
1.241667
0.266667
0.320833
0.429167
0.275000
0.141667
0.325000
0.487500
0.516667
0.495833
0.745833
0.741667
0.745833
0.745833
0.758333
0.754167
0.758333
1.004167
0.520833
0.258333
0.500000
0.262500
0.483333
0.620833
0.112500
0.741667
0.404167
0.316667
0.300000
0.433333
0.300000
0.429167
0.275000
0.400000
0.462500
0.345833
0.720833
0.562500
0.270833
0.637500
0.300000
0.429167
0.745833
0.295833
0.445833
0.733333
0.504167
0.241667
0.245833
0.775000
0.341667
0.333333
0.625000
0.283333
0.537500
0.779167
0.666667
0.387500
1.150000
0.787500
0.225000
0.229167
0.445833
0.450000
1.537500
0.300000
0.737500
0.854167
0.445833
0.583333
0.145833
1.154167
0.700000
0.775000
0.741667
0.741667
1.479167
1.491667
0.737500
0.754167
0.758333
0.762500
0.766667
1.516667
0.233333
0.479167
0.504167
0.454167
0.220833
0.366667
0.729167
0.312500
0.295833
0.200000
0.775000
0.829167
0.491667
0.495833
0.475000
0.616667
0.391667
0.495833
0.687500
0.229167
1.025000
0.495833
0.500000
0.658333
1.150000
1.012500
1.087500
0.595833
0.658333
1.116667
0.225000
0.750000
0.125000
0.958333
0.395833
0.737500
0.745833
0.754167
1.366667
0.120833
0.758333
0.750000
0.758333
1.362500
0.154167
0.254167
0.508333
0.758333
1.270833
0.254167
1.208333
0.679167
0.691667
0.454167
1.512500
0.412500
0.350000
0.462500
0.295833
0.108333
0.675000
0.933333
0.141667
0.879167
0.300000
0.145833
0.545833
0.233333
0.520833
0.520833
0.220833
0.770833
0.304167
0.337500
0.287500
0.283333
0.312500
0.233333
0.316667
0.733333
0.145833
0.562500
0.287500
0.750000
0.679167
0.308333
0.550000
0.095833
0.750000
1.266667
0.283333
0.679167
0.570833
0.391667
0.283333
0.275000
0.750000
0.254167
0.829167
1.200000
0.762500
0.558333
0.204167
0.479167
0.275000
0.750000
1.266667
0.929167
1.358333
0.670833
1.266667
0.420833
0.808333
1.495833
1.612500
1.395833
1.287500
1.741667
0.266667
0.291667
0.208333
2.266667
2.258333
1.504167
0.758333
0.762500
0.758333
0.758333
0.754167
0.750000
0.758333
1.050000
1.229167
0.229167
0.529167
0.479167
0.270833
0.741667
0.750000
0.558333
0.195833
0.270833
0.487500
0.758333
0.662500
0.841667
0.758333
0.766667
0.045833
0.720833
0.762500
0.566667
0.195833
0.762500
0.779167
0.770833
0.766667
0.779167
0.775000
0.779167
0.775000
1.400000
0.141667
0.783333
0.783333
0.779167
0.783333
0.770833
0.779167
0.775000
0.787500
0.783333
0.783333
0.791667
0.791667
0.791667
0.787500
0.783333
0.787500
0.779167
0.779167
0.779167
1.562500
0.775000
0.775000
0.425000
0.345833
0.779167
0.779167
0.775000
1.533333
0.766667
0.766667
0.762500
1.537500
0.770833
0.766667
0.775000
0.783333
1.362500
0.195833
0.779167
0.787500
0.783333
0.779167
0.770833
1.550000
0.770833
0.770833
0.770833
0.770833
1.537500
0.762500
0.766667
0.762500
1.091667
0.433333
0.766667
0.770833
0.762500
1.533333
0.779167
0.766667
0.770833
1.212500
0.325000
0.770833
0.770833
0.775000
0.775000
0.779167
0.779167
0.783333
0.787500
0.775000
0.783333
0.783333
0.787500
0.775000
0.779167
0.779167
0.783333
0.779167
0.770833
0.779167
0.779167
0.779167
1.562500
0.791667
0.795833
0.800000
0.791667
0.795833
0.800000
0.795833
0.804167
0.795833
0.795833
0.795833
0.795833
0.795833
0.795833
0.787500
0.791667
0.800000
0.787500
0.775000
0.775000
0.783333
0.779167
0.770833
0.237500
0.550000
0.775000
0.779167
0.779167
1.545833
0.791667
0.791667
0.791667
0.783333
0.779167
0.791667
0.783333
0.779167
0.766667
0.783333
0.783333
1.187500
0.366667
0.779167
0.779167
0.783333
0.795833
1.216667
0.358333
0.787500
0.787500
0.783333
0.775000
0.783333
0.779167
0.783333
0.779167
0.454167
0.325000
0.779167
0.783333
0.775000
1.566667
0.787500
0.791667
0.783333
0.983333
0.583333
0.791667
1.587500
0.783333
0.791667
0.800000
0.795833
0.800000
0.787500
0.791667
0.225000
0.562500
1.566667
0.429167
0.345833
0.775000
0.787500
0.487500
0.287500
0.770833
0.770833
0.783333
1.216667
0.345833
0.783333
0.783333
0.791667
0.783333
0.787500
0.775000
0.787500
0.787500
0.779167
1.029167
0.979167
0.333333
0.783333
0.287500
0.500000
1.204167
0.366667
0.779167
0.775000
0.787500
0.787500
0.829167
0.720833
0.795833
0.795833
0.775000
0.783333
0.291667
0.491667
0.787500
0.787500
0.787500
1.570833
0.787500
0.791667
0.791667
0.795833
0.804167
0.804167
1.570833
0.454167
0.329167
1.570833
0.787500
0.791667
0.783333
0.791667
1.237500
0.320833
0.787500
0.783333
1.312500
0.237500
0.762500
0.775000
0.779167
0.766667
0.195833
0.570833
0.779167
0.770833
0.754167
0.775000
0.766667
0.775000
0.750000
0.762500
0.775000
0.770833
0.766667
0.775000
1.175000
0.358333
0.783333
0.783333
0.787500
0.775000
0.316667
0.258333
0.204167
0.533333
0.245833
0.787500
0.770833
0.783333
0.775000
0.779167
1.550000
0.787500
0.783333
0.779167
0.795833
0.787500
0.787500
0.787500
0.783333
0.783333
1.354167
0.200000
0.783333
0.787500
0.791667
0.595833
0.954167
0.791667
0.783333
0.783333
0.779167
0.787500
0.779167
0.779167
0.791667
0.775000
0.779167
0.791667
0.779167
0.791667
0.787500
0.658333
0.300000
0.345833
0.266667
0.783333
0.795833
0.779167
0.779167
0.775000
0.779167
0.779167
0.770833
0.779167
0.783333
0.787500
1.570833
0.775000
0.779167
0.783333
1.325000
0.233333
0.783333
0.787500
0.791667
1.283333
0.270833
0.783333
1.575000
0.783333
1.579167
1.570833
0.783333
0.616667
0.179167
0.345833
0.450000
0.279167
0.704167
0.591667
0.420833
0.362500
