0.591667
0.595833
0.591667
0.583333
0.604167
0.604167
0.608333
0.608333
0.591667
0.600000
0.604167
0.608333
0.616667
0.583333
0.604167
0.608333
0.604167
0.612500
0.587500
0.608333
0.616667
0.620833
0.620833
0.600000
0.616667
0.616667
0.612500
0.600000
0.591667
0.608333
0.616667
0.641667
0.629167
0.604167
0.637500
0.641667
0.625000
0.608333
0.604167
0.600000
0.608333
0.591667
0.583333
0.604167
0.616667
0.612500
0.604167
0.587500
0.604167
0.595833
0.595833
0.595833
0.583333
0.587500
0.600000
0.616667
0.612500
0.600000
0.637500
0.670833
0.633333
0.629167
0.612500
0.625000
0.637500
0.629167
0.625000
0.608333
0.641667
0.629167
0.620833
0.612500
0.612500
0.604167
0.616667
0.625000
0.625000
0.637500
0.608333
0.612500
0.620833
0.637500
0.645833
0.620833
0.620833
0.658333
0.704167
0.670833
0.637500
0.633333
0.616667
0.612500
0.612500
0.625000
0.625000
0.620833
0.608333
0.604167
0.620833
0.629167
0.620833
0.604167
0.620833
0.633333
0.620833
0.612500
0.637500
0.658333
0.641667
0.629167
0.604167
0.612500
0.400000
0.850000
0.629167
0.604167
0.608333
0.245833
0.362500
0.616667
0.608333
0.616667
0.641667
0.616667
0.600000
0.625000
0.604167
0.608333
0.587500
0.583333
0.595833
0.600000
0.579167
0.583333
0.587500
0.591667
0.579167
0.579167
0.579167
0.591667
0.591667
0.570833
0.600000
0.604167
0.600000
0.258333
0.325000
0.587500
0.595833
0.616667
0.616667
0.595833
0.604167
0.604167
0.654167
0.625000
0.620833
0.620833
0.608333
0.595833
0.583333
0.604167
0.600000
0.608333
0.587500
0.587500
0.591667
0.587500
0.570833
0.570833
0.579167
0.612500
0.612500
0.591667
0.591667
0.591667
0.575000
0.604167
0.604167
0.591667
0.575000
0.600000
0.579167
0.591667
0.262500
0.312500
0.595833
0.579167
0.591667
0.583333
0.579167
0.583333
0.591667
0.591667
0.566667
0.758333
0.391667
0.595833
0.566667
0.575000
0.583333
0.587500
0.579167
0.575000
0.587500
0.583333
0.566667
0.583333
0.608333
0.433333
0.741667
0.579167
0.583333
0.575000
0.566667
0.579167
0.583333
0.587500
0.566667
0.570833
0.570833
0.575000
0.550000
0.220833
0.337500
0.558333
0.562500
0.612500
0.491667
0.545833
0.558333
0.558333
0.541667
0.558333
0.583333
0.579167
0.566667
0.591667
0.604167
0.600000
0.579167
0.591667
0.587500
0.612500
0.587500
0.570833
0.579167
0.566667
0.566667
0.558333
0.566667
0.566667
0.583333
0.562500
0.583333
0.583333
0.579167
0.558333
0.566667
0.566667
0.566667
0.575000
0.554167
0.570833
0.575000
0.566667
0.579167
0.570833
0.579167
0.575000
0.587500
0.562500
0.575000
0.587500
0.583333
0.579167
0.570833
0.575000
0.579167
0.566667
0.558333
0.558333
0.566667
0.566667
0.579167
0.562500
0.558333
0.554167
0.562500
0.583333
0.575000
0.579167
0.583333
0.600000
0.591667
0.566667
0.570833
0.562500
0.566667
0.554167
0.550000
0.562500
0.562500
0.558333
0.562500
0.570833
0.570833
0.591667
0.583333
0.575000
0.570833
0.591667
0.566667
0.570833
0.562500
0.583333
0.566667
0.566667
0.558333
0.562500
0.558333
0.562500
0.570833
0.566667
0.550000
0.566667
0.570833
0.562500
0.579167
0.562500
0.579167
0.579167
0.575000
0.566667
0.562500
0.570833
0.579167
0.579167
0.595833
0.570833
0.579167
0.587500
0.587500
1.158333
0.616667
0.654167
0.633333
0.583333
0.612500
0.791667
0.712500
0.687500
0.691667
0.691667
0.650000
0.583333
0.575000
0.591667
0.587500
0.583333
0.566667
0.558333
0.566667
0.587500
0.600000
0.575000
0.616667
0.687500
0.708333
0.620833
0.633333
0.629167
0.625000
0.595833
0.575000
0.583333
0.604167
0.608333
0.633333
0.637500
0.616667
0.595833
0.583333
0.683333
0.787500
0.675000
0.620833
0.616667
0.591667
0.570833
0.345833
0.229167
0.566667
0.570833
0.570833
0.570833
0.583333
0.595833
0.375000
0.862500
0.612500
0.604167
0.600000
0.575000
0.587500
0.583333
0.579167
0.570833
0.558333
0.579167
0.583333
0.583333
0.591667
0.575000
0.570833
0.583333
0.591667
0.591667
0.570833
0.591667
0.595833
0.620833
0.612500
0.600000
0.612500
0.616667
0.625000
0.604167
0.583333
0.600000
0.600000
0.604167
0.591667
0.575000
0.583333
0.579167
0.591667
0.575000
0.579167
0.583333
0.583333
0.579167
0.575000
0.583333
0.591667
0.591667
0.575000
0.600000
0.587500
0.604167
0.604167
0.579167
0.600000
0.620833
0.625000
0.600000
0.595833
0.591667
0.591667
0.595833
0.587500
0.591667
0.595833
0.591667
0.587500
0.575000
0.591667
0.608333
0.616667
0.629167
0.608333
0.591667
0.612500
0.591667
0.604167
0.608333
0.604167
0.612500
0.591667
0.591667
0.608333
0.604167
0.608333
0.587500
0.600000
0.595833
0.587500
0.587500
0.595833
0.625000
0.625000
0.616667
0.595833
0.587500
0.587500
0.595833
0.600000
0.583333
0.591667
0.604167
0.591667
0.587500
0.570833
0.587500
0.595833
0.604167
0.604167
0.583333
0.575000
0.600000
0.612500
0.616667
0.587500
0.591667
0.595833
0.604167
0.579167
0.583333
0.579167
0.591667
0.583333
0.583333
0.566667
0.562500
0.587500
0.600000
0.604167
0.600000
0.587500
0.600000
0.600000
0.608333
0.591667
0.591667
0.608333
0.608333
0.591667
0.600000
0.587500
0.608333
0.633333
0.645833
0.616667
0.595833
0.595833
0.604167
0.620833
0.604167
0.600000
0.608333
0.608333
0.591667
0.583333
0.583333
0.583333
0.600000
0.591667
0.591667
0.575000
0.591667
0.600000
0.591667
0.595833
0.600000
0.600000
0.600000
0.608333
0.629167
0.625000
0.604167
0.600000
0.608333
0.608333
0.600000
0.587500
0.604167
0.620833
0.612500
0.620833
0.595833
0.604167
0.595833
0.595833
0.600000
0.600000
0.583333
0.587500
0.612500
0.654167
0.654167
0.612500
0.608333
0.600000
0.595833
0.583333
0.458333
0.112500
0.562500
0.562500
0.558333
0.554167
0.570833
0.479167
0.095833
0.575000
0.570833
0.570833
0.579167
0.579167
0.575000
0.562500
0.579167
0.600000
0.595833
0.587500
0.579167
0.595833
0.591667
0.587500
0.583333
0.566667
0.570833
0.570833
0.591667
0.591667
0.583333
0.591667
0.587500
0.587500
0.583333
0.570833
0.579167
0.575000
0.587500
0.579167
0.570833
0.570833
0.579167
0.575000
0.575000
0.570833
0.566667
0.575000
0.587500
0.587500
0.591667
0.587500
0.579167
0.604167
0.591667
0.595833
0.575000
0.587500
0.587500
0.587500
0.600000
0.583333
0.591667
0.591667
0.595833
0.583333
0.566667
0.570833
0.583333
0.583333
0.587500
0.570833
0.570833
0.579167
0.229167
0.337500
0.591667
0.583333
0.579167
0.562500
0.362500
0.204167
0.575000
0.570833
0.566667
0.566667
0.566667
0.579167
0.579167
0.575000
0.566667
0.583333
0.579167
0.579167
0.591667
0.575000
0.570833
0.579167
0.587500
0.566667
0.575000
0.575000
0.575000
0.570833
0.554167
0.579167
0.583333
0.579167
0.562500
0.562500
0.600000
0.608333
0.587500
1.162500
0.604167
0.604167
0.595833
0.575000
0.608333
0.604167
0.604167
0.583333
0.575000
0.595833
0.616667
0.625000
0.616667
0.600000
0.654167
0.720833
0.683333
0.620833
0.700000
0.787500
0.645833
0.600000
0.587500
0.595833
0.600000
1.179167
0.816667
0.729167
0.704167
0.704167
0.687500
0.595833
0.587500
0.587500
0.666667
0.795833
0.700000
0.712500
0.700000
0.633333
0.608333
0.608333
0.600000
0.591667
0.579167
0.616667
0.629167
0.608333
0.587500
0.816667
0.745833
0.704167
0.654167
0.600000
0.600000
0.604167
0.587500
0.654167
0.745833
0.758333
0.629167
0.637500
0.637500
0.616667
0.595833
0.604167
0.620833
0.633333
0.629167
0.612500
0.604167
0.633333
0.629167
0.612500
0.591667
0.600000
0.637500
0.633333
0.604167
0.604167
0.616667
0.616667
0.604167
0.587500
0.612500
0.604167
0.604167
0.587500
0.583333
0.579167
0.583333
0.579167
0.575000
0.625000
0.662500
0.633333
0.616667
0.600000
0.620833
0.633333
0.625000
0.600000
0.645833
0.670833
0.645833
0.604167
0.633333
0.695833
0.712500
0.620833
0.595833
0.687500
0.816667
0.745833
0.712500
0.754167
0.737500
0.729167
0.700000
0.729167
0.745833
0.704167
0.616667
0.670833
0.787500
0.733333
0.629167
0.658333
0.712500
0.679167
0.612500
0.633333
0.658333
0.662500
0.679167
0.654167
0.650000
0.687500
0.695833
0.666667
0.620833
0.633333
0.633333
0.629167
0.595833
0.587500
0.604167
0.625000
0.625000
0.608333
0.616667
0.591667
0.645833
0.679167
0.641667
0.612500
0.600000
0.637500
0.729167
0.633333
0.195833
0.712500
0.633333
0.625000
0.620833
0.612500
0.604167
0.612500
0.612500
0.608333
0.591667
0.591667
0.600000
0.604167
0.600000
0.595833
0.604167
0.612500
0.616667
0.591667
0.604167
0.579167
0.595833
0.595833
0.575000
0.591667
0.600000
0.604167
0.595833
0.600000
0.608333
0.608333
0.604167
0.575000
0.600000
0.587500
0.595833
0.595833
0.579167
0.579167
0.579167
0.675000
0.745833
0.629167
0.616667
0.612500
0.612500
0.604167
0.575000
0.600000
0.620833
0.629167
0.612500
0.608333
0.616667
0.620833
0.616667
0.608333
0.600000
0.633333
0.633333
0.625000
0.625000
0.616667
0.608333
0.616667
0.616667
0.616667
0.600000
0.604167
0.620833
0.645833
0.629167
0.595833
0.612500
0.658333
0.537500
0.645833
0.629167
0.608333
0.620833
0.629167
0.637500
0.608333
0.608333
0.587500
0.604167
0.587500
0.583333
0.591667
0.595833
0.600000
0.591667
0.579167
0.595833
0.587500
0.587500
0.591667
0.587500
0.570833
0.583333
0.583333
0.595833
0.587500
0.579167
0.591667
0.600000
0.600000
0.575000
0.591667
0.591667
0.595833
0.591667
0.591667
0.608333
0.604167
0.608333
0.604167
0.587500
0.612500
0.604167
0.608333
0.600000
0.579167
0.620833
0.612500
0.625000
0.608333
0.591667
0.608333
0.620833
0.612500
0.595833
0.595833
0.600000
0.591667
0.600000
0.591667
0.595833
0.600000
0.604167
0.604167
0.579167
0.591667
0.595833
0.587500
0.587500
0.570833
0.575000
0.583333
0.595833
0.600000
0.595833
0.604167
0.637500
0.641667
0.641667
0.620833
0.600000
0.608333
0.616667
0.608333
0.591667
0.587500
0.604167
0.608333
0.608333
0.591667
0.575000
0.587500
0.587500
0.591667
