1.391667
0.695833
0.608333
0.970833
0.795833
0.637500
0.720833
1.404167
0.816667
0.900000
0.629167
0.745833
0.941667
0.620833
1.058333
0.891667
0.308333
0.487500
0.604167
0.804167
0.625000
0.616667
0.975000
0.725000
0.787500
0.629167
0.825000
1.087500
0.604167
1.370833
0.858333
0.783333
0.800000
0.937500
0.620833
0.725000
0.650000
0.745833
0.600000
0.637500
1.037500
0.887500
0.600000
0.962500
1.145833
0.650000
0.608333
0.600000
0.850000
0.612500
1.295833
0.708333
0.741667
0.616667
1.366667
0.679167
0.808333
0.945833
1.150000
1.120833
0.608333
0.812500
0.745833
0.666667
0.595833
0.995833
0.629167
1.104167
0.633333
0.758333
0.712500
0.866667
0.620833
0.641667
1.375000
0.720833
0.654167
1.066667
0.629167
0.666667
0.608333
0.725000
0.625000
0.937500
0.787500
0.845833
0.687500
0.779167
0.779167
0.795833
0.858333
0.816667
0.591667
1.191667
0.850000
0.870833
0.858333
0.866667
0.633333
0.683333
0.866667
0.900000
0.675000
0.608333
0.720833
0.945833
1.037500
0.820833
0.825000
0.804167
0.670833
0.795833
0.604167
0.762500
0.966667
0.604167
0.941667
0.625000
0.945833
0.800000
0.891667
0.733333
0.966667
0.633333
1.100000
0.829167
0.645833
0.950000
0.679167
0.587500
0.841667
0.612500
0.762500
0.883333
0.633333
0.716667
0.816667
0.670833
0.941667
0.966667
0.608333
0.804167
0.845833
0.679167
1.300000
0.850000
0.729167
0.870833
0.625000
1.162500
0.779167
0.787500
0.670833
0.737500
1.012500
0.887500
1.029167
0.645833
0.683333
0.604167
0.729167
0.891667
0.866667
0.845833
1.083333
0.616667
1.175000
1.187500
0.662500
0.612500
0.670833
0.808333
0.700000
0.666667
0.608333
1.175000
0.629167
1.225000
1.025000
0.766667
0.700000
1.208333
0.858333
0.862500
1.037500
0.633333
0.800000
0.766667
0.745833
0.700000
0.983333
0.604167
0.620833
1.158333
0.750000
0.604167
0.958333
0.795833
0.600000
0.891667
1.320833
0.754167
0.587500
0.733333
0.837500
0.650000
0.587500
1.025000
0.845833
0.770833
0.654167
0.837500
0.862500
0.654167
0.591667
1.129167
0.758333
0.604167
1.245833
1.041667
0.679167
0.950000
0.612500
0.833333
0.620833
1.016667
0.391667
0.179167
0.695833
0.891667
0.604167
0.645833
0.645833
0.908333
1.137500
0.625000
0.587500
0.829167
1.220833
0.900000
0.604167
0.583333
0.954167
0.604167
0.800000
0.691667
0.925000
0.612500
0.833333
0.637500
0.591667
0.591667
0.716667
1.070833
0.629167
0.850000
0.633333
1.229167
0.612500
0.966667
0.616667
0.587500
1.050000
0.816667
0.654167
0.600000
0.775000
0.195833
0.825000
0.895833
0.850000
0.658333
0.579167
0.600000
1.095833
0.650000
0.833333
0.895833
0.612500
0.850000
0.795833
0.808333
0.950000
0.587500
0.920833
0.637500
0.587500
0.837500
1.116667
1.954167
0.691667
0.754167
0.845833
1.283333
0.650000
0.379167
0.729167
0.645833
1.241667
0.633333
0.833333
0.666667
0.770833
0.633333
0.604167
1.391667
1.275000
0.754167
0.625000
0.591667
0.804167
0.875000
0.691667
0.875000
0.620833
1.029167
0.791667
0.616667
0.979167
0.779167
0.975000
0.720833
0.833333
0.662500
0.604167
1.179167
0.645833
1.029167
0.837500
0.858333
1.029167
0.650000
0.566667
1.229167
0.658333
0.916667
0.245833
0.708333
0.387500
0.275000
0.741667
1.062500
0.720833
0.945833
0.850000
0.962500
0.916667
0.608333
0.879167
0.704167
0.950000
0.920833
0.716667
0.625000
0.958333
1.345833
1.133333
0.704167
0.645833
0.720833
0.875000
0.604167
1.033333
1.145833
0.616667
0.841667
0.612500
1.391667
0.650000
1.116667
0.620833
1.016667
0.708333
0.816667
0.820833
0.995833
0.650000
0.658333
0.708333
0.429167
0.675000
0.620833
1.383333
1.020833
0.895833
0.608333
0.895833
1.008333
0.945833
0.775000
0.816667
0.608333
1.179167
0.679167
0.658333
0.958333
0.941667
1.050000
0.866667
0.887500
0.625000
0.916667
0.804167
0.866667
1.341667
0.625000
1.029167
0.645833
0.904167
0.645833
0.891667
0.654167
0.633333
0.995833
0.804167
0.887500
0.729167
1.066667
0.691667
0.620833
1.004167
0.850000
0.716667
0.850000
0.654167
1.391667
0.958333
0.616667
1.029167
1.395833
1.004167
0.829167
0.662500
1.070833
0.958333
0.650000
0.695833
0.812500
0.729167
0.650000
1.179167
0.837500
0.883333
0.712500
1.000000
1.316667
0.750000
0.658333
0.804167
0.895833
0.637500
1.412500
0.683333
0.641667
0.787500
0.341667
0.729167
0.312500
1.112500
0.700000
1.037500
0.641667
0.633333
1.170833
0.804167
0.962500
0.654167
1.008333
1.429167
0.875000
0.737500
0.633333
1.158333
0.679167
0.741667
0.941667
0.625000
0.687500
1.420833
0.637500
1.025000
0.662500
0.620833
0.975000
1.404167
0.641667
0.979167
1.333333
0.700000
0.975000
0.975000
0.775000
0.820833
0.654167
0.800000
1.416667
0.858333
0.625000
0.925000
0.641667
1.391667
0.845833
0.962500
0.620833
1.383333
0.687500
0.962500
0.741667
0.883333
0.820833
0.825000
0.620833
0.879167
0.662500
0.633333
0.929167
0.641667
0.766667
0.854167
0.870833
0.695833
0.937500
1.283333
0.841667
0.858333
0.629167
1.291667
1.187500
0.608333
1.079167
0.620833
0.729167
0.908333
1.045833
1.066667
0.737500
1.037500
0.641667
0.908333
0.666667
0.616667
1.016667
1.025000
1.429167
0.841667
0.895833
1.200000
0.625000
0.995833
0.987500
0.912500
1.008333
1.154167
1.041667
0.633333
0.600000
1.258333
0.795833
0.808333
0.616667
1.045833
0.645833
1.391667
0.887500
0.879167
0.795833
0.620833
1.033333
0.954167
0.662500
0.879167
0.629167
1.050000
0.937500
0.762500
0.612500
0.845833
0.658333
0.625000
1.025000
0.895833
1.104167
0.808333
0.754167
0.612500
0.595833
1.091667
0.637500
0.970833
0.620833
1.183333
0.929167
0.608333
0.591667
0.754167
0.620833
0.770833
0.666667
0.987500
0.629167
1.129167
0.708333
0.600000
0.945833
0.995833
1.125000
0.695833
0.991667
0.900000
0.891667
0.725000
0.641667
1.191667
0.625000
1.025000
1.004167
0.895833
0.641667
0.608333
0.908333
0.629167
1.008333
0.812500
0.620833
1.108333
0.629167
0.800000
0.658333
0.866667
0.833333
0.629167
0.695833
0.904167
0.612500
0.966667
0.833333
0.620833
1.012500
0.625000
0.966667
0.850000
0.620833
0.837500
0.683333
0.600000
0.920833
1.116667
0.720833
0.625000
1.245833
0.870833
0.633333
1.425000
0.691667
0.741667
0.716667
0.891667
1.012500
0.966667
0.862500
0.804167
0.695833
0.591667
0.612500
0.904167
0.620833
0.716667
1.000000
0.687500
1.000000
0.908333
0.866667
0.637500
1.287500
0.887500
0.650000
0.629167
0.875000
0.633333
0.704167
0.675000
1.054167
0.620833
1.025000
0.962500
0.804167
0.616667
1.262500
0.766667
1.141667
0.995833
0.612500
0.841667
0.629167
0.762500
0.929167
0.900000
0.645833
0.979167
0.600000
1.087500
0.704167
0.591667
0.962500
0.795833
1.237500
0.879167
0.620833
0.979167
0.866667
0.733333
1.008333
0.929167
0.820833
0.641667
0.908333
0.962500
1.441667
0.795833
0.766667
1.016667
0.912500
0.637500
0.587500
0.991667
0.616667
0.804167
0.608333
1.191667
0.620833
0.983333
0.604167
0.216667
0.875000
0.625000
0.670833
0.925000
0.633333
0.591667
1.420833
0.729167
0.625000
0.962500
0.912500
0.616667
0.266667
0.687500
0.970833
0.616667
0.779167
1.100000
0.625000
1.037500
1.041667
1.404167
0.654167
0.587500
0.962500
