0.620833
0.616667
0.608333
0.620833
0.608333
0.616667
0.616667
0.612500
0.620833
0.616667
0.616667
0.616667
0.620833
0.620833
0.612500
0.625000
0.616667
0.616667
0.620833
0.620833
0.616667
0.620833
0.620833
0.620833
0.620833
0.616667
0.620833
0.620833
0.612500
0.625000
0.616667
0.616667
0.620833
0.616667
0.612500
0.616667
0.616667
0.612500
0.616667
0.616667
0.612500
0.616667
0.620833
0.616667
0.616667
0.616667
0.612500
0.616667
0.616667
0.608333
0.616667
0.612500
0.608333
0.612500
0.612500
0.612500
0.616667
0.612500
0.608333
0.616667
0.612500
0.612500
0.608333
0.612500
0.616667
0.608333
0.616667
0.616667
0.612500
0.608333
0.616667
0.612500
0.612500
0.612500
0.604167
0.600000
0.600000
0.600000
0.604167
0.604167
0.600000
0.608333
0.600000
0.604167
0.604167
0.608333
0.612500
0.604167
0.604167
0.608333
0.612500
0.604167
0.604167
0.612500
0.608333
0.616667
0.608333
0.608333
0.612500
0.620833
0.608333
0.608333
0.608333
0.612500
0.608333
0.604167
0.616667
0.608333
0.608333
0.604167
0.608333
0.608333
0.604167
0.604167
0.608333
0.600000
0.604167
0.600000
0.604167
0.595833
0.600000
0.604167
0.587500
0.600000
0.604167
0.595833
0.604167
0.604167
0.595833
0.608333
0.604167
0.608333
0.604167
0.612500
0.604167
0.604167
0.612500
0.620833
0.608333
0.616667
0.608333
0.612500
0.612500
0.608333
0.612500
0.616667
0.612500
0.612500
0.612500
0.612500
0.612500
0.608333
0.616667
0.608333
0.616667
0.612500
0.612500
0.608333
0.608333
0.608333
0.608333
0.612500
0.608333
0.608333
0.616667
0.616667
0.608333
0.608333
0.612500
0.612500
0.604167
0.608333
0.608333
0.608333
0.608333
0.612500
0.608333
0.612500
0.608333
0.608333
0.608333
0.612500
0.608333
0.608333
0.616667
0.604167
0.612500
0.608333
0.616667
0.604167
0.616667
0.612500
0.608333
0.612500
0.612500
0.616667
0.616667
0.620833
0.616667
0.625000
0.620833
0.612500
0.620833
0.620833
0.625000
0.620833
0.620833
0.620833
0.616667
0.620833
0.620833
0.616667
0.629167
0.620833
0.616667
0.620833
0.616667
0.616667
0.616667
0.612500
0.612500
0.616667
0.612500
0.612500
0.612500
0.608333
0.612500
0.612500
0.608333
0.608333
0.612500
0.608333
0.616667
0.612500
0.612500
0.612500
0.608333
0.616667
0.612500
0.612500
0.608333
0.620833
0.612500
0.604167
0.616667
0.616667
0.608333
0.612500
0.608333
0.612500
0.608333
0.608333
0.608333
0.608333
0.604167
0.612500
0.608333
0.608333
0.612500
0.608333
0.612500
0.608333
0.616667
0.608333
0.612500
0.616667
0.612500
0.612500
0.612500
0.616667
0.612500
0.616667
0.616667
0.612500
0.616667
0.620833
0.616667
0.616667
0.625000
0.625000
0.625000
0.625000
0.620833
0.620833
0.625000
0.616667
0.620833
0.616667
0.620833
0.616667
0.625000
0.620833
0.616667
0.620833
0.625000
0.616667
0.620833
0.620833
0.620833
0.616667
0.625000
0.620833
0.616667
0.620833
0.625000
0.620833
0.620833
0.629167
0.616667
0.625000
0.620833
0.620833
0.620833
0.620833
0.625000
0.616667
0.620833
0.620833
0.612500
0.616667
0.620833
0.612500
0.616667
0.616667
0.620833
0.612500
0.620833
0.620833
0.612500
0.620833
0.625000
0.625000
0.620833
0.620833
0.625000
0.616667
0.625000
0.620833
0.616667
0.620833
0.625000
0.620833
0.620833
0.620833
0.620833
0.616667
0.625000
0.616667
0.616667
0.620833
0.620833
0.612500
0.616667
0.616667
0.612500
0.612500
0.616667
0.616667
0.612500
0.616667
0.616667
0.612500
0.608333
0.608333
0.608333
0.608333
0.608333
0.608333
0.608333
0.620833
0.604167
0.612500
0.608333
0.600000
0.604167
0.604167
0.600000
0.604167
0.608333
0.604167
0.608333
0.608333
0.608333
0.608333
0.608333
0.608333
0.612500
0.608333
0.612500
0.608333
0.620833
0.608333
0.616667
0.612500
0.616667
0.612500
0.612500
0.616667
0.616667
0.612500
0.620833
0.612500
0.612500
0.616667
0.616667
0.616667
0.608333
0.616667
0.616667
0.608333
0.616667
0.612500
0.608333
0.612500
0.616667
0.608333
0.612500
0.612500
0.612500
0.612500
0.608333
0.616667
0.612500
0.612500
0.616667
0.612500
0.612500
0.616667
0.616667
0.612500
0.616667
0.612500
0.608333
0.616667
0.612500
0.608333
0.616667
0.612500
0.608333
0.612500
0.620833
0.612500
0.608333
0.616667
0.612500
0.612500
0.612500
0.612500
0.612500
0.612500
0.616667
0.612500
0.616667
0.616667
0.620833
0.612500
0.620833
0.620833
0.616667
0.612500
0.620833
0.616667
0.616667
0.616667
0.620833
0.612500
0.616667
0.616667
0.612500
0.616667
0.620833
0.616667
0.612500
0.620833
0.612500
0.612500
0.616667
0.616667
0.608333
0.616667
0.616667
0.608333
0.608333
0.616667
0.604167
0.608333
0.612500
0.608333
0.608333
0.612500
0.608333
0.612500
0.616667
0.612500
0.608333
0.620833
0.612500
0.612500
0.620833
0.620833
0.616667
0.620833
0.616667
0.612500
0.616667
0.616667
0.616667
0.616667
0.625000
0.616667
0.616667
0.620833
0.625000
0.616667
0.625000
0.620833
0.620833
0.625000
0.616667
0.625000
0.616667
0.625000
0.620833
0.612500
0.620833
0.616667
0.612500
0.612500
0.616667
0.616667
0.612500
0.616667
0.612500
0.612500
0.612500
0.616667
0.608333
0.612500
0.612500
0.616667
0.608333
0.612500
0.616667
0.604167
0.616667
0.612500
0.608333
0.616667
0.616667
0.612500
0.608333
0.612500
0.608333
0.608333
0.608333
0.608333
0.608333
0.612500
0.608333
0.608333
0.612500
0.604167
0.612500
0.608333
0.608333
0.612500
0.608333
0.608333
0.612500
0.612500
0.612500
0.612500
0.612500
0.608333
0.612500
0.612500
0.608333
0.616667
0.612500
0.612500
0.608333
0.616667
0.604167
0.608333
0.608333
0.604167
0.608333
0.604167
0.608333
0.600000
0.604167
0.595833
0.604167
0.604167
0.595833
0.600000
0.595833
0.587500
0.591667
0.595833
0.591667
0.595833
0.595833
0.595833
0.595833
0.595833
0.595833
0.591667
0.595833
0.595833
0.595833
0.591667
0.587500
0.595833
0.591667
0.587500
0.595833
0.591667
0.587500
0.595833
0.591667
0.591667
0.587500
0.595833
0.591667
0.595833
0.591667
0.600000
0.591667
0.595833
0.600000
0.591667
0.591667
0.591667
0.591667
0.587500
0.579167
0.587500
0.591667
0.587500
0.579167
0.587500
0.591667
0.587500
0.583333
0.591667
0.591667
0.695833
0.475000
0.587500
0.587500
0.591667
0.587500
0.595833
0.570833
0.591667
0.591667
0.579167
0.587500
0.587500
0.591667
0.583333
0.591667
0.591667
0.587500
0.595833
0.583333
0.600000
0.591667
0.591667
0.591667
0.591667
0.595833
0.595833
0.591667
0.595833
0.595833
0.595833
0.595833
0.600000
0.600000
0.595833
0.595833
0.604167
0.604167
0.595833
0.604167
0.604167
0.600000
0.604167
0.604167
0.604167
0.600000
0.608333
0.604167
0.600000
0.604167
0.604167
0.604167
0.600000
0.608333
0.608333
0.604167
0.600000
0.608333
0.600000
0.600000
0.600000
0.608333
0.604167
0.604167
0.608333
0.600000
0.604167
0.608333
0.600000
0.612500
0.608333
0.604167
0.612500
0.604167
0.608333
0.612500
0.608333
0.604167
0.616667
0.612500
0.608333
0.608333
0.612500
0.608333
0.612500
0.612500
0.608333
0.608333
0.612500
0.608333
0.612500
0.604167
0.604167
0.604167
0.600000
0.604167
0.600000
0.608333
0.604167
0.608333
0.608333
0.608333
0.608333
0.612500
0.608333
0.604167
0.608333
0.608333
0.608333
0.604167
0.595833
0.600000
0.600000
0.600000
0.600000
0.591667
0.604167
0.595833
0.600000
0.600000
0.591667
0.604167
0.595833
0.600000
0.600000
0.595833
0.600000
0.608333
0.591667
0.604167
0.600000
0.595833
0.616667
0.612500
0.608333
0.608333
0.604167
0.595833
0.600000
0.291667
0.916667
0.591667
0.595833
0.583333
0.587500
0.591667
0.587500
0.583333
0.587500
0.579167
1.158333
0.583333
0.587500
0.583333
0.575000
0.579167
0.583333
0.583333
0.683333
0.462500
0.583333
0.579167
0.575000
0.587500
0.570833
0.575000
0.570833
0.570833
0.579167
0.570833
0.570833
0.566667
0.579167
0.566667
0.575000
0.575000
0.583333
0.575000
0.575000
0.575000
0.575000
0.579167
0.570833
0.583333
0.575000
0.566667
0.583333
0.583333
0.579167
0.575000
0.554167
0.600000
0.579167
0.579167
0.583333
0.575000
0.575000
0.579167
0.583333
0.579167
0.583333
0.575000
0.579167
0.587500
0.587500
0.579167
0.595833
0.579167
0.254167
0.916667
0.579167
0.295833
0.975000
0.329167
0.733333
0.429167
0.737500
0.695833
0.475000
0.587500
0.591667
0.583333
0.591667
0.587500
0.587500
0.591667
0.591667
0.587500
0.591667
0.587500
0.587500
0.587500
0.587500
0.595833
0.595833
0.587500
0.595833
0.591667
0.591667
0.591667
0.591667
0.591667
0.587500
0.595833
0.591667
0.587500
0.587500
0.583333
0.587500
0.591667
0.579167
0.583333
0.595833
0.579167
0.587500
0.691667
0.479167
0.591667
0.587500
0.591667
0.587500
0.591667
0.591667
0.591667
0.591667
0.587500
0.591667
0.587500
0.591667
0.587500
0.587500
0.591667
0.687500
0.462500
0.608333
0.583333
0.691667
0.479167
0.583333
0.579167
0.583333
0.575000
0.587500
0.579167
0.583333
0.583333
0.691667
0.583333
0.479167
0.695833
0.479167
0.583333
0.579167
0.591667
0.579167
0.587500
0.587500
0.583333
0.591667
0.583333
0.587500
0.591667
0.587500
0.587500
0.587500
0.591667
0.579167
0.591667
0.583333
0.587500
0.587500
0.583333
0.587500
0.583333
0.583333
0.587500
0.579167
0.579167
0.579167
0.575000
0.583333
0.579167
0.579167
0.583333
0.579167
0.595833
0.587500
0.587500
0.591667
0.587500
0.595833
0.587500
0.591667
0.591667
0.595833
0.591667
0.591667
0.591667
0.591667
0.591667
0.595833
0.591667
0.595833
0.591667
0.595833
0.591667
0.591667
0.600000
0.591667
0.587500
0.600000
0.591667
0.595833
0.600000
0.587500
0.595833
0.595833
0.591667
0.591667
0.591667
0.591667
0.591667
0.591667
0.587500
0.591667
0.595833
0.583333
0.591667
0.591667
0.583333
0.595833
0.587500
0.587500
0.595833
0.587500
0.591667
0.595833
0.587500
0.600000
0.595833
0.591667
0.604167
0.595833
0.595833
