0.841667
0.833333
0.833333
0.825000
0.829167
0.841667
0.825000
0.820833
0.833333
0.825000
0.829167
0.816667
0.820833
0.816667
0.825000
0.829167
0.820833
0.820833
0.820833
0.820833
0.820833
0.833333
0.825000
0.825000
0.825000
0.829167
0.820833
0.825000
0.837500
0.829167
0.825000
0.829167
0.825000
0.825000
0.820833
0.829167
0.829167
0.825000
0.825000
0.825000
0.820833
0.812500
0.829167
0.825000
0.820833
0.820833
0.820833
0.820833
0.812500
0.820833
0.833333
0.820833
0.829167
0.829167
0.833333
0.829167
0.825000
0.829167
0.666667
0.970833
0.825000
0.812500
0.800000
0.800000
0.800000
0.800000
0.804167
0.800000
0.804167
0.795833
0.804167
0.804167
0.541667
1.066667
0.825000
0.804167
0.795833
0.808333
0.816667
0.812500
0.812500
0.808333
0.804167
0.800000
0.808333
0.808333
0.804167
0.800000
0.812500
0.808333
0.816667
0.816667
0.816667
0.820833
0.825000
0.812500
0.829167
0.829167
0.816667
0.825000
0.837500
0.845833
0.841667
0.816667
0.825000
0.845833
0.850000
0.825000
0.837500
0.833333
0.829167
0.833333
0.829167
0.825000
0.816667
0.825000
0.833333
0.829167
0.833333
0.825000
0.825000
0.837500
0.837500
0.833333
0.829167
0.841667
0.833333
0.829167
0.820833
0.829167
0.841667
0.833333
0.825000
0.829167
0.825000
0.837500
0.829167
0.829167
0.825000
0.825000
0.837500
0.829167
0.825000
0.816667
0.825000
0.825000
0.829167
0.820833
0.820833
0.820833
0.825000
0.829167
0.829167
0.820833
0.816667
0.820833
0.833333
0.829167
0.825000
0.820833
0.829167
0.825000
0.837500
0.833333
0.620833
0.991667
0.841667
0.845833
0.837500
0.833333
0.825000
0.829167
0.833333
0.816667
0.816667
0.820833
0.812500
0.800000
0.812500
0.812500
0.833333
0.820833
0.816667
0.812500
0.812500
0.812500
0.812500
0.808333
0.808333
0.812500
0.804167
0.804167
0.800000
0.795833
0.808333
0.820833
0.816667
0.816667
0.816667
0.820833
0.816667
0.816667
0.825000
0.800000
0.825000
0.829167
0.820833
0.829167
0.808333
0.808333
0.837500
0.837500
0.833333
0.829167
0.808333
0.820833
0.841667
0.837500
0.820833
0.833333
0.829167
0.825000
0.829167
0.820833
0.820833
0.829167
0.829167
0.820833
0.825000
0.816667
0.833333
0.820833
0.825000
0.820833
0.812500
0.820833
0.829167
0.820833
0.820833
0.820833
0.820833
0.837500
0.825000
0.829167
0.825000
0.820833
0.825000
0.833333
0.825000
0.825000
0.816667
0.812500
0.816667
0.812500
0.808333
0.812500
0.812500
0.808333
0.820833
0.816667
0.812500
0.808333
0.812500
0.825000
0.812500
0.816667
0.808333
0.820833
0.825000
0.816667
0.812500
0.816667
0.829167
0.816667
0.816667
0.816667
0.812500
0.812500
0.812500
0.825000
0.812500
0.812500
0.808333
0.804167
0.808333
0.800000
0.808333
0.812500
0.816667
0.825000
0.820833
0.820833
0.816667
0.508333
1.141667
0.825000
0.825000
0.825000
0.820833
0.816667
0.816667
0.825000
0.825000
0.820833
0.820833
0.820833
0.820833
0.816667
0.816667
0.820833
0.820833
0.820833
0.820833
0.820833
0.816667
0.816667
0.812500
0.812500
0.825000
0.825000
0.816667
0.816667
0.816667
0.816667
0.837500
0.833333
0.825000
0.825000
0.820833
0.825000
0.833333
0.829167
0.820833
0.825000
0.812500
0.837500
0.820833
0.816667
0.816667
0.820833
0.816667
0.808333
0.816667
0.812500
0.804167
0.808333
0.812500
0.808333
0.816667
0.816667
0.812500
0.816667
0.825000
0.820833
0.816667
0.816667
0.812500
0.808333
0.825000
0.816667
0.816667
0.816667
0.808333
0.816667
0.825000
0.820833
0.816667
0.816667
0.812500
0.829167
0.820833
0.820833
0.812500
0.825000
0.829167
0.820833
0.816667
0.812500
0.816667
0.825000
0.816667
0.816667
0.812500
0.637500
0.970833
0.825000
0.820833
0.812500
0.816667
0.820833
0.812500
0.829167
0.825000
0.820833
0.812500
0.825000
0.820833
0.829167
0.820833
0.816667
0.825000
0.829167
0.820833
0.820833
0.816667
0.816667
0.829167
0.820833
0.816667
0.820833
0.812500
0.829167
0.825000
0.820833
0.816667
0.812500
0.816667
0.825000
0.816667
0.812500
0.812500
0.808333
0.812500
0.816667
0.812500
0.808333
0.808333
0.808333
0.812500
0.820833
0.816667
0.820833
0.816667
0.816667
0.833333
0.825000
0.825000
0.820833
0.820833
0.820833
0.829167
0.829167
0.825000
0.825000
0.829167
0.820833
0.833333
0.829167
0.829167
0.825000
0.825000
0.816667
0.829167
0.829167
0.816667
0.820833
0.812500
0.812500
0.820833
0.829167
0.820833
0.816667
0.820833
0.812500
0.825000
0.825000
0.820833
0.825000
0.820833
0.820833
0.829167
0.833333
0.833333
0.829167
0.637500
0.991667
0.845833
0.845833
0.837500
0.837500
0.833333
0.616667
0.995833
0.854167
0.841667
0.841667
0.837500
0.833333
0.829167
0.841667
0.833333
0.833333
0.833333
0.833333
0.833333
0.837500
0.841667
0.837500
0.833333
0.820833
0.829167
0.833333
0.833333
0.829167
0.829167
0.829167
0.829167
0.837500
0.833333
0.833333
0.829167
0.833333
0.829167
0.845833
0.837500
0.837500
0.833333
0.829167
0.829167
0.825000
0.841667
0.833333
0.833333
0.833333
0.829167
0.550000
1.020833
0.858333
0.850000
0.833333
0.825000
0.829167
0.833333
0.833333
0.825000
0.829167
0.833333
0.829167
0.850000
0.841667
0.850000
0.845833
0.845833
0.845833
0.858333
0.850000
0.850000
0.854167
0.845833
0.845833
0.854167
0.841667
0.841667
0.837500
0.837500
0.837500
0.841667
0.841667
0.841667
0.841667
0.837500
0.850000
0.841667
0.845833
0.841667
0.637500
1.000000
0.850000
0.841667
0.845833
0.833333
0.833333
0.841667
0.837500
0.829167
0.833333
0.829167
0.845833
0.833333
0.829167
0.833333
0.829167
0.829167
0.845833
0.841667
0.837500
0.833333
0.829167
0.833333
0.837500
0.837500
0.833333
0.829167
0.833333
0.850000
0.841667
0.841667
0.833333
0.837500
0.833333
0.850000
0.845833
0.845833
0.850000
0.845833
0.658333
1.004167
0.858333
0.854167
0.854167
0.854167
0.850000
0.675000
1.000000
0.862500
0.854167
0.841667
0.837500
0.850000
0.841667
0.833333
0.837500
0.833333
0.833333
0.837500
0.837500
0.833333
0.833333
0.829167
0.829167
0.829167
0.820833
0.820833
0.816667
0.833333
0.829167
0.829167
0.825000
0.829167
0.833333
0.833333
0.845833
0.845833
0.637500
0.983333
0.841667
0.833333
0.841667
0.837500
0.825000
0.829167
0.820833
0.816667
0.837500
0.825000
0.825000
0.816667
0.812500
0.816667
0.816667
0.812500
0.808333
0.629167
0.958333
0.825000
0.812500
0.820833
0.816667
0.820833
0.841667
0.825000
0.825000
0.816667
0.816667
0.829167
0.820833
0.820833
0.812500
0.620833
0.979167
0.829167
0.812500
0.804167
0.816667
0.820833
0.620833
0.979167
0.829167
0.825000
0.820833
0.637500
0.975000
0.833333
0.833333
0.829167
0.833333
0.833333
0.795833
0.833333
0.845833
0.833333
0.816667
0.812500
0.816667
0.829167
0.825000
0.820833
0.820833
0.825000
0.829167
0.833333
0.825000
0.816667
0.812500
0.812500
0.825000
0.825000
0.816667
0.816667
0.812500
0.816667
0.820833
0.816667
0.812500
0.812500
0.808333
0.820833
0.812500
0.812500
0.804167
0.808333
0.816667
0.812500
0.808333
0.808333
0.812500
0.820833
0.816667
0.808333
0.812500
0.829167
0.816667
0.804167
0.825000
0.825000
0.825000
0.816667
0.812500
0.816667
0.808333
0.804167
0.800000
0.820833
0.804167
0.808333
0.804167
0.804167
