1.083333
0.920833
1.333333
1.316667
0.954167
0.850000
1.937500
0.912500
1.112500
0.762500
1.204167
0.937500
1.050000
1.408333
1.212500
1.920833
1.200000
0.979167
1.433333
1.283333
0.754167
1.400000
1.891667
1.512500
1.466667
1.729167
1.133333
1.195833
1.416667
1.325000
1.483333
0.962500
1.016667
1.575000
1.095833
1.145833
1.162500
1.141667
0.800000
1.066667
1.112500
0.879167
1.116667
1.541667
1.629167
1.520833
1.420833
1.258333
1.479167
1.508333
1.125000
0.979167
0.833333
1.520833
0.966667
0.916667
1.287500
1.245833
1.529167
1.691667
1.458333
1.420833
0.983333
0.941667
1.258333
1.020833
1.850000
0.966667
1.341667
1.712500
0.975000
1.366667
1.600000
0.812500
1.562500
1.462500
1.304167
0.741667
1.695833
1.470833
1.070833
0.812500
1.045833
1.912500
1.604167
1.925000
1.154167
1.091667
0.804167
1.095833
1.008333
0.850000
1.016667
0.779167
1.720833
0.941667
0.891667
1.420833
1.891667
0.962500
1.441667
1.779167
1.350000
0.800000
1.637500
1.075000
1.404167
1.170833
1.616667
0.945833
0.775000
1.095833
0.787500
1.479167
1.583333
0.779167
1.008333
0.941667
1.754167
1.170833
1.895833
1.116667
1.554167
0.829167
0.991667
1.041667
0.854167
1.237500
1.662500
1.145833
1.175000
1.308333
1.845833
1.600000
0.866667
1.462500
1.195833
0.783333
0.800000
0.625000
1.287500
1.404167
0.816667
1.604167
1.733333
1.037500
1.066667
1.708333
0.841667
1.120833
1.750000
0.766667
1.375000
0.891667
1.270833
2.012500
1.625000
1.362500
1.666667
1.025000
1.216667
0.941667
1.783333
1.300000
0.933333
0.891667
1.520833
1.700000
1.425000
1.137500
1.633333
1.366667
0.862500
1.045833
1.529167
1.670833
0.916667
0.800000
1.520833
0.783333
0.775000
1.483333
1.058333
1.787500
1.112500
1.545833
1.812500
1.041667
1.020833
1.291667
1.012500
0.833333
0.900000
1.170833
1.441667
1.687500
1.641667
1.362500
1.404167
1.854167
1.783333
1.129167
0.825000
1.445833
1.775000
1.108333
1.075000
1.562500
1.145833
1.166667
1.604167
1.350000
1.025000
1.708333
1.375000
1.733333
1.166667
0.900000
1.650000
1.245833
1.416667
1.554167
0.983333
1.112500
1.262500
0.820833
1.037500
1.408333
1.650000
0.941667
1.025000
1.637500
1.125000
0.991667
1.058333
1.279167
1.758333
1.137500
1.633333
1.700000
1.012500
0.983333
1.520833
1.041667
1.741667
1.600000
1.733333
1.379167
0.837500
1.187500
0.941667
1.225000
1.379167
1.037500
1.691667
1.512500
1.345833
1.170833
1.679167
1.058333
0.779167
1.320833
1.466667
1.454167
0.825000
1.808333
1.004167
1.683333
1.191667
1.591667
1.220833
1.750000
1.791667
1.450000
1.070833
1.212500
1.120833
1.145833
1.608333
1.225000
1.675000
0.787500
1.400000
1.754167
1.845833
0.812500
1.070833
1.470833
0.875000
1.387500
1.100000
1.770833
1.529167
1.466667
0.808333
0.841667
1.462500
1.079167
1.650000
1.733333
0.729167
1.533333
1.533333
1.104167
1.379167
1.337500
1.062500
0.895833
1.341667
0.958333
1.837500
1.337500
1.195833
1.516667
1.691667
1.716667
1.395833
1.395833
1.450000
1.300000
0.858333
0.804167
1.558333
1.337500
1.654167
1.770833
1.308333
0.925000
1.066667
1.379167
1.000000
1.404167
0.820833
1.754167
1.066667
1.241667
1.004167
1.208333
1.287500
0.870833
1.420833
1.458333
0.825000
0.933333
1.175000
1.904167
1.004167
0.870833
1.658333
1.783333
0.812500
1.479167
0.991667
1.550000
1.641667
0.866667
1.108333
0.816667
0.904167
1.583333
1.879167
0.925000
1.183333
1.679167
1.295833
1.445833
0.858333
1.858333
1.758333
1.750000
1.491667
1.783333
1.666667
1.108333
1.045833
1.208333
1.120833
1.033333
1.054167
1.441667
1.666667
1.595833
1.695833
0.879167
1.504167
1.179167
1.604167
1.625000
1.291667
1.225000
1.479167
0.991667
0.941667
1.116667
1.466667
1.050000
1.870833
0.804167
1.529167
1.316667
1.141667
1.483333
1.841667
1.754167
0.858333
0.929167
1.004167
1.116667
1.054167
1.091667
1.283333
1.162500
1.012500
0.941667
1.916667
0.970833
1.683333
1.008333
1.091667
1.320833
2.008333
1.575000
1.562500
1.287500
1.495833
0.787500
1.541667
1.387500
1.054167
1.791667
1.079167
1.579167
0.883333
1.016667
1.116667
1.595833
1.258333
1.600000
1.658333
1.750000
1.341667
1.616667
1.750000
1.825000
0.925000
1.408333
1.400000
0.770833
1.929167
0.966667
1.029167
0.820833
1.037500
1.545833
1.754167
0.887500
1.020833
2.008333
1.200000
1.120833
1.366667
0.916667
1.775000
0.829167
1.120833
1.808333
1.887500
1.300000
1.825000
1.587500
1.233333
1.225000
1.008333
1.283333
0.995833
1.108333
1.787500
1.675000
1.404167
1.054167
0.987500
1.716667
0.995833
1.045833
