1.325000
0.941667
0.933333
0.879167
0.854167
0.916667
0.933333
0.954167
1.966667
0.970833
0.970833
0.966667
0.966667
0.970833
0.966667
0.945833
0.962500
0.962500
0.958333
0.975000
1.500000
0.491667
0.775000
0.833333
0.925000
0.970833
1.004167
1.008333
0.979167
0.991667
0.991667
0.983333
0.987500
0.991667
0.979167
0.954167
0.975000
0.987500
2.050000
0.945833
0.991667
1.000000
0.662500
1.125000
2.062500
0.987500
1.000000
1.983333
0.970833
0.541667
1.083333
1.037500
1.962500
0.983333
0.962500
0.958333
0.975000
0.975000
0.954167
0.983333
0.970833
0.954167
0.970833
0.966667
0.954167
0.950000
0.958333
0.970833
0.945833
0.945833
0.950000
0.958333
0.954167
0.941667
0.950000
0.958333
0.954167
0.950000
0.937500
0.950000
0.950000
0.933333
1.783333
1.070833
0.891667
0.916667
0.929167
0.937500
0.937500
0.933333
0.945833
0.950000
0.937500
0.929167
0.941667
0.937500
0.937500
0.933333
0.933333
0.945833
0.945833
0.937500
0.929167
0.941667
0.937500
0.945833
0.925000
0.920833
1.000000
0.841667
0.600000
1.229167
0.945833
0.941667
0.695833
1.083333
0.816667
1.091667
0.962500
0.941667
1.025000
0.487500
0.470833
0.833333
0.933333
0.929167
1.766667
1.054167
0.908333
0.833333
1.762500
0.879167
0.695833
1.204167
0.983333
1.083333
0.854167
1.900000
0.929167
0.925000
0.937500
0.950000
1.870833
0.970833
0.941667
0.945833
0.962500
0.954167
0.970833
0.983333
0.870833
1.095833
1.958333
0.983333
0.987500
1.062500
0.883333
1.037500
0.900000
1.962500
0.983333
1.129167
0.850000
0.433333
1.508333
1.958333
1.970833
0.962500
0.970833
0.962500
0.975000
0.958333
0.937500
0.929167
0.987500
1.033333
0.941667
0.987500
0.979167
0.970833
0.987500
0.991667
0.995833
1.983333
0.983333
0.987500
0.991667
0.979167
0.987500
1.000000
0.987500
0.979167
0.995833
0.995833
0.895833
1.075000
1.062500
0.662500
1.137500
1.041667
1.008333
0.983333
1.000000
0.983333
0.962500
0.979167
0.987500
0.962500
1.045833
0.991667
0.720833
1.100000
0.970833
0.979167
0.970833
0.675000
1.112500
1.000000
0.950000
0.958333
1.025000
0.900000
0.950000
0.937500
1.012500
0.895833
0.933333
1.850000
0.904167
0.904167
0.900000
0.908333
0.920833
0.912500
0.904167
1.816667
0.912500
0.912500
0.920833
0.933333
0.925000
0.912500
0.912500
1.816667
0.916667
0.912500
0.916667
0.925000
0.916667
0.929167
0.941667
0.941667
0.933333
0.929167
0.929167
0.925000
0.933333
0.920833
0.958333
1.845833
0.920833
0.941667
0.950000
1.895833
0.950000
0.950000
0.950000
0.950000
0.975000
0.975000
0.983333
1.000000
0.991667
1.995833
1.012500
0.983333
0.945833
0.945833
0.954167
0.962500
0.945833
0.933333
0.929167
0.933333
0.937500
0.575000
1.112500
0.954167
0.966667
1.937500
0.954167
0.979167
0.970833
0.966667
0.962500
0.950000
1.008333
0.966667
0.958333
0.958333
0.958333
0.970833
0.958333
0.950000
0.966667
1.025000
0.645833
1.195833
0.941667
0.912500
0.912500
0.925000
0.912500
0.912500
0.920833
0.908333
0.908333
1.812500
0.891667
0.887500
0.887500
0.891667
0.891667
1.345833
0.495833
0.862500
0.900000
0.916667
0.912500
0.920833
0.908333
0.916667
0.920833
0.916667
0.912500
0.908333
0.904167
0.875000
0.941667
0.820833
0.887500
0.879167
0.408333
0.545833
0.829167
0.879167
0.904167
0.900000
0.908333
0.908333
0.912500
0.983333
0.875000
0.941667
0.920833
0.920833
0.916667
0.983333
0.870833
0.929167
0.920833
0.912500
0.912500
0.925000
0.908333
0.908333
0.904167
0.900000
0.904167
0.879167
0.875000
0.875000
0.875000
0.870833
0.883333
0.875000
0.875000
0.870833
0.858333
0.858333
0.870833
0.879167
0.912500
0.900000
0.879167
0.879167
0.875000
0.900000
0.920833
0.929167
0.904167
0.908333
0.920833
0.916667
0.900000
0.900000
0.912500
1.800000
0.879167
0.779167
0.700000
0.708333
0.712500
0.725000
0.716667
0.733333
0.787500
0.787500
0.820833
0.779167
0.787500
0.804167
0.812500
0.808333
0.820833
0.808333
0.787500
0.758333
0.762500
1.379167
1.066667
0.862500
0.866667
0.870833
0.866667
0.875000
0.887500
0.883333
0.866667
0.854167
0.858333
0.858333
0.870833
0.883333
0.887500
0.891667
0.570833
1.054167
0.933333
0.900000
0.900000
0.908333
0.912500
1.583333
2.187500
0.929167
0.929167
0.766667
1.079167
0.933333
0.920833
0.916667
0.908333
0.937500
0.916667
0.945833
0.937500
0.962500
0.950000
0.958333
0.970833
0.962500
0.958333
0.962500
0.966667
0.958333
0.958333
0.962500
0.962500
0.795833
1.095833
0.937500
0.925000
0.916667
1.816667
0.912500
0.912500
0.912500
0.508333
0.979167
0.970833
0.891667
0.904167
0.916667
0.908333
0.900000
0.916667
0.929167
0.933333
0.937500
0.933333
0.941667
0.954167
0.945833
0.945833
0.941667
0.937500
0.937500
0.950000
0.966667
1.025000
0.904167
0.945833
0.629167
2.191667
0.937500
0.920833
0.925000
0.941667
0.916667
0.929167
0.929167
0.925000
0.945833
0.929167
0.925000
0.933333
0.929167
0.958333
0.962500
0.604167
1.066667
1.004167
0.954167
0.941667
0.954167
1.087500
0.900000
1.008333
1.000000
0.950000
0.912500
0.925000
0.925000
0.908333
0.945833
0.950000
0.941667
0.933333
0.958333
0.958333
0.954167
0.970833
0.979167
0.983333
0.987500
0.991667
0.550000
1.079167
1.008333
0.991667
0.966667
0.962500
0.975000
0.962500
0.975000
0.970833
0.987500
0.987500
0.975000
0.958333
0.970833
0.966667
0.987500
0.975000
0.587500
1.050000
0.966667
0.933333
0.925000
0.950000
0.962500
0.958333
0.766667
1.166667
0.950000
1.887500
0.933333
0.945833
0.941667
1.020833
0.845833
0.904167
0.966667
0.750000
0.720833
0.712500
0.750000
0.825000
0.850000
0.945833
1.000000
0.991667
0.987500
0.983333
0.950000
1.891667
0.958333
0.979167
0.979167
0.970833
0.933333
0.958333
0.937500
0.945833
0.950000
0.954167
0.920833
0.933333
0.941667
0.950000
0.933333
0.912500
0.941667
0.937500
0.929167
0.925000
0.945833
0.962500
0.950000
0.925000
1.725000
1.883333
2.179167
1.554167
0.816667
0.791667
0.775000
1.591667
0.775000
0.750000
0.791667
0.762500
0.775000
0.770833
0.866667
0.966667
