0.604167
0.612500
0.625000
0.600000
0.616667
0.612500
0.600000
0.616667
0.587500
0.600000
0.604167
0.612500
0.600000
0.612500
0.600000
0.612500
0.595833
0.612500
0.595833
0.604167
0.612500
0.595833
0.612500
0.600000
0.600000
0.612500
0.604167
0.604167
0.616667
0.604167
0.612500
0.608333
0.604167
0.608333
0.604167
0.608333
0.600000
0.612500
0.604167
0.600000
0.608333
0.604167
0.604167
0.604167
0.600000
0.612500
0.595833
0.612500
0.600000
0.604167
0.604167
0.616667
0.600000
0.616667
0.604167
0.616667
0.608333
0.616667
0.616667
0.608333
0.616667
0.616667
0.612500
0.620833
0.620833
0.612500
0.629167
0.608333
0.620833
0.625000
0.612500
0.616667
0.616667
0.616667
0.612500
0.625000
0.620833
0.612500
0.633333
0.612500
0.625000
0.629167
0.612500
0.629167
0.620833
0.620833
0.629167
0.620833
0.625000
0.625000
0.616667
0.629167
0.625000
0.620833
0.633333
0.629167
0.629167
0.633333
0.629167
0.633333
0.629167
0.625000
0.625000
0.616667
0.616667
0.612500
0.620833
0.616667
0.620833
0.620833
0.616667
0.616667
0.629167
0.616667
0.625000
0.616667
0.625000
0.625000
0.616667
0.629167
0.633333
0.633333
0.633333
0.645833
0.641667
0.641667
0.637500
0.629167
0.633333
0.629167
0.637500
0.629167
0.633333
0.629167
0.620833
0.633333
0.625000
0.629167
0.620833
0.629167
0.633333
0.629167
0.629167
0.629167
0.620833
0.633333
0.616667
0.620833
0.625000
0.616667
0.629167
0.620833
0.620833
0.620833
0.625000
0.616667
0.625000
0.620833
0.620833
0.625000
0.616667
0.616667
0.620833
0.616667
0.616667
0.616667
0.612500
0.620833
0.616667
0.616667
0.616667
0.620833
0.612500
0.620833
0.620833
0.612500
0.625000
0.616667
0.616667
0.625000
0.620833
0.620833
0.625000
0.620833
0.616667
0.625000
0.616667
0.616667
0.620833
0.620833
0.616667
0.620833
0.616667
0.616667
0.608333
0.616667
0.608333
0.616667
0.612500
0.612500
0.612500
0.612500
0.608333
0.616667
0.608333
0.616667
0.612500
0.612500
0.616667
0.612500
0.616667
0.612500
0.616667
0.616667
0.612500
0.616667
0.616667
0.616667
0.612500
0.625000
0.616667
0.616667
0.620833
0.616667
0.612500
0.625000
0.620833
0.616667
0.620833
0.620833
0.620833
0.620833
0.620833
0.620833
0.616667
0.625000
0.620833
0.616667
0.620833
0.616667
0.620833
0.620833
0.616667
0.620833
0.616667
0.616667
0.616667
0.612500
0.616667
0.616667
0.612500
0.612500
0.616667
0.612500
0.616667
0.616667
0.612500
0.616667
0.612500
0.616667
0.616667
0.612500
0.620833
0.616667
0.612500
0.625000
0.612500
0.620833
0.620833
0.620833
0.616667
0.612500
0.625000
0.616667
0.620833
0.616667
0.616667
0.612500
0.600000
0.616667
0.604167
0.612500
0.604167
0.608333
0.600000
0.616667
0.612500
0.612500
0.608333
0.616667
0.612500
0.612500
0.612500
0.604167
0.620833
0.608333
0.616667
0.612500
0.612500
0.612500
0.612500
0.608333
0.612500
0.608333
0.612500
0.612500
0.604167
0.608333
0.612500
0.604167
0.612500
0.600000
0.612500
0.608333
0.600000
0.608333
0.608333
0.604167
0.612500
0.612500
0.612500
0.604167
0.612500
0.616667
0.712500
0.508333
0.612500
0.604167
0.612500
0.608333
0.616667
0.612500
0.600000
0.612500
0.612500
0.608333
0.608333
0.612500
0.612500
0.600000
0.612500
0.612500
0.612500
0.612500
0.604167
0.612500
0.604167
0.612500
0.604167
0.608333
0.608333
0.608333
0.608333
0.608333
0.612500
0.608333
0.604167
0.604167
0.612500
0.600000
0.612500
0.608333
0.604167
0.616667
0.612500
0.604167
0.612500
0.612500
0.287500
0.933333
0.608333
0.616667
0.608333
0.604167
0.616667
0.612500
0.604167
0.612500
0.616667
0.604167
0.612500
0.612500
0.612500
0.608333
0.612500
0.612500
0.612500
0.608333
0.616667
0.612500
0.604167
0.620833
0.616667
0.608333
0.608333
0.620833
0.608333
0.612500
0.612500
0.612500
0.612500
0.604167
0.612500
0.608333
0.608333
0.616667
0.600000
0.612500
0.616667
0.612500
0.604167
0.608333
0.612500
0.445833
0.770833
0.612500
0.600000
0.604167
0.608333
0.600000
0.612500
0.608333
0.600000
0.612500
0.604167
0.608333
0.612500
0.604167
0.608333
0.612500
0.604167
0.616667
0.612500
0.608333
0.616667
0.612500
0.612500
0.612500
0.612500
0.612500
0.616667
0.616667
0.608333
0.625000
0.612500
0.608333
0.620833
0.616667
0.616667
0.625000
0.616667
0.616667
0.620833
0.620833
0.612500
0.620833
0.625000
0.633333
0.612500
0.616667
0.616667
0.616667
0.620833
0.608333
0.625000
0.625000
0.616667
0.620833
0.600000
0.641667
0.620833
0.620833
0.620833
0.629167
0.616667
0.633333
0.616667
0.620833
0.629167
0.616667
0.625000
0.625000
0.616667
0.625000
0.620833
0.620833
0.625000
0.612500
0.625000
0.625000
0.620833
0.608333
0.633333
0.612500
0.629167
0.616667
0.625000
0.620833
0.616667
0.625000
0.616667
0.625000
0.620833
0.620833
0.629167
0.620833
0.625000
0.625000
0.620833
0.625000
0.620833
0.616667
0.625000
0.620833
0.612500
0.620833
0.616667
0.608333
0.612500
0.616667
0.608333
0.620833
0.608333
0.625000
0.616667
0.612500
0.620833
0.620833
0.616667
0.629167
0.620833
0.616667
0.625000
0.620833
0.616667
0.625000
0.616667
0.620833
0.620833
0.616667
0.612500
0.620833
0.616667
0.620833
0.620833
0.620833
0.616667
0.616667
0.625000
0.620833
0.625000
0.620833
0.625000
0.620833
0.629167
0.625000
0.616667
0.629167
0.625000
0.625000
0.625000
0.620833
0.629167
0.629167
0.620833
0.633333
0.629167
0.625000
0.629167
0.620833
0.629167
0.625000
0.620833
0.625000
0.625000
0.625000
0.629167
0.620833
0.629167
0.629167
0.625000
0.633333
0.629167
0.620833
0.629167
0.629167
0.620833
0.633333
0.629167
0.620833
0.633333
0.620833
0.625000
0.625000
0.629167
0.620833
0.629167
0.625000
0.616667
0.629167
0.620833
0.616667
0.625000
0.620833
0.620833
0.620833
0.620833
0.608333
0.620833
0.616667
0.616667
0.612500
0.612500
0.600000
0.612500
0.612500
0.612500
0.600000
0.616667
0.612500
0.616667
0.616667
0.620833
0.612500
0.616667
0.616667
0.616667
0.612500
0.616667
0.616667
0.616667
0.612500
0.620833
0.612500
0.620833
0.620833
0.616667
0.616667
0.625000
0.620833
0.625000
0.629167
0.620833
0.629167
0.629167
0.629167
0.616667
0.629167
0.625000
0.625000
0.625000
0.616667
0.625000
0.616667
0.620833
0.620833
0.608333
0.620833
0.616667
0.612500
0.612500
0.608333
0.608333
0.612500
0.608333
0.616667
0.608333
0.612500
0.612500
0.604167
0.612500
0.608333
0.612500
0.608333
0.604167
0.616667
0.608333
0.608333
0.612500
0.604167
0.616667
0.608333
0.616667
0.612500
0.608333
0.616667
0.612500
0.608333
0.616667
0.612500
0.612500
0.612500
0.608333
0.612500
0.608333
0.616667
0.612500
0.608333
0.616667
0.616667
0.612500
0.616667
0.616667
0.608333
0.620833
0.616667
0.612500
0.629167
0.616667
0.616667
0.625000
0.616667
0.616667
0.629167
0.620833
0.616667
0.620833
0.620833
0.616667
0.620833
0.616667
0.616667
0.616667
0.612500
0.616667
0.620833
0.608333
0.616667
0.620833
0.612500
0.616667
0.612500
0.620833
0.620833
0.616667
0.625000
0.616667
0.625000
0.620833
0.616667
0.625000
0.625000
0.616667
0.625000
0.620833
0.616667
0.625000
0.616667
0.612500
0.620833
0.616667
0.620833
0.616667
0.612500
0.620833
0.616667
0.616667
0.625000
0.616667
0.620833
0.625000
0.616667
0.625000
0.620833
0.620833
0.620833
0.625000
0.616667
0.629167
0.625000
0.616667
0.625000
0.625000
0.620833
0.620833
0.616667
0.625000
0.625000
0.616667
0.620833
0.616667
0.620833
0.625000
0.616667
0.612500
0.625000
0.616667
0.616667
0.625000
0.616667
0.616667
0.625000
0.616667
0.616667
0.625000
0.620833
0.616667
0.620833
0.625000
0.616667
0.620833
0.620833
0.625000
0.620833
0.616667
0.625000
0.625000
0.620833
0.629167
0.629167
0.620833
0.625000
0.629167
0.620833
0.625000
0.625000
0.620833
0.629167
0.629167
0.620833
0.633333
0.620833
0.629167
0.620833
0.616667
0.625000
0.620833
0.616667
0.625000
0.620833
0.616667
0.625000
0.625000
0.612500
0.629167
0.620833
0.612500
0.629167
0.625000
0.616667
0.625000
0.625000
0.616667
0.629167
0.620833
0.616667
0.616667
0.625000
0.616667
0.620833
0.616667
0.608333
0.620833
0.612500
0.604167
0.612500
0.616667
0.604167
0.616667
0.600000
0.616667
0.612500
0.608333
0.616667
0.612500
0.604167
0.616667
0.608333
0.612500
0.616667
0.608333
0.616667
0.616667
0.612500
0.620833
0.616667
0.612500
0.625000
0.616667
0.620833
0.616667
0.616667
0.625000
0.620833
0.616667
0.629167
0.625000
0.616667
0.629167
0.620833
0.625000
0.625000
0.616667
0.625000
0.625000
0.616667
0.629167
0.620833
0.616667
0.633333
0.620833
0.620833
0.620833
0.616667
0.608333
0.620833
0.616667
0.612500
0.620833
0.620833
0.616667
0.625000
0.620833
0.625000
0.625000
0.616667
0.633333
0.625000
0.625000
0.616667
0.620833
0.616667
0.616667
0.633333
0.716667
0.520833
0.625000
0.604167
0.625000
0.616667
0.620833
0.625000
0.304167
0.300000
0.637500
0.604167
0.620833
0.612500
0.620833
0.337500
0.283333
0.612500
0.604167
0.625000
0.616667
0.616667
0.612500
0.616667
0.616667
0.620833
0.612500
0.612500
0.616667
0.612500
0.620833
0.616667
0.616667
0.612500
0.608333
0.620833
0.612500
0.604167
0.616667
0.612500
0.616667
0.608333
0.616667
0.612500
0.608333
0.612500
0.612500
0.608333
0.620833
0.608333
0.620833
0.608333
0.608333
0.620833
0.612500
0.612500
0.616667
0.608333
0.616667
0.612500
0.608333
0.608333
0.612500
0.604167
0.612500
0.608333
0.612500
0.604167
0.612500
0.604167
0.604167
0.612500
0.604167
0.608333
0.608333
0.604167
0.612500
0.604167
0.612500
0.612500
0.600000
0.604167
0.604167
0.608333
0.604167
0.608333
0.604167
0.604167
0.608333
0.608333
