0.975000
0.979167
0.975000
0.979167
0.991667
0.995833
0.929167
0.916667
0.991667
1.020833
1.033333
1.025000
1.037500
1.033333
1.012500
1.025000
0.995833
1.004167
1.033333
1.029167
1.008333
1.008333
1.008333
0.800000
0.225000
1.012500
0.975000
0.979167
0.954167
0.995833
1.004167
1.008333
1.029167
0.995833
1.012500
0.983333
0.954167
0.937500
0.929167
0.945833
0.966667
0.991667
1.029167
1.058333
1.054167
0.991667
0.987500
1.033333
0.979167
0.995833
0.995833
1.020833
0.983333
1.008333
0.991667
0.995833
0.966667
0.975000
0.987500
1.008333
1.029167
1.012500
1.000000
1.012500
0.962500
0.266667
0.712500
0.979167
0.970833
0.987500
0.987500
0.970833
0.966667
0.954167
0.912500
0.950000
1.000000
1.041667
1.008333
1.012500
1.066667
1.041667
0.995833
1.000000
1.008333
1.020833
1.000000
0.941667
0.975000
1.041667
1.037500
1.008333
1.041667
1.037500
1.025000
1.033333
1.025000
0.987500
1.000000
1.020833
0.937500
0.929167
0.941667
0.929167
0.975000
0.937500
0.933333
0.950000
0.970833
0.916667
0.941667
0.908333
0.695833
0.704167
0.408333
0.962500
0.966667
0.966667
0.925000
0.933333
0.958333
0.925000
0.379167
0.491667
0.354167
0.245833
0.345833
0.554167
0.466667
0.345833
0.300000
0.325000
0.995833
0.820833
1.137500
0.954167
0.958333
0.908333
0.933333
0.966667
0.979167
0.954167
0.970833
0.995833
1.012500
1.004167
1.050000
1.029167
1.004167
1.012500
1.033333
0.995833
1.020833
0.975000
0.970833
0.983333
0.683333
0.275000
0.212500
0.370833
0.341667
0.370833
0.545833
0.225000
0.679167
0.316667
0.600000
0.400000
0.200000
0.337500
0.912500
0.929167
0.941667
0.937500
0.904167
0.929167
0.937500
0.945833
0.966667
0.970833
0.954167
0.904167
0.891667
0.908333
0.954167
0.995833
0.991667
1.004167
1.000000
0.970833
1.004167
0.983333
0.995833
1.029167
1.008333
0.987500
0.991667
1.029167
1.012500
1.008333
1.012500
0.987500
0.995833
1.012500
1.004167
0.991667
0.975000
0.975000
0.958333
0.937500
0.937500
0.941667
0.950000
0.962500
0.945833
0.766667
0.412500
0.229167
0.462500
0.937500
0.950000
0.962500
0.966667
0.954167
0.920833
0.933333
0.258333
0.233333
0.450000
0.945833
0.941667
0.966667
0.970833
0.950000
0.958333
0.975000
0.983333
0.966667
0.991667
0.991667
0.987500
0.954167
0.975000
0.970833
0.962500
0.954167
0.975000
0.416667
0.558333
0.220833
0.354167
0.383333
0.966667
0.966667
0.937500
0.895833
0.929167
0.933333
0.250000
0.695833
0.945833
0.954167
0.950000
0.970833
0.958333
0.987500
0.991667
1.016667
1.016667
0.983333
0.958333
0.962500
0.975000
1.000000
1.025000
1.029167
1.004167
1.008333
1.025000
1.029167
1.016667
1.083333
0.641667
1.262500
0.991667
0.983333
0.979167
0.941667
0.954167
0.954167
0.945833
0.962500
0.970833
0.970833
0.945833
0.987500
1.012500
1.033333
1.041667
1.025000
1.025000
0.987500
0.962500
0.987500
1.058333
1.070833
1.025000
1.020833
0.995833
1.008333
1.033333
1.012500
0.233333
0.887500
0.120833
0.637500
0.387500
0.700000
0.950000
0.970833
1.000000
0.975000
0.966667
0.941667
0.945833
0.950000
0.945833
0.945833
0.737500
0.258333
0.370833
0.495833
0.916667
0.929167
0.908333
0.912500
0.941667
0.666667
0.241667
0.420833
0.475000
0.483333
0.383333
0.233333
0.637500
0.341667
0.587500
0.562500
0.387500
0.970833
0.937500
0.966667
0.512500
0.487500
0.954167
0.937500
0.970833
0.962500
1.004167
1.037500
0.950000
0.945833
0.929167
0.954167
0.970833
0.970833
1.037500
1.062500
1.020833
0.991667
1.012500
1.012500
1.012500
0.970833
1.000000
0.966667
0.933333
0.937500
0.620833
1.283333
0.945833
1.000000
0.995833
0.975000
0.991667
0.958333
0.979167
1.012500
0.966667
0.937500
0.954167
0.975000
0.950000
0.554167
0.425000
0.512500
0.479167
0.537500
0.450000
0.983333
0.991667
0.958333
0.979167
0.970833
0.950000
0.958333
0.266667
0.683333
0.945833
0.966667
0.900000
0.304167
0.641667
1.341667
0.537500
0.904167
0.433333
0.483333
0.262500
0.366667
0.304167
0.158333
0.758333
0.950000
0.562500
0.366667
0.512500
0.541667
0.141667
0.845833
0.591667
0.237500
1.087500
0.345833
0.362500
0.241667
0.425000
0.691667
0.925000
0.575000
0.520833
0.366667
0.254167
0.345833
0.612500
0.325000
0.591667
0.479167
0.437500
0.425000
0.958333
0.504167
0.908333
0.362500
0.170833
0.420833
0.275000
0.400000
0.270833
0.541667
0.425000
0.445833
0.558333
0.704167
0.870833
0.208333
0.916667
0.895833
0.904167
0.916667
0.916667
0.937500
0.929167
0.912500
0.654167
0.250000
0.895833
0.729167
0.166667
0.445833
0.391667
0.583333
0.562500
0.629167
1.179167
0.108333
0.495833
0.900000
0.875000
0.912500
0.895833
1.033333
0.708333
0.883333
0.908333
0.925000
0.958333
0.979167
0.970833
0.995833
1.000000
1.008333
0.916667
0.954167
0.979167
1.000000
0.983333
0.995833
1.012500
1.029167
0.733333
1.258333
0.925000
0.945833
0.962500
0.379167
0.533333
0.791667
0.116667
0.925000
0.937500
0.975000
0.979167
1.000000
0.954167
0.962500
0.933333
0.966667
0.979167
1.004167
1.012500
1.016667
1.012500
1.020833
1.033333
1.045833
1.029167
1.020833
1.016667
0.995833
0.970833
0.208333
0.304167
0.425000
0.929167
0.945833
0.929167
0.912500
0.933333
0.954167
0.975000
0.683333
0.287500
0.741667
0.220833
0.945833
0.720833
0.216667
0.966667
0.183333
0.775000
0.600000
0.325000
0.300000
0.295833
0.333333
0.425000
0.500000
0.916667
0.275000
0.291667
0.358333
0.604167
0.633333
0.616667
0.925000
0.933333
0.925000
0.666667
0.266667
0.883333
0.916667
0.925000
0.941667
0.929167
0.904167
0.895833
0.925000
0.950000
1.195833
0.066667
0.575000
0.225000
0.233333
0.383333
0.141667
0.620833
0.295833
0.937500
0.958333
0.950000
0.979167
1.020833
1.020833
0.995833
1.029167
1.004167
1.020833
0.958333
1.025000
1.029167
1.016667
1.008333
0.995833
0.970833
0.929167
0.962500
0.991667
1.000000
0.995833
0.975000
0.958333
0.975000
0.962500
0.962500
0.970833
0.937500
0.920833
0.933333
0.970833
0.987500
0.979167
1.012500
0.995833
0.941667
0.945833
0.966667
0.966667
0.954167
0.975000
0.958333
0.983333
0.966667
0.962500
0.975000
1.004167
1.016667
1.004167
0.991667
0.962500
0.975000
0.954167
0.975000
0.945833
0.933333
0.962500
0.991667
1.008333
0.954167
0.958333
0.991667
1.037500
1.066667
0.987500
0.991667
1.000000
0.950000
0.987500
0.962500
0.970833
0.979167
0.995833
1.033333
0.995833
0.987500
0.991667
1.050000
1.008333
0.995833
0.991667
0.975000
0.975000
0.937500
0.966667
0.995833
1.066667
1.045833
1.008333
1.020833
1.020833
0.991667
0.983333
0.983333
1.062500
1.012500
0.950000
1.062500
0.762500
1.262500
1.016667
0.912500
0.995833
0.933333
0.954167
1.016667
0.991667
0.962500
1.004167
1.087500
1.025000
1.029167
1.000000
0.920833
1.091667
1.037500
1.020833
1.012500
0.912500
1.050000
1.025000
1.020833
1.016667
0.991667
0.908333
1.054167
1.033333
1.020833
0.995833
0.929167
0.937500
0.983333
0.995833
1.050000
