0.866667
0.883333
0.875000
0.900000
0.891667
0.875000
0.904167
0.920833
0.916667
0.912500
0.912500
0.912500
0.912500
0.870833
0.887500
0.900000
0.900000
0.904167
0.879167
0.887500
0.900000
0.895833
0.883333
0.879167
0.904167
0.925000
0.904167
0.900000
0.920833
0.891667
0.904167
0.908333
0.341667
0.583333
0.925000
0.916667
0.925000
0.950000
0.950000
0.908333
0.912500
0.933333
0.895833
0.891667
0.895833
0.929167
0.962500
0.979167
0.958333
0.941667
0.941667
0.983333
0.950000
0.945833
0.954167
0.950000
0.962500
0.954167
0.941667
0.908333
0.920833
0.933333
0.950000
0.920833
0.925000
0.950000
0.908333
0.912500
0.954167
0.925000
0.904167
0.929167
0.937500
0.904167
0.904167
0.916667
0.925000
0.925000
0.920833
0.900000
0.908333
0.904167
0.904167
0.883333
0.875000
0.891667
0.908333
0.595833
0.308333
0.879167
0.900000
0.891667
0.608333
0.287500
0.870833
0.862500
0.879167
0.879167
0.870833
0.908333
0.900000
0.254167
0.612500
0.862500
0.862500
0.866667
0.850000
0.862500
0.866667
0.866667
0.879167
0.870833
0.866667
0.908333
0.895833
0.875000
0.891667
0.941667
0.895833
0.875000
0.883333
0.900000
0.879167
0.887500
0.891667
0.933333
0.929167
0.954167
0.908333
0.933333
0.937500
0.933333
0.916667
0.891667
0.891667
0.875000
0.879167
0.908333
0.912500
0.916667
0.933333
0.904167
0.908333
0.929167
0.916667
0.954167
0.920833
0.900000
0.895833
0.875000
0.875000
0.887500
0.908333
0.891667
0.904167
0.891667
0.870833
0.875000
0.887500
0.916667
0.908333
0.925000
0.962500
0.929167
0.929167
0.920833
0.925000
0.916667
0.945833
0.929167
0.958333
0.945833
0.962500
0.954167
0.945833
0.954167
0.904167
0.900000
0.887500
0.900000
0.920833
0.929167
0.954167
0.987500
0.983333
0.970833
0.966667
0.962500
0.962500
0.929167
0.937500
0.916667
0.933333
0.929167
0.945833
0.950000
0.941667
0.945833
0.904167
0.908333
0.920833
0.937500
0.916667
0.895833
0.908333
0.900000
0.887500
0.900000
0.916667
0.975000
0.970833
0.950000
0.912500
0.904167
0.937500
0.925000
0.933333
0.937500
0.950000
0.908333
0.908333
0.908333
0.916667
0.941667
0.937500
0.933333
0.900000
0.908333
0.887500
0.879167
0.904167
0.908333
0.908333
0.929167
0.900000
0.900000
0.912500
0.933333
0.945833
0.954167
0.908333
0.895833
0.912500
0.933333
0.929167
0.950000
0.908333
0.904167
0.916667
0.933333
0.937500
0.916667
0.908333
0.941667
0.945833
0.958333
0.916667
0.908333
0.920833
0.933333
0.945833
0.916667
0.908333
0.925000
0.954167
0.954167
0.900000
0.912500
0.920833
0.933333
0.933333
0.891667
0.891667
0.883333
0.904167
0.929167
0.933333
0.916667
0.904167
0.925000
0.945833
0.962500
0.925000
0.925000
0.954167
0.958333
0.962500
0.920833
0.912500
0.929167
0.945833
0.958333
0.904167
0.912500
0.933333
0.933333
0.945833
0.920833
0.925000
0.916667
0.920833
0.925000
0.904167
0.887500
0.883333
0.883333
0.904167
0.895833
0.875000
0.900000
0.895833
0.879167
0.875000
0.904167
0.916667
0.891667
0.912500
0.933333
0.925000
0.891667
0.895833
0.912500
0.920833
0.929167
0.929167
0.937500
0.933333
0.941667
0.937500
0.933333
0.929167
0.941667
0.891667
0.904167
0.920833
0.920833
0.912500
0.883333
0.900000
0.916667
0.925000
0.941667
0.900000
0.895833
0.904167
0.925000
0.920833
0.912500
0.887500
0.883333
0.895833
0.908333
0.883333
0.916667
0.937500
0.937500
0.916667
0.933333
0.920833
0.933333
0.933333
0.908333
0.912500
0.933333
0.912500
0.925000
0.920833
0.920833
0.920833
0.900000
0.920833
0.937500
0.916667
0.920833
0.912500
0.904167
0.900000
0.916667
0.925000
0.929167
0.937500
0.916667
0.895833
0.891667
0.908333
0.916667
0.887500
0.879167
0.904167
0.908333
0.920833
0.941667
0.912500
0.920833
0.937500
0.912500
0.895833
0.908333
0.904167
0.879167
0.891667
0.925000
0.916667
0.895833
0.908333
0.920833
0.920833
0.933333
0.895833
0.900000
0.912500
0.908333
0.912500
0.908333
0.879167
0.883333
0.879167
0.887500
0.912500
0.891667
0.887500
0.912500
0.933333
0.937500
0.920833
0.925000
0.954167
0.945833
0.937500
0.916667
0.937500
0.954167
0.950000
0.962500
0.925000
0.916667
0.933333
0.941667
0.954167
0.925000
0.904167
0.929167
0.937500
0.933333
0.904167
0.904167
0.920833
0.904167
0.891667
0.883333
0.908333
0.875000
0.875000
0.891667
0.929167
0.941667
0.929167
0.912500
0.916667
0.958333
0.941667
0.933333
0.916667
0.937500
0.937500
0.945833
0.920833
0.912500
0.929167
0.929167
0.920833
0.895833
0.908333
0.912500
0.929167
0.900000
1.033333
0.775000
0.925000
0.895833
0.891667
0.908333
0.879167
0.891667
0.912500
0.933333
0.950000
0.916667
0.941667
0.966667
0.966667
0.925000
0.958333
0.966667
0.950000
0.925000
0.937500
0.937500
0.908333
0.916667
0.929167
0.895833
0.912500
0.933333
0.950000
0.916667
0.904167
0.933333
0.945833
0.925000
0.933333
0.925000
0.895833
0.887500
0.895833
0.925000
0.920833
0.933333
0.933333
0.900000
0.937500
0.933333
0.941667
0.908333
0.920833
0.945833
0.929167
0.916667
0.908333
0.929167
0.920833
0.908333
0.912500
0.916667
0.912500
0.887500
0.887500
0.916667
0.875000
0.875000
0.900000
0.925000
0.958333
0.937500
0.900000
0.916667
0.883333
0.900000
0.904167
0.920833
0.929167
0.941667
0.937500
0.933333
0.941667
0.954167
0.916667
0.929167
0.929167
0.933333
0.941667
0.950000
0.933333
0.891667
0.912500
0.904167
0.887500
0.904167
0.887500
0.887500
0.916667
0.954167
0.983333
0.987500
0.945833
0.966667
0.966667
0.970833
0.950000
0.950000
0.966667
0.950000
0.950000
0.925000
0.937500
0.929167
0.929167
0.937500
0.937500
0.937500
0.912500
0.916667
0.929167
0.950000
0.950000
0.916667
0.937500
0.954167
0.954167
0.954167
0.941667
0.929167
0.925000
0.925000
0.900000
0.912500
0.920833
0.912500
0.925000
0.887500
0.900000
0.920833
0.912500
0.900000
0.912500
0.925000
0.950000
0.895833
0.900000
0.908333
0.912500
0.920833
0.912500
0.920833
0.925000
0.887500
0.900000
0.904167
0.895833
0.887500
0.900000
0.900000
0.887500
0.916667
0.933333
0.941667
0.941667
0.912500
0.937500
0.970833
0.991667
0.954167
0.954167
0.958333
0.975000
0.941667
0.937500
0.945833
0.954167
0.950000
0.920833
0.925000
0.937500
0.950000
0.929167
0.908333
0.920833
0.895833
0.895833
0.920833
0.912500
0.904167
0.925000
0.958333
0.975000
0.975000
0.941667
0.929167
0.933333
0.954167
0.970833
0.937500
0.916667
0.916667
0.941667
0.954167
0.962500
0.916667
0.916667
0.937500
0.937500
0.920833
