0.800000
0.516667
0.516667
0.575000
0.987500
1.008333
0.741667
0.925000
0.750000
0.500000
1.229167
0.712500
0.650000
0.500000
0.775000
0.841667
0.508333
0.550000
0.495833
1.066667
0.879167
0.591667
0.700000
0.625000
0.812500
0.645833
0.695833
0.545833
0.516667
0.545833
0.495833
0.891667
0.945833
0.654167
0.529167
0.783333
1.450000
0.708333
0.641667
0.637500
0.470833
0.820833
1.212500
0.575000
0.729167
1.354167
0.666667
0.470833
0.950000
0.595833
0.504167
0.487500
0.483333
0.479167
0.775000
0.754167
0.912500
0.608333
0.737500
0.804167
0.829167
0.520833
0.629167
0.958333
0.541667
0.858333
0.795833
0.650000
0.504167
0.504167
0.495833
0.608333
0.491667
0.570833
1.054167
0.750000
0.883333
0.575000
0.616667
0.954167
0.583333
0.562500
0.850000
0.875000
0.520833
0.545833
0.529167
0.529167
0.787500
0.754167
0.866667
0.741667
1.133333
0.800000
0.508333
0.675000
1.475000
0.712500
0.862500
1.141667
0.562500
0.487500
0.900000
1.191667
0.741667
0.687500
0.812500
0.537500
0.833333
1.066667
1.350000
0.612500
0.695833
0.850000
1.154167
0.750000
0.587500
0.891667
0.720833
0.820833
0.625000
0.695833
0.625000
0.516667
1.033333
1.045833
1.000000
0.708333
0.554167
0.570833
0.975000
0.733333
0.566667
0.850000
0.741667
0.466667
0.554167
0.787500
0.604167
0.725000
0.608333
0.512500
0.670833
0.770833
0.491667
0.508333
0.825000
0.725000
0.483333
0.816667
0.925000
0.662500
1.141667
0.570833
0.866667
0.845833
0.650000
0.925000
0.550000
0.491667
0.916667
0.562500
0.637500
0.520833
0.533333
0.733333
0.695833
0.654167
0.841667
0.533333
0.879167
1.337500
1.008333
0.762500
0.616667
0.737500
0.541667
0.491667
0.475000
0.504167
0.712500
0.691667
0.754167
0.729167
0.679167
0.579167
0.520833
0.575000
0.725000
0.512500
0.500000
0.575000
0.500000
0.645833
0.487500
0.833333
0.825000
0.491667
0.666667
0.545833
0.500000
0.779167
0.583333
0.483333
0.695833
0.520833
0.666667
0.891667
0.533333
0.770833
0.883333
0.895833
1.320833
1.050000
1.000000
1.241667
1.162500
1.316667
0.658333
0.516667
0.775000
0.608333
0.604167
0.608333
0.829167
1.200000
0.841667
1.020833
0.895833
0.816667
0.845833
0.904167
0.683333
0.941667
0.554167
0.537500
0.841667
0.625000
1.091667
0.950000
0.700000
0.691667
0.529167
0.500000
0.745833
0.537500
1.012500
0.620833
0.729167
0.983333
0.858333
0.658333
0.820833
0.975000
1.108333
0.583333
0.495833
0.525000
0.754167
0.854167
0.858333
1.395833
1.062500
0.879167
0.704167
0.520833
0.583333
1.054167
0.583333
0.762500
0.562500
0.462500
0.854167
0.595833
0.604167
0.725000
0.637500
0.504167
1.141667
0.845833
0.512500
0.529167
0.679167
0.495833
0.833333
0.983333
1.120833
1.025000
0.583333
0.841667
0.775000
0.620833
0.520833
0.725000
0.616667
0.575000
1.116667
1.275000
1.154167
1.025000
0.975000
0.541667
0.504167
0.529167
0.937500
0.600000
0.516667
0.895833
1.091667
0.575000
0.483333
0.520833
0.570833
0.579167
0.495833
0.795833
0.783333
0.520833
0.504167
0.520833
0.791667
0.612500
0.483333
0.600000
0.575000
0.775000
0.570833
0.508333
0.583333
0.495833
0.520833
1.058333
1.333333
0.779167
0.512500
0.800000
0.612500
0.783333
1.033333
0.729167
0.508333
0.870833
1.004167
0.779167
0.491667
0.633333
0.966667
0.725000
0.529167
0.795833
1.237500
1.162500
0.741667
0.850000
0.550000
0.562500
0.783333
0.487500
0.800000
0.825000
0.783333
1.000000
0.558333
0.504167
0.520833
1.087500
1.054167
1.208333
1.162500
0.829167
0.504167
0.516667
0.750000
1.041667
0.966667
0.875000
0.533333
0.495833
0.591667
0.508333
0.495833
0.575000
0.520833
0.691667
0.900000
0.745833
0.500000
0.737500
1.325000
0.908333
0.637500
0.820833
0.625000
0.937500
0.858333
0.504167
0.591667
0.520833
0.762500
0.862500
0.537500
0.783333
0.837500
0.583333
0.600000
0.804167
0.520833
0.654167
0.845833
0.729167
0.604167
0.462500
0.483333
0.929167
0.675000
0.500000
0.958333
0.570833
0.495833
0.579167
0.508333
0.487500
0.770833
0.833333
0.766667
0.766667
0.516667
0.512500
0.895833
0.612500
0.750000
0.850000
0.595833
0.537500
0.487500
0.550000
0.470833
0.537500
0.579167
0.666667
0.875000
0.583333
0.479167
0.558333
0.945833
0.550000
0.541667
0.512500
0.604167
0.575000
0.495833
0.500000
0.516667
0.529167
0.516667
0.625000
0.495833
0.695833
0.595833
0.766667
0.520833
0.487500
0.487500
1.058333
0.925000
0.504167
0.487500
0.504167
0.954167
0.658333
0.783333
0.933333
0.808333
0.512500
0.475000
0.870833
0.829167
0.495833
0.995833
0.975000
0.520833
0.845833
0.562500
0.525000
0.795833
0.795833
0.520833
0.466667
0.725000
0.825000
0.775000
0.470833
0.454167
0.562500
0.483333
0.625000
0.862500
0.758333
0.658333
0.500000
0.516667
0.687500
0.533333
0.512500
0.716667
0.845833
0.641667
0.475000
0.487500
1.029167
1.087500
1.029167
0.987500
0.695833
0.591667
0.737500
0.779167
0.783333
0.787500
0.575000
0.829167
0.837500
0.529167
0.541667
0.495833
0.841667
0.895833
0.508333
0.737500
0.683333
0.625000
0.579167
0.783333
1.008333
1.212500
1.200000
0.695833
0.916667
0.554167
0.779167
1.070833
1.029167
0.658333
0.458333
0.487500
0.550000
0.720833
0.750000
0.475000
0.495833
0.641667
0.516667
1.141667
1.216667
0.804167
0.500000
0.500000
0.912500
0.537500
0.508333
0.633333
0.595833
0.604167
0.566667
0.895833
0.750000
0.500000
0.766667
1.112500
0.550000
0.541667
0.595833
0.470833
0.495833
0.570833
0.833333
0.791667
0.854167
0.525000
0.495833
0.891667
0.725000
1.250000
1.041667
0.612500
0.487500
0.733333
0.883333
0.933333
0.783333
0.525000
0.637500
0.529167
0.579167
0.525000
0.920833
0.770833
0.512500
0.533333
0.475000
0.508333
0.508333
0.516667
0.716667
0.491667
0.791667
0.550000
0.512500
0.520833
0.666667
0.525000
0.808333
0.983333
1.183333
1.520833
1.287500
0.833333
0.829167
0.783333
0.541667
0.650000
1.450000
1.283333
0.845833
0.679167
0.954167
0.875000
0.516667
0.458333
0.516667
0.641667
0.495833
0.687500
0.645833
0.550000
0.600000
0.470833
0.595833
0.866667
0.579167
0.508333
0.770833
0.750000
0.741667
0.512500
0.762500
0.766667
0.925000
0.558333
0.495833
0.512500
0.895833
1.270833
0.633333
1.033333
0.766667
0.591667
1.079167
1.116667
1.029167
1.041667
0.904167
0.812500
1.000000
0.708333
0.516667
0.525000
0.495833
0.512500
1.029167
0.962500
0.770833
0.516667
0.591667
0.875000
1.500000
0.791667
0.541667
0.475000
0.966667
0.575000
0.800000
0.695833
0.783333
0.854167
0.762500
0.808333
0.833333
0.666667
0.725000
0.537500
0.570833
0.733333
0.479167
0.495833
0.529167
0.487500
0.816667
0.537500
0.850000
1.145833
0.762500
0.533333
0.512500
0.495833
0.733333
0.537500
0.537500
0.516667
0.533333
0.654167
0.458333
0.475000
0.741667
0.487500
0.654167
0.762500
0.941667
1.016667
0.879167
0.770833
0.650000
0.741667
0.904167
1.433333
0.825000
0.525000
0.500000
0.495833
0.916667
0.929167
1.254167
0.816667
0.562500
0.579167
1.095833
0.737500
0.466667
0.704167
0.787500
0.775000
0.616667
0.916667
1.037500
1.470833
1.100000
1.062500
0.554167
0.537500
1.150000
0.787500
0.583333
0.541667
0.608333
0.804167
0.775000
0.662500
0.708333
0.491667
0.741667
0.770833
0.650000
0.766667
0.766667
0.779167
1.429167
1.270833
0.579167
0.500000
0.920833
0.870833
0.683333
0.491667
0.766667
1.595833
1.041667
1.491667
0.837500
0.504167
0.479167
0.725000
0.500000
0.825000
0.654167
0.754167
0.745833
0.650000
0.475000
0.500000
0.516667
0.487500
0.816667
0.541667
0.866667
0.600000
0.491667
0.591667
0.533333
0.841667
0.795833
0.545833
0.541667
0.862500
0.645833
0.779167
0.533333
0.687500
0.958333
0.866667
0.758333
0.829167
0.550000
0.512500
0.500000
0.779167
1.470833
0.608333
0.812500
0.800000
0.750000
0.750000
0.520833
0.504167
0.812500
0.633333
0.670833
0.679167
0.695833
0.504167
0.504167
0.575000
0.641667
0.550000
0.545833
0.512500
0.937500
0.675000
0.658333
0.600000
0.795833
0.550000
0.670833
0.929167
0.791667
0.991667
0.825000
0.545833
0.633333
0.583333
0.762500
0.625000
0.500000
0.504167
0.525000
1.129167
0.591667
0.645833
1.070833
1.066667
0.775000
0.883333
