0.795833
0.516667
0.766667
0.870833
0.804167
0.804167
0.795833
0.516667
0.787500
0.462500
1.208333
0.800000
0.791667
0.529167
0.829167
0.854167
0.816667
0.795833
0.537500
0.791667
0.866667
0.808333
0.804167
0.800000
0.504167
0.791667
0.862500
0.804167
0.800000
0.795833
0.516667
0.787500
0.866667
0.800000
0.804167
0.504167
0.791667
0.454167
1.220833
0.795833
0.787500
0.508333
0.791667
0.862500
0.800000
0.800000
0.791667
0.512500
0.795833
0.458333
1.208333
0.795833
0.787500
0.787500
0.537500
0.791667
0.862500
0.804167
0.808333
0.800000
0.520833
0.804167
0.866667
0.812500
0.804167
0.795833
0.508333
0.795833
0.512500
1.045833
0.816667
0.812500
0.804167
0.529167
0.787500
0.766667
0.700000
0.662500
0.925000
0.816667
0.808333
0.504167
0.854167
0.854167
0.804167
0.800000
0.808333
0.800000
0.533333
0.795833
0.862500
0.800000
0.804167
0.791667
0.525000
0.800000
0.454167
1.200000
0.800000
0.800000
0.787500
0.541667
0.795833
0.854167
0.795833
0.795833
0.795833
0.520833
0.795833
0.866667
0.795833
0.787500
0.791667
0.520833
0.800000
0.845833
0.800000
0.791667
0.787500
0.516667
0.800000
0.845833
0.795833
0.791667
0.791667
0.520833
0.804167
0.858333
0.800000
0.795833
0.795833
0.512500
0.795833
0.858333
0.804167
0.804167
0.787500
0.516667
0.812500
0.858333
0.804167
0.800000
0.795833
0.791667
0.529167
0.795833
0.845833
0.800000
0.804167
0.795833
0.520833
0.808333
0.462500
1.204167
0.800000
0.795833
0.508333
0.800000
0.816667
0.829167
0.804167
0.812500
0.795833
0.541667
0.808333
0.862500
0.808333
0.808333
0.812500
0.512500
0.804167
0.887500
0.825000
0.820833
0.816667
0.812500
0.537500
0.829167
0.858333
0.808333
0.812500
0.820833
0.816667
0.816667
0.537500
0.783333
0.750000
0.729167
0.762500
0.741667
0.812500
0.879167
0.662500
0.816667
0.895833
0.808333
0.537500
0.904167
0.804167
0.800000
0.795833
0.512500
0.833333
0.837500
0.804167
0.800000
0.795833
0.529167
0.829167
0.850000
0.804167
0.804167
0.800000
0.525000
0.787500
0.875000
0.812500
0.808333
0.520833
0.850000
0.837500
0.808333
0.800000
0.795833
0.504167
0.812500
0.850000
0.804167
0.804167
0.795833
0.504167
0.820833
0.850000
0.808333
0.800000
0.800000
0.795833
0.529167
0.800000
0.466667
1.216667
0.800000
0.800000
0.795833
0.525000
0.795833
0.866667
0.808333
0.808333
0.800000
0.800000
0.529167
0.795833
0.462500
1.225000
0.795833
0.800000
0.791667
0.525000
0.795833
0.766667
0.870833
0.808333
0.800000
0.529167
0.825000
0.854167
0.804167
0.804167
0.804167
0.512500
0.829167
0.854167
0.804167
0.804167
0.804167
0.800000
0.533333
0.816667
0.866667
0.812500
0.808333
0.812500
0.795833
0.533333
0.791667
0.887500
0.804167
0.800000
0.795833
0.791667
0.525000
0.808333
0.858333
0.804167
0.808333
0.800000
0.520833
0.812500
0.462500
1.216667
0.791667
0.787500
0.787500
0.529167
0.787500
0.754167
0.712500
0.683333
0.920833
0.808333
0.808333
0.508333
0.841667
0.825000
0.800000
0.791667
0.787500
0.516667
0.804167
0.833333
0.791667
0.795833
0.783333
0.525000
0.812500
0.829167
0.791667
0.795833
0.787500
0.520833
0.825000
0.833333
0.795833
0.804167
0.787500
0.508333
0.816667
0.841667
0.795833
0.795833
0.800000
0.787500
0.533333
0.812500
0.854167
0.800000
0.795833
0.795833
0.508333
0.816667
0.845833
0.800000
0.795833
0.787500
0.504167
0.808333
0.841667
0.795833
0.795833
0.787500
0.508333
0.812500
0.837500
0.791667
0.795833
0.791667
0.504167
0.808333
0.845833
0.800000
0.795833
0.791667
0.508333
0.812500
0.850000
0.795833
0.804167
0.791667
0.525000
0.820833
0.858333
0.800000
0.800000
0.795833
0.504167
0.808333
0.862500
0.800000
0.800000
0.800000
0.795833
0.525000
0.804167
0.879167
0.808333
0.800000
0.800000
0.500000
0.804167
0.862500
0.812500
0.816667
0.800000
0.508333
0.812500
0.870833
0.804167
0.800000
0.795833
0.791667
0.516667
0.791667
0.445833
1.229167
0.795833
0.804167
0.800000
0.525000
0.812500
0.845833
0.800000
0.808333
0.795833
0.516667
0.812500
0.825000
0.795833
0.787500
0.787500
0.512500
0.812500
0.845833
0.808333
0.800000
0.787500
0.516667
0.812500
0.850000
0.808333
0.787500
0.791667
0.508333
0.808333
0.845833
0.808333
0.791667
0.787500
0.504167
0.812500
0.833333
0.800000
0.791667
0.791667
0.508333
0.808333
0.845833
0.800000
0.795833
0.787500
0.504167
0.804167
0.866667
0.804167
0.800000
0.804167
0.800000
0.516667
0.795833
0.883333
0.800000
0.808333
0.795833
0.800000
0.795833
0.529167
0.791667
0.716667
0.741667
0.633333
0.954167
0.825000
0.820833
0.808333
0.800000
0.795833
0.533333
0.787500
0.779167
0.720833
0.629167
0.954167
0.808333
0.808333
0.795833
0.804167
0.529167
0.816667
0.829167
0.791667
0.787500
0.795833
0.512500
0.883333
0.787500
0.795833
0.791667
0.525000
0.858333
0.800000
0.791667
0.787500
0.783333
0.779167
0.529167
0.791667
0.741667
0.712500
0.762500
0.762500
0.708333
0.791667
0.787500
0.687500
0.820833
0.825000
0.783333
0.529167
0.895833
0.783333
0.787500
0.779167
0.504167
0.866667
0.795833
0.783333
0.775000
0.779167
0.525000
0.820833
0.829167
0.787500
0.783333
0.787500
0.516667
0.800000
0.833333
0.800000
0.783333
0.783333
0.512500
0.820833
0.812500
0.791667
0.783333
0.775000
0.512500
0.820833
0.808333
0.791667
0.775000
0.779167
0.512500
0.820833
0.812500
0.791667
0.787500
0.779167
0.516667
0.829167
0.808333
0.791667
0.787500
0.779167
0.512500
0.829167
0.812500
0.787500
0.795833
0.779167
0.512500
0.800000
0.837500
0.800000
0.795833
0.791667
0.504167
0.812500
0.833333
0.795833
0.800000
0.787500
0.504167
0.816667
0.833333
0.800000
0.800000
0.783333
0.500000
0.800000
0.845833
0.795833
0.804167
0.791667
0.783333
0.529167
0.812500
0.833333
0.791667
0.795833
0.787500
0.508333
0.800000
0.845833
0.795833
0.791667
0.795833
0.791667
0.525000
0.820833
0.829167
0.795833
0.795833
0.795833
0.500000
0.829167
0.825000
0.791667
0.791667
0.787500
0.504167
0.795833
0.837500
0.791667
0.787500
0.783333
0.508333
0.787500
0.850000
0.795833
0.787500
0.791667
0.508333
0.775000
0.870833
0.795833
0.795833
0.791667
0.787500
0.525000
0.804167
0.837500
0.795833
0.791667
0.791667
0.508333
0.795833
0.841667
0.791667
0.791667
0.783333
0.508333
0.816667
0.825000
0.787500
0.791667
0.525000
0.879167
0.791667
0.791667
0.791667
0.779167
0.525000
0.812500
0.837500
0.795833
0.795833
0.787500
0.500000
0.812500
0.829167
0.791667
0.791667
0.791667
0.500000
0.804167
0.829167
0.791667
0.787500
0.783333
0.516667
0.816667
0.825000
0.795833
0.791667
0.791667
0.508333
0.820833
0.829167
0.791667
0.795833
0.791667
0.504167
0.812500
0.841667
0.795833
0.800000
0.791667
0.500000
0.775000
0.875000
0.800000
0.795833
0.795833
0.495833
0.812500
0.837500
0.800000
0.791667
0.795833
0.504167
0.812500
0.850000
0.795833
0.795833
0.795833
0.508333
0.791667
0.866667
0.800000
0.800000
0.791667
0.495833
0.800000
0.841667
0.791667
0.787500
0.787500
0.500000
0.808333
0.833333
0.791667
0.787500
0.783333
0.504167
0.816667
0.825000
0.791667
0.791667
0.783333
0.504167
0.812500
0.833333
0.791667
0.783333
0.779167
0.504167
0.808333
0.825000
0.791667
0.779167
0.783333
0.520833
0.829167
0.829167
0.791667
0.791667
0.520833
0.875000
0.795833
0.791667
0.795833
0.787500
0.504167
0.791667
0.850000
0.795833
0.795833
0.783333
0.504167
0.816667
0.816667
0.795833
0.787500
0.783333
0.504167
0.825000
0.808333
0.791667
0.783333
0.779167
0.512500
0.804167
0.812500
0.787500
0.787500
0.500000
0.870833
0.795833
0.791667
0.783333
0.783333
0.520833
0.808333
0.845833
0.787500
0.787500
0.779167
0.504167
0.775000
0.858333
0.787500
0.783333
0.787500
0.508333
0.791667
0.837500
0.791667
0.783333
0.791667
0.525000
