0.691667
0.695833
0.700000
0.700000
0.700000
0.700000
0.700000
0.695833
0.691667
0.695833
0.695833
0.695833
0.695833
0.695833
0.695833
0.695833
0.695833
0.700000
0.700000
0.695833
0.700000
0.700000
0.700000
0.704167
0.700000
0.704167
0.700000
0.700000
0.700000
0.700000
0.695833
0.700000
0.695833
0.700000
0.700000
0.691667
0.695833
0.695833
0.695833
0.700000
0.695833
0.695833
0.679167
0.666667
0.700000
0.687500
0.716667
0.704167
0.704167
0.704167
0.704167
0.708333
0.704167
0.704167
0.700000
0.704167
0.704167
0.695833
0.704167
0.700000
0.700000
0.700000
0.700000
0.704167
0.700000
0.700000
0.695833
0.695833
0.695833
0.700000
0.695833
0.700000
0.700000
0.700000
0.704167
0.704167
0.700000
0.700000
0.708333
0.704167
0.704167
0.700000
0.700000
0.695833
0.704167
0.700000
0.700000
0.700000
0.700000
0.708333
0.704167
0.704167
0.704167
0.708333
0.708333
0.708333
0.704167
0.704167
0.704167
0.683333
0.708333
0.683333
0.704167
0.695833
0.695833
0.695833
0.695833
0.695833
0.700000
0.700000
0.700000
0.695833
0.695833
0.691667
0.695833
0.691667
0.695833
0.695833
0.695833
0.695833
0.695833
0.700000
0.695833
0.695833
0.700000
0.691667
0.695833
0.700000
0.695833
0.695833
0.695833
0.700000
0.700000
0.700000
0.700000
0.695833
0.708333
0.700000
0.700000
0.700000
0.695833
0.704167
0.700000
0.700000
0.700000
0.691667
0.691667
0.691667
0.683333
0.683333
0.687500
0.695833
0.700000
0.704167
0.708333
0.708333
0.712500
0.712500
0.716667
0.712500
0.712500
0.716667
0.712500
0.712500
0.708333
0.708333
0.708333
0.708333
0.704167
0.695833
0.662500
0.695833
0.712500
0.691667
0.691667
0.691667
0.691667
0.695833
0.691667
0.695833
0.691667
0.691667
0.691667
0.691667
0.691667
0.691667
0.691667
0.687500
0.691667
0.691667
0.691667
0.695833
0.700000
0.695833
0.700000
0.695833
0.700000
0.704167
0.700000
0.695833
0.695833
0.704167
0.700000
0.700000
0.691667
0.695833
0.700000
0.675000
0.700000
0.675000
0.720833
0.700000
0.700000
0.695833
0.700000
0.704167
0.704167
0.695833
0.687500
0.662500
0.691667
0.712500
0.700000
0.695833
0.695833
0.695833
0.700000
0.704167
0.695833
0.695833
0.700000
0.695833
0.695833
0.695833
0.700000
0.695833
0.700000
0.700000
0.700000
0.700000
0.700000
0.704167
0.704167
0.700000
0.695833
0.700000
0.700000
0.700000
0.704167
0.695833
0.704167
0.700000
0.700000
0.695833
0.695833
0.695833
0.700000
0.695833
0.700000
0.695833
0.695833
0.700000
0.695833
0.700000
0.700000
0.704167
0.695833
0.704167
0.708333
0.704167
0.695833
0.695833
0.704167
0.700000
0.700000
0.704167
0.704167
0.704167
0.708333
0.704167
0.704167
0.704167
0.704167
0.700000
0.704167
0.700000
0.695833
0.700000
0.700000
0.704167
0.700000
0.704167
0.700000
0.708333
0.708333
0.708333
0.704167
0.704167
0.708333
0.704167
0.708333
0.704167
0.700000
0.704167
0.695833
0.700000
0.700000
0.704167
0.704167
0.704167
0.358333
0.837500
0.741667
0.708333
0.708333
0.708333
0.341667
0.829167
0.745833
0.704167
0.704167
0.704167
0.704167
0.704167
0.700000
0.700000
0.708333
0.704167
0.704167
0.708333
0.708333
0.700000
0.708333
0.708333
0.708333
0.708333
0.712500
0.708333
0.716667
0.712500
0.708333
0.712500
0.712500
0.712500
0.712500
0.704167
0.708333
0.708333
0.708333
0.708333
0.708333
0.704167
0.704167
0.708333
0.704167
0.704167
0.708333
0.704167
0.708333
0.704167
0.700000
0.708333
0.704167
0.704167
0.704167
0.704167
0.700000
0.704167
0.704167
0.700000
0.687500
0.691667
0.716667
0.704167
0.700000
0.704167
0.704167
0.704167
0.704167
0.708333
0.708333
0.708333
0.704167
0.708333
0.708333
0.704167
0.704167
0.704167
0.708333
0.695833
0.708333
0.700000
0.700000
0.704167
0.708333
0.708333
0.700000
0.695833
0.691667
0.691667
0.679167
0.683333
0.687500
0.700000
0.704167
0.708333
0.712500
0.716667
0.712500
0.716667
0.700000
0.687500
0.700000
0.750000
0.716667
0.712500
0.712500
0.712500
0.712500
0.708333
0.708333
0.708333
0.704167
0.704167
0.704167
0.704167
0.704167
0.704167
0.704167
0.704167
0.700000
0.704167
0.695833
0.700000
0.695833
0.700000
0.695833
0.695833
0.695833
0.691667
0.445833
0.866667
0.708333
0.695833
0.695833
0.695833
0.691667
0.695833
0.691667
0.695833
0.691667
0.695833
0.695833
0.695833
0.700000
0.700000
0.695833
0.700000
0.700000
0.704167
0.700000
0.704167
0.700000
0.704167
0.704167
0.700000
0.704167
0.691667
0.700000
0.695833
0.691667
0.695833
0.691667
0.691667
0.687500
0.695833
0.695833
0.695833
0.695833
0.691667
0.700000
0.695833
0.695833
0.691667
0.695833
0.695833
0.695833
0.362500
0.845833
0.716667
0.700000
0.695833
0.700000
0.700000
0.700000
0.700000
0.354167
0.837500
0.725000
0.704167
0.695833
0.695833
0.695833
0.695833
0.695833
0.695833
0.691667
0.691667
0.695833
0.691667
0.691667
0.691667
0.695833
0.691667
0.691667
0.691667
0.691667
0.695833
0.695833
0.691667
0.691667
0.691667
0.695833
0.695833
0.700000
0.700000
0.704167
0.704167
0.704167
0.700000
0.700000
0.700000
0.704167
0.700000
0.700000
0.695833
0.704167
0.700000
0.700000
0.700000
0.695833
0.700000
0.700000
0.695833
0.700000
0.695833
0.695833
0.695833
0.695833
0.695833
0.695833
0.695833
0.691667
0.695833
0.695833
0.691667
0.700000
0.695833
0.695833
0.700000
0.700000
0.695833
0.700000
0.691667
0.695833
0.695833
0.691667
0.691667
0.695833
0.691667
0.695833
0.695833
0.695833
0.704167
0.695833
0.700000
0.700000
0.695833
0.700000
0.691667
0.691667
0.691667
0.695833
0.700000
0.695833
0.695833
0.695833
0.695833
0.691667
0.695833
0.695833
0.695833
0.700000
0.695833
0.704167
0.700000
0.704167
0.700000
0.704167
0.700000
0.700000
0.700000
0.704167
0.695833
0.695833
0.700000
0.695833
0.700000
0.691667
0.695833
0.695833
0.700000
0.695833
0.700000
0.675000
0.683333
0.691667
0.729167
0.704167
0.700000
0.704167
0.700000
0.704167
0.700000
0.704167
0.704167
0.704167
0.700000
0.708333
0.704167
0.704167
0.704167
0.700000
0.700000
0.704167
0.704167
0.704167
0.704167
0.704167
0.700000
0.704167
0.700000
0.704167
0.708333
0.700000
0.700000
0.695833
0.691667
0.683333
0.687500
0.691667
0.695833
0.700000
0.708333
0.708333
0.712500
0.716667
0.720833
0.720833
0.716667
0.720833
0.716667
0.720833
0.716667
0.712500
0.716667
0.712500
0.670833
0.708333
0.725000
0.708333
0.704167
0.704167
0.704167
0.704167
0.704167
0.704167
0.704167
0.704167
0.704167
0.700000
0.704167
0.700000
0.700000
0.704167
0.700000
0.700000
0.695833
0.700000
0.695833
0.700000
0.695833
0.700000
0.700000
0.695833
0.700000
0.695833
0.695833
0.695833
0.695833
0.700000
0.695833
0.700000
0.700000
0.700000
0.695833
0.700000
0.704167
0.704167
0.704167
0.700000
0.700000
0.704167
0.704167
0.700000
0.704167
0.700000
0.704167
0.704167
0.704167
0.700000
0.695833
0.700000
0.691667
0.695833
0.700000
0.700000
0.700000
0.704167
0.704167
0.704167
0.704167
0.704167
0.704167
0.704167
0.704167
0.708333
0.700000
0.704167
0.704167
0.704167
0.704167
0.700000
0.695833
0.704167
0.700000
0.704167
0.704167
0.708333
0.704167
0.708333
0.704167
0.700000
0.704167
0.700000
0.700000
0.700000
0.700000
0.700000
0.704167
0.700000
0.700000
0.700000
0.704167
0.704167
0.704167
0.700000
0.704167
0.704167
0.704167
0.708333
0.708333
0.708333
0.708333
0.704167
0.708333
0.704167
0.704167
0.704167
0.695833
0.704167
0.700000
0.700000
0.700000
0.695833
0.691667
0.700000
0.695833
0.695833
0.695833
0.700000
0.700000
0.700000
0.695833
0.700000
0.700000
0.700000
0.704167
0.704167
0.704167
0.708333
0.704167
0.704167
0.712500
0.704167
0.708333
0.704167
0.700000
0.704167
0.708333
0.708333
0.708333
0.708333
0.704167
0.704167
0.704167
0.708333
0.708333
0.708333
0.704167
0.712500
0.708333
0.704167
0.712500
0.708333
0.712500
0.708333
0.712500
0.712500
0.712500
0.712500
0.712500
0.708333
0.704167
0.704167
0.704167
0.708333
0.704167
0.704167
0.704167
0.704167
0.708333
0.708333
0.704167
0.704167
0.704167
0.708333
0.708333
0.708333
0.708333
0.708333
0.708333
0.712500
0.708333
0.704167
0.712500
0.716667
0.704167
0.708333
0.700000
0.700000
0.695833
0.704167
0.700000
0.708333
0.716667
0.716667
0.720833
0.716667
0.720833
0.716667
0.720833
0.725000
0.720833
0.716667
0.720833
0.720833
0.720833
0.720833
0.720833
0.716667
0.712500
0.716667
0.712500
0.708333
0.708333
0.708333
0.704167
0.704167
0.704167
0.704167
