0.666667
0.683333
0.687500
0.691667
0.675000
0.700000
0.675000
0.708333
0.679167
0.704167
0.687500
0.708333
0.695833
0.708333
0.683333
0.700000
0.683333
0.700000
0.683333
0.595833
0.916667
0.720833
0.533333
0.695833
0.695833
0.700000
0.550000
0.725000
0.945833
0.691667
1.245833
0.691667
0.600000
0.687500
0.933333
0.691667
0.545833
0.695833
0.833333
0.550000
0.833333
0.675000
0.416667
0.962500
0.695833
0.683333
0.654167
0.616667
0.712500
0.816667
0.729167
0.708333
0.850000
0.720833
0.704167
0.670833
0.683333
0.675000
0.691667
0.579167
0.929167
0.700000
0.533333
0.695833
0.675000
0.695833
0.691667
0.658333
0.708333
0.837500
0.454167
0.495833
1.087500
0.562500
0.795833
0.575000
0.683333
0.704167
0.691667
0.791667
0.708333
0.679167
0.695833
0.683333
0.520833
0.720833
0.720833
0.691667
0.712500
0.683333
0.708333
0.683333
0.604167
0.916667
0.729167
0.700000
0.504167
0.725000
0.708333
0.691667
0.712500
1.408333
0.704167
0.700000
0.712500
0.700000
0.712500
0.695833
0.700000
0.700000
0.708333
0.691667
0.695833
0.695833
0.695833
0.687500
0.595833
0.800000
0.591667
0.775000
1.279167
1.379167
0.691667
0.670833
1.383333
0.787500
0.591667
1.383333
0.912500
0.520833
1.391667
0.675000
0.537500
1.504167
0.812500
0.658333
1.112500
0.908333
0.683333
1.187500
0.812500
0.679167
1.120833
0.912500
0.679167
0.454167
1.470833
0.575000
0.916667
0.695833
0.691667
0.679167
0.708333
0.683333
0.708333
0.683333
0.708333
0.683333
0.712500
0.545833
0.704167
0.687500
0.708333
0.820833
0.433333
0.716667
0.720833
0.954167
0.683333
0.704167
0.466667
0.700000
0.937500
0.425000
0.741667
0.950000
0.708333
0.716667
0.712500
0.695833
0.691667
0.712500
0.416667
0.791667
0.645833
0.933333
0.712500
0.687500
0.700000
0.704167
0.562500
0.837500
0.700000
0.704167
0.712500
0.679167
0.416667
0.670833
0.987500
0.666667
0.683333
0.691667
0.708333
0.683333
0.708333
0.691667
0.712500
0.695833
0.670833
0.720833
0.562500
0.858333
0.691667
0.691667
0.712500
0.695833
0.691667
0.729167
0.550000
0.854167
0.695833
0.670833
0.725000
0.462500
0.712500
0.700000
0.945833
0.700000
0.716667
0.683333
0.720833
0.683333
0.708333
0.416667
0.741667
0.679167
0.945833
0.700000
0.712500
0.687500
0.729167
0.670833
0.725000
0.391667
0.975000
0.691667
0.704167
0.645833
0.633333
0.608333
0.775000
0.579167
0.795833
0.741667
0.795833
0.833333
0.687500
0.712500
0.683333
0.712500
0.691667
0.716667
0.687500
0.720833
0.700000
0.716667
0.691667
0.725000
0.691667
0.733333
0.554167
0.604167
0.683333
0.720833
0.929167
0.725000
0.683333
0.708333
0.562500
1.291667
0.716667
0.916667
0.712500
0.691667
0.683333
0.725000
0.683333
0.708333
0.412500
1.525000
0.845833
0.704167
0.704167
1.237500
1.345833
0.945833
0.708333
1.270833
0.850000
0.695833
1.187500
0.941667
0.704167
1.287500
0.841667
0.695833
1.279167
0.604167
0.795833
0.612500
0.683333
1.516667
0.704167
0.837500
0.712500
0.695833
0.716667
0.687500
1.262500
0.600000
0.737500
1.583333
1.229167
0.833333
0.541667
1.395833
0.695833
0.700000
1.395833
1.375000
0.829167
0.700000
1.179167
0.933333
0.708333
0.712500
0.708333
0.575000
1.425000
1.333333
0.937500
0.712500
0.725000
0.700000
0.575000
1.329167
1.420833
1.520833
1.316667
1.404167
0.687500
0.708333
0.945833
0.566667
1.416667
0.841667
0.712500
0.562500
0.850000
0.700000
0.387500
0.791667
0.895833
0.687500
0.700000
0.679167
0.716667
0.679167
0.716667
0.683333
0.720833
0.445833
0.720833
0.937500
0.708333
0.720833
0.679167
0.716667
0.700000
0.700000
0.745833
0.554167
0.858333
0.583333
0.820833
0.729167
0.575000
0.820833
0.745833
0.445833
0.720833
0.812500
0.850000
0.566667
0.854167
0.708333
0.720833
0.716667
0.716667
0.720833
0.566667
0.862500
0.466667
0.720833
0.962500
0.579167
0.708333
1.433333
0.845833
0.479167
0.712500
0.958333
0.716667
0.720833
0.704167
0.716667
0.575000
0.712500
0.683333
0.862500
0.475000
0.645833
0.970833
0.712500
0.700000
0.695833
0.729167
0.700000
0.591667
0.725000
0.829167
0.587500
1.429167
0.725000
0.820833
0.729167
0.695833
0.725000
0.700000
0.666667
0.595833
0.720833
0.695833
0.708333
0.712500
0.691667
0.870833
0.691667
0.458333
0.691667
0.954167
0.700000
0.725000
0.687500
0.579167
0.833333
0.570833
0.829167
0.470833
0.683333
0.945833
0.675000
0.708333
0.691667
0.562500
0.829167
0.712500
0.545833
0.575000
0.716667
0.954167
0.687500
0.712500
0.691667
0.733333
0.533333
0.870833
0.541667
0.858333
0.550000
0.625000
0.687500
0.966667
0.575000
0.841667
0.729167
0.666667
0.745833
0.570833
0.712500
0.850000
0.720833
0.704167
0.579167
0.695833
0.729167
0.854167
0.579167
0.704167
0.716667
0.716667
0.616667
0.695833
0.975000
0.575000
0.850000
0.704167
0.733333
0.725000
0.570833
0.858333
0.466667
0.708333
0.966667
0.708333
0.675000
0.637500
0.650000
0.708333
0.800000
0.837500
0.541667
1.479167
0.841667
0.695833
0.716667
0.595833
0.625000
0.791667
0.729167
0.879167
0.570833
1.345833
1.400000
1.516667
1.412500
0.679167
0.862500
1.283333
1.033333
0.812500
0.858333
1.433333
0.787500
0.708333
1.425000
0.837500
0.462500
1.533333
0.704167
0.712500
1.429167
0.704167
0.708333
1.429167
0.620833
0.800000
0.716667
0.629167
0.800000
1.329167
0.666667
1.000000
1.275000
0.616667
0.800000
1.437500
1.425000
0.704167
0.716667
1.333333
0.712500
0.945833
0.658333
0.733333
0.745833
0.495833
0.883333
0.712500
0.566667
0.695833
0.725000
0.837500
0.725000
0.458333
0.712500
0.929167
0.737500
0.679167
0.737500
0.687500
0.725000
0.712500
0.687500
0.583333
0.716667
0.708333
0.854167
0.570833
0.608333
0.716667
0.704167
0.958333
0.716667
0.687500
0.733333
0.720833
0.658333
0.750000
0.470833
0.716667
0.941667
0.725000
0.720833
0.708333
0.704167
0.745833
0.700000
0.733333
0.691667
0.737500
0.450000
0.720833
0.704167
0.983333
0.720833
0.708333
0.725000
0.679167
0.737500
0.720833
0.716667
0.575000
1.429167
0.712500
0.608333
0.725000
0.937500
0.729167
0.708333
0.725000
0.725000
0.716667
0.725000
0.704167
0.729167
0.566667
0.850000
0.483333
0.704167
0.970833
0.733333
0.662500
0.745833
0.733333
0.562500
0.862500
0.570833
0.716667
0.858333
0.720833
0.566667
0.716667
0.712500
0.604167
0.725000
0.950000
0.708333
0.695833
0.729167
0.720833
0.729167
0.712500
0.741667
0.458333
0.720833
0.966667
0.716667
0.579167
1.441667
0.720833
0.716667
0.625000
0.725000
0.966667
0.745833
0.704167
0.716667
0.441667
0.862500
0.808333
0.625000
0.733333
0.725000
1.437500
1.470833
0.854167
0.637500
0.454167
0.845833
0.795833
0.966667
0.716667
0.400000
0.858333
0.437500
0.891667
0.812500
0.695833
1.425000
0.591667
0.712500
1.516667
0.700000
0.683333
1.445833
0.704167
0.708333
1.425000
1.587500
1.258333
0.729167
0.704167
1.433333
1.433333
1.429167
1.579167
0.454167
0.937500
1.308333
1.425000
1.450000
1.441667
1.320833
1.533333
1.341667
1.525000
1.437500
1.445833
1.425000
1.433333
1.320833
1.533333
1.433333
1.454167
1.445833
0.729167
0.875000
0.470833
0.712500
1.716667
0.700000
0.725000
0.725000
0.704167
0.591667
0.875000
0.575000
0.866667
0.441667
0.687500
1.008333
0.604167
0.858333
0.733333
0.725000
0.704167
0.587500
0.883333
0.700000
0.583333
1.333333
0.987500
0.708333
0.725000
0.666667
0.758333
0.587500
0.854167
0.729167
0.716667
0.729167
0.708333
0.475000
0.737500
0.975000
0.704167
0.583333
0.858333
0.708333
0.729167
0.729167
0.470833
0.658333
1.000000
