1.087500
1.091667
0.508333
0.775000
1.195833
1.087500
1.087500
1.087500
1.000000
1.112500
1.087500
1.087500
1.091667
1.083333
1.091667
0.795833
1.212500
1.083333
1.087500
1.091667
1.087500
1.087500
1.091667
1.083333
0.991667
1.070833
1.112500
1.087500
1.100000
1.079167
0.891667
1.129167
2.204167
1.087500
1.083333
1.091667
1.087500
1.087500
1.087500
0.995833
1.116667
1.087500
1.091667
1.083333
1.087500
1.087500
0.879167
1.116667
1.087500
1.087500
1.087500
1.087500
1.087500
1.087500
1.087500
0.820833
1.116667
0.550000
1.191667
1.087500
1.087500
1.091667
1.087500
1.087500
1.087500
1.087500
0.970833
1.116667
1.091667
1.083333
1.091667
1.087500
1.083333
1.091667
1.091667
1.083333
1.087500
1.087500
1.087500
1.008333
0.591667
1.120833
1.087500
1.091667
1.083333
1.087500
1.087500
1.091667
1.087500
1.000000
1.120833
1.083333
1.091667
0.950000
1.120833
1.087500
1.087500
1.012500
1.112500
1.091667
1.087500
0.987500
1.116667
1.087500
1.087500
0.995833
1.116667
1.087500
1.087500
0.900000
1.204167
1.091667
1.083333
1.020833
0.412500
1.200000
1.083333
1.091667
1.083333
1.091667
1.087500
1.087500
1.066667
1.112500
1.087500
1.087500
1.087500
1.000000
1.116667
1.091667
1.087500
1.000000
1.179167
0.545833
0.704167
1.204167
1.083333
1.091667
1.087500
1.012500
1.129167
1.070833
1.091667
1.087500
1.087500
1.087500
1.066667
1.108333
1.087500
1.087500
1.087500
1.025000
0.475000
1.120833
1.116667
1.087500
1.087500
1.087500
1.087500
1.087500
1.087500
1.087500
1.091667
0.762500
0.325000
0.987500
0.337500
0.787500
1.087500
1.087500
1.087500
1.091667
1.083333
1.087500
1.087500
1.008333
1.116667
1.083333
1.091667
1.083333
1.091667
1.083333
1.087500
1.091667
1.087500
1.087500
0.887500
1.208333
1.087500
1.091667
0.954167
1.112500
0.579167
1.191667
1.087500
1.087500
0.912500
1.116667
1.091667
1.083333
0.887500
1.112500
1.091667
1.091667
1.079167
1.087500
1.095833
1.083333
1.087500
1.108333
1.070833
1.087500
1.087500
0.808333
1.120833
1.087500
1.087500
1.087500
0.762500
1.212500
1.087500
1.087500
0.933333
1.204167
1.087500
1.087500
1.087500
1.087500
1.091667
1.087500
1.087500
1.083333
0.912500
1.195833
1.087500
1.087500
1.095833
1.083333
1.087500
1.083333
1.087500
1.095833
1.066667
1.104167
1.083333
1.095833
1.083333
1.104167
1.075000
1.087500
1.087500
1.083333
1.091667
1.091667
0.883333
1.208333
1.087500
1.087500
1.087500
1.087500
1.087500
1.087500
1.087500
1.091667
1.041667
1.112500
1.091667
1.087500
0.920833
1.108333
0.579167
1.191667
1.087500
1.087500
0.900000
1.187500
1.091667
1.083333
1.095833
1.079167
1.091667
1.087500
0.979167
1.116667
1.087500
1.087500
0.970833
1.204167
1.087500
1.087500
1.029167
1.125000
1.087500
1.087500
0.504167
1.195833
1.083333
1.087500
1.091667
1.087500
1.087500
1.087500
1.050000
1.116667
1.087500
1.087500
1.100000
1.075000
1.091667
1.087500
1.087500
0.891667
1.191667
1.091667
1.087500
1.087500
1.087500
1.087500
1.087500
1.091667
0.962500
1.116667
1.087500
1.087500
1.091667
1.083333
1.087500
1.087500
1.087500
1.087500
1.091667
1.083333
1.087500
0.808333
1.116667
1.087500
1.087500
1.083333
1.091667
1.083333
1.091667
1.087500
0.975000
1.112500
0.604167
1.191667
0.508333
1.183333
1.091667
1.083333
1.091667
1.087500
1.091667
1.083333
1.087500
1.091667
1.083333
0.916667
1.204167
1.083333
1.087500
1.087500
1.087500
1.087500
1.091667
0.975000
1.120833
1.087500
1.087500
1.087500
1.087500
1.091667
1.083333
1.108333
1.070833
1.083333
1.091667
1.087500
1.087500
1.087500
1.087500
0.975000
1.112500
1.091667
1.083333
1.091667
1.087500
1.087500
1.087500
1.087500
0.983333
1.112500
1.087500
1.087500
0.941667
1.116667
1.087500
1.087500
0.791667
1.200000
1.087500
1.087500
1.087500
1.087500
1.095833
1.083333
1.091667
1.091667
1.087500
1.091667
1.091667
1.083333
1.087500
1.087500
1.087500
1.087500
1.091667
1.087500
1.083333
1.091667
0.970833
1.116667
0.570833
1.191667
1.087500
1.087500
1.083333
1.087500
1.091667
1.087500
1.087500
1.087500
1.087500
1.087500
1.087500
0.887500
1.212500
1.087500
1.087500
0.987500
1.112500
1.091667
1.087500
1.087500
1.087500
1.087500
1.087500
1.087500
1.075000
1.104167
0.512500
0.737500
1.204167
0.508333
1.187500
1.087500
1.087500
1.087500
1.087500
1.091667
1.087500
1.087500
1.087500
1.087500
1.087500
0.895833
0.529167
1.116667
1.091667
1.083333
1.091667
1.087500
1.087500
1.087500
1.087500
1.087500
1.016667
1.120833
1.087500
1.087500
1.091667
1.083333
1.087500
1.087500
1.050000
1.112500
1.087500
1.087500
1.087500
1.087500
0.754167
1.200000
1.087500
1.087500
1.087500
1.083333
1.037500
1.116667
1.091667
1.087500
1.083333
1.091667
1.087500
1.087500
1.079167
1.095833
1.087500
1.087500
1.091667
0.891667
1.112500
1.087500
1.091667
1.087500
1.087500
0.633333
1.191667
1.083333
1.091667
1.000000
1.175000
1.087500
1.087500
0.991667
1.183333
1.087500
1.087500
1.087500
1.091667
1.083333
0.900000
1.108333
1.091667
1.087500
1.091667
1.083333
1.087500
1.091667
1.050000
1.116667
1.087500
0.495833
1.191667
0.537500
1.191667
0.508333
1.191667
1.091667
0.983333
1.120833
1.087500
1.083333
1.091667
1.087500
1.087500
1.087500
1.095833
1.083333
1.091667
1.083333
1.087500
1.087500
1.087500
1.087500
1.087500
1.091667
0.770833
1.191667
1.091667
1.087500
1.083333
1.091667
1.087500
1.087500
1.087500
1.087500
1.087500
1.087500
1.091667
1.087500
1.004167
1.112500
1.091667
1.087500
1.087500
0.737500
1.204167
1.087500
1.087500
