0.891667
0.904167
0.916667
0.879167
0.900000
0.933333
0.937500
0.925000
0.920833
0.895833
0.920833
0.091667
0.858333
0.962500
0.945833
0.929167
0.970833
1.891667
1.904167
1.829167
1.787500
0.908333
0.895833
0.879167
0.904167
0.920833
0.929167
0.941667
0.958333
0.962500
0.912500
0.787500
0.383333
0.708333
0.291667
0.650000
0.937500
0.945833
0.962500
0.958333
0.962500
0.966667
0.962500
0.945833
0.958333
0.975000
0.966667
0.958333
0.954167
0.954167
0.945833
0.916667
0.916667
0.950000
0.950000
0.950000
0.550000
0.395833
0.941667
0.529167
0.395833
0.933333
0.920833
0.929167
0.933333
0.929167
0.904167
0.904167
0.912500
0.895833
0.887500
0.904167
0.908333
0.895833
0.879167
0.887500
0.879167
0.887500
0.879167
0.329167
0.537500
0.295833
0.570833
0.866667
0.270833
0.637500
0.462500
0.450000
0.233333
0.666667
0.908333
0.337500
0.591667
0.941667
0.920833
0.925000
0.912500
0.904167
0.929167
0.925000
0.883333
0.879167
0.875000
0.883333
0.716667
0.220833
0.208333
0.375000
0.337500
0.879167
0.912500
0.891667
0.916667
0.933333
0.441667
0.470833
0.300000
0.637500
0.383333
0.545833
0.266667
0.425000
0.395833
0.529167
0.483333
0.858333
0.204167
0.495833
1.066667
0.891667
0.900000
0.887500
0.925000
0.900000
0.900000
0.600000
0.941667
0.287500
0.679167
0.229167
0.329167
0.604167
0.308333
0.445833
0.200000
0.491667
0.604167
0.220833
0.212500
0.383333
0.954167
0.683333
0.479167
0.366667
0.383333
0.412500
0.400000
0.108333
0.579167
0.254167
0.329167
0.229167
0.608333
0.387500
0.337500
0.358333
0.225000
0.341667
0.458333
0.445833
0.516667
0.158333
1.050000
0.862500
0.620833
0.254167
0.766667
0.104167
0.441667
0.433333
0.233333
0.612500
0.875000
0.875000
0.712500
0.383333
0.654167
0.891667
0.887500
0.887500
0.925000
0.954167
0.933333
0.941667
0.954167
0.954167
0.954167
0.937500
0.950000
0.966667
0.966667
0.975000
0.966667
0.945833
0.966667
0.975000
0.983333
0.970833
0.954167
0.945833
0.962500
0.458333
0.483333
0.237500
0.595833
1.062500
0.408333
0.233333
0.300000
0.304167
0.641667
0.725000
0.225000
0.929167
0.366667
0.295833
0.275000
0.958333
0.491667
0.479167
0.470833
0.483333
0.412500
0.525000
0.945833
0.966667
0.962500
0.950000
0.937500
0.912500
0.945833
0.954167
0.925000
0.925000
0.945833
0.954167
0.920833
0.925000
0.954167
0.958333
0.966667
0.962500
0.966667
0.954167
0.962500
0.975000
0.979167
0.958333
0.954167
0.991667
0.991667
0.991667
0.987500
0.991667
0.962500
0.983333
1.008333
0.995833
1.000000
0.991667
0.970833
0.975000
1.004167
1.000000
1.000000
0.991667
0.975000
0.970833
0.991667
0.995833
0.983333
0.970833
0.958333
0.983333
0.991667
0.979167
0.975000
0.958333
0.737500
0.237500
0.541667
0.412500
0.620833
0.100000
0.400000
0.137500
0.679167
0.962500
0.920833
0.954167
0.970833
0.970833
0.950000
0.937500
0.970833
0.979167
0.970833
0.962500
0.958333
0.958333
0.950000
0.962500
0.962500
0.945833
0.954167
0.987500
0.991667
0.991667
0.979167
0.958333
1.004167
1.000000
0.966667
0.962500
0.966667
0.966667
0.966667
0.945833
0.950000
0.979167
0.975000
0.979167
0.979167
0.970833
0.975000
0.979167
0.975000
0.958333
0.970833
0.975000
0.975000
0.962500
0.958333
0.991667
0.983333
0.983333
0.987500
0.954167
0.979167
0.991667
0.987500
0.983333
0.958333
0.970833
0.991667
0.983333
0.979167
0.950000
0.975000
0.991667
0.987500
0.987500
0.962500
0.962500
0.991667
0.995833
0.995833
0.970833
0.966667
0.983333
0.983333
0.983333
0.954167
0.966667
0.991667
0.991667
0.975000
0.962500
0.983333
0.991667
0.991667
0.983333
0.958333
0.987500
0.995833
0.995833
0.995833
0.962500
0.995833
0.987500
0.987500
0.975000
0.962500
0.987500
0.983333
0.979167
0.950000
0.979167
0.987500
0.979167
0.962500
0.954167
0.983333
0.966667
0.950000
0.975000
0.595833
0.366667
0.591667
0.370833
0.941667
0.354167
0.308333
0.375000
0.895833
0.725000
0.241667
0.950000
0.941667
0.958333
0.966667
0.954167
0.966667
0.970833
0.945833
0.966667
0.975000
0.970833
0.941667
0.954167
0.970833
0.970833
0.966667
0.958333
0.966667
0.945833
0.970833
0.966667
0.966667
0.725000
0.237500
0.962500
0.958333
0.966667
0.937500
0.962500
0.975000
0.966667
0.962500
0.958333
0.970833
0.950000
0.962500
0.958333
0.962500
0.970833
0.962500
0.966667
0.979167
0.979167
0.954167
0.975000
0.979167
0.970833
0.966667
0.966667
0.958333
0.966667
0.966667
0.945833
0.950000
0.970833
0.979167
0.958333
0.958333
0.970833
0.987500
0.966667
0.950000
0.962500
0.975000
0.962500
0.933333
0.950000
0.954167
0.933333
0.937500
0.937500
0.970833
0.933333
0.945833
0.954167
0.954167
0.950000
0.954167
0.929167
0.937500
0.945833
0.941667
0.925000
0.920833
0.529167
1.225000
0.479167
0.383333
0.983333
0.933333
0.912500
0.933333
0.945833
0.958333
0.962500
0.937500
0.958333
0.975000
0.975000
0.950000
0.954167
0.954167
0.916667
0.937500
0.945833
0.950000
0.916667
0.933333
0.945833
0.950000
0.945833
0.954167
0.950000
0.945833
0.962500
0.945833
0.920833
0.941667
0.941667
0.937500
0.929167
0.929167
0.929167
0.916667
0.762500
1.100000
0.933333
0.937500
0.941667
0.912500
0.912500
0.916667
0.929167
0.929167
0.945833
0.941667
0.920833
0.937500
0.916667
0.937500
0.945833
0.937500
0.950000
0.950000
0.941667
0.920833
0.966667
0.941667
0.937500
0.950000
0.966667
0.975000
0.970833
0.966667
0.916667
0.937500
0.933333
0.945833
0.958333
0.925000
0.937500
0.950000
0.962500
0.958333
0.975000
0.966667
0.962500
0.979167
1.012500
0.962500
0.970833
1.345833
0.379167
0.195833
0.362500
0.412500
0.420833
0.745833
0.954167
0.958333
0.958333
0.945833
0.962500
0.970833
0.979167
0.979167
0.979167
0.962500
0.983333
1.000000
0.995833
1.004167
0.650000
0.341667
0.262500
0.537500
0.170833
0.991667
0.995833
0.995833
0.991667
0.991667
0.966667
0.979167
0.987500
0.979167
0.979167
0.954167
1.733333
0.233333
0.975000
0.333333
0.616667
0.975000
0.966667
0.975000
0.962500
0.950000
0.937500
0.904167
0.916667
0.912500
0.904167
0.904167
0.937500
0.933333
0.916667
0.904167
0.933333
0.912500
0.920833
0.937500
0.937500
0.920833
0.937500
0.975000
0.941667
0.933333
0.987500
0.991667
0.970833
0.954167
0.958333
0.987500
0.987500
0.987500
0.954167
0.962500
0.979167
0.958333
0.962500
0.962500
0.954167
0.950000
0.970833
0.979167
0.983333
0.979167
0.958333
0.966667
0.966667
1.004167
1.000000
0.958333
0.966667
0.970833
0.966667
0.966667
0.945833
0.945833
0.958333
0.970833
0.970833
0.975000
0.979167
0.983333
0.950000
0.983333
0.991667
0.979167
0.983333
0.987500
0.991667
0.991667
0.958333
0.987500
0.983333
0.991667
0.983333
0.954167
1.570833
0.408333
0.983333
0.991667
0.962500
0.537500
1.433333
0.275000
0.337500
0.375000
0.983333
0.962500
0.766667
0.220833
0.462500
0.245833
0.262500
0.129167
0.850000
0.950000
0.970833
0.608333
0.220833
0.425000
0.662500
0.983333
0.666667
0.287500
0.979167
