0.679167
0.691667
0.687500
0.683333
0.687500
0.683333
0.687500
0.679167
0.691667
0.687500
0.683333
0.687500
0.687500
0.683333
0.683333
0.687500
0.687500
0.687500
0.687500
0.687500
0.687500
0.683333
0.687500
0.691667
0.687500
0.687500
0.687500
0.687500
0.512500
0.808333
0.716667
0.704167
0.700000
0.691667
0.691667
0.691667
0.691667
0.691667
0.683333
0.691667
0.691667
0.687500
0.683333
0.691667
0.687500
0.687500
0.691667
0.687500
0.691667
0.683333
0.691667
0.691667
0.687500
0.695833
0.691667
0.691667
0.687500
0.691667
0.691667
0.691667
0.691667
0.691667
0.691667
0.687500
0.691667
0.691667
0.683333
0.695833
0.691667
0.687500
0.691667
0.691667
0.687500
0.687500
0.691667
0.691667
0.691667
0.687500
0.691667
0.691667
0.687500
0.691667
0.695833
0.687500
0.691667
0.691667
0.691667
0.687500
0.691667
0.691667
0.691667
0.691667
0.687500
0.691667
0.687500
0.691667
0.691667
0.687500
0.691667
0.687500
0.691667
0.687500
0.691667
0.691667
0.691667
0.691667
0.691667
0.691667
0.687500
0.695833
0.691667
0.691667
0.691667
0.691667
0.691667
0.691667
0.695833
0.691667
0.691667
0.541667
0.820833
0.704167
0.691667
0.695833
0.691667
0.533333
0.816667
0.712500
0.695833
0.695833
0.695833
0.691667
0.691667
0.691667
0.691667
0.691667
0.687500
0.691667
0.687500
0.687500
0.691667
0.691667
0.687500
0.687500
0.691667
0.691667
0.687500
0.691667
0.691667
0.687500
0.691667
0.687500
0.687500
0.691667
0.691667
0.687500
0.687500
0.691667
0.687500
0.687500
0.687500
0.691667
0.687500
0.687500
0.687500
0.691667
0.687500
0.683333
0.691667
0.691667
0.558333
0.791667
0.700000
0.695833
0.687500
0.691667
0.687500
0.687500
0.691667
0.687500
0.687500
0.683333
0.691667
0.691667
0.687500
0.687500
0.691667
0.687500
0.683333
0.691667
0.691667
0.687500
0.691667
0.691667
0.691667
0.687500
0.691667
0.691667
0.691667
0.691667
0.691667
0.691667
0.687500
0.691667
0.687500
0.691667
0.691667
0.687500
0.691667
0.687500
0.687500
0.691667
0.687500
0.691667
0.691667
0.687500
0.687500
0.691667
0.687500
0.683333
0.691667
0.691667
0.687500
0.683333
0.691667
0.687500
0.683333
0.691667
0.687500
0.687500
0.683333
0.687500
0.687500
0.687500
0.691667
0.687500
0.687500
0.687500
0.687500
0.687500
0.687500
0.691667
0.687500
0.687500
0.687500
0.691667
0.687500
0.683333
0.691667
0.687500
0.687500
0.687500
0.683333
0.687500
0.683333
0.691667
0.687500
0.687500
0.687500
0.691667
0.687500
0.691667
0.691667
0.691667
0.691667
0.691667
0.695833
0.691667
0.691667
0.695833
0.695833
0.691667
0.695833
0.695833
0.691667
0.687500
0.695833
0.691667
0.691667
0.695833
0.691667
0.691667
0.687500
0.695833
0.691667
0.687500
0.695833
0.691667
0.691667
0.687500
0.695833
0.691667
0.691667
0.695833
0.691667
0.691667
0.687500
0.695833
0.687500
0.687500
0.695833
0.691667
0.687500
0.687500
0.691667
0.687500
0.687500
0.695833
0.687500
0.687500
0.691667
0.687500
0.691667
0.687500
0.695833
0.691667
0.691667
0.691667
0.695833
0.691667
0.691667
0.695833
0.695833
0.691667
0.695833
0.695833
0.695833
0.695833
0.695833
0.695833
0.691667
0.695833
0.695833
0.691667
0.691667
0.695833
0.691667
0.691667
0.695833
0.691667
0.691667
0.691667
0.691667
0.691667
0.691667
0.695833
0.691667
0.691667
0.691667
0.695833
0.691667
0.691667
0.695833
0.691667
0.691667
0.691667
0.695833
0.691667
0.691667
0.700000
0.691667
0.695833
0.691667
0.695833
0.691667
0.691667
0.700000
0.691667
0.695833
0.695833
0.695833
0.695833
0.691667
0.695833
0.695833
0.695833
0.695833
0.700000
0.695833
0.691667
0.700000
0.695833
0.695833
0.700000
0.700000
0.695833
0.695833
0.700000
0.695833
0.695833
0.695833
0.695833
0.695833
0.691667
0.695833
0.695833
0.691667
0.700000
0.691667
0.695833
0.695833
0.695833
0.695833
0.691667
0.700000
0.695833
0.695833
0.695833
0.695833
0.695833
0.691667
0.700000
0.691667
0.695833
0.695833
0.691667
0.691667
0.691667
0.695833
0.695833
0.691667
0.695833
0.695833
0.695833
0.691667
0.695833
0.695833
0.695833
0.695833
0.700000
0.691667
0.695833
0.700000
0.695833
0.695833
0.700000
0.695833
0.700000
0.695833
0.700000
0.695833
0.695833
0.704167
0.695833
0.700000
0.700000
0.704167
0.695833
0.695833
0.704167
0.695833
0.695833
0.704167
0.700000
0.695833
0.695833
0.700000
0.695833
0.695833
0.700000
0.695833
0.695833
0.695833
0.700000
0.695833
0.695833
0.700000
0.695833
0.695833
0.700000
0.695833
0.695833
0.691667
0.700000
0.700000
0.695833
0.700000
0.695833
0.700000
0.691667
0.700000
0.695833
0.695833
0.704167
0.695833
0.695833
0.695833
0.700000
0.695833
0.691667
0.700000
0.695833
0.695833
0.691667
0.695833
0.691667
0.687500
0.695833
0.695833
0.691667
0.691667
0.691667
0.687500
0.687500
0.691667
0.691667
0.683333
0.691667
0.687500
0.687500
0.683333
0.687500
0.687500
0.683333
0.683333
0.687500
0.683333
0.679167
0.687500
0.683333
0.683333
0.683333
0.683333
0.683333
0.679167
0.687500
0.683333
0.679167
0.687500
0.683333
0.683333
0.679167
0.687500
0.683333
0.683333
0.683333
0.687500
0.679167
0.679167
0.687500
0.687500
0.683333
0.683333
0.683333
0.683333
0.683333
0.687500
0.687500
0.683333
0.687500
0.683333
0.687500
0.683333
0.691667
0.683333
0.687500
0.687500
0.687500
0.691667
0.683333
0.691667
0.687500
0.691667
0.687500
0.687500
0.687500
0.683333
0.691667
0.691667
0.687500
0.687500
0.687500
0.687500
0.683333
0.691667
0.691667
0.683333
0.691667
0.683333
0.687500
0.683333
0.691667
0.687500
0.683333
0.687500
0.687500
0.687500
0.679167
0.691667
0.683333
0.687500
0.683333
0.687500
0.683333
0.683333
0.687500
0.683333
0.687500
0.687500
0.683333
0.683333
0.679167
0.687500
0.687500
0.683333
0.683333
0.683333
0.683333
0.679167
0.687500
0.687500
0.683333
0.683333
0.683333
0.687500
0.679167
0.691667
0.683333
0.687500
0.687500
0.683333
0.687500
0.683333
0.691667
0.516667
0.829167
0.704167
0.691667
0.687500
0.687500
0.691667
0.691667
0.687500
0.691667
0.687500
0.691667
0.683333
0.691667
0.691667
0.687500
0.691667
0.691667
0.687500
0.687500
0.691667
0.687500
0.687500
0.691667
0.691667
0.687500
0.683333
0.691667
0.691667
0.687500
0.691667
0.687500
0.687500
0.687500
0.691667
0.687500
0.687500
0.691667
0.687500
0.687500
0.683333
0.691667
0.687500
0.683333
0.691667
0.687500
0.691667
0.683333
0.691667
0.687500
0.687500
0.691667
0.687500
0.691667
0.687500
0.687500
0.691667
0.687500
0.691667
0.687500
0.691667
0.683333
0.691667
0.687500
0.687500
0.691667
0.687500
0.691667
0.687500
0.687500
0.687500
0.683333
0.691667
0.687500
0.683333
0.683333
0.687500
0.683333
0.683333
0.687500
0.687500
0.687500
0.683333
0.687500
0.683333
0.683333
0.691667
0.687500
0.687500
0.687500
0.687500
0.683333
0.687500
0.687500
0.687500
0.687500
0.683333
0.687500
0.687500
0.687500
0.691667
0.687500
0.683333
0.687500
0.687500
0.687500
0.683333
0.687500
0.687500
0.687500
0.683333
0.687500
0.687500
0.679167
0.558333
0.800000
0.691667
0.691667
0.683333
0.687500
0.683333
0.691667
0.687500
0.683333
0.683333
0.687500
0.683333
0.679167
0.691667
0.683333
0.687500
0.683333
0.687500
0.683333
0.683333
0.691667
0.683333
0.687500
0.687500
0.687500
0.687500
0.683333
0.691667
0.687500
0.683333
0.687500
0.683333
0.687500
0.683333
0.691667
0.687500
0.683333
0.683333
0.687500
0.683333
0.683333
0.687500
0.687500
0.683333
0.683333
0.687500
0.683333
0.679167
0.691667
0.683333
0.683333
0.683333
0.687500
0.683333
0.683333
0.687500
0.687500
0.683333
0.683333
0.687500
0.683333
0.683333
0.687500
0.687500
0.683333
0.683333
0.687500
0.683333
0.683333
0.687500
0.687500
0.683333
0.683333
0.687500
0.683333
0.683333
0.687500
0.683333
0.683333
0.683333
0.687500
0.687500
0.679167
0.687500
0.687500
0.687500
0.683333
0.687500
0.683333
0.687500
0.687500
0.687500
0.687500
0.683333
0.687500
0.687500
0.683333
0.691667
0.687500
0.687500
0.683333
0.687500
0.687500
0.683333
0.687500
0.691667
0.683333
0.687500
0.687500
0.691667
0.683333
0.687500
0.687500
0.683333
0.687500
0.687500
0.687500
0.679167
0.695833
0.687500
0.687500
0.687500
0.683333
0.687500
0.683333
0.687500
0.687500
0.683333
0.687500
0.683333
0.687500
0.683333
0.687500
0.683333
0.687500
0.683333
0.687500
0.683333
0.679167
0.691667
0.683333
0.687500
0.683333
0.683333
0.683333
0.683333
0.687500
0.683333
0.683333
0.683333
0.683333
0.683333
0.683333
0.687500
0.683333
0.683333
0.683333
0.683333
0.683333
0.683333
0.683333
0.683333
0.679167
0.683333
0.683333
0.679167
