1.004167
0.875000
1.970833
0.879167
0.258333
0.220833
0.883333
0.337500
0.229167
0.725000
0.908333
0.745833
0.812500
0.829167
1.212500
0.900000
0.941667
1.579167
0.529167
0.466667
0.416667
0.345833
1.375000
0.850000
1.041667
0.962500
1.029167
1.308333
1.329167
1.362500
0.837500
1.175000
1.520833
0.733333
1.108333
1.920833
0.979167
1.108333
1.675000
0.925000
0.616667
0.229167
0.416667
0.562500
0.212500
0.837500
1.100000
0.820833
0.329167
1.141667
0.787500
1.479167
1.116667
1.416667
0.829167
1.133333
1.695833
1.458333
1.795833
1.104167
0.579167
0.525000
0.495833
0.366667
0.595833
0.362500
0.541667
0.541667
1.029167
0.704167
0.412500
1.170833
0.825000
0.870833
1.133333
1.287500
1.333333
0.708333
0.300000
0.412500
0.933333
1.766667
0.900000
1.754167
0.941667
0.995833
0.575000
0.437500
0.304167
0.433333
0.320833
0.729167
0.741667
0.962500
0.329167
0.700000
0.704167
1.562500
0.854167
0.933333
0.812500
0.770833
0.820833
1.062500
1.329167
1.100000
0.420833
0.362500
0.387500
0.341667
0.237500
0.741667
1.025000
0.962500
1.104167
0.887500
0.966667
1.925000
1.716667
0.816667
1.100000
1.004167
1.325000
1.125000
0.254167
0.387500
0.445833
0.158333
0.195833
0.345833
0.595833
0.358333
0.516667
0.800000
0.479167
0.666667
0.816667
0.891667
0.762500
0.825000
1.045833
0.925000
1.316667
0.987500
1.279167
0.695833
1.066667
0.654167
0.425000
0.366667
0.341667
0.445833
1.033333
1.000000
1.495833
1.254167
1.275000
0.362500
0.487500
1.091667
0.320833
0.454167
0.816667
1.004167
0.662500
0.958333
0.641667
0.837500
0.858333
1.545833
0.983333
1.033333
1.491667
0.916667
0.783333
1.483333
0.950000
1.716667
0.891667
1.208333
1.179167
0.400000
0.733333
0.800000
0.391667
1.279167
0.412500
0.950000
0.820833
1.445833
1.250000
0.904167
1.020833
1.166667
0.987500
0.720833
1.033333
1.170833
1.004167
0.783333
1.316667
1.291667
1.058333
0.954167
0.804167
0.329167
0.266667
0.179167
0.579167
0.429167
0.291667
0.262500
0.791667
0.250000
0.662500
0.329167
0.425000
0.816667
0.950000
0.758333
0.812500
1.075000
0.941667
1.337500
0.954167
0.370833
0.316667
0.900000
1.179167
0.979167
0.925000
0.741667
1.304167
1.233333
1.462500
1.275000
0.375000
0.566667
1.450000
0.379167
1.066667
1.066667
0.762500
0.666667
0.841667
1.666667
1.062500
0.729167
0.795833
0.837500
1.358333
0.983333
1.041667
0.875000
0.862500
0.887500
1.070833
1.862500
0.945833
0.220833
0.862500
0.420833
0.279167
0.333333
0.779167
0.916667
0.845833
0.320833
0.966667
0.862500
0.383333
0.425000
0.470833
0.983333
0.900000
1.145833
0.937500
0.812500
1.958333
0.904167
0.929167
0.795833
0.695833
0.733333
1.183333
0.862500
1.083333
0.595833
0.316667
0.620833
0.287500
0.512500
1.037500
0.883333
0.870833
1.354167
1.020833
0.995833
1.575000
1.416667
0.333333
0.466667
0.608333
0.175000
0.716667
0.500000
0.408333
0.112500
0.745833
0.379167
0.145833
0.991667
1.025000
0.816667
0.975000
0.691667
0.875000
1.158333
1.304167
1.475000
1.279167
0.937500
0.887500
0.970833
1.237500
1.533333
1.333333
0.333333
0.779167
0.266667
0.641667
0.150000
0.325000
0.550000
0.950000
0.362500
0.150000
0.504167
0.375000
0.654167
0.891667
0.866667
0.787500
1.141667
0.816667
1.308333
1.395833
0.754167
1.095833
1.104167
1.125000
0.883333
1.004167
1.579167
0.908333
0.416667
0.416667
0.350000
0.837500
0.308333
0.458333
0.233333
0.820833
0.637500
0.829167
0.754167
1.033333
1.087500
0.920833
0.866667
1.050000
0.804167
1.116667
1.091667
0.854167
1.187500
0.866667
0.995833
1.404167
1.020833
1.437500
0.512500
0.525000
0.745833
0.133333
0.833333
0.358333
0.616667
0.312500
0.329167
0.541667
0.329167
0.220833
0.737500
0.345833
0.662500
0.908333
0.104167
0.758333
0.754167
0.354167
0.750000
0.508333
0.466667
0.404167
0.541667
0.795833
0.770833
0.879167
0.683333
0.745833
1.387500
1.158333
0.787500
1.445833
1.175000
1.525000
1.783333
0.937500
1.454167
0.495833
0.950000
0.945833
0.570833
0.454167
0.804167
0.229167
0.262500
0.745833
0.900000
0.341667
0.420833
0.862500
0.050000
0.316667
0.270833
0.254167
0.616667
0.929167
0.487500
0.816667
1.133333
1.154167
0.658333
1.337500
0.750000
1.091667
0.775000
0.816667
1.225000
1.733333
0.770833
1.066667
1.554167
1.275000
0.341667
0.341667
0.570833
0.516667
0.325000
0.675000
1.041667
1.358333
0.354167
0.833333
0.779167
0.845833
0.691667
0.912500
0.900000
0.291667
0.570833
0.729167
0.875000
1.225000
1.266667
0.854167
0.975000
0.804167
1.025000
0.904167
1.420833
1.391667
1.012500
0.895833
1.345833
0.737500
0.904167
0.525000
0.141667
0.404167
0.283333
0.362500
0.308333
0.433333
0.820833
0.212500
0.662500
0.175000
0.187500
0.350000
0.470833
0.583333
0.737500
0.854167
0.670833
0.983333
1.579167
1.225000
0.695833
0.950000
1.012500
0.887500
0.079167
0.683333
0.683333
0.337500
1.012500
0.579167
0.108333
0.300000
0.775000
0.491667
0.841667
0.966667
0.733333
1.020833
0.379167
0.741667
0.691667
0.729167
0.433333
0.529167
0.545833
1.141667
0.925000
0.891667
1.008333
0.887500
0.716667
0.783333
0.870833
1.004167
0.758333
0.866667
0.670833
0.412500
0.495833
0.300000
0.666667
0.325000
0.341667
0.908333
0.366667
0.925000
1.070833
1.295833
0.662500
1.045833
0.300000
0.295833
0.250000
0.750000
0.725000
0.266667
1.108333
0.204167
0.625000
1.020833
0.900000
1.425000
0.795833
0.991667
1.012500
1.737500
0.804167
1.450000
0.800000
0.900000
1.058333
1.150000
1.266667
0.270833
0.379167
0.345833
0.375000
0.220833
0.700000
0.333333
0.512500
0.829167
0.725000
0.829167
0.279167
1.008333
0.400000
0.337500
0.408333
0.645833
0.625000
1.358333
0.695833
1.620833
1.200000
0.404167
0.516667
0.445833
0.733333
0.279167
0.504167
0.604167
0.341667
0.429167
1.054167
0.833333
1.112500
0.645833
0.829167
0.858333
0.795833
0.808333
0.783333
1.366667
0.908333
0.804167
0.854167
1.154167
0.787500
0.895833
1.087500
1.004167
0.916667
0.862500
1.404167
0.750000
1.466667
1.408333
1.320833
0.862500
1.608333
0.725000
0.962500
0.625000
0.308333
0.712500
0.279167
0.550000
0.358333
0.854167
0.437500
0.337500
0.437500
0.283333
0.029167
0.591667
0.516667
0.337500
0.616667
0.308333
0.804167
1.120833
0.883333
1.050000
0.312500
0.525000
1.095833
0.987500
1.112500
0.958333
0.933333
1.983333
0.879167
1.025000
1.391667
0.991667
1.054167
0.825000
1.600000
1.650000
0.958333
1.033333
0.304167
0.720833
0.741667
1.175000
0.441667
0.337500
0.816667
1.375000
0.800000
0.912500
1.525000
0.670833
1.004167
0.779167
0.825000
0.645833
1.033333
0.920833
1.112500
1.433333
0.679167
0.833333
1.183333
1.354167
0.729167
0.833333
0.375000
0.920833
0.716667
0.495833
0.416667
0.920833
0.383333
0.329167
0.716667
0.650000
0.404167
0.783333
1.270833
0.537500
1.495833
1.062500
1.079167
0.895833
1.075000
0.770833
0.879167
1.591667
0.820833
0.808333
0.704167
0.929167
0.820833
0.833333
0.879167
0.275000
0.454167
0.470833
0.179167
0.408333
0.150000
0.775000
0.975000
0.108333
0.975000
0.712500
0.312500
0.625000
0.683333
0.725000
1.137500
1.125000
1.116667
0.891667
0.850000
1.545833
1.087500
0.704167
0.770833
0.854167
1.112500
0.970833
0.795833
0.679167
0.287500
0.229167
0.208333
0.400000
0.362500
