0.808333
0.708333
0.695833
0.700000
0.700000
0.695833
0.700000
0.700000
0.704167
0.704167
0.695833
0.704167
0.700000
0.704167
0.708333
0.704167
0.700000
0.704167
0.700000
0.708333
0.700000
0.700000
0.695833
0.695833
0.691667
0.695833
0.687500
0.679167
0.679167
0.666667
0.675000
0.670833
0.679167
0.683333
0.679167
0.695833
0.691667
0.687500
0.695833
0.691667
0.695833
0.691667
0.691667
0.691667
0.687500
0.691667
0.691667
0.683333
0.683333
0.683333
0.675000
0.666667
0.679167
0.670833
0.679167
0.679167
0.683333
0.679167
0.683333
0.683333
0.683333
0.683333
0.683333
0.687500
0.691667
0.691667
0.691667
0.687500
0.691667
0.691667
0.691667
0.687500
0.691667
0.687500
0.691667
0.687500
0.687500
0.687500
0.687500
0.691667
0.695833
0.691667
0.691667
0.700000
0.691667
0.695833
0.695833
0.695833
0.695833
0.704167
0.700000
0.700000
0.704167
0.700000
0.700000
0.695833
0.695833
0.695833
0.695833
0.691667
0.691667
0.683333
0.691667
0.687500
0.691667
0.687500
0.691667
0.687500
0.691667
0.695833
0.700000
0.700000
0.695833
0.695833
0.700000
0.695833
0.695833
0.700000
0.700000
0.695833
0.700000
0.700000
0.700000
0.704167
0.704167
0.700000
0.708333
0.700000
0.700000
0.708333
0.700000
0.704167
0.708333
0.704167
0.700000
0.695833
0.691667
0.700000
0.691667
0.695833
0.704167
0.700000
0.708333
0.708333
0.708333
0.708333
0.704167
0.708333
0.712500
0.500000
0.916667
0.712500
0.712500
0.712500
0.708333
0.708333
0.712500
0.704167
0.704167
0.708333
0.704167
0.700000
0.691667
0.691667
0.695833
0.687500
0.687500
0.691667
0.683333
0.687500
0.695833
0.691667
0.691667
0.695833
0.691667
0.700000
0.695833
0.695833
0.695833
0.691667
0.695833
0.695833
0.700000
0.704167
0.700000
0.704167
0.704167
0.704167
0.700000
0.704167
0.708333
0.704167
0.712500
0.712500
0.716667
0.712500
0.716667
0.712500
0.712500
0.704167
0.704167
0.695833
0.691667
0.691667
0.683333
0.687500
0.683333
0.675000
0.675000
0.679167
0.675000
0.675000
0.683333
0.679167
0.683333
0.687500
0.683333
0.687500
0.687500
0.687500
0.700000
0.700000
0.700000
0.695833
0.695833
0.700000
0.695833
0.695833
0.691667
0.687500
0.691667
0.691667
0.691667
0.687500
0.691667
0.687500
0.695833
0.695833
0.695833
0.704167
0.700000
0.704167
0.704167
0.700000
0.695833
0.691667
0.691667
0.691667
0.691667
0.691667
0.691667
0.687500
0.691667
0.695833
0.695833
0.700000
0.704167
0.700000
0.708333
0.708333
0.708333
0.708333
0.708333
0.712500
0.708333
0.704167
0.708333
0.704167
0.704167
0.708333
0.704167
0.708333
0.708333
0.712500
0.716667
0.704167
0.708333
0.704167
0.700000
0.700000
0.700000
0.700000
0.700000
0.700000
0.520833
0.879167
0.708333
0.695833
0.695833
0.691667
0.691667
0.691667
0.687500
0.683333
0.679167
0.683333
0.675000
0.687500
0.687500
0.691667
0.691667
0.695833
0.691667
0.700000
0.695833
0.700000
0.695833
0.700000
0.704167
0.704167
0.695833
0.704167
0.700000
0.695833
0.704167
0.704167
0.704167
0.708333
0.704167
0.704167
0.704167
0.700000
0.695833
0.700000
0.695833
0.700000
0.700000
0.695833
0.695833
0.695833
0.700000
0.695833
0.695833
0.695833
0.700000
0.700000
0.700000
0.695833
0.695833
0.704167
0.704167
0.704167
0.700000
0.708333
0.712500
0.716667
0.712500
0.712500
0.712500
0.720833
0.712500
0.716667
0.716667
0.712500
0.708333
0.708333
0.708333
0.712500
0.704167
0.700000
0.695833
0.695833
0.691667
0.695833
0.687500
0.691667
0.695833
0.691667
0.695833
0.708333
0.704167
0.704167
0.712500
0.708333
0.708333
0.700000
0.704167
0.712500
0.704167
0.708333
0.708333
0.708333
0.716667
0.712500
0.712500
0.704167
0.712500
0.700000
0.704167
0.700000
0.704167
0.704167
0.695833
0.704167
0.704167
0.704167
0.708333
0.700000
0.695833
0.695833
0.695833
0.691667
0.691667
0.691667
0.695833
0.700000
0.704167
0.704167
0.704167
0.700000
0.708333
0.708333
0.712500
0.704167
0.708333
0.708333
0.712500
0.716667
0.708333
0.708333
0.708333
0.708333
0.708333
0.700000
0.704167
0.700000
0.695833
0.700000
0.691667
0.695833
0.691667
0.691667
0.691667
0.691667
0.695833
0.700000
0.700000
0.700000
0.708333
0.708333
0.708333
0.708333
0.712500
0.708333
0.716667
0.712500
0.708333
0.716667
0.712500
0.712500
0.712500
0.708333
0.712500
0.708333
0.708333
0.708333
0.704167
0.708333
0.708333
0.708333
0.712500
0.704167
0.712500
0.712500
0.716667
0.712500
0.716667
0.712500
0.712500
0.716667
0.712500
0.708333
0.712500
0.708333
0.704167
0.708333
0.704167
0.704167
0.704167
0.708333
0.712500
0.712500
0.712500
0.716667
0.712500
0.708333
0.708333
0.704167
0.712500
0.704167
0.700000
0.704167
0.704167
0.695833
0.704167
0.695833
0.704167
0.700000
0.695833
0.700000
0.700000
0.700000
0.704167
0.704167
0.704167
0.708333
0.708333
0.700000
0.700000
0.695833
0.700000
0.708333
0.712500
0.712500
0.716667
0.712500
0.712500
0.720833
0.712500
0.712500
0.712500
0.712500
0.708333
0.708333
0.704167
0.712500
0.708333
0.708333
0.704167
0.708333
0.704167
0.704167
0.708333
0.704167
0.704167
0.700000
0.704167
0.700000
0.704167
0.708333
0.708333
0.712500
0.716667
0.716667
0.716667
0.716667
0.720833
0.725000
0.720833
0.725000
0.720833
0.720833
0.725000
0.716667
0.716667
0.712500
0.712500
0.704167
0.700000
0.708333
0.700000
0.700000
0.700000
0.708333
0.700000
0.704167
0.704167
0.704167
0.708333
0.704167
0.704167
0.708333
0.704167
0.700000
0.700000
0.695833
0.700000
0.695833
0.695833
0.695833
0.691667
0.695833
0.695833
0.691667
0.691667
0.687500
0.687500
0.691667
0.687500
0.687500
0.691667
0.687500
0.691667
0.695833
0.695833
0.691667
0.695833
0.687500
0.700000
0.695833
0.691667
0.687500
0.687500
0.683333
0.687500
0.687500
0.687500
0.687500
0.691667
0.683333
0.691667
0.691667
0.695833
0.691667
0.691667
0.691667
0.695833
0.691667
0.691667
0.691667
0.695833
0.695833
0.691667
0.695833
0.691667
0.691667
0.687500
0.695833
0.691667
0.695833
0.691667
0.687500
0.695833
0.691667
0.695833
0.575000
0.791667
0.695833
0.700000
0.687500
0.691667
0.687500
0.687500
0.691667
0.683333
0.691667
0.687500
0.687500
0.687500
0.691667
0.683333
0.687500
0.687500
0.691667
0.695833
0.700000
0.695833
0.704167
0.704167
0.700000
0.704167
0.708333
0.704167
0.704167
0.704167
0.512500
0.891667
0.704167
0.700000
0.695833
0.695833
0.695833
0.695833
0.695833
0.691667
0.687500
0.691667
0.691667
0.695833
0.691667
0.700000
0.691667
0.704167
0.695833
0.695833
0.695833
0.425000
0.854167
0.720833
0.708333
0.700000
0.700000
0.687500
0.691667
0.691667
0.683333
0.687500
0.683333
0.687500
0.691667
0.687500
0.691667
0.700000
0.691667
0.700000
0.695833
0.700000
0.695833
0.695833
0.695833
0.695833
0.691667
0.691667
0.691667
0.687500
0.687500
0.687500
0.687500
0.683333
0.683333
0.687500
0.683333
0.687500
0.683333
0.687500
0.687500
0.691667
0.691667
0.687500
0.691667
0.687500
0.691667
0.695833
0.691667
0.691667
0.695833
0.687500
0.695833
0.695833
0.700000
0.700000
0.695833
0.704167
0.700000
0.700000
0.695833
0.695833
0.700000
0.695833
0.691667
0.691667
0.687500
0.691667
0.695833
0.695833
0.695833
0.695833
0.700000
0.704167
0.700000
0.708333
0.712500
0.704167
0.720833
0.720833
0.720833
0.720833
0.725000
0.716667
0.725000
0.716667
0.716667
0.712500
0.704167
0.712500
0.704167
0.712500
0.708333
0.704167
0.704167
0.708333
0.704167
0.704167
0.704167
0.700000
0.700000
0.700000
0.529167
0.870833
0.695833
0.695833
0.695833
0.700000
0.700000
0.700000
0.700000
0.704167
0.704167
0.704167
0.700000
0.700000
0.700000
0.695833
0.695833
0.695833
0.691667
0.691667
0.687500
0.695833
0.695833
0.695833
0.695833
0.700000
0.700000
0.695833
0.704167
0.700000
0.704167
0.704167
0.712500
0.704167
0.700000
0.700000
0.700000
0.700000
0.704167
0.700000
0.704167
0.708333
0.712500
0.716667
0.716667
0.716667
0.720833
0.720833
0.716667
0.720833
0.725000
0.716667
0.716667
0.716667
0.712500
0.645833
0.779167
0.595833
0.808333
0.716667
0.708333
0.704167
0.700000
0.704167
0.700000
0.704167
0.700000
0.704167
0.704167
0.712500
0.708333
0.708333
0.712500
0.712500
0.712500
0.712500
0.708333
0.704167
0.704167
0.708333
0.708333
0.708333
0.716667
0.708333
0.716667
0.720833
0.716667
0.712500
0.716667
0.708333
0.716667
0.716667
0.712500
0.716667
0.712500
0.712500
0.704167
0.695833
0.708333
0.700000
0.704167
0.700000
0.708333
0.708333
