0.629167
0.620833
0.629167
0.629167
0.625000
0.625000
0.612500
0.629167
0.612500
0.625000
0.608333
0.637500
0.633333
0.633333
0.633333
0.612500
0.616667
0.608333
0.604167
0.616667
0.333333
0.666667
0.745833
0.658333
0.637500
0.645833
0.641667
0.637500
0.633333
0.616667
0.637500
0.620833
0.616667
0.616667
0.604167
0.620833
0.620833
0.641667
0.637500
0.645833
0.629167
0.620833
0.633333
0.625000
0.620833
0.616667
0.608333
0.629167
0.616667
0.620833
0.625000
0.320833
0.712500
0.712500
0.633333
0.633333
0.625000
0.637500
0.620833
0.629167
0.616667
0.633333
0.620833
0.625000
0.625000
0.620833
0.629167
0.608333
0.616667
0.612500
0.629167
0.625000
0.420833
0.758333
0.337500
0.762500
0.683333
0.633333
0.620833
0.608333
0.616667
0.620833
0.625000
0.625000
0.604167
0.625000
0.620833
0.637500
0.637500
0.641667
0.650000
0.400000
0.762500
0.654167
0.637500
0.620833
0.625000
0.616667
0.629167
0.620833
0.604167
0.620833
0.612500
0.629167
0.620833
0.620833
0.612500
0.604167
0.620833
0.625000
0.641667
0.637500
0.641667
0.633333
0.620833
0.641667
0.629167
0.637500
0.620833
0.329167
0.708333
0.716667
0.620833
0.608333
0.345833
0.745833
0.650000
0.608333
0.604167
0.320833
0.716667
0.654167
0.637500
0.612500
0.608333
0.612500
0.320833
0.737500
0.654167
0.620833
0.604167
0.591667
0.616667
0.358333
0.683333
0.729167
0.637500
0.612500
0.595833
0.595833
0.583333
0.595833
0.595833
0.625000
0.616667
0.629167
0.625000
0.625000
0.629167
0.608333
0.629167
0.620833
0.633333
0.629167
0.637500
0.637500
0.629167
0.625000
0.612500
0.629167
0.616667
0.620833
0.616667
0.625000
0.616667
0.616667
0.612500
0.329167
0.695833
0.712500
0.633333
0.616667
0.600000
0.604167
0.612500
0.633333
0.633333
0.616667
0.629167
0.612500
0.625000
0.612500
0.620833
0.620833
0.625000
0.625000
0.608333
0.612500
0.608333
0.608333
0.620833
0.604167
0.625000
0.312500
0.700000
0.720833
0.637500
0.633333
0.612500
0.620833
0.616667
0.616667
0.625000
0.625000
0.620833
0.616667
0.620833
0.629167
0.641667
0.645833
0.370833
0.775000
0.683333
0.637500
0.620833
0.625000
0.616667
0.629167
0.616667
0.620833
0.616667
0.629167
0.629167
0.608333
0.633333
0.633333
0.654167
0.645833
0.633333
0.629167
0.625000
0.637500
0.620833
0.633333
0.620833
0.629167
0.629167
0.608333
0.629167
0.612500
0.625000
0.612500
0.629167
0.625000
0.625000
0.612500
0.612500
0.625000
0.604167
0.625000
0.608333
0.629167
0.616667
0.633333
0.629167
0.645833
0.633333
0.633333
0.620833
0.633333
0.629167
0.641667
0.625000
0.612500
0.629167
0.620833
0.625000
0.616667
0.325000
0.283333
0.683333
0.612500
0.687500
0.675000
0.650000
0.625000
0.641667
0.625000
0.641667
0.620833
0.637500
0.616667
0.637500
0.620833
0.641667
0.616667
0.625000
0.608333
0.620833
0.600000
0.616667
0.595833
0.620833
0.604167
0.616667
0.604167
0.612500
0.608333
0.620833
0.608333
0.612500
0.608333
0.595833
0.620833
0.316667
0.737500
0.554167
0.770833
0.637500
0.629167
0.625000
0.612500
0.616667
0.354167
0.770833
0.645833
0.620833
0.608333
0.612500
0.616667
0.316667
0.758333
0.683333
0.625000
0.633333
0.320833
0.766667
0.700000
0.645833
0.633333
0.629167
0.629167
0.400000
0.770833
0.641667
0.637500
0.629167
0.604167
0.620833
0.608333
0.625000
0.625000
0.625000
0.625000
0.604167
0.629167
0.641667
0.645833
0.654167
0.620833
0.629167
0.629167
0.637500
0.629167
0.429167
0.754167
0.362500
0.766667
0.679167
0.616667
0.629167
0.612500
0.625000
0.625000
0.608333
0.629167
0.625000
0.620833
0.629167
0.612500
0.633333
0.625000
0.620833
0.616667
0.391667
0.783333
0.645833
0.650000
0.633333
0.645833
0.625000
0.629167
0.620833
0.633333
0.629167
0.616667
0.629167
0.625000
0.637500
0.633333
0.612500
0.620833
0.625000
0.629167
0.629167
0.616667
0.620833
0.612500
0.620833
0.616667
0.629167
0.616667
0.616667
0.616667
0.370833
0.775000
0.654167
0.645833
0.629167
0.629167
0.629167
0.633333
0.633333
0.608333
0.620833
0.608333
0.600000
0.608333
0.600000
0.616667
0.620833
0.637500
0.637500
0.616667
0.641667
0.625000
0.641667
0.637500
0.650000
0.637500
0.650000
0.625000
0.637500
0.620833
0.633333
0.616667
0.629167
0.620833
0.629167
0.616667
0.625000
0.616667
0.616667
0.616667
0.612500
0.616667
0.616667
0.625000
0.629167
0.466667
0.754167
0.629167
0.625000
0.620833
0.629167
0.620833
0.625000
0.612500
0.625000
0.620833
0.608333
0.620833
0.612500
0.616667
0.616667
0.629167
0.625000
0.616667
0.612500
0.595833
0.629167
0.625000
0.620833
0.620833
0.600000
0.616667
0.608333
0.633333
0.637500
0.645833
0.645833
0.645833
0.637500
0.612500
0.645833
0.637500
0.641667
0.625000
0.616667
0.620833
0.612500
0.620833
0.608333
0.612500
0.612500
0.608333
0.633333
0.650000
0.650000
0.633333
0.633333
0.620833
0.637500
0.625000
0.637500
0.620833
0.629167
0.625000
0.625000
0.620833
0.608333
0.620833
0.612500
0.629167
0.620833
0.633333
0.620833
0.625000
0.637500
0.625000
0.633333
0.616667
0.633333
0.608333
0.629167
0.612500
0.616667
0.604167
0.604167
0.383333
0.745833
0.641667
0.633333
0.625000
0.637500
0.629167
0.629167
0.633333
0.612500
0.629167
0.616667
0.629167
0.629167
0.641667
0.620833
0.633333
0.620833
0.629167
0.625000
0.620833
0.625000
0.587500
0.620833
0.387500
0.766667
0.633333
0.620833
0.616667
0.595833
0.616667
0.345833
0.666667
0.716667
0.620833
0.616667
0.604167
0.620833
0.608333
0.612500
0.604167
0.616667
0.625000
0.612500
0.633333
0.616667
0.625000
0.616667
0.633333
0.620833
0.625000
0.616667
0.625000
0.616667
0.379167
0.745833
0.516667
0.700000
0.625000
0.616667
0.612500
0.600000
0.620833
0.620833
0.629167
0.625000
0.629167
0.620833
0.604167
0.620833
0.612500
0.625000
0.612500
0.600000
0.612500
0.612500
0.620833
0.616667
0.595833
0.616667
0.616667
0.620833
0.620833
0.600000
0.483333
0.716667
0.625000
0.616667
0.604167
0.612500
0.612500
0.625000
0.625000
0.629167
0.645833
0.633333
0.650000
0.633333
0.625000
0.620833
0.629167
0.629167
0.633333
0.625000
0.629167
0.625000
0.633333
0.629167
0.629167
0.616667
0.625000
0.616667
0.637500
0.625000
0.641667
0.629167
0.629167
0.620833
0.633333
0.616667
0.633333
0.612500
0.629167
0.604167
0.629167
0.620833
0.629167
0.620833
0.616667
0.625000
0.629167
0.637500
0.637500
0.637500
0.625000
0.629167
0.629167
0.629167
0.625000
0.612500
0.616667
0.616667
0.612500
0.612500
0.608333
0.612500
0.320833
0.691667
0.708333
0.620833
0.616667
0.600000
0.629167
0.616667
0.629167
0.625000
0.637500
0.620833
0.620833
0.625000
0.612500
0.625000
0.616667
0.625000
0.612500
0.620833
0.620833
0.612500
0.612500
0.587500
0.620833
0.616667
0.629167
0.616667
0.620833
0.620833
0.616667
0.625000
0.616667
0.420833
0.720833
0.604167
0.616667
0.616667
0.629167
0.637500
0.629167
0.641667
0.637500
0.645833
0.645833
0.637500
0.637500
0.325000
0.787500
0.400000
0.787500
0.662500
0.620833
0.608333
0.595833
0.595833
0.595833
0.604167
0.604167
0.583333
0.608333
0.583333
0.616667
0.604167
0.612500
0.612500
0.608333
0.616667
0.608333
0.637500
0.625000
0.637500
0.620833
0.612500
0.620833
0.616667
0.612500
0.612500
0.604167
0.612500
0.600000
0.612500
0.604167
0.612500
0.612500
0.620833
0.608333
0.612500
0.612500
0.600000
0.616667
0.612500
0.616667
0.612500
0.612500
0.616667
0.337500
0.708333
0.683333
0.629167
0.616667
0.629167
0.629167
0.325000
0.675000
0.733333
0.641667
0.612500
0.625000
0.608333
0.616667
0.600000
0.620833
0.608333
0.620833
0.608333
0.620833
0.616667
0.616667
0.616667
0.595833
0.625000
0.625000
0.629167
0.620833
0.316667
0.675000
0.737500
0.629167
0.608333
0.600000
0.608333
0.604167
0.620833
0.625000
0.633333
0.629167
0.612500
0.629167
0.620833
0.629167
0.620833
0.616667
0.616667
0.604167
0.616667
0.612500
0.625000
0.604167
0.629167
0.608333
0.625000
0.604167
0.612500
0.591667
0.616667
0.612500
0.625000
0.612500
0.612500
0.608333
0.600000
0.612500
0.608333
0.612500
0.608333
0.612500
0.620833
0.508333
0.691667
0.337500
0.725000
0.691667
0.629167
0.604167
0.612500
0.608333
0.600000
0.608333
0.595833
0.612500
0.600000
0.608333
0.604167
0.620833
0.608333
0.620833
0.616667
0.612500
0.612500
0.600000
0.616667
0.604167
0.612500
0.604167
0.616667
0.612500
0.608333
0.616667
0.337500
0.775000
0.670833
0.625000
0.604167
0.616667
0.616667
0.612500
0.620833
0.612500
0.612500
0.612500
0.616667
0.616667
0.595833
0.604167
0.600000
0.620833
0.616667
0.608333
0.608333
0.591667
0.629167
0.612500
0.620833
0.612500
0.620833
0.620833
0.616667
0.633333
0.616667
0.629167
0.616667
0.629167
0.608333
0.625000
0.604167
0.612500
0.600000
0.620833
0.604167
0.612500
0.604167
0.608333
0.604167
0.616667
0.600000
0.604167
0.595833
0.608333
0.612500
0.616667
0.620833
0.608333
0.612500
0.612500
0.612500
0.612500
0.616667
0.608333
0.612500
0.608333
0.595833
0.612500
0.604167
0.608333
0.604167
0.604167
0.608333
0.604167
0.620833
0.616667
0.616667
0.616667
0.616667
0.616667
0.600000
0.616667
0.600000
0.612500
0.600000
0.616667
0.620833
0.625000
0.625000
0.608333
0.616667
0.608333
0.612500
0.616667
0.616667
0.616667
0.604167
0.616667
0.608333
0.625000
0.608333
0.620833
0.608333
0.616667
0.620833
0.612500
0.612500
0.370833
0.766667
0.633333
0.616667
0.604167
0.354167
0.725000
0.629167
0.600000
0.608333
0.625000
0.625000
0.641667
0.629167
0.645833
0.633333
0.641667
0.633333
0.637500
0.629167
0.637500
0.625000
0.612500
0.620833
0.612500
