1.216667
1.225000
1.254167
1.245833
1.275000
1.262500
1.204167
1.295833
1.250000
1.345833
1.304167
1.275000
1.287500
1.295833
1.279167
1.212500
1.300000
1.333333
0.329167
0.333333
0.708333
0.358333
0.712500
0.320833
1.312500
1.320833
1.379167
1.379167
1.337500
1.325000
1.312500
1.158333
1.258333
1.350000
0.975000
0.383333
1.295833
1.295833
1.245833
1.279167
1.312500
1.295833
1.208333
1.229167
1.308333
1.308333
1.350000
1.387500
1.233333
1.291667
1.400000
0.725000
0.670833
1.420833
1.387500
1.400000
1.375000
1.350000
1.245833
1.408333
1.400000
1.291667
1.262500
1.391667
1.429167
1.316667
1.325000
1.391667
1.375000
1.300000
1.241667
1.204167
1.166667
1.204167
0.850000
0.412500
0.345833
0.891667
1.279167
1.258333
1.300000
1.275000
1.233333
0.816667
0.412500
1.216667
0.375000
0.904167
1.329167
1.262500
0.295833
0.966667
1.225000
1.258333
2.404167
0.183333
0.350000
0.895833
1.291667
1.229167
1.279167
1.250000
1.162500
1.233333
0.445833
0.770833
0.495833
0.250000
0.462500
0.579167
0.704167
0.366667
0.912500
0.779167
0.437500
1.258333
1.279167
0.804167
0.495833
0.883333
0.229167
0.304167
0.875000
0.320833
0.216667
0.429167
0.645833
0.300000
0.658333
1.237500
1.279167
0.533333
1.891667
1.270833
1.245833
1.183333
1.162500
1.200000
1.175000
1.008333
0.970833
1.120833
1.200000
1.241667
0.987500
0.983333
0.987500
1.054167
1.766667
1.495833
1.495833
1.383333
1.362500
1.266667
1.312500
1.262500
0.754167
0.558333
2.195833
0.416667
1.691667
0.912500
0.787500
1.325000
1.237500
0.866667
0.345833
1.195833
0.512500
0.679167
1.200000
1.204167
0.504167
0.712500
1.200000
1.254167
1.204167
1.229167
1.237500
1.291667
1.304167
1.295833
0.858333
0.375000
1.225000
1.175000
1.195833
0.225000
0.958333
0.354167
0.850000
1.162500
1.200000
1.200000
1.166667
1.170833
1.220833
1.241667
1.191667
0.312500
0.908333
1.225000
1.241667
1.216667
1.241667
1.225000
1.204167
1.204167
1.462500
0.916667
1.816667
1.708333
1.445833
2.004167
1.245833
1.220833
1.191667
1.216667
1.179167
1.187500
1.204167
1.204167
1.166667
1.187500
1.191667
1.191667
1.212500
1.220833
1.204167
1.162500
1.200000
1.200000
1.200000
1.229167
1.229167
1.233333
1.216667
1.204167
1.225000
1.225000
1.204167
1.208333
1.179167
1.150000
1.187500
1.175000
1.212500
1.254167
1.241667
1.250000
1.266667
1.258333
1.254167
1.162500
1.212500
1.275000
1.233333
1.266667
1.233333
1.270833
1.300000
1.266667
1.275000
1.241667
1.291667
1.279167
1.254167
1.300000
1.291667
1.287500
1.312500
1.245833
1.266667
1.312500
1.291667
1.262500
1.216667
1.258333
1.258333
1.229167
1.291667
1.258333
1.241667
1.254167
1.258333
1.287500
1.237500
1.262500
1.254167
1.241667
1.241667
1.212500
1.212500
1.145833
1.212500
1.225000
1.200000
1.279167
1.283333
1.270833
1.350000
1.279167
1.329167
1.279167
1.283333
1.262500
1.225000
1.229167
1.195833
1.216667
1.170833
1.229167
1.200000
1.179167
1.187500
1.170833
1.162500
1.191667
1.166667
1.166667
1.145833
1.120833
0.483333
0.666667
0.800000
1.154167
1.154167
0.983333
1.345833
1.250000
1.250000
1.216667
1.279167
1.262500
1.266667
1.220833
0.566667
0.383333
0.287500
1.250000
1.254167
1.237500
1.162500
1.175000
1.154167
1.183333
1.175000
1.150000
1.137500
1.166667
1.204167
1.208333
0.704167
0.516667
1.058333
0.154167
0.358333
0.845833
0.770833
0.466667
1.245833
1.162500
0.366667
0.758333
1.137500
1.208333
1.170833
1.187500
1.191667
1.225000
1.220833
1.237500
0.537500
0.708333
1.237500
0.554167
0.666667
1.258333
1.225000
1.204167
1.220833
1.204167
1.195833
1.150000
1.133333
1.162500
1.150000
1.191667
1.191667
1.204167
2.195833
0.270833
1.216667
1.250000
1.275000
1.245833
1.245833
1.229167
1.216667
1.216667
1.225000
1.233333
1.145833
1.187500
1.220833
1.225000
1.191667
1.229167
1.241667
1.212500
1.220833
1.154167
1.229167
1.233333
1.187500
1.237500
1.245833
1.316667
1.337500
1.300000
1.266667
1.291667
1.270833
1.237500
1.266667
1.258333
1.220833
1.241667
1.270833
1.237500
0.354167
0.575000
0.225000
1.179167
1.175000
0.283333
0.895833
1.008333
1.150000
1.450000
1.637500
0.591667
0.354167
1.316667
1.333333
0.725000
0.283333
0.237500
0.250000
1.000000
1.208333
1.216667
1.216667
1.216667
0.366667
0.804167
1.183333
1.216667
1.133333
1.158333
0.816667
0.354167
1.191667
1.195833
1.204167
1.183333
1.233333
1.250000
1.212500
1.225000
1.195833
1.200000
1.191667
1.195833
0.333333
0.245833
0.562500
1.166667
0.300000
0.900000
0.750000
0.462500
0.391667
0.387500
0.395833
0.337500
0.416667
0.462500
0.770833
0.462500
0.795833
0.425000
0.725000
0.508333
0.979167
0.229167
1.200000
1.225000
0.462500
0.741667
0.445833
0.733333
1.175000
1.200000
1.195833
1.154167
0.479167
0.429167
0.254167
1.175000
1.166667
1.100000
1.154167
1.158333
1.175000
1.187500
1.245833
1.233333
1.245833
1.241667
1.237500
1.229167
1.204167
1.175000
1.137500
1.212500
1.204167
1.191667
1.229167
1.233333
1.283333
1.237500
1.291667
1.300000
1.166667
1.229167
1.241667
1.208333
1.245833
1.204167
1.320833
1.283333
1.254167
1.300000
1.258333
1.250000
1.270833
1.275000
0.716667
0.533333
1.245833
1.191667
0.604167
0.587500
1.237500
1.179167
1.216667
1.166667
1.137500
1.133333
1.145833
1.154167
1.162500
1.145833
1.158333
1.200000
1.204167
1.170833
1.183333
1.170833
1.141667
1.141667
1.145833
1.162500
