0.629167
0.620833
0.620833
0.633333
0.629167
0.625000
0.616667
0.620833
0.620833
0.625000
0.620833
0.625000
0.637500
0.633333
0.629167
0.637500
0.620833
0.620833
0.629167
0.620833
0.625000
0.633333
0.645833
0.641667
0.641667
0.637500
0.641667
0.641667
0.641667
0.633333
0.629167
0.633333
0.629167
0.633333
0.625000
0.625000
0.633333
0.625000
0.629167
0.633333
0.633333
0.633333
0.637500
0.629167
0.633333
0.650000
0.641667
0.633333
0.633333
0.629167
0.620833
0.625000
0.625000
0.616667
0.612500
0.625000
0.620833
0.620833
0.616667
0.620833
0.616667
0.612500
0.620833
0.620833
0.616667
0.620833
0.633333
0.625000
0.620833
0.633333
0.629167
0.629167
0.629167
0.633333
0.637500
0.633333
0.633333
0.625000
0.625000
0.633333
0.637500
0.620833
0.616667
0.633333
0.625000
0.620833
0.625000
0.620833
0.625000
0.625000
0.620833
0.625000
0.629167
0.629167
0.629167
0.625000
0.629167
0.620833
0.620833
0.625000
0.629167
0.616667
0.616667
0.629167
0.625000
0.625000
0.620833
0.625000
0.633333
0.616667
0.620833
0.616667
0.616667
0.629167
0.625000
0.625000
0.629167
0.620833
0.633333
0.629167
0.629167
0.616667
0.629167
0.629167
0.625000
0.629167
0.616667
0.629167
0.616667
0.616667
0.612500
0.616667
0.620833
0.620833
0.616667
0.616667
0.625000
0.620833
0.625000
0.625000
0.625000
0.633333
0.633333
0.625000
0.312500
0.304167
0.204167
0.420833
0.620833
0.629167
0.629167
0.404167
0.212500
0.608333
0.612500
0.600000
0.600000
0.600000
0.604167
0.608333
0.604167
0.612500
0.612500
0.608333
0.608333
0.416667
0.808333
0.604167
0.604167
0.600000
0.604167
0.608333
0.600000
0.600000
0.604167
0.600000
0.608333
0.604167
0.616667
0.616667
0.616667
0.616667
0.616667
0.716667
0.516667
0.608333
0.604167
0.612500
0.608333
0.608333
0.604167
0.608333
0.604167
0.612500
0.604167
0.612500
0.608333
0.612500
0.608333
0.608333
0.612500
0.608333
0.612500
0.612500
0.608333
0.604167
0.629167
0.616667
0.612500
0.600000
0.604167
0.604167
0.600000
0.600000
0.612500
0.604167
0.608333
0.608333
0.604167
0.612500
0.604167
0.620833
0.612500
0.608333
0.620833
0.616667
0.616667
0.612500
0.612500
0.612500
0.608333
0.616667
0.604167
0.616667
0.487500
0.125000
0.612500
0.612500
0.612500
0.612500
0.616667
0.608333
0.604167
0.616667
0.620833
0.620833
0.616667
0.625000
0.620833
0.629167
0.620833
0.629167
0.620833
0.629167
0.616667
0.616667
0.616667
0.620833
0.620833
0.612500
0.612500
0.604167
0.612500
0.608333
0.612500
0.600000
0.941667
0.279167
0.616667
0.616667
0.608333
0.608333
0.620833
0.616667
0.612500
0.620833
0.625000
0.625000
0.616667
0.616667
0.612500
0.620833
0.612500
0.608333
0.612500
0.608333
0.612500
0.612500
0.612500
0.612500
0.608333
0.625000
0.616667
0.616667
0.616667
0.625000
0.612500
0.620833
0.608333
0.616667
0.616667
0.616667
0.616667
0.608333
0.612500
0.612500
0.608333
0.233333
0.370833
0.595833
0.604167
0.612500
0.604167
0.595833
0.600000
0.591667
0.595833
0.591667
0.595833
0.595833
0.591667
0.600000
0.591667
0.608333
0.600000
0.608333
0.600000
0.612500
0.604167
0.616667
0.604167
0.620833
0.608333
0.216667
0.383333
0.616667
0.595833
0.604167
0.595833
0.600000
0.600000
0.591667
0.591667
0.600000
0.595833
0.583333
0.595833
0.595833
0.591667
0.600000
0.595833
0.604167
0.612500
0.604167
0.604167
0.612500
0.616667
0.612500
0.425000
0.183333
0.600000
0.604167
0.595833
0.600000
0.591667
0.591667
0.608333
0.604167
0.600000
0.600000
0.595833
0.600000
0.608333
0.595833
0.595833
0.604167
0.604167
0.604167
0.604167
0.600000
0.608333
0.608333
0.612500
0.604167
0.600000
0.429167
0.591667
0.804167
0.600000
0.591667
0.612500
0.604167
0.595833
0.600000
0.595833
0.608333
0.608333
0.595833
0.595833
0.604167
0.604167
0.612500
0.604167
0.608333
0.612500
0.620833
0.612500
0.608333
0.612500
0.612500
0.612500
0.604167
0.604167
0.604167
0.612500
0.620833
0.616667
0.616667
0.620833
0.625000
0.629167
0.625000
0.616667
0.612500
0.620833
0.616667
0.616667
0.620833
0.620833
0.675000
0.629167
0.625000
0.616667
0.662500
0.295833
0.379167
0.683333
0.645833
0.645833
0.616667
0.612500
0.600000
0.604167
0.591667
0.579167
0.587500
0.591667
0.583333
0.583333
0.579167
0.579167
0.587500
0.583333
0.570833
0.575000
0.570833
0.575000
0.570833
0.570833
0.570833
0.570833
0.575000
0.575000
0.579167
0.575000
0.591667
0.591667
0.587500
0.587500
0.591667
0.587500
0.591667
0.587500
0.583333
0.591667
0.587500
0.583333
0.579167
0.579167
0.575000
0.579167
0.579167
0.575000
0.570833
0.579167
0.570833
0.579167
0.587500
0.587500
0.591667
0.583333
0.591667
0.595833
0.587500
0.595833
0.587500
0.600000
0.583333
0.591667
0.591667
0.591667
0.591667
0.591667
0.591667
0.591667
0.604167
0.608333
0.604167
0.600000
0.591667
0.595833
0.604167
0.600000
0.595833
0.595833
0.591667
0.604167
0.591667
0.595833
0.595833
0.604167
0.595833
0.600000
0.591667
0.587500
0.212500
0.383333
0.295833
0.408333
0.070833
0.408333
0.587500
0.587500
0.591667
0.587500
0.583333
0.587500
0.579167
0.587500
0.583333
0.583333
0.583333
0.587500
0.583333
0.583333
0.587500
0.600000
0.591667
0.600000
0.591667
0.600000
0.600000
0.600000
0.600000
0.604167
0.595833
0.604167
0.600000
0.600000
0.600000
0.604167
0.616667
0.612500
0.616667
0.608333
0.608333
0.608333
0.612500
0.608333
0.600000
0.600000
0.600000
0.608333
0.595833
0.595833
0.591667
0.595833
0.595833
1.191667
0.583333
0.487500
0.366667
0.325000
0.583333
0.575000
0.579167
0.575000
0.570833
0.562500
0.570833
0.858333
0.266667
0.570833
0.566667
0.583333
0.575000
0.579167
0.570833
0.579167
0.579167
0.583333
0.587500
0.591667
0.587500
0.587500
0.591667
0.591667
0.587500
0.579167
0.583333
0.583333
0.583333
0.579167
0.583333
0.591667
0.583333
0.587500
0.587500
0.583333
0.595833
0.600000
0.587500
0.591667
0.591667
0.600000
0.587500
0.583333
0.583333
0.575000
0.579167
0.570833
0.575000
0.570833
0.575000
0.583333
0.275000
0.550000
0.333333
0.579167
0.575000
0.575000
0.570833
0.570833
0.570833
0.566667
0.562500
0.558333
0.562500
0.562500
0.558333
0.558333
0.554167
0.554167
0.558333
0.562500
0.562500
0.558333
0.566667
0.570833
0.566667
0.566667
0.566667
0.570833
0.579167
0.579167
0.575000
0.579167
0.583333
0.454167
0.125000
0.579167
0.579167
0.570833
0.570833
0.570833
0.575000
0.566667
0.570833
0.566667
0.570833
0.566667
0.579167
0.579167
0.583333
0.587500
0.591667
0.583333
0.587500
0.583333
0.595833
0.591667
0.591667
0.587500
0.587500
0.975000
0.191667
0.583333
1.158333
1.162500
0.575000
0.575000
0.575000
0.587500
0.579167
0.575000
0.579167
0.579167
0.579167
0.570833
0.579167
0.579167
0.583333
0.591667
0.587500
0.591667
0.600000
0.595833
0.600000
0.591667
0.595833
0.595833
0.600000
0.591667
0.595833
0.608333
0.600000
0.587500
0.604167
0.587500
0.595833
0.600000
0.600000
0.591667
0.591667
0.587500
0.608333
0.600000
0.604167
0.612500
0.600000
0.620833
0.616667
0.600000
0.595833
0.604167
0.604167
0.604167
0.604167
0.591667
0.595833
0.595833
0.591667
0.587500
0.583333
0.587500
0.587500
0.587500
0.595833
0.591667
0.587500
0.583333
0.587500
0.583333
0.595833
0.591667
0.591667
0.587500
0.579167
0.587500
0.583333
0.579167
0.591667
0.595833
0.595833
0.600000
0.608333
0.604167
0.608333
0.612500
0.600000
0.608333
0.604167
0.608333
0.604167
0.591667
0.604167
0.604167
0.612500
0.608333
0.600000
0.262500
0.470833
0.208333
0.254167
0.604167
0.600000
0.595833
0.587500
0.604167
0.591667
0.445833
0.150000
0.220833
0.358333
0.587500
0.583333
0.587500
0.579167
0.579167
0.575000
0.570833
0.575000
0.570833
0.570833
0.575000
0.570833
0.566667
0.575000
0.579167
0.579167
0.579167
0.583333
0.587500
0.587500
0.591667
0.591667
0.600000
0.604167
0.604167
0.604167
0.612500
0.604167
0.612500
0.612500
0.600000
0.612500
0.608333
0.604167
0.604167
0.595833
0.600000
0.600000
0.595833
0.591667
0.595833
0.595833
0.608333
0.595833
0.604167
0.591667
0.604167
0.600000
0.600000
0.591667
0.604167
0.612500
0.612500
0.600000
0.612500
0.633333
0.629167
0.620833
0.612500
0.616667
0.608333
0.608333
0.604167
0.600000
0.600000
0.600000
0.600000
0.379167
0.220833
0.595833
0.595833
0.587500
0.579167
0.583333
0.583333
0.579167
0.575000
0.579167
0.587500
0.591667
0.583333
0.587500
0.450000
0.737500
0.591667
0.583333
0.583333
0.587500
0.583333
0.591667
0.587500
0.575000
0.583333
0.583333
0.575000
0.579167
0.575000
0.575000
0.570833
0.575000
0.575000
0.575000
0.575000
0.570833
0.579167
0.579167
0.579167
0.583333
0.583333
0.587500
0.595833
0.595833
0.591667
0.591667
0.591667
0.595833
0.600000
0.600000
0.604167
0.595833
0.612500
0.600000
0.600000
0.591667
0.600000
0.604167
0.587500
0.595833
0.595833
0.595833
0.595833
0.595833
0.587500
0.587500
0.591667
0.583333
0.591667
0.575000
0.587500
0.587500
0.583333
0.583333
0.583333
0.587500
0.600000
0.583333
0.579167
0.587500
0.583333
0.595833
0.595833
0.595833
0.600000
0.604167
0.595833
0.600000
0.595833
0.595833
0.595833
0.595833
0.600000
0.600000
0.595833
0.595833
0.429167
0.170833
0.595833
0.600000
0.600000
0.595833
0.595833
0.591667
0.591667
0.441667
0.145833
0.595833
0.591667
0.591667
0.591667
0.587500
0.583333
0.600000
0.587500
0.587500
0.583333
0.591667
0.587500
0.591667
0.591667
0.595833
0.608333
0.600000
0.604167
0.600000
0.604167
0.612500
0.608333
0.608333
0.604167
0.620833
0.608333
0.608333
0.608333
0.608333
0.604167
0.625000
0.620833
0.620833
0.620833
0.633333
0.633333
0.633333
0.625000
0.629167
0.629167
0.633333
0.620833
0.625000
0.620833
0.620833
0.612500
0.616667
0.612500
0.620833
0.608333
0.608333
0.608333
0.608333
0.620833
0.612500
0.616667
0.608333
0.612500
0.612500
0.620833
0.612500
0.616667
0.625000
0.612500
0.616667
0.616667
0.612500
0.625000
0.620833
0.616667
0.616667
0.620833
0.620833
0.612500
0.616667
