0.879167
0.541667
0.687500
0.541667
0.316667
0.512500
0.683333
0.954167
0.275000
0.575000
0.583333
0.545833
0.487500
0.225000
0.212500
0.366667
0.187500
0.341667
0.608333
0.504167
0.420833
0.287500
0.541667
0.350000
0.345833
0.808333
0.475000
0.550000
0.562500
0.237500
0.366667
0.487500
0.779167
0.604167
0.358333
0.250000
0.270833
0.225000
0.287500
0.691667
0.237500
0.300000
0.216667
0.387500
0.250000
0.291667
0.312500
0.245833
0.662500
0.333333
0.687500
0.358333
0.316667
0.354167
0.150000
0.612500
0.662500
0.554167
0.637500
0.450000
0.654167
0.687500
0.275000
0.891667
0.120833
0.320833
0.416667
0.520833
0.300000
0.462500
0.404167
0.612500
0.612500
0.879167
0.175000
1.500000
0.287500
1.304167
1.175000
1.295833
1.208333
0.604167
0.600000
0.595833
0.600000
0.600000
0.600000
0.595833
0.600000
0.600000
0.595833
0.600000
0.604167
0.604167
0.437500
0.770833
0.604167
0.595833
0.600000
0.350000
0.250000
0.604167
0.608333
0.595833
0.595833
0.600000
0.604167
0.604167
0.600000
0.608333
0.612500
0.600000
0.600000
0.600000
0.600000
0.604167
0.604167
0.604167
0.591667
0.591667
0.591667
0.600000
0.600000
0.608333
0.595833
0.791667
0.287500
0.200000
0.420833
0.558333
1.337500
0.591667
1.195833
1.200000
0.600000
0.600000
0.612500
0.595833
0.595833
0.600000
0.604167
0.600000
0.604167
0.612500
0.612500
0.608333
0.612500
0.616667
0.608333
0.612500
0.225000
0.387500
0.245833
0.220833
0.754167
1.220833
0.250000
0.358333
0.512500
0.308333
0.612500
0.404167
0.608333
0.616667
0.608333
0.608333
0.508333
0.583333
0.741667
0.608333
0.604167
0.600000
0.604167
0.608333
0.604167
0.604167
0.616667
0.608333
0.604167
0.608333
0.604167
0.733333
0.483333
0.604167
0.616667
0.604167
0.608333
0.608333
0.608333
0.616667
0.608333
0.604167
0.612500
0.604167
0.604167
0.604167
0.616667
0.604167
0.612500
0.608333
0.608333
0.600000
0.600000
0.604167
0.608333
0.600000
0.600000
0.608333
0.608333
0.604167
0.583333
0.629167
0.608333
0.612500
0.616667
0.620833
0.616667
0.604167
0.608333
0.612500
0.612500
0.604167
0.604167
0.620833
0.329167
0.275000
0.212500
1.004167
0.612500
0.612500
0.608333
0.604167
0.612500
0.612500
0.604167
0.612500
0.620833
0.608333
0.608333
0.604167
0.612500
0.604167
0.612500
0.616667
0.462500
0.770833
0.625000
0.612500
0.500000
0.712500
0.608333
0.612500
0.608333
0.612500
0.612500
0.612500
0.608333
0.612500
0.604167
0.612500
0.616667
0.616667
0.616667
0.620833
0.612500
0.612500
0.612500
0.616667
0.620833
0.620833
0.612500
0.608333
0.612500
0.608333
0.608333
0.608333
0.600000
0.604167
0.612500
0.620833
0.612500
0.608333
0.608333
0.558333
0.641667
0.608333
0.604167
0.604167
0.612500
0.620833
0.625000
0.625000
0.641667
0.625000
0.620833
0.616667
0.620833
0.612500
0.616667
0.620833
0.612500
0.616667
0.616667
0.616667
0.616667
0.616667
0.616667
0.620833
0.625000
0.583333
0.395833
0.883333
0.620833
0.212500
0.404167
0.616667
0.616667
0.616667
0.616667
0.620833
0.612500
0.620833
0.625000
0.620833
0.491667
0.595833
0.383333
0.491667
0.320833
0.316667
0.675000
0.741667
0.900000
0.629167
0.620833
0.620833
0.629167
0.629167
0.633333
0.729167
0.529167
0.312500
0.345833
0.595833
0.612500
0.600000
0.275000
1.000000
0.595833
0.212500
0.608333
0.291667
0.275000
0.266667
0.258333
0.379167
0.275000
0.333333
0.462500
0.391667
0.366667
0.500000
0.641667
0.712500
0.541667
0.512500
0.720833
0.220833
0.225000
0.141667
0.308333
0.500000
0.491667
0.520833
0.358333
0.316667
0.554167
0.279167
0.100000
0.587500
0.983333
0.408333
0.641667
0.600000
0.691667
0.341667
0.395833
1.125000
0.891667
1.079167
0.491667
0.570833
0.379167
0.291667
0.512500
0.779167
1.341667
0.341667
1.341667
0.408333
0.216667
0.300000
0.920833
1.229167
0.737500
0.900000
1.279167
0.275000
1.754167
1.854167
1.854167
0.620833
0.616667
0.616667
0.625000
0.620833
0.612500
0.612500
0.608333
0.612500
0.604167
0.608333
0.691667
0.537500
0.616667
0.612500
0.612500
0.616667
0.608333
0.608333
0.608333
0.616667
0.612500
0.616667
0.625000
0.625000
0.616667
0.616667
0.616667
0.625000
0.620833
0.608333
0.612500
0.625000
0.616667
0.525000
0.250000
0.833333
0.416667
0.120833
0.262500
0.679167
0.337500
0.283333
0.629167
0.616667
0.483333
0.275000
0.487500
0.625000
0.433333
0.312500
0.287500
0.216667
0.120833
0.504167
0.258333
0.370833
0.487500
0.100000
0.558333
0.095833
0.429167
0.945833
0.575000
0.266667
0.250000
0.358333
0.366667
0.408333
0.387500
0.412500
0.233333
0.600000
0.416667
0.475000
0.270833
0.458333
0.158333
0.395833
0.579167
0.700000
0.225000
0.466667
0.354167
0.250000
0.483333
0.329167
0.425000
0.337500
0.908333
1.216667
0.679167
0.966667
1.208333
0.612500
0.604167
0.612500
0.616667
0.620833
0.533333
0.695833
0.625000
0.987500
0.645833
0.208333
0.558333
0.666667
0.612500
0.608333
0.612500
0.625000
0.616667
0.616667
0.616667
0.604167
0.604167
0.608333
0.616667
0.612500
0.612500
0.612500
0.620833
0.612500
0.604167
0.612500
0.612500
0.616667
0.608333
0.612500
0.608333
0.620833
0.612500
0.612500
0.612500
0.616667
0.612500
0.612500
0.612500
0.620833
0.612500
0.612500
0.608333
0.616667
0.620833
0.612500
0.620833
0.625000
0.616667
0.612500
0.616667
0.620833
0.616667
0.612500
0.608333
0.620833
0.266667
0.337500
0.854167
0.533333
0.395833
0.358333
0.529167
0.404167
0.608333
0.337500
0.208333
0.262500
0.366667
0.583333
0.158333
0.283333
0.216667
0.425000
0.245833
0.195833
0.412500
0.362500
0.241667
0.250000
0.366667
0.608333
0.608333
0.604167
0.612500
0.612500
0.608333
0.604167
0.612500
0.616667
0.616667
0.612500
0.616667
0.350000
0.258333
0.629167
0.612500
0.612500
0.616667
0.616667
0.612500
0.612500
0.458333
0.741667
0.637500
0.575000
0.550000
0.716667
0.608333
0.612500
0.608333
0.616667
0.608333
0.612500
0.608333
0.616667
0.612500
0.608333
0.654167
0.566667
0.220833
0.391667
0.604167
0.600000
0.604167
0.600000
0.612500
0.604167
0.604167
0.608333
0.608333
0.604167
0.600000
0.604167
0.612500
0.604167
0.600000
0.608333
0.612500
0.604167
0.604167
0.612500
0.608333
0.604167
0.604167
0.616667
0.608333
0.612500
0.295833
0.312500
0.620833
0.616667
0.616667
0.616667
0.620833
0.620833
0.616667
0.450000
0.379167
0.366667
0.770833
0.229167
0.200000
0.229167
0.612500
0.241667
0.258333
0.929167
0.229167
0.662500
0.608333
0.612500
0.612500
0.620833
0.608333
0.612500
0.612500
0.616667
0.416667
0.308333
0.512500
0.620833
0.620833
0.625000
0.620833
0.620833
0.216667
0.404167
0.620833
0.625000
0.620833
0.625000
0.437500
0.183333
0.758333
0.495833
0.625000
0.616667
0.616667
0.620833
0.616667
0.612500
0.612500
0.620833
0.612500
0.612500
0.616667
0.616667
0.625000
0.616667
0.620833
0.620833
0.625000
0.625000
0.620833
0.616667
0.625000
0.608333
0.616667
0.229167
0.379167
0.258333
0.291667
0.662500
0.620833
0.604167
0.604167
0.604167
0.600000
0.608333
0.600000
0.250000
0.350000
0.600000
0.604167
0.237500
0.366667
0.595833
0.595833
0.600000
0.608333
0.604167
0.783333
0.437500
0.741667
0.925000
0.712500
0.670833
0.612500
0.616667
0.258333
0.358333
0.616667
0.616667
0.612500
0.608333
0.608333
0.616667
0.608333
0.662500
0.412500
0.737500
0.608333
0.541667
0.270833
0.250000
0.529167
0.225000
0.533333
0.437500
0.383333
0.545833
0.279167
0.545833
0.316667
0.550000
1.316667
0.625000
0.379167
0.958333
1.054167
1.125000
1.225000
1.287500
0.295833
0.433333
0.370833
0.187500
0.437500
0.329167
0.258333
0.562500
0.925000
0.254167
0.437500
0.937500
0.608333
1.229167
1.237500
0.950000
1.095833
1.062500
0.620833
0.629167
0.629167
0.625000
0.616667
0.279167
0.333333
0.604167
0.604167
0.612500
0.612500
0.608333
0.604167
0.604167
0.612500
0.445833
0.770833
0.612500
0.225000
0.325000
0.691667
0.612500
0.616667
0.620833
0.625000
0.616667
0.616667
0.620833
0.625000
0.616667
0.620833
0.620833
0.620833
0.612500
0.616667
1.233333
0.616667
0.616667
0.479167
0.575000
0.283333
0.420833
0.370833
0.258333
0.204167
0.229167
0.295833
0.616667
0.666667
0.329167
0.308333
0.200000
0.812500
0.612500
0.716667
0.620833
1.225000
1.229167
0.616667
0.620833
0.625000
0.616667
0.616667
0.620833
0.616667
0.616667
0.620833
0.616667
0.608333
0.375000
0.633333
0.258333
0.558333
0.595833
0.600000
0.608333
0.608333
0.600000
0.600000
0.608333
0.612500
0.604167
0.520833
0.687500
0.612500
0.604167
0.604167
0.604167
0.612500
0.608333
0.604167
0.604167
0.604167
0.358333
0.733333
0.725000
0.279167
0.262500
0.241667
0.312500
0.475000
0.395833
0.266667
0.341667
0.483333
0.283333
0.462500
0.483333
0.470833
0.745833
0.612500
0.612500
0.700000
0.533333
0.379167
0.462500
0.262500
0.329167
0.350000
0.679167
0.620833
0.404167
0.479167
0.487500
0.775000
0.291667
0.441667
0.779167
0.783333
0.179167
0.637500
0.241667
0.604167
0.616667
0.604167
0.608333
0.695833
0.387500
0.766667
0.600000
0.625000
0.250000
0.570833
0.541667
0.720833
0.945833
0.762500
1.054167
1.208333
0.420833
1.408333
1.820833
0.616667
0.612500
0.608333
1.245833
0.620833
0.616667
0.625000
0.620833
0.616667
0.616667
0.625000
0.616667
0.616667
0.616667
0.620833
0.620833
0.612500
0.612500
0.608333
0.758333
0.416667
0.329167
0.383333
0.204167
0.483333
0.658333
0.208333
0.441667
0.229167
0.741667
0.608333
0.604167
0.612500
0.612500
0.604167
0.604167
0.612500
0.616667
0.612500
0.612500
0.616667
0.620833
0.612500
0.612500
0.620833
0.625000
0.612500
0.612500
0.616667
0.616667
0.604167
0.608333
0.612500
0.270833
0.337500
0.608333
0.612500
0.620833
0.541667
0.687500
0.620833
0.616667
0.612500
0.620833
0.620833
0.620833
0.612500
0.345833
0.900000
0.620833
0.733333
0.233333
0.895833
0.625000
0.604167
0.612500
0.620833
0.612500
0.337500
0.441667
0.441667
0.933333
0.370833
0.391667
0.495833
0.262500
0.770833
0.441667
1.154167
0.295833
0.795833
0.204167
0.387500
0.350000
0.404167
0.262500
0.800000
0.700000
0.237500
0.254167
0.262500
0.608333
0.608333
0.608333
0.620833
0.612500
0.608333
0.604167
0.616667
0.612500
0.604167
0.729167
0.383333
0.370833
0.591667
0.250000
0.320833
0.416667
0.608333
0.300000
0.591667
0.350000
0.245833
0.408333
0.375000
0.816667
0.616667
0.616667
0.616667
0.620833
0.608333
0.645833
0.329167
0.820833
0.333333
0.416667
0.283333
