0.654167
0.658333
0.658333
0.662500
0.662500
0.662500
0.666667
0.662500
0.662500
0.666667
0.662500
0.662500
0.662500
0.662500
0.662500
0.658333
0.662500
0.658333
0.658333
0.658333
0.662500
0.658333
0.658333
0.658333
0.662500
0.658333
0.658333
0.658333
0.658333
0.658333
0.658333
0.658333
0.658333
0.658333
0.658333
0.658333
0.654167
0.654167
0.658333
0.662500
0.658333
0.662500
0.662500
0.662500
0.662500
0.662500
0.662500
0.662500
0.662500
0.658333
0.662500
0.658333
0.662500
0.662500
0.658333
0.658333
0.662500
0.658333
0.658333
0.658333
0.662500
0.654167
0.658333
0.658333
0.662500
0.658333
0.662500
0.662500
0.662500
0.662500
0.662500
0.662500
0.662500
0.662500
0.658333
0.662500
0.662500
0.658333
0.658333
0.654167
0.658333
0.662500
0.662500
0.662500
0.666667
0.662500
0.666667
0.662500
0.662500
0.662500
0.666667
0.662500
0.662500
0.662500
0.662500
0.658333
0.662500
0.662500
0.658333
0.662500
0.658333
0.662500
0.658333
0.658333
0.662500
0.658333
0.658333
0.658333
0.662500
0.658333
0.658333
0.654167
0.658333
0.658333
0.666667
0.662500
0.666667
0.666667
0.662500
0.666667
0.662500
0.666667
0.662500
0.662500
0.666667
0.662500
0.658333
0.662500
0.662500
0.662500
0.658333
0.662500
0.658333
0.658333
0.662500
0.658333
0.658333
0.662500
0.658333
0.658333
0.662500
0.658333
0.662500
0.658333
0.662500
0.658333
0.658333
0.658333
0.662500
0.654167
0.658333
0.658333
0.666667
0.662500
0.662500
0.666667
0.662500
0.666667
0.662500
0.666667
0.662500
0.662500
0.666667
0.662500
0.662500
0.662500
0.662500
0.662500
0.662500
0.662500
0.662500
0.662500
0.658333
0.662500
0.662500
0.662500
0.662500
0.658333
0.662500
0.662500
0.658333
0.662500
0.658333
0.662500
0.658333
0.658333
0.658333
0.654167
0.658333
0.662500
0.666667
0.662500
0.662500
0.666667
0.662500
0.662500
0.662500
0.662500
0.658333
0.658333
0.662500
0.658333
0.658333
0.654167
0.658333
0.650000
0.658333
0.658333
0.658333
0.662500
0.662500
0.662500
0.662500
0.662500
0.662500
0.662500
0.662500
0.658333
0.662500
0.658333
0.662500
0.658333
0.658333
0.658333
0.654167
0.658333
0.658333
0.658333
0.658333
0.658333
0.658333
0.654167
0.658333
0.654167
0.654167
0.658333
0.662500
0.658333
0.662500
0.662500
0.662500
0.662500
0.662500
0.658333
0.662500
0.662500
0.662500
0.658333
0.662500
0.662500
0.658333
0.662500
0.658333
0.658333
0.658333
0.658333
0.658333
0.658333
0.658333
0.658333
0.658333
0.658333
0.658333
0.658333
0.654167
0.658333
0.658333
0.658333
0.658333
0.658333
0.658333
0.654167
0.658333
0.658333
0.658333
0.658333
0.654167
0.654167
0.654167
0.662500
0.662500
0.662500
0.662500
0.666667
0.662500
0.662500
0.662500
0.662500
0.662500
0.662500
0.662500
0.658333
0.658333
0.666667
0.662500
0.662500
0.662500
0.658333
0.662500
0.658333
0.662500
0.658333
0.658333
0.662500
0.658333
0.658333
0.658333
0.662500
0.658333
0.658333
0.658333
0.658333
0.658333
0.658333
0.658333
0.658333
0.658333
0.654167
0.654167
0.658333
0.658333
0.662500
0.658333
0.662500
0.666667
0.662500
0.662500
0.658333
0.662500
0.658333
0.658333
0.658333
0.658333
0.658333
0.658333
0.654167
0.658333
0.658333
0.658333
0.654167
0.658333
0.658333
0.654167
0.658333
0.654167
0.658333
0.654167
0.658333
0.654167
0.654167
0.654167
0.658333
0.654167
0.654167
0.654167
0.658333
0.654167
0.658333
0.658333
0.654167
0.650000
0.658333
0.654167
0.658333
0.662500
0.658333
0.658333
0.658333
0.658333
0.612500
0.708333
0.658333
0.658333
0.658333
0.466667
0.858333
0.658333
0.658333
0.658333
0.658333
0.658333
0.583333
0.733333
0.658333
0.658333
0.658333
0.466667
0.854167
0.654167
0.458333
0.862500
0.658333
0.658333
0.654167
0.658333
0.654167
0.654167
0.650000
0.658333
0.658333
0.662500
0.658333
0.662500
0.662500
0.658333
0.662500
0.662500
0.658333
0.658333
0.658333
0.658333
0.658333
0.658333
0.658333
0.654167
0.658333
0.658333
0.658333
0.654167
0.658333
0.658333
0.654167
0.654167
0.650000
0.654167
0.658333
0.654167
0.654167
0.658333
0.654167
0.658333
0.654167
0.658333
0.654167
0.654167
0.658333
0.654167
0.654167
0.654167
0.654167
0.658333
0.650000
0.654167
0.654167
0.654167
0.654167
0.654167
0.654167
0.654167
0.654167
0.654167
0.654167
0.658333
0.654167
0.654167
0.658333
0.654167
0.654167
0.654167
0.658333
0.654167
0.654167
0.650000
0.658333
0.658333
0.654167
0.658333
0.658333
0.658333
0.658333
0.654167
0.658333
0.658333
0.658333
0.658333
0.658333
0.654167
0.658333
0.658333
0.654167
0.658333
0.658333
0.654167
0.658333
0.658333
0.654167
0.658333
0.658333
0.658333
0.658333
0.658333
0.658333
0.654167
0.654167
0.658333
0.662500
0.658333
0.658333
0.658333
0.658333
0.658333
0.658333
0.658333
0.658333
0.658333
0.658333
0.654167
0.658333
0.654167
0.658333
0.654167
0.654167
0.654167
0.658333
0.654167
0.654167
0.654167
0.654167
0.658333
0.654167
0.654167
0.650000
0.654167
0.662500
0.654167
0.658333
0.658333
0.658333
0.658333
0.658333
0.662500
0.658333
0.658333
0.658333
0.658333
0.658333
0.658333
0.654167
0.658333
0.658333
0.654167
0.658333
0.658333
0.654167
0.658333
0.654167
0.654167
0.658333
0.654167
0.654167
0.654167
0.654167
0.658333
0.654167
0.608333
0.700000
0.654167
0.654167
0.654167
0.654167
0.658333
0.654167
0.650000
0.658333
0.662500
0.658333
0.662500
0.662500
0.658333
0.662500
0.658333
0.662500
0.662500
0.658333
0.658333
0.658333
0.658333
0.658333
0.654167
0.658333
0.654167
0.654167
0.654167
0.658333
0.654167
0.654167
0.658333
0.654167
0.654167
0.654167
0.654167
0.654167
0.654167
0.654167
0.654167
0.650000
0.654167
0.654167
0.645833
0.654167
0.654167
0.658333
0.654167
0.658333
0.658333
0.654167
0.658333
0.654167
0.658333
0.654167
0.654167
0.658333
0.654167
0.654167
0.658333
0.654167
0.658333
0.654167
0.654167
0.654167
0.654167
0.658333
0.650000
0.658333
0.650000
0.658333
0.654167
0.650000
0.650000
0.654167
0.654167
0.658333
0.658333
0.658333
0.658333
0.662500
0.658333
0.658333
0.658333
0.654167
0.658333
0.654167
0.658333
0.654167
0.654167
0.654167
0.654167
0.650000
0.654167
0.654167
0.654167
0.654167
0.650000
0.654167
0.654167
0.650000
0.654167
0.650000
0.654167
0.650000
0.654167
0.650000
0.654167
0.650000
0.650000
0.654167
0.650000
0.650000
0.650000
0.650000
0.650000
0.650000
0.654167
0.654167
0.654167
0.654167
0.658333
0.654167
0.654167
0.654167
0.654167
0.654167
0.654167
0.654167
0.654167
0.650000
0.654167
0.654167
0.658333
0.654167
0.654167
0.654167
0.654167
0.654167
0.654167
0.654167
0.658333
0.654167
0.654167
0.654167
0.654167
0.650000
0.654167
0.645833
0.654167
0.654167
0.654167
0.658333
0.658333
0.654167
0.658333
0.658333
0.654167
0.658333
0.654167
0.658333
0.654167
0.654167
0.654167
0.654167
0.654167
0.654167
0.654167
0.654167
0.654167
0.654167
0.654167
0.654167
0.654167
0.654167
0.654167
0.654167
0.654167
0.654167
0.650000
0.650000
0.654167
0.654167
0.658333
0.654167
0.658333
0.654167
0.658333
0.654167
0.658333
0.654167
0.654167
0.654167
0.654167
0.654167
0.654167
0.654167
0.650000
0.654167
0.654167
0.650000
0.654167
0.654167
0.650000
0.654167
0.650000
0.654167
0.650000
0.654167
0.650000
0.654167
0.650000
0.654167
0.654167
0.650000
0.654167
0.650000
0.650000
0.654167
0.566667
0.741667
0.658333
0.408333
0.904167
0.654167
0.654167
0.658333
0.654167
0.654167
0.654167
0.654167
0.658333
0.654167
0.654167
0.654167
0.654167
0.654167
0.658333
0.654167
0.658333
0.654167
0.658333
0.654167
0.658333
0.658333
0.654167
0.658333
0.654167
0.654167
0.654167
0.654167
0.658333
0.658333
0.654167
0.662500
0.658333
0.658333
0.658333
0.658333
0.654167
0.658333
0.658333
0.654167
0.654167
0.654167
0.654167
0.654167
0.654167
0.650000
0.654167
0.650000
0.654167
0.650000
0.654167
0.650000
0.654167
0.650000
0.654167
0.654167
0.650000
0.654167
0.650000
0.654167
0.650000
0.650000
0.650000
0.654167
0.658333
0.654167
0.654167
0.658333
0.654167
0.654167
0.658333
0.654167
0.658333
0.654167
0.658333
0.654167
0.654167
0.654167
0.654167
0.654167
0.654167
0.654167
0.654167
0.654167
0.654167
0.654167
0.654167
0.654167
0.650000
0.650000
0.654167
0.650000
0.645833
0.650000
0.654167
0.654167
0.658333
0.654167
0.658333
0.658333
0.654167
0.654167
0.658333
0.654167
0.654167
0.654167
0.654167
0.654167
0.654167
0.654167
0.650000
0.654167
0.654167
0.650000
0.654167
0.654167
0.650000
0.654167
0.650000
0.654167
0.654167
0.650000
0.654167
0.654167
0.654167
0.654167
0.650000
0.650000
0.654167
0.658333
0.658333
0.658333
0.658333
0.658333
0.662500
0.658333
0.662500
0.658333
0.658333
0.658333
0.658333
0.654167
0.658333
0.654167
0.658333
0.654167
0.654167
0.654167
0.654167
0.654167
0.654167
0.654167
0.654167
0.654167
0.654167
0.654167
0.654167
0.654167
0.654167
0.650000
0.654167
0.654167
0.650000
0.654167
0.650000
0.645833
0.654167
0.654167
0.658333
0.658333
0.654167
