0.808333
0.816667
0.837500
0.833333
0.850000
0.829167
0.783333
0.825000
0.833333
0.825000
0.816667
0.808333
0.816667
0.820833
0.816667
0.812500
0.820833
0.825000
0.825000
0.825000
0.820833
0.829167
0.812500
0.837500
0.825000
0.833333
0.812500
0.820833
0.820833
0.829167
0.816667
0.841667
0.808333
0.800000
0.816667
0.820833
0.804167
0.791667
0.787500
0.783333
0.783333
0.787500
0.787500
0.804167
0.800000
0.808333
0.800000
0.808333
0.829167
0.804167
0.816667
0.820833
0.825000
0.829167
0.791667
0.833333
0.837500
0.833333
0.845833
0.825000
0.787500
0.841667
0.837500
0.841667
0.854167
0.829167
0.800000
0.829167
0.825000
0.833333
0.829167
0.812500
0.812500
0.829167
0.833333
0.825000
0.825000
0.820833
0.812500
0.816667
0.825000
0.816667
0.808333
0.800000
0.808333
0.812500
0.808333
0.795833
0.804167
0.808333
0.804167
0.808333
0.804167
0.816667
0.812500
0.808333
0.808333
0.804167
0.800000
0.808333
0.800000
0.795833
0.795833
0.795833
0.791667
0.808333
0.812500
0.808333
0.812500
0.808333
0.812500
0.825000
0.820833
0.825000
0.825000
0.820833
0.829167
0.833333
0.825000
0.829167
0.825000
0.829167
0.825000
0.841667
0.837500
0.833333
0.833333
0.841667
0.829167
0.808333
0.829167
0.837500
0.837500
0.845833
0.841667
0.787500
0.825000
0.841667
0.841667
0.841667
0.854167
0.812500
0.837500
0.858333
0.850000
0.825000
0.825000
0.841667
0.841667
0.825000
0.829167
0.833333
0.825000
0.820833
0.825000
0.829167
0.829167
0.829167
0.833333
0.833333
0.837500
0.845833
0.833333
0.833333
0.829167
0.654167
0.979167
0.850000
0.833333
0.833333
0.829167
0.829167
0.837500
0.833333
0.829167
0.820833
0.825000
0.808333
0.779167
0.725000
0.895833
0.829167
0.812500
0.808333
0.779167
0.800000
0.804167
0.804167
0.800000
0.779167
0.795833
0.800000
0.791667
0.787500
0.787500
0.758333
0.775000
0.820833
0.795833
0.758333
0.808333
0.833333
0.787500
0.783333
0.779167
0.870833
0.775000
0.779167
0.800000
0.533333
1.037500
0.895833
0.787500
0.808333
0.812500
0.800000
0.779167
0.808333
0.808333
0.804167
0.775000
0.800000
0.800000
0.795833
0.787500
0.783333
0.791667
0.750000
0.787500
0.795833
0.816667
0.800000
0.758333
0.791667
0.812500
0.816667
0.812500
0.816667
0.808333
0.791667
0.787500
0.816667
0.820833
0.829167
0.620833
0.975000
0.791667
0.804167
0.816667
0.816667
0.816667
0.812500
0.808333
0.791667
0.816667
0.829167
0.808333
0.804167
0.791667
0.795833
0.812500
0.787500
0.800000
0.812500
0.816667
0.820833
0.820833
0.812500
0.783333
0.791667
0.841667
0.816667
0.812500
0.775000
0.804167
0.858333
0.800000
0.783333
0.841667
0.779167
0.808333
0.816667
0.812500
0.820833
0.816667
0.816667
0.812500
0.520833
1.058333
0.908333
0.808333
0.812500
0.812500
0.825000
0.812500
0.816667
0.825000
0.816667
0.816667
0.812500
0.816667
0.825000
0.816667
0.820833
0.837500
0.829167
0.816667
0.820833
0.825000
0.833333
0.808333
0.845833
0.825000
0.795833
0.808333
0.841667
0.812500
0.829167
0.829167
0.808333
0.812500
0.833333
0.837500
0.825000
0.808333
0.845833
0.837500
0.816667
0.808333
0.816667
0.854167
0.833333
0.800000
0.800000
0.850000
0.808333
0.833333
0.820833
0.837500
0.820833
0.808333
0.787500
1.620833
0.879167
0.804167
0.833333
0.829167
0.825000
0.804167
0.829167
0.833333
0.825000
0.816667
0.804167
0.833333
0.829167
0.808333
0.829167
0.825000
0.816667
0.825000
0.791667
0.804167
0.833333
0.837500
0.816667
0.795833
0.812500
0.829167
0.833333
0.808333
0.808333
0.791667
0.837500
0.775000
0.816667
0.833333
0.829167
0.820833
0.825000
0.833333
0.833333
0.779167
0.816667
0.833333
0.829167
0.845833
0.845833
0.787500
0.800000
0.833333
0.833333
0.837500
0.850000
0.787500
0.816667
0.845833
0.841667
0.850000
0.829167
0.779167
0.683333
0.991667
0.841667
0.841667
0.825000
0.779167
0.829167
0.825000
0.841667
0.812500
0.766667
0.816667
0.816667
0.816667
0.816667
0.812500
0.779167
0.804167
0.816667
0.816667
0.816667
0.808333
0.775000
0.804167
0.812500
0.825000
0.816667
0.766667
0.820833
0.825000
0.825000
0.825000
0.783333
0.829167
0.829167
0.529167
1.037500
0.837500
0.850000
0.808333
0.820833
0.800000
0.791667
0.395833
1.220833
0.670833
0.987500
0.837500
0.833333
0.812500
0.837500
0.795833
0.804167
0.854167
0.795833
0.800000
0.829167
0.850000
0.825000
0.820833
0.816667
0.812500
0.804167
0.820833
0.808333
0.812500
0.812500
0.620833
0.975000
0.816667
0.816667
0.820833
0.820833
0.825000
0.829167
0.812500
0.820833
0.833333
0.833333
0.820833
0.816667
0.833333
0.825000
0.825000
0.825000
0.812500
0.837500
0.829167
0.833333
0.820833
0.812500
0.820833
0.829167
0.825000
0.812500
0.820833
0.812500
0.829167
0.833333
0.825000
0.825000
0.825000
0.520833
1.112500
0.870833
0.825000
0.812500
0.816667
0.816667
0.833333
0.795833
0.820833
0.825000
0.825000
0.833333
0.825000
0.783333
0.825000
0.833333
0.841667
0.833333
0.787500
0.816667
0.833333
0.829167
0.833333
0.833333
0.787500
0.804167
0.829167
0.829167
0.829167
0.829167
0.791667
0.816667
0.833333
0.854167
0.791667
0.841667
0.833333
0.820833
0.825000
0.800000
0.825000
0.829167
0.837500
0.833333
0.804167
0.804167
0.808333
0.825000
0.829167
0.845833
0.820833
0.791667
0.833333
0.854167
0.845833
0.820833
0.837500
0.804167
0.841667
0.770833
0.858333
0.837500
0.833333
0.770833
0.900000
0.791667
0.787500
0.833333
0.795833
0.820833
0.825000
0.779167
0.791667
0.808333
0.820833
0.787500
0.775000
0.804167
0.800000
0.783333
0.787500
0.795833
0.795833
0.808333
0.808333
0.804167
0.804167
0.800000
0.783333
0.825000
0.758333
0.862500
0.783333
0.791667
0.804167
0.804167
0.800000
0.791667
0.795833
0.775000
0.787500
0.804167
0.804167
0.775000
0.787500
0.804167
0.800000
0.804167
0.770833
0.820833
0.787500
0.795833
0.812500
0.808333
0.812500
0.779167
0.808333
0.816667
0.808333
0.816667
0.779167
0.820833
0.825000
0.825000
0.808333
0.795833
0.812500
0.816667
0.816667
0.795833
0.795833
0.816667
0.820833
0.820833
0.770833
0.820833
0.816667
0.820833
0.820833
0.787500
0.800000
0.825000
0.812500
0.825000
0.829167
0.770833
0.833333
0.825000
0.825000
0.833333
0.795833
0.808333
0.833333
0.820833
0.820833
0.833333
0.779167
0.829167
0.825000
1.483333
0.950000
0.833333
0.800000
0.791667
0.804167
0.804167
0.800000
0.800000
0.795833
0.804167
0.808333
0.812500
0.800000
0.804167
0.820833
0.808333
0.804167
0.787500
0.795833
0.787500
0.791667
0.808333
0.800000
0.795833
0.800000
0.791667
0.791667
0.754167
0.800000
0.808333
0.804167
0.804167
0.766667
0.791667
0.812500
0.808333
0.816667
0.804167
0.770833
0.833333
0.825000
0.812500
0.770833
0.825000
0.820833
0.825000
0.825000
0.770833
0.816667
0.820833
0.816667
0.820833
0.812500
0.770833
0.612500
0.987500
0.812500
0.766667
0.858333
0.816667
0.812500
0.816667
0.812500
0.783333
0.820833
0.816667
0.816667
0.816667
0.779167
0.816667
0.812500
0.812500
0.816667
0.775000
0.812500
0.808333
0.812500
0.812500
0.779167
0.804167
0.825000
0.795833
0.812500
0.791667
0.779167
0.825000
0.795833
0.816667
0.770833
0.825000
0.808333
0.808333
0.808333
0.804167
0.775000
0.825000
0.808333
0.816667
0.825000
0.787500
