0.854167
0.854167
0.558333
1.170833
0.862500
0.645833
1.070833
0.854167
0.637500
1.087500
0.858333
0.587500
1.154167
0.862500
0.862500
0.862500
0.537500
1.212500
0.862500
0.625000
1.108333
0.858333
0.579167
1.158333
0.862500
0.591667
1.154167
0.862500
0.862500
0.854167
0.854167
0.854167
0.854167
0.854167
0.858333
0.620833
1.120833
0.858333
0.858333
0.708333
1.025000
0.866667
0.625000
1.112500
0.862500
0.595833
1.133333
0.858333
0.608333
1.129167
0.862500
0.608333
1.137500
0.858333
0.858333
0.862500
0.858333
0.587500
1.145833
0.858333
0.854167
0.862500
0.858333
0.862500
0.775000
0.966667
0.866667
0.870833
0.866667
0.870833
0.870833
0.637500
1.120833
0.870833
0.662500
1.083333
0.866667
0.612500
1.137500
0.866667
0.620833
1.120833
0.862500
0.866667
0.862500
0.866667
0.600000
1.162500
0.879167
0.866667
0.879167
0.875000
0.875000
0.866667
0.870833
0.866667
0.870833
0.866667
0.870833
0.875000
0.870833
0.879167
0.875000
0.883333
0.683333
1.100000
0.887500
0.883333
0.887500
0.883333
0.875000
0.875000
0.879167
0.875000
0.879167
0.870833
0.879167
0.883333
0.879167
0.879167
0.883333
0.887500
0.891667
0.879167
0.879167
0.658333
1.104167
0.883333
0.883333
0.883333
0.879167
0.875000
0.883333
0.883333
0.883333
0.875000
0.883333
0.616667
1.154167
0.887500
0.645833
1.116667
0.875000
0.600000
1.162500
0.870833
0.604167
1.150000
0.875000
0.570833
1.187500
0.879167
0.875000
0.879167
0.533333
1.241667
0.879167
0.879167
0.883333
0.566667
1.200000
0.883333
0.887500
0.887500
0.883333
0.883333
0.883333
0.900000
0.891667
0.704167
1.075000
0.891667
0.583333
1.212500
0.895833
0.891667
0.883333
0.887500
0.900000
0.891667
0.895833
0.883333
0.891667
0.891667
0.887500
0.879167
0.879167
0.875000
0.879167
0.883333
0.875000
0.875000
0.883333
0.879167
0.879167
0.883333
0.879167
0.875000
0.879167
0.875000
0.879167
0.875000
0.875000
0.887500
0.870833
0.879167
0.879167
0.875000
0.875000
0.883333
0.879167
0.879167
0.870833
0.879167
0.875000
0.870833
0.620833
1.137500
0.870833
0.870833
0.866667
0.879167
0.870833
0.879167
0.875000
0.883333
0.883333
0.883333
0.879167
0.883333
0.883333
0.875000
0.883333
0.883333
0.879167
0.879167
0.875000
0.883333
0.883333
0.879167
0.866667
0.870833
0.870833
0.866667
0.866667
0.870833
0.866667
0.862500
0.862500
0.862500
0.600000
1.150000
0.866667
0.658333
1.095833
0.862500
0.575000
1.179167
0.870833
0.862500
0.862500
0.529167
1.233333
0.875000
0.875000
0.866667
0.541667
1.216667
0.870833
0.870833
0.862500
0.558333
1.191667
0.866667
0.862500
0.562500
1.187500
0.866667
0.550000
1.187500
0.866667
0.862500
0.862500
0.545833
1.204167
0.866667
0.620833
1.120833
0.862500
0.862500
0.537500
1.208333
0.866667
0.562500
1.179167
0.870833
0.579167
1.183333
0.650000
1.112500
0.875000
0.866667
0.870833
0.516667
1.241667
0.862500
0.862500
0.870833
0.550000
1.187500
0.862500
0.612500
1.104167
0.854167
0.579167
1.150000
0.866667
0.866667
0.870833
0.862500
0.862500
0.862500
0.870833
0.875000
0.875000
0.866667
0.870833
0.879167
0.883333
0.875000
0.875000
0.875000
0.891667
0.883333
0.575000
1.195833
0.883333
0.891667
0.887500
0.875000
0.875000
0.875000
0.870833
0.616667
1.141667
0.870833
0.870833
0.875000
0.866667
0.870833
0.875000
0.875000
0.587500
1.183333
0.879167
0.670833
1.095833
0.870833
0.612500
1.162500
0.875000
0.870833
0.875000
0.870833
0.875000
0.808333
0.950000
0.879167
0.887500
0.879167
0.875000
0.883333
0.870833
0.875000
0.870833
0.875000
0.875000
0.870833
0.866667
0.870833
0.608333
1.158333
0.875000
0.870833
0.870833
0.870833
0.879167
0.870833
0.870833
0.875000
0.875000
0.875000
0.870833
0.879167
0.875000
0.875000
0.879167
0.870833
0.870833
0.875000
0.883333
0.604167
1.170833
0.887500
0.633333
1.145833
0.875000
0.579167
1.187500
0.866667
0.870833
0.862500
0.870833
0.862500
0.866667
0.866667
0.862500
0.866667
0.866667
0.862500
0.866667
0.866667
0.866667
0.600000
1.145833
0.870833
0.870833
0.866667
0.866667
0.862500
0.870833
0.870833
0.870833
0.870833
0.870833
0.866667
0.866667
0.866667
0.870833
0.875000
0.870833
0.595833
1.170833
0.875000
0.633333
1.116667
0.862500
0.600000
1.145833
0.862500
0.579167
1.162500
0.862500
0.629167
1.120833
0.866667
0.562500
1.183333
0.866667
0.866667
0.862500
0.554167
1.187500
0.866667
0.637500
1.100000
0.858333
0.862500
0.595833
1.145833
0.866667
0.562500
1.183333
0.866667
0.854167
0.862500
0.545833
1.200000
0.866667
0.612500
1.133333
0.866667
0.579167
1.166667
0.866667
0.858333
0.866667
0.866667
0.862500
0.858333
0.862500
0.870833
0.862500
0.866667
0.862500
0.862500
0.608333
1.133333
0.862500
0.862500
0.862500
0.858333
0.858333
0.854167
0.716667
1.012500
0.862500
0.862500
0.866667
0.870833
0.870833
0.870833
0.879167
0.879167
0.883333
0.883333
0.879167
0.887500
0.879167
0.879167
0.875000
0.870833
0.866667
0.854167
0.850000
0.845833
0.854167
0.858333
0.854167
0.870833
0.608333
1.150000
0.879167
0.875000
0.879167
0.883333
0.879167
0.879167
0.887500
0.883333
0.883333
0.883333
0.879167
0.870833
0.875000
0.879167
0.875000
0.870833
0.875000
0.875000
0.875000
0.870833
0.879167
0.883333
0.883333
0.883333
0.883333
0.883333
0.879167
0.879167
0.883333
0.875000
0.870833
0.875000
0.870833
0.870833
0.633333
1.125000
0.879167
0.608333
1.141667
0.866667
0.616667
1.137500
0.870833
0.554167
1.204167
0.866667
0.866667
0.862500
0.537500
1.208333
0.862500
0.858333
0.866667
0.558333
1.187500
0.866667
0.562500
1.179167
0.862500
0.862500
0.858333
0.545833
1.204167
0.866667
0.862500
0.862500
0.562500
1.175000
0.858333
0.595833
1.141667
0.862500
0.862500
0.858333
0.866667
0.862500
0.862500
0.866667
0.870833
0.862500
0.870833
0.866667
0.866667
0.591667
1.158333
0.870833
0.625000
1.125000
0.858333
0.866667
0.579167
1.162500
0.870833
0.591667
1.166667
0.870833
0.870833
0.862500
0.866667
0.862500
0.866667
0.866667
0.866667
0.862500
0.870833
0.870833
0.870833
0.870833
0.866667
0.870833
0.870833
0.866667
0.629167
1.120833
0.862500
0.870833
0.587500
1.166667
0.870833
0.579167
1.170833
0.870833
0.583333
1.175000
0.879167
0.579167
1.179167
0.870833
0.862500
0.866667
0.537500
1.212500
0.866667
0.862500
0.850000
0.575000
1.145833
0.854167
0.604167
1.133333
0.866667
0.575000
1.170833
0.870833
0.858333
0.866667
0.537500
1.204167
0.866667
0.858333
0.858333
0.558333
1.183333
0.866667
0.866667
0.866667
0.866667
0.870833
0.870833
0.866667
0.866667
0.866667
0.866667
0.862500
0.866667
0.862500
0.862500
0.583333
1.166667
0.870833
0.866667
0.870833
0.870833
0.875000
0.866667
0.875000
0.875000
0.866667
0.879167
0.875000
0.866667
0.870833
0.870833
