0.670833
0.658333
0.662500
0.670833
0.675000
0.658333
0.675000
0.675000
0.675000
0.670833
0.679167
0.679167
0.804167
0.550000
0.404167
0.541667
0.554167
0.533333
0.675000
0.670833
0.454167
0.225000
0.266667
0.004167
0.408333
0.675000
0.466667
0.854167
0.591667
0.466667
0.325000
0.687500
0.675000
0.675000
0.675000
0.675000
0.675000
0.675000
0.679167
0.679167
0.800000
0.566667
0.491667
0.191667
0.691667
0.683333
0.679167
0.679167
0.675000
0.675000
0.679167
0.679167
0.679167
0.675000
0.679167
0.675000
0.679167
0.687500
0.691667
0.691667
0.695833
0.700000
0.700000
0.700000
0.700000
0.700000
0.704167
0.712500
0.712500
0.704167
0.708333
0.712500
0.716667
0.700000
0.700000
0.579167
0.666667
0.258333
0.408333
0.258333
0.612500
0.695833
0.187500
0.491667
0.200000
0.520833
0.637500
0.687500
0.279167
0.400000
0.550000
0.641667
0.370833
0.495833
0.679167
0.537500
0.458333
0.270833
0.408333
0.391667
0.591667
0.220833
0.787500
0.441667
0.270833
0.562500
0.341667
0.075000
0.350000
0.529167
0.525000
0.812500
0.525000
0.670833
0.675000
0.670833
0.666667
0.587500
0.470833
0.287500
0.666667
0.675000
0.554167
0.404167
0.550000
0.500000
0.662500
1.333333
0.675000
0.666667
0.666667
0.666667
0.670833
0.670833
0.679167
0.675000
0.683333
0.683333
0.683333
0.687500
0.687500
0.687500
0.691667
0.695833
0.704167
0.704167
0.700000
0.704167
0.695833
0.700000
0.700000
0.708333
0.704167
0.700000
0.700000
0.700000
0.700000
0.704167
0.704167
0.708333
0.704167
0.700000
0.708333
0.712500
0.716667
0.712500
0.712500
0.708333
0.712500
0.716667
0.716667
0.712500
0.720833
0.875000
0.545833
0.700000
0.350000
0.358333
0.545833
0.191667
0.916667
0.045833
0.408333
0.679167
0.691667
0.691667
0.687500
0.687500
0.695833
0.704167
0.708333
0.708333
0.712500
0.712500
0.716667
0.712500
0.712500
0.716667
0.712500
0.712500
0.645833
0.791667
0.258333
0.825000
1.037500
0.700000
0.691667
0.720833
0.670833
0.691667
0.687500
0.300000
0.508333
0.645833
0.137500
0.458333
0.675000
0.229167
0.312500
0.587500
0.904167
0.441667
0.233333
0.266667
0.408333
0.391667
0.375000
0.466667
0.129167
0.816667
0.583333
0.337500
0.275000
0.891667
0.466667
0.679167
0.675000
0.675000
0.683333
0.683333
1.133333
0.916667
0.691667
0.691667
0.700000
0.691667
0.687500
0.700000
0.700000
0.700000
0.700000
0.695833
0.704167
0.708333
0.700000
0.708333
0.712500
0.708333
0.708333
0.704167
0.708333
0.704167
0.700000
0.708333
0.712500
0.700000
0.708333
0.712500
0.712500
0.712500
0.708333
0.712500
0.716667
0.720833
0.720833
0.725000
0.720833
0.733333
0.725000
0.720833
0.733333
0.737500
0.745833
0.733333
0.737500
0.737500
0.741667
0.737500
0.729167
0.737500
0.741667
0.741667
0.733333
0.737500
0.741667
0.737500
0.733333
0.729167
0.725000
0.725000
0.729167
0.741667
0.729167
0.725000
0.725000
0.729167
0.733333
0.729167
0.725000
0.716667
0.712500
0.716667
0.712500
0.708333
0.708333
0.708333
0.712500
0.708333
0.720833
0.720833
0.729167
0.720833
0.716667
0.720833
0.708333
0.720833
0.720833
0.716667
0.720833
0.266667
0.237500
0.208333
0.325000
0.387500
0.712500
0.716667
0.712500
0.720833
0.725000
0.725000
0.737500
0.733333
0.737500
0.737500
0.741667
0.733333
0.737500
0.733333
0.729167
0.741667
0.741667
0.733333
0.733333
0.741667
0.741667
0.741667
0.733333
0.737500
0.729167
0.720833
0.725000
0.729167
0.725000
0.725000
0.720833
0.725000
0.729167
0.729167
0.725000
0.725000
0.720833
0.729167
0.729167
0.729167
0.733333
0.720833
0.729167
0.729167
0.733333
0.725000
0.729167
0.716667
0.725000
0.725000
0.712500
0.716667
0.720833
0.708333
0.712500
0.716667
0.716667
0.720833
0.720833
0.712500
0.725000
0.729167
0.729167
0.725000
0.733333
0.733333
0.725000
0.733333
0.729167
0.733333
0.729167
0.729167
0.725000
0.733333
0.733333
0.729167
0.729167
0.729167
0.729167
0.729167
0.725000
0.729167
0.725000
0.716667
0.720833
0.716667
0.708333
0.412500
0.295833
0.725000
0.216667
0.625000
0.579167
0.708333
0.700000
0.700000
0.695833
0.695833
0.695833
0.695833
0.695833
0.700000
0.695833
0.695833
0.700000
0.700000
0.704167
0.712500
0.712500
0.716667
0.716667
0.720833
0.716667
0.716667
0.725000
0.725000
0.720833
0.720833
0.725000
0.725000
0.712500
0.716667
0.720833
0.720833
0.720833
0.725000
0.720833
0.716667
0.708333
0.708333
0.720833
0.716667
0.712500
0.716667
0.708333
0.720833
0.725000
0.729167
0.716667
0.729167
0.737500
0.725000
0.720833
0.725000
0.733333
0.733333
0.725000
0.729167
0.716667
0.720833
0.720833
0.712500
0.720833
0.720833
0.708333
0.716667
0.720833
0.729167
0.733333
0.729167
0.729167
0.729167
0.725000
0.720833
0.720833
0.429167
0.287500
0.716667
0.720833
0.716667
0.708333
0.720833
0.712500
0.708333
0.708333
0.716667
0.720833
0.720833
0.716667
0.716667
0.712500
0.737500
0.729167
0.733333
0.729167
0.729167
0.729167
0.737500
0.741667
0.741667
0.737500
0.729167
0.737500
0.733333
0.729167
0.729167
0.737500
0.725000
0.741667
0.737500
0.737500
0.737500
0.733333
0.733333
0.725000
0.729167
0.725000
0.725000
0.733333
0.720833
0.729167
0.729167
0.737500
0.733333
0.737500
0.733333
0.733333
0.725000
0.733333
0.733333
0.733333
0.733333
0.725000
0.733333
0.733333
0.733333
0.737500
0.725000
0.733333
0.737500
0.737500
0.737500
0.733333
0.729167
0.733333
0.733333
0.725000
0.729167
0.733333
0.733333
0.733333
0.737500
0.737500
0.729167
0.725000
0.725000
0.733333
0.741667
0.737500
0.741667
0.741667
0.741667
0.745833
0.745833
0.741667
0.741667
0.745833
0.745833
0.745833
0.741667
0.741667
0.737500
0.737500
0.741667
0.737500
0.733333
0.737500
0.733333
0.737500
0.741667
0.737500
0.741667
0.733333
0.737500
0.741667
0.741667
0.737500
0.733333
0.733333
0.737500
0.737500
0.737500
0.741667
0.737500
0.729167
0.733333
0.737500
0.733333
0.737500
0.737500
0.725000
0.741667
0.733333
0.733333
0.729167
0.725000
0.729167
0.725000
0.729167
0.725000
0.725000
0.716667
0.725000
0.725000
0.720833
0.720833
0.716667
0.720833
0.716667
0.720833
0.720833
0.720833
0.725000
0.720833
0.725000
0.720833
0.720833
0.716667
0.720833
0.720833
0.716667
0.720833
0.716667
0.716667
0.716667
0.716667
0.716667
0.716667
0.716667
0.720833
0.716667
0.716667
0.712500
0.720833
0.712500
0.716667
0.712500
0.720833
0.716667
0.716667
0.720833
0.712500
0.720833
0.712500
0.716667
0.716667
0.716667
0.712500
0.716667
0.716667
0.712500
0.716667
0.712500
0.716667
0.716667
0.712500
0.712500
0.716667
0.712500
0.708333
0.716667
0.712500
0.716667
0.712500
0.712500
0.716667
0.716667
0.712500
0.712500
0.712500
0.716667
0.716667
0.712500
0.716667
0.708333
0.708333
0.708333
0.712500
0.712500
0.712500
0.712500
0.704167
0.716667
0.716667
0.712500
0.712500
0.708333
0.708333
0.712500
0.712500
0.720833
0.708333
0.712500
0.716667
0.716667
0.716667
0.712500
0.716667
0.720833
0.716667
0.716667
0.716667
0.712500
0.712500
0.716667
0.716667
0.712500
0.712500
0.712500
0.716667
0.716667
0.712500
0.708333
0.712500
0.712500
0.716667
0.712500
0.712500
0.716667
0.716667
0.716667
0.712500
0.708333
0.712500
0.716667
0.712500
0.716667
0.712500
0.720833
0.716667
0.725000
0.712500
0.716667
0.720833
0.720833
0.716667
0.716667
0.720833
0.720833
0.716667
0.720833
0.712500
0.716667
0.716667
0.720833
0.720833
0.720833
0.712500
0.716667
0.716667
0.712500
0.716667
0.712500
0.712500
0.708333
0.720833
0.716667
0.716667
0.712500
0.716667
0.712500
0.716667
0.712500
0.716667
0.712500
0.708333
0.712500
0.708333
0.712500
0.704167
0.700000
0.712500
0.708333
0.712500
0.712500
0.712500
0.708333
0.712500
0.712500
0.716667
0.725000
0.716667
0.716667
0.720833
0.725000
0.725000
0.729167
0.720833
0.725000
0.720833
0.725000
0.725000
0.720833
0.729167
0.720833
0.720833
0.725000
0.725000
0.725000
0.725000
0.720833
0.716667
0.725000
0.725000
0.720833
0.725000
0.716667
0.720833
0.725000
0.725000
0.720833
0.720833
0.716667
0.716667
0.725000
0.720833
0.720833
0.712500
0.716667
0.725000
0.720833
0.720833
0.725000
0.716667
0.720833
0.725000
0.725000
0.720833
0.720833
0.720833
0.720833
0.720833
0.716667
0.716667
0.712500
0.720833
0.720833
0.716667
0.716667
0.716667
0.716667
0.712500
0.720833
0.716667
0.720833
0.716667
0.712500
0.720833
0.716667
0.716667
0.716667
0.712500
0.716667
0.716667
0.712500
0.716667
0.712500
0.716667
0.712500
0.708333
0.716667
0.716667
0.712500
0.712500
0.708333
0.708333
0.708333
0.712500
0.708333
0.708333
0.704167
0.704167
0.704167
0.708333
0.708333
