0.858333
0.833333
0.825000
0.825000
0.837500
0.870833
0.879167
0.837500
0.829167
0.820833
0.820833
0.870833
0.866667
0.837500
0.833333
0.841667
0.837500
0.866667
0.866667
0.845833
0.858333
0.866667
0.879167
0.858333
0.850000
0.850000
0.850000
0.900000
0.895833
0.854167
0.858333
0.854167
0.837500
0.854167
0.858333
0.829167
0.829167
0.837500
0.862500
0.854167
0.841667
0.845833
0.875000
0.866667
0.825000
0.820833
0.829167
0.833333
0.845833
0.816667
0.787500
0.775000
0.787500
0.820833
0.800000
0.587500
0.933333
0.766667
0.795833
0.804167
0.766667
0.745833
0.758333
0.766667
0.766667
0.800000
0.795833
0.770833
0.770833
0.787500
0.833333
0.841667
0.816667
0.808333
0.808333
0.845833
0.858333
0.845833
0.858333
0.833333
0.641667
0.920833
0.812500
0.816667
0.833333
0.825000
0.766667
0.758333
0.762500
0.770833
0.812500
0.804167
0.791667
0.816667
0.866667
0.845833
0.816667
0.800000
0.808333
0.845833
0.845833
0.566667
1.041667
0.820833
0.829167
0.850000
0.833333
0.791667
0.800000
0.808333
0.812500
0.862500
0.870833
0.837500
0.833333
0.850000
0.887500
0.916667
0.941667
0.925000
0.958333
0.966667
1.012500
0.729167
1.166667
0.845833
0.900000
0.916667
0.870833
0.933333
0.887500
0.916667
0.841667
0.925000
0.912500
0.895833
0.904167
0.820833
0.908333
0.854167
0.825000
0.808333
0.837500
0.825000
0.775000
0.783333
0.787500
0.808333
0.829167
0.795833
0.783333
0.791667
0.808333
0.850000
0.837500
0.787500
0.795833
0.808333
0.837500
0.862500
0.837500
0.820833
0.820833
0.829167
0.862500
0.858333
0.816667
0.804167
0.629167
0.991667
0.837500
0.833333
0.808333
0.800000
0.820833
0.829167
0.825000
0.841667
0.908333
0.916667
0.870833
0.850000
0.837500
0.829167
0.870833
0.862500
0.800000
0.745833
0.729167
0.733333
0.750000
0.758333
0.766667
0.804167
0.770833
0.770833
0.783333
0.804167
0.837500
0.820833
0.804167
0.800000
0.800000
0.829167
0.833333
0.804167
0.791667
0.791667
0.825000
0.825000
0.804167
0.800000
0.804167
0.808333
0.820833
0.812500
0.808333
0.800000
0.816667
0.833333
0.812500
0.808333
0.808333
0.845833
0.850000
0.833333
0.837500
0.887500
0.875000
0.808333
0.791667
0.820833
0.791667
0.737500
0.737500
0.741667
0.720833
0.725000
0.700000
0.683333
0.700000
0.720833
0.708333
0.695833
0.704167
0.733333
0.725000
0.695833
0.716667
0.725000
0.758333
0.741667
0.720833
0.733333
0.737500
0.770833
0.762500
0.512500
0.954167
0.762500
0.766667
0.791667
0.541667
0.970833
0.795833
0.808333
0.795833
0.816667
0.812500
0.804167
0.808333
0.825000
0.850000
0.883333
0.883333
0.900000
0.933333
0.912500
0.920833
0.920833
0.483333
1.337500
0.687500
0.333333
0.795833
0.741667
0.850000
0.879167
0.566667
1.200000
0.620833
1.141667
0.825000
0.583333
1.245833
0.579167
1.075000
0.833333
0.750000
0.866667
0.570833
1.212500
0.633333
1.108333
0.812500
0.887500
0.816667
0.862500
0.900000
0.916667
0.820833
0.879167
0.929167
0.879167
0.887500
0.854167
0.870833
0.975000
0.883333
0.904167
0.845833
0.900000
0.966667
0.904167
0.895833
0.800000
0.920833
0.808333
0.850000
0.812500
0.862500
0.812500
0.775000
0.745833
0.737500
0.737500
0.704167
0.691667
0.700000
0.720833
0.704167
0.679167
0.700000
0.704167
0.420833
0.295833
0.695833
0.687500
0.695833
0.700000
0.704167
0.695833
0.691667
0.700000
0.712500
0.729167
0.720833
0.716667
0.725000
0.733333
0.766667
0.758333
0.741667
0.745833
0.766667
0.512500
1.041667
0.491667
1.145833
0.829167
0.816667
0.779167
0.758333
0.766667
0.783333
0.791667
0.762500
0.762500
0.770833
0.800000
0.812500
0.791667
0.787500
0.800000
0.837500
0.820833
0.800000
0.791667
0.812500
0.850000
0.837500
0.820833
0.812500
0.837500
0.850000
0.829167
0.820833
0.833333
0.870833
0.883333
0.870833
0.879167
0.891667
0.916667
0.912500
0.895833
0.912500
0.937500
0.929167
0.958333
0.829167
0.904167
0.845833
0.950000
1.004167
1.000000
0.937500
0.900000
0.908333
0.808333
0.937500
0.612500
1.395833
0.637500
1.083333
0.816667
0.866667
0.820833
0.887500
0.750000
0.912500
0.816667
0.858333
0.787500
0.866667
0.837500
0.600000
1.025000
0.850000
0.783333
0.262500
0.575000
0.758333
0.825000
0.795833
0.816667
0.291667
0.420833
0.800000
0.737500
0.737500
0.741667
0.733333
0.725000
0.733333
0.725000
0.704167
0.691667
0.704167
0.704167
0.716667
0.725000
0.733333
0.712500
0.700000
0.687500
0.708333
0.712500
0.708333
0.708333
0.712500
0.687500
0.691667
0.695833
0.708333
0.708333
0.729167
0.683333
0.704167
0.712500
0.712500
0.716667
0.720833
0.729167
0.716667
0.737500
0.737500
0.708333
0.695833
0.700000
0.700000
0.708333
0.712500
0.729167
0.704167
0.683333
0.691667
0.704167
0.716667
0.725000
0.704167
0.362500
0.329167
0.695833
0.695833
0.712500
0.712500
0.729167
0.729167
0.695833
0.683333
0.716667
0.716667
0.695833
0.704167
0.704167
0.720833
0.720833
0.741667
0.570833
0.316667
0.533333
0.079167
0.637500
0.504167
0.225000
0.729167
0.779167
0.795833
0.787500
0.741667
0.733333
0.737500
0.729167
0.750000
0.741667
0.758333
0.758333
0.625000
0.829167
0.762500
1.341667
0.958333
0.733333
0.733333
0.733333
0.741667
0.737500
0.725000
0.729167
0.741667
0.750000
0.733333
0.737500
0.741667
0.729167
0.725000
0.750000
0.770833
0.791667
0.779167
1.558333
0.829167
0.837500
0.854167
0.875000
0.858333
0.637500
1.033333
0.829167
0.866667
0.929167
0.525000
1.345833
0.775000
0.929167
0.941667
0.912500
0.887500
0.820833
0.916667
0.991667
0.958333
0.925000
0.958333
0.979167
0.987500
0.979167
0.937500
0.954167
0.954167
0.966667
0.945833
0.916667
0.950000
0.950000
0.945833
0.570833
1.275000
0.787500
0.908333
0.837500
0.891667
0.808333
0.925000
0.845833
0.933333
0.816667
0.895833
0.829167
0.945833
0.825000
0.891667
0.825000
0.925000
0.912500
0.883333
0.862500
0.833333
0.912500
0.904167
0.587500
1.166667
0.666667
1.000000
0.945833
0.954167
0.895833
0.604167
1.079167
0.845833
0.854167
0.850000
0.833333
0.795833
0.791667
0.795833
0.808333
0.825000
0.816667
0.791667
0.804167
0.820833
0.837500
0.858333
0.850000
0.820833
0.833333
0.833333
0.858333
0.866667
0.845833
0.829167
0.825000
0.829167
0.858333
0.845833
0.795833
0.800000
0.804167
0.808333
0.841667
0.833333
0.791667
0.791667
0.800000
0.816667
0.595833
1.025000
0.854167
0.850000
0.829167
0.833333
0.845833
0.820833
0.808333
0.812500
0.850000
0.850000
0.808333
0.808333
0.829167
0.841667
0.858333
0.829167
0.820833
0.829167
0.833333
0.866667
0.645833
1.779167
0.875000
0.866667
0.841667
0.829167
0.816667
0.820833
0.829167
0.812500
0.800000
0.812500
0.825000
0.866667
0.845833
0.829167
0.825000
0.833333
0.866667
0.854167
0.833333
0.825000
0.825000
0.870833
0.858333
0.816667
0.812500
0.812500
0.816667
0.833333
0.816667
0.804167
0.804167
0.825000
0.816667
0.787500
0.795833
0.800000
0.841667
0.554167
1.058333
0.829167
0.820833
0.829167
0.808333
0.770833
0.775000
0.783333
0.795833
0.829167
0.812500
0.800000
0.800000
0.808333
0.858333
0.870833
0.862500
0.866667
0.866667
0.904167
0.887500
0.870833
0.875000
0.879167
0.895833
0.875000
0.850000
0.837500
0.829167
0.829167
0.850000
0.850000
0.816667
0.816667
0.816667
0.558333
1.125000
0.845833
0.541667
1.062500
