0.687500
0.683333
0.650000
0.725000
0.691667
0.687500
0.683333
0.683333
0.683333
0.691667
0.691667
0.695833
0.691667
0.691667
0.695833
0.691667
0.704167
0.700000
0.712500
0.716667
0.704167
0.704167
0.716667
0.612500
0.845833
0.754167
0.745833
0.741667
0.733333
0.741667
0.754167
0.754167
0.750000
0.750000
0.725000
0.712500
0.725000
0.725000
0.741667
0.762500
0.766667
0.766667
0.779167
0.787500
0.783333
0.783333
0.779167
0.766667
0.775000
0.775000
0.787500
0.775000
0.766667
0.762500
0.762500
0.779167
0.775000
0.775000
0.775000
0.754167
0.762500
0.775000
0.766667
0.762500
0.754167
0.762500
0.758333
0.766667
0.766667
0.758333
0.754167
0.758333
0.754167
0.737500
0.737500
0.745833
0.737500
0.741667
0.741667
0.745833
0.733333
0.741667
0.737500
0.745833
0.741667
0.729167
0.737500
0.729167
0.745833
0.737500
0.516667
0.875000
0.775000
0.775000
0.754167
0.733333
0.733333
0.733333
0.729167
0.729167
0.725000
0.716667
0.704167
0.720833
0.720833
0.716667
0.716667
0.704167
0.716667
0.708333
0.716667
0.712500
0.700000
0.695833
0.704167
0.708333
0.712500
0.704167
0.704167
0.700000
0.704167
0.708333
0.712500
0.704167
0.708333
0.704167
0.712500
0.708333
0.712500
0.704167
0.633333
0.766667
0.708333
0.700000
0.695833
0.695833
0.704167
0.708333
0.704167
0.712500
0.712500
0.700000
0.695833
0.700000
0.691667
0.683333
0.683333
0.687500
0.691667
0.687500
0.691667
0.691667
0.700000
0.691667
0.695833
0.700000
0.700000
0.704167
0.704167
0.708333
0.700000
0.704167
0.700000
0.700000
0.700000
0.695833
0.708333
0.712500
0.708333
0.708333
0.708333
0.704167
0.704167
0.708333
0.704167
0.695833
0.700000
0.700000
0.704167
0.700000
0.695833
0.704167
0.716667
0.729167
0.729167
0.725000
0.720833
0.733333
0.720833
0.516667
0.929167
0.733333
0.725000
0.737500
0.720833
0.716667
0.708333
0.720833
0.725000
0.725000
0.716667
0.712500
0.508333
0.900000
0.787500
0.779167
0.758333
0.750000
0.750000
0.758333
0.754167
0.758333
0.750000
0.733333
0.716667
0.733333
0.729167
0.725000
0.720833
0.725000
0.725000
0.720833
0.725000
0.716667
0.720833
0.725000
0.716667
0.708333
0.708333
0.716667
0.716667
0.716667
0.720833
0.712500
0.712500
0.720833
0.716667
0.716667
0.708333
0.708333
0.708333
0.695833
0.704167
0.700000
0.708333
0.712500
0.712500
0.712500
0.712500
0.700000
0.691667
0.695833
0.700000
0.545833
0.862500
0.766667
0.762500
0.754167
0.762500
0.758333
0.754167
0.750000
0.754167
0.741667
0.733333
0.729167
0.737500
0.741667
0.737500
0.741667
0.754167
0.754167
0.762500
0.762500
0.762500
0.750000
0.750000
0.758333
0.758333
0.758333
0.770833
0.762500
0.762500
0.762500
0.754167
0.745833
0.770833
0.770833
0.770833
0.766667
0.775000
0.770833
0.758333
0.758333
0.750000
0.754167
0.758333
0.762500
0.750000
0.754167
0.766667
0.770833
0.775000
0.770833
0.770833
0.754167
0.754167
0.745833
0.758333
0.750000
0.750000
0.737500
0.733333
0.737500
0.745833
0.750000
0.754167
0.750000
0.745833
0.758333
0.770833
0.766667
0.762500
0.770833
0.775000
0.775000
0.779167
0.762500
0.754167
0.745833
0.750000
0.758333
0.762500
0.745833
0.541667
0.929167
0.787500
0.758333
0.770833
1.541667
0.766667
0.775000
0.783333
0.779167
0.779167
0.762500
0.758333
0.770833
0.758333
0.775000
0.754167
0.750000
0.754167
0.762500
0.754167
0.750000
0.745833
0.745833
0.750000
0.733333
0.725000
0.720833
0.729167
0.729167
0.750000
0.733333
0.729167
0.733333
0.733333
0.733333
0.741667
0.729167
0.716667
0.708333
0.691667
0.704167
0.708333
0.525000
0.875000
0.779167
0.754167
0.741667
0.733333
0.745833
0.733333
0.729167
0.716667
0.733333
0.737500
0.741667
0.720833
0.720833
0.729167
0.741667
0.741667
0.733333
0.729167
0.745833
0.758333
0.750000
0.741667
0.733333
0.745833
0.750000
0.754167
0.741667
0.750000
0.750000
0.745833
0.733333
0.741667
0.737500
0.737500
0.733333
0.733333
0.745833
0.745833
0.637500
0.887500
0.770833
0.750000
0.750000
0.745833
0.750000
0.733333
0.733333
0.741667
0.737500
0.741667
0.745833
0.566667
0.908333
0.766667
0.750000
0.683333
0.787500
0.725000
0.725000
0.725000
0.725000
0.733333
0.720833
0.720833
0.725000
0.729167
0.720833
0.716667
0.720833
0.725000
0.720833
0.537500
0.875000
0.745833
0.745833
0.729167
0.716667
0.708333
0.712500
0.716667
0.708333
0.712500
0.708333
0.708333
0.708333
0.712500
0.712500
0.704167
0.700000
0.708333
0.708333
0.708333
0.704167
0.516667
0.850000
0.737500
0.720833
0.712500
0.708333
0.700000
0.700000
0.704167
0.704167
0.704167
0.695833
0.704167
0.708333
0.720833
0.716667
0.716667
0.716667
0.720833
0.725000
0.720833
0.720833
0.720833
0.720833
0.729167
0.725000
0.720833
0.720833
0.729167
0.729167
0.741667
0.729167
0.729167
0.729167
0.729167
0.729167
0.729167
0.729167
0.725000
0.725000
0.733333
0.737500
0.741667
0.741667
0.741667
0.737500
0.750000
0.750000
0.750000
0.741667
0.737500
0.750000
0.750000
0.737500
0.737500
0.745833
0.745833
0.729167
0.729167
0.729167
0.750000
0.737500
0.737500
0.729167
0.733333
0.741667
0.750000
0.745833
0.741667
0.737500
0.754167
0.745833
0.741667
0.750000
0.750000
0.745833
0.745833
0.737500
0.737500
0.745833
0.750000
0.750000
0.733333
0.729167
0.745833
0.741667
0.750000
0.733333
0.729167
0.741667
0.750000
0.754167
0.737500
0.745833
0.754167
0.750000
0.754167
0.741667
0.737500
0.745833
0.750000
0.741667
0.741667
0.729167
0.729167
0.737500
0.741667
0.737500
0.737500
0.729167
0.737500
0.737500
0.750000
0.754167
0.741667
0.737500
0.745833
0.745833
0.745833
0.741667
0.737500
0.733333
0.737500
0.741667
0.741667
0.737500
0.725000
0.725000
0.741667
0.741667
0.745833
0.733333
0.733333
0.737500
0.737500
0.741667
0.741667
0.750000
0.741667
0.745833
0.754167
0.741667
0.729167
0.741667
0.737500
0.737500
0.733333
0.737500
0.729167
0.729167
0.725000
0.733333
0.741667
0.750000
0.750000
0.745833
0.741667
0.570833
0.954167
0.791667
0.779167
0.770833
0.770833
0.758333
0.754167
0.737500
0.750000
0.754167
0.754167
0.666667
0.820833
0.750000
0.750000
0.750000
0.762500
0.750000
0.758333
0.762500
0.754167
0.745833
0.754167
0.762500
0.762500
0.770833
0.754167
0.754167
0.758333
0.741667
0.720833
0.695833
0.712500
0.708333
0.700000
0.700000
0.708333
0.712500
0.720833
0.725000
0.725000
0.725000
0.729167
0.729167
0.720833
0.712500
0.716667
0.720833
0.712500
0.725000
0.725000
0.708333
0.708333
0.716667
0.716667
0.712500
0.720833
0.720833
0.716667
0.716667
0.712500
0.708333
0.716667
0.716667
0.708333
0.716667
0.712500
0.712500
0.700000
0.704167
0.704167
0.712500
0.720833
0.725000
0.716667
0.725000
0.725000
0.720833
0.725000
0.725000
0.725000
0.716667
0.716667
0.716667
0.704167
0.704167
0.704167
0.704167
0.704167
0.708333
0.704167
0.704167
0.708333
0.720833
0.716667
0.733333
0.754167
0.750000
0.754167
0.754167
0.754167
0.741667
0.741667
0.733333
0.741667
0.741667
0.729167
0.725000
0.733333
0.529167
0.891667
0.779167
0.758333
0.745833
0.733333
0.745833
0.750000
0.741667
0.733333
0.725000
0.737500
0.754167
0.745833
0.741667
0.754167
0.750000
0.737500
0.745833
0.741667
0.741667
0.741667
1.504167
0.695833
0.725000
0.729167
0.725000
0.720833
0.716667
0.725000
0.712500
0.704167
0.704167
0.550000
0.887500
0.779167
0.791667
0.775000
0.754167
0.758333
0.762500
0.566667
0.945833
0.791667
0.766667
0.762500
0.762500
0.745833
0.754167
0.750000
0.762500
0.758333
0.762500
0.766667
0.754167
0.750000
0.745833
0.754167
0.762500
0.762500
0.754167
0.754167
0.762500
0.770833
0.754167
0.762500
0.770833
0.766667
0.770833
0.775000
0.762500
0.770833
0.775000
0.775000
0.779167
0.762500
0.762500
0.766667
0.766667
0.766667
0.766667
0.766667
0.762500
0.750000
0.754167
0.758333
0.762500
0.775000
0.779167
0.775000
0.766667
0.762500
0.775000
0.766667
0.766667
0.754167
0.750000
0.762500
0.758333
0.754167
0.758333
0.750000
0.750000
0.754167
0.770833
0.754167
0.745833
0.750000
