0.845833
0.733333
0.816667
0.804167
0.875000
0.612500
1.016667
0.750000
0.808333
0.750000
0.812500
0.758333
0.795833
0.737500
0.758333
0.745833
0.741667
0.716667
0.720833
0.725000
0.745833
0.754167
0.745833
0.750000
0.795833
0.733333
0.762500
0.741667
0.783333
0.729167
0.750000
0.737500
0.733333
0.758333
0.800000
0.787500
0.779167
0.737500
0.745833
0.712500
0.687500
0.700000
0.554167
0.816667
0.679167
0.695833
0.679167
0.687500
0.712500
0.687500
0.691667
0.687500
0.700000
0.712500
0.737500
0.716667
0.725000
0.741667
0.766667
0.745833
0.745833
0.770833
0.550000
1.033333
0.604167
0.987500
0.829167
0.812500
0.787500
0.791667
0.820833
0.800000
0.791667
0.800000
0.575000
1.008333
0.812500
0.820833
0.804167
0.800000
0.800000
0.600000
1.041667
0.850000
0.891667
0.925000
0.945833
0.883333
0.650000
0.658333
0.550000
0.858333
0.887500
0.883333
0.908333
0.929167
0.933333
0.895833
0.916667
0.929167
0.929167
0.533333
1.329167
0.533333
1.325000
0.879167
0.791667
0.891667
0.783333
0.945833
0.854167
0.508333
1.258333
0.945833
0.612500
1.270833
0.591667
1.175000
0.795833
0.641667
1.066667
0.870833
0.887500
0.929167
0.854167
0.900000
0.487500
1.408333
0.737500
1.133333
0.845833
0.925000
0.808333
0.895833
0.850000
0.908333
0.750000
0.912500
0.850000
0.870833
0.645833
1.137500
0.804167
0.845833
0.787500
0.870833
0.800000
0.858333
0.800000
0.891667
0.929167
0.875000
0.883333
0.795833
0.904167
0.820833
0.895833
0.837500
0.920833
0.900000
0.933333
0.795833
0.908333
0.858333
0.912500
0.820833
0.916667
0.945833
0.900000
0.791667
0.920833
0.991667
0.937500
0.875000
0.787500
0.958333
0.954167
0.950000
0.645833
1.095833
0.837500
0.929167
0.945833
0.937500
0.895833
0.783333
0.908333
0.841667
0.937500
0.800000
0.895833
0.833333
0.920833
0.950000
0.687500
1.075000
0.791667
0.841667
0.779167
0.750000
0.716667
0.704167
0.720833
0.716667
0.729167
0.733333
0.716667
0.712500
0.737500
0.554167
0.483333
1.145833
0.791667
0.779167
0.750000
0.750000
0.745833
0.770833
0.754167
0.741667
0.754167
0.641667
0.441667
1.225000
0.816667
0.841667
0.775000
0.758333
0.750000
0.766667
0.750000
0.725000
0.733333
0.737500
0.754167
0.745833
0.720833
0.733333
0.737500
0.750000
0.762500
0.758333
0.729167
0.741667
0.741667
0.758333
0.762500
0.737500
0.745833
0.750000
0.766667
0.783333
0.770833
0.741667
0.750000
0.754167
0.779167
0.766667
0.745833
0.750000
0.750000
0.770833
0.745833
0.729167
0.741667
0.750000
0.762500
0.741667
0.750000
0.750000
0.783333
0.766667
0.750000
0.750000
0.775000
0.758333
0.558333
0.912500
0.762500
0.737500
0.712500
0.712500
0.716667
0.725000
0.733333
0.720833
0.708333
0.712500
0.725000
0.729167
0.712500
0.720833
0.729167
0.741667
0.750000
0.741667
0.737500
0.741667
0.541667
0.979167
0.758333
0.762500
0.762500
0.770833
0.783333
0.770833
0.766667
0.775000
0.791667
0.516667
1.029167
0.816667
0.820833
0.820833
0.812500
0.779167
0.766667
0.770833
0.783333
0.779167
0.754167
0.754167
0.779167
0.783333
0.762500
0.754167
0.541667
0.966667
0.779167
0.770833
0.762500
0.750000
0.766667
0.745833
0.733333
0.737500
0.733333
0.762500
0.754167
0.750000
0.741667
0.754167
0.758333
0.725000
0.725000
0.741667
0.725000
0.729167
0.733333
0.758333
0.720833
0.729167
0.733333
0.762500
0.750000
0.733333
0.737500
0.762500
0.770833
0.745833
0.737500
0.741667
0.779167
0.775000
0.745833
0.733333
0.762500
0.762500
0.741667
0.737500
0.737500
0.758333
0.766667
0.758333
0.737500
0.741667
0.750000
0.762500
0.579167
0.645833
0.975000
0.704167
0.862500
0.750000
0.741667
0.750000
0.754167
0.729167
0.725000
0.729167
0.758333
0.754167
0.729167
0.741667
0.537500
1.675000
0.791667
0.658333
0.895833
0.791667
0.770833
0.754167
0.750000
0.758333
0.787500
0.787500
0.766667
0.766667
0.775000
0.783333
0.812500
0.804167
0.791667
0.779167
0.812500
0.816667
0.787500
0.775000
0.779167
0.800000
0.800000
0.770833
0.762500
0.766667
0.779167
0.766667
0.737500
0.741667
0.741667
0.766667
0.300000
0.437500
0.445833
0.287500
0.316667
0.425000
0.250000
0.512500
0.754167
0.729167
0.733333
0.750000
0.754167
0.729167
0.733333
0.737500
0.762500
0.737500
0.741667
0.745833
0.766667
0.754167
0.737500
0.745833
0.770833
0.770833
0.745833
0.741667
0.750000
0.775000
0.758333
0.750000
0.754167
0.766667
0.750000
0.750000
0.754167
0.791667
0.770833
0.758333
0.770833
0.762500
0.754167
0.758333
0.758333
0.779167
0.783333
0.766667
0.750000
0.741667
0.770833
0.770833
0.729167
0.737500
0.591667
0.900000
0.783333
0.766667
0.754167
0.741667
0.766667
0.741667
0.729167
0.550000
0.925000
0.779167
0.762500
0.741667
0.745833
0.775000
0.766667
0.741667
0.741667
0.745833
0.775000
0.766667
0.741667
0.745833
0.750000
0.754167
0.775000
0.758333
0.741667
0.750000
0.770833
0.775000
0.741667
0.750000
0.754167
0.604167
0.950000
0.758333
0.762500
0.770833
0.783333
0.754167
0.745833
0.754167
0.779167
0.775000
0.754167
0.608333
0.904167
0.791667
0.770833
0.762500
0.758333
0.787500
0.787500
0.750000
0.758333
0.762500
0.762500
0.804167
0.800000
0.770833
0.775000
0.775000
0.791667
0.812500
0.800000
0.779167
0.779167
0.779167
0.791667
0.812500
0.558333
0.987500
0.770833
0.775000
0.775000
0.595833
0.916667
0.758333
0.770833
0.750000
0.745833
0.754167
0.775000
0.754167
0.741667
0.733333
0.758333
0.754167
0.733333
0.741667
0.762500
0.750000
0.725000
0.733333
0.737500
0.745833
0.758333
0.783333
0.745833
0.754167
0.750000
0.737500
0.733333
0.716667
0.737500
0.741667
0.766667
0.745833
0.725000
0.733333
0.737500
0.762500
0.750000
0.729167
0.737500
0.545833
0.950000
0.745833
0.762500
0.758333
0.733333
0.745833
0.750000
0.766667
0.750000
0.733333
0.745833
0.595833
0.487500
1.162500
0.775000
0.775000
0.616667
0.887500
0.729167
0.733333
0.745833
0.750000
0.729167
0.720833
0.733333
0.750000
0.654167
0.512500
1.025000
0.791667
0.758333
0.758333
0.737500
0.754167
0.729167
0.712500
0.712500
0.725000
0.737500
0.745833
0.725000
0.716667
0.725000
0.741667
0.729167
0.716667
0.725000
0.725000
0.729167
0.729167
0.733333
0.737500
0.741667
0.762500
0.725000
0.729167
0.733333
0.737500
0.754167
0.745833
0.720833
0.733333
0.737500
0.741667
0.729167
0.733333
0.737500
0.745833
0.754167
0.570833
0.912500
0.754167
0.762500
0.779167
0.766667
0.762500
0.766667
0.770833
0.783333
0.770833
0.766667
0.770833
0.791667
0.787500
0.779167
0.787500
0.783333
0.779167
0.775000
0.779167
0.804167
0.791667
0.775000
0.787500
0.766667
0.766667
0.775000
0.800000
0.791667
0.770833
0.758333
0.762500
0.770833
0.787500
0.770833
0.762500
0.770833
0.791667
0.804167
0.787500
0.779167
0.791667
0.816667
0.575000
1.037500
0.820833
0.825000
0.825000
0.850000
0.825000
0.587500
0.708333
0.316667
0.833333
0.433333
0.370833
0.787500
0.816667
0.804167
0.770833
0.766667
0.762500
0.791667
0.808333
0.804167
0.766667
0.766667
0.745833
0.737500
0.754167
0.745833
0.758333
0.775000
0.758333
0.745833
0.745833
0.762500
0.750000
0.737500
0.737500
0.741667
0.750000
0.729167
0.812500
0.387500
0.208333
0.841667
0.750000
0.750000
0.741667
0.750000
0.729167
0.758333
0.733333
0.733333
0.741667
0.741667
0.745833
0.725000
0.750000
0.737500
0.754167
0.766667
0.775000
0.758333
0.754167
0.775000
0.775000
0.750000
0.729167
0.729167
0.741667
0.741667
0.766667
0.791667
0.787500
0.762500
0.745833
0.758333
0.779167
0.779167
0.758333
0.775000
0.745833
0.754167
0.758333
0.779167
0.791667
0.775000
0.766667
0.762500
0.787500
0.779167
0.758333
0.754167
0.766667
0.787500
0.754167
0.754167
