0.820833
0.262500
0.562500
0.425000
0.395833
0.391667
0.175000
0.258333
0.608333
0.208333
0.704167
0.900000
0.012500
0.258333
0.533333
0.783333
0.791667
0.795833
0.808333
0.804167
0.795833
1.579167
0.908333
0.912500
0.920833
0.916667
0.916667
0.908333
0.900000
0.875000
0.870833
0.866667
0.862500
0.841667
0.850000
0.854167
0.854167
0.845833
0.845833
0.845833
0.125000
0.354167
0.341667
0.475000
0.366667
0.675000
0.612500
0.383333
0.825000
0.825000
0.837500
0.833333
0.820833
0.825000
0.829167
0.841667
0.833333
0.837500
0.841667
0.854167
0.858333
0.845833
0.633333
0.208333
0.841667
0.820833
0.820833
0.812500
0.812500
0.804167
0.804167
0.820833
0.816667
0.825000
0.845833
0.845833
0.841667
0.837500
0.845833
0.845833
0.845833
0.837500
0.487500
0.345833
0.833333
0.245833
0.245833
0.341667
0.250000
0.562500
0.233333
0.583333
0.287500
0.537500
0.550000
0.329167
0.395833
0.341667
0.387500
0.433333
0.495833
0.325000
0.370833
0.450000
0.716667
0.908333
0.816667
0.600000
0.225000
0.304167
0.504167
0.350000
0.466667
0.454167
0.362500
0.812500
0.525000
0.295833
0.095833
0.716667
0.816667
0.816667
0.425000
0.479167
0.233333
0.475000
0.379167
0.433333
0.687500
0.929167
0.800000
0.800000
0.804167
0.800000
0.800000
0.812500
0.812500
0.812500
0.808333
0.812500
0.820833
0.820833
0.816667
0.816667
0.820833
0.816667
0.816667
0.816667
0.829167
0.825000
0.820833
0.829167
0.833333
0.825000
0.829167
0.837500
0.833333
0.575000
0.241667
0.554167
0.412500
0.679167
0.837500
0.833333
0.825000
0.820833
0.820833
0.966667
0.583333
0.075000
0.570833
0.300000
0.329167
0.420833
0.816667
0.120833
0.704167
0.829167
0.837500
0.075000
0.754167
0.208333
0.458333
0.991667
0.812500
0.808333
0.808333
0.800000
0.795833
0.800000
0.791667
0.787500
0.787500
0.504167
0.275000
1.533333
0.708333
0.216667
0.212500
0.379167
0.425000
0.666667
0.437500
0.283333
0.491667
0.787500
0.783333
0.775000
0.404167
0.383333
0.787500
0.783333
0.787500
0.791667
0.791667
0.783333
0.925000
0.641667
0.779167
0.779167
0.766667
0.766667
0.766667
0.758333
1.520833
0.783333
0.800000
0.816667
0.829167
0.816667
0.825000
0.833333
0.820833
0.816667
0.825000
0.833333
0.829167
0.825000
0.820833
0.458333
0.350000
0.787500
0.795833
0.791667
0.779167
0.775000
0.779167
0.787500
0.791667
0.800000
0.800000
0.804167
0.795833
0.808333
0.808333
0.812500
0.804167
0.754167
0.870833
0.462500
0.112500
0.250000
0.545833
0.270833
0.825000
0.829167
0.729167
0.095833
0.720833
0.104167
0.475000
0.379167
0.262500
0.237500
0.291667
0.233333
0.404167
1.000000
0.383333
0.433333
0.487500
0.337500
0.825000
0.308333
0.504167
0.962500
0.095833
0.220833
0.350000
0.500000
0.295833
0.116667
0.516667
0.162500
0.791667
0.362500
0.437500
0.575000
0.225000
0.537500
0.183333
0.220833
0.245833
0.400000
0.620833
0.183333
0.408333
0.570833
0.254167
0.383333
0.562500
0.237500
0.800000
0.795833
0.800000
0.791667
0.779167
0.766667
1.687500
0.625000
0.787500
0.479167
0.308333
0.783333
0.479167
0.304167
0.800000
0.779167
0.554167
0.241667
0.791667
0.791667
0.979167
0.608333
0.804167
0.625000
0.175000
0.704167
0.516667
0.525000
0.300000
0.337500
0.787500
0.775000
0.766667
0.762500
0.775000
0.779167
1.575000
0.795833
0.804167
0.787500
0.787500
0.775000
1.570833
0.783333
0.425000
0.345833
0.654167
0.850000
0.195833
0.554167
0.370833
0.375000
0.158333
1.033333
0.345833
0.783333
0.179167
0.604167
0.241667
1.270833
0.537500
0.645833
0.241667
0.966667
0.775000
0.787500
0.787500
0.783333
0.795833
0.800000
0.804167
0.804167
0.791667
0.770833
0.766667
0.775000
0.770833
0.775000
0.770833
0.766667
0.770833
0.758333
0.750000
1.025000
0.462500
0.754167
0.495833
0.250000
0.745833
0.741667
1.175000
1.095833
1.304167
0.104167
0.925000
1.537500
0.758333
0.754167
0.745833
0.741667
0.733333
0.741667
0.766667
0.775000
0.783333
0.795833
0.787500
0.800000
0.808333
0.808333
0.795833
0.795833
0.783333
0.783333
0.779167
0.783333
0.775000
0.775000
0.770833
0.758333
0.762500
0.766667
0.779167
0.775000
0.762500
0.754167
0.745833
0.754167
0.758333
0.775000
0.775000
0.783333
0.795833
0.816667
0.816667
0.170833
0.633333
0.429167
0.379167
0.808333
0.795833
0.800000
0.808333
0.825000
0.833333
0.825000
0.837500
0.833333
0.579167
0.245833
0.816667
0.825000
0.791667
1.233333
0.333333
0.766667
0.775000
0.787500
0.795833
0.795833
0.804167
0.808333
0.820833
0.816667
0.816667
0.816667
0.808333
0.800000
0.804167
0.804167
0.808333
0.812500
0.816667
1.504167
0.370833
0.275000
0.304167
0.420833
0.433333
0.266667
0.479167
0.787500
0.787500
0.779167
0.779167
0.779167
0.775000
0.758333
0.770833
1.212500
1.612500
0.541667
0.320833
0.937500
1.195833
1.150000
0.783333
1.562500
0.775000
0.329167
0.600000
0.395833
0.266667
0.750000
0.783333
0.783333
0.775000
0.779167
0.779167
0.775000
0.770833
0.754167
0.754167
0.758333
0.766667
0.770833
0.779167
0.779167
0.800000
0.783333
0.804167
0.800000
0.795833
0.804167
0.808333
0.808333
0.808333
0.820833
0.816667
0.816667
0.820833
0.816667
0.825000
0.816667
0.833333
0.829167
0.825000
0.833333
0.829167
0.829167
0.820833
0.829167
0.829167
0.820833
0.825000
0.829167
0.829167
0.841667
0.829167
0.816667
0.825000
0.825000
0.829167
0.820833
0.825000
0.825000
0.825000
0.812500
0.312500
0.504167
0.816667
0.795833
0.795833
0.545833
0.245833
0.125000
0.412500
0.691667
0.350000
0.795833
0.804167
0.800000
0.804167
0.812500
0.820833
0.812500
0.808333
0.812500
0.816667
0.808333
0.816667
0.804167
0.804167
0.425000
0.362500
0.400000
0.375000
0.583333
0.254167
0.712500
0.583333
0.200000
0.191667
0.591667
0.800000
0.929167
0.675000
0.816667
0.370833
0.462500
0.825000
0.825000
0.829167
1.370833
0.279167
0.833333
0.841667
1.454167
0.216667
0.841667
0.500000
0.350000
0.837500
0.845833
0.854167
0.850000
0.845833
0.837500
0.854167
0.329167
0.516667
0.841667
0.233333
0.587500
0.750000
0.383333
0.295833
0.312500
0.525000
0.216667
0.387500
0.425000
0.445833
0.275000
0.437500
0.262500
0.287500
0.250000
0.241667
0.504167
0.741667
0.683333
0.854167
0.866667
0.866667
0.854167
0.845833
0.845833
0.837500
0.841667
0.858333
0.858333
0.854167
0.837500
0.341667
0.508333
0.491667
0.354167
0.225000
0.391667
0.858333
0.191667
0.620833
0.216667
0.829167
0.654167
0.433333
0.270833
0.295833
0.362500
0.462500
0.650000
0.179167
0.829167
0.825000
0.833333
0.829167
0.825000
1.675000
0.837500
0.845833
0.841667
0.845833
0.312500
0.545833
0.841667
0.833333
0.845833
0.850000
0.845833
0.845833
0.854167
0.862500
0.850000
0.841667
0.845833
1.691667
0.837500
0.854167
0.845833
0.845833
0.237500
0.620833
0.854167
0.262500
0.587500
0.854167
0.858333
0.845833
1.316667
0.358333
0.833333
0.825000
0.820833
0.833333
0.383333
1.258333
0.829167
1.533333
0.133333
0.837500
0.833333
0.841667
0.833333
0.845833
0.850000
0.845833
0.837500
0.854167
0.854167
0.845833
0.845833
0.858333
0.862500
0.862500
0.841667
0.854167
0.854167
0.862500
0.875000
0.850000
0.862500
0.854167
0.845833
0.841667
0.858333
0.854167
0.845833
0.854167
0.858333
0.862500
1.212500
0.491667
0.854167
0.833333
0.833333
0.841667
0.845833
0.837500
0.850000
0.850000
0.850000
1.675000
0.837500
1.675000
0.837500
0.850000
0.837500
0.833333
0.841667
0.845833
0.829167
0.837500
0.516667
0.125000
1.320833
0.329167
0.220833
0.500000
0.558333
0.250000
0.583333
0.345833
0.487500
0.554167
0.812500
0.820833
1.087500
0.554167
0.841667
0.841667
1.675000
0.837500
0.845833
0.837500
0.837500
0.841667
0.858333
0.845833
0.845833
0.845833
0.862500
0.845833
0.841667
0.854167
0.850000
0.854167
0.850000
0.870833
0.862500
0.850000
0.854167
0.862500
0.870833
0.858333
0.854167
0.862500
0.866667
0.854167
0.858333
0.850000
0.850000
0.850000
0.845833
0.837500
0.825000
0.841667
0.845833
0.841667
0.837500
0.854167
0.841667
0.841667
0.833333
0.845833
1.433333
0.233333
0.845833
0.850000
0.545833
0.808333
0.404167
0.216667
0.404167
0.470833
0.425000
0.808333
0.804167
0.345833
0.462500
0.583333
0.212500
0.237500
0.883333
0.483333
0.400000
0.400000
0.429167
0.562500
0.604167
0.795833
0.395833
0.295833
0.466667
0.262500
0.620833
0.370833
0.812500
0.812500
0.816667
0.816667
0.808333
0.800000
1.608333
0.808333
0.812500
0.687500
0.283333
0.391667
0.433333
0.254167
0.254167
0.295833
0.245833
0.379167
0.529167
