1.412500
1.587500
1.250000
1.116667
1.266667
0.745833
0.800000
0.808333
1.195833
1.420833
1.570833
0.987500
1.804167
1.108333
2.100000
1.166667
0.912500
1.120833
1.550000
1.358333
0.695833
1.108333
1.187500
0.995833
0.837500
1.250000
0.800000
0.862500
1.795833
1.154167
0.870833
2.120833
1.162500
0.833333
1.058333
2.250000
0.916667
1.000000
0.950000
1.291667
0.783333
0.837500
1.558333
1.150000
1.029167
0.929167
1.395833
0.925000
1.808333
1.083333
0.791667
1.179167
0.900000
1.145833
1.700000
1.720833
1.800000
1.145833
0.820833
2.037500
1.458333
0.983333
0.791667
1.250000
1.608333
0.808333
1.529167
1.462500
1.158333
1.545833
1.220833
1.241667
1.129167
1.591667
0.850000
1.900000
0.804167
2.062500
0.875000
1.070833
1.741667
1.400000
1.141667
1.779167
1.062500
1.054167
0.820833
0.837500
1.170833
0.845833
1.095833
1.041667
1.275000
1.900000
1.725000
1.200000
1.641667
1.366667
0.658333
1.691667
1.691667
0.908333
0.929167
1.195833
1.312500
0.900000
1.850000
0.887500
0.800000
1.395833
1.570833
1.079167
1.345833
0.791667
0.795833
1.633333
1.350000
1.279167
1.970833
1.662500
1.254167
1.179167
0.916667
1.991667
1.770833
1.545833
1.066667
0.937500
1.691667
1.020833
1.033333
0.854167
0.920833
1.241667
1.729167
1.004167
1.800000
1.175000
0.941667
0.950000
1.166667
1.200000
1.975000
1.804167
0.900000
1.104167
0.816667
1.845833
0.754167
1.183333
1.245833
1.475000
0.804167
1.079167
0.979167
0.958333
1.079167
1.479167
1.050000
2.083333
0.945833
0.975000
0.895833
0.879167
1.041667
1.066667
1.358333
0.987500
1.425000
1.283333
1.687500
1.166667
2.033333
1.954167
0.825000
1.066667
1.312500
1.875000
1.212500
0.916667
1.287500
0.950000
0.941667
1.550000
0.887500
1.229167
1.729167
0.779167
1.233333
1.966667
1.104167
1.029167
1.000000
0.870833
1.229167
2.058333
1.554167
1.420833
1.479167
1.025000
0.779167
1.508333
0.808333
1.604167
1.333333
1.391667
1.212500
1.379167
1.220833
1.520833
0.700000
1.529167
0.962500
1.183333
1.475000
1.116667
1.816667
0.812500
0.787500
1.316667
1.083333
0.850000
1.425000
0.941667
1.029167
3.841667
1.108333
1.366667
1.458333
1.616667
1.804167
0.700000
0.854167
1.233333
1.345833
1.979167
1.012500
1.962500
0.887500
0.854167
0.900000
1.491667
0.945833
1.358333
0.825000
0.837500
1.650000
0.912500
1.408333
0.929167
1.116667
1.487500
0.991667
0.895833
1.991667
0.866667
1.079167
1.391667
1.666667
1.237500
1.008333
1.350000
1.254167
1.762500
0.841667
0.837500
1.554167
1.345833
1.050000
1.341667
1.200000
0.991667
1.066667
1.033333
1.212500
1.029167
1.054167
1.283333
1.333333
0.929167
0.929167
1.083333
1.641667
1.616667
1.695833
1.275000
1.787500
1.066667
1.020833
1.220833
0.995833
0.866667
1.595833
0.995833
1.525000
1.825000
0.995833
1.000000
0.887500
0.850000
0.954167
1.033333
1.266667
1.541667
0.954167
1.387500
1.275000
1.837500
1.441667
1.008333
1.341667
1.045833
1.216667
0.783333
1.137500
1.875000
1.454167
0.787500
1.841667
1.141667
0.758333
0.820833
1.337500
1.316667
1.079167
1.304167
1.075000
1.141667
1.591667
1.291667
1.891667
0.937500
1.487500
1.295833
1.145833
1.045833
1.325000
0.779167
1.254167
0.845833
0.891667
0.729167
0.804167
1.904167
0.995833
1.687500
0.800000
1.529167
1.758333
1.300000
1.329167
1.745833
0.891667
1.120833
1.766667
1.012500
1.150000
1.283333
1.045833
1.295833
1.000000
0.904167
1.620833
1.041667
1.520833
1.091667
0.808333
0.983333
1.000000
0.958333
0.883333
0.995833
1.612500
1.008333
0.670833
0.920833
0.916667
0.729167
1.566667
0.800000
0.829167
0.775000
1.112500
1.291667
0.812500
0.712500
0.745833
1.341667
1.345833
0.920833
0.745833
1.008333
0.754167
1.291667
1.895833
1.041667
0.854167
0.708333
1.091667
0.870833
0.858333
1.020833
1.366667
0.775000
0.845833
1.341667
0.887500
0.933333
1.412500
1.220833
1.200000
1.000000
0.916667
1.250000
1.762500
0.908333
1.150000
1.437500
1.658333
0.933333
0.970833
0.816667
1.012500
1.483333
1.341667
1.141667
1.770833
1.633333
0.854167
1.020833
1.441667
1.187500
1.187500
0.708333
0.887500
1.329167
1.429167
0.791667
0.841667
0.720833
0.970833
0.995833
1.266667
1.104167
1.391667
0.987500
0.754167
0.816667
1.212500
1.166667
1.125000
0.875000
0.845833
0.962500
0.966667
1.100000
0.754167
0.791667
0.654167
0.795833
1.325000
1.100000
1.075000
2.154167
0.775000
0.812500
0.858333
1.029167
0.962500
0.695833
0.804167
0.850000
0.616667
0.900000
1.204167
0.687500
0.641667
0.737500
1.504167
1.333333
0.954167
1.383333
1.345833
0.750000
0.666667
1.833333
1.033333
0.775000
1.191667
0.775000
0.887500
0.787500
0.783333
1.000000
0.708333
0.837500
0.820833
1.441667
1.791667
1.220833
0.933333
1.116667
0.850000
1.170833
1.033333
0.879167
1.329167
1.575000
1.004167
0.875000
1.450000
0.754167
1.058333
0.945833
1.558333
1.425000
1.012500
1.125000
0.825000
1.404167
0.725000
0.816667
0.783333
0.866667
1.204167
1.162500
0.720833
