0.775000
0.770833
0.766667
0.754167
0.758333
0.775000
0.766667
0.766667
0.766667
0.758333
0.762500
0.770833
0.766667
0.775000
0.762500
0.766667
0.779167
0.770833
0.770833
0.770833
0.758333
0.758333
0.750000
0.766667
0.758333
0.754167
0.750000
0.754167
0.762500
0.766667
0.766667
0.758333
0.754167
0.758333
0.770833
0.762500
0.758333
0.750000
0.750000
0.758333
0.754167
0.754167
0.754167
0.745833
0.750000
0.758333
0.766667
0.762500
0.762500
0.750000
0.750000
0.754167
0.762500
0.762500
0.750000
0.750000
0.754167
0.762500
0.758333
0.758333
0.750000
0.750000
0.604167
0.912500
0.791667
0.775000
0.541667
0.858333
0.791667
0.779167
0.770833
0.754167
0.750000
0.750000
0.750000
0.745833
0.745833
0.737500
0.737500
0.750000
0.745833
0.758333
0.754167
0.745833
0.750000
0.754167
0.766667
0.762500
0.775000
0.766667
0.762500
0.766667
0.779167
0.766667
0.762500
0.770833
0.758333
0.758333
0.770833
0.770833
0.770833
0.762500
0.762500
0.770833
0.770833
0.770833
0.762500
0.766667
0.770833
0.779167
0.783333
0.795833
0.775000
0.783333
0.779167
0.783333
0.783333
0.783333
0.766667
0.770833
0.758333
0.762500
0.766667
0.775000
0.754167
0.758333
0.770833
0.783333
0.783333
0.766667
0.775000
0.775000
0.779167
0.779167
0.775000
0.758333
0.762500
0.770833
0.770833
0.766667
0.766667
0.762500
0.758333
0.775000
0.783333
0.779167
0.779167
0.770833
0.766667
0.775000
0.783333
0.783333
0.766667
0.766667
0.775000
0.783333
0.783333
0.791667
0.779167
0.775000
0.787500
0.791667
0.787500
0.783333
0.783333
0.775000
0.787500
0.787500
0.783333
0.779167
0.770833
0.779167
0.800000
0.791667
0.795833
0.795833
0.770833
0.770833
0.795833
0.795833
0.791667
0.791667
0.775000
0.766667
0.787500
0.783333
0.775000
0.770833
0.766667
0.779167
0.791667
0.795833
0.779167
0.770833
0.783333
0.783333
0.795833
0.783333
0.783333
0.791667
0.795833
0.791667
0.795833
0.787500
0.783333
0.795833
0.804167
1.641667
1.516667
1.583333
0.850000
1.454167
0.875000
1.575000
0.770833
0.800000
0.829167
0.829167
0.812500
0.833333
0.829167
0.820833
0.812500
0.829167
0.816667
0.816667
0.800000
0.791667
0.804167
0.800000
0.795833
0.783333
0.787500
0.650000
0.916667
0.816667
0.791667
0.787500
0.779167
0.783333
0.795833
1.600000
0.791667
0.787500
0.787500
0.795833
0.800000
0.795833
0.791667
0.787500
0.779167
0.770833
0.783333
0.787500
0.800000
0.779167
0.445833
0.891667
0.816667
0.808333
0.791667
0.783333
0.787500
0.800000
0.800000
0.775000
0.787500
0.791667
0.783333
0.766667
0.766667
0.775000
0.783333
0.783333
0.775000
0.783333
0.787500
0.787500
0.770833
0.762500
0.770833
0.779167
0.770833
0.770833
0.762500
0.758333
0.766667
0.770833
0.762500
0.754167
0.758333
0.758333
0.762500
0.758333
0.754167
0.741667
0.737500
0.733333
0.737500
0.737500
0.741667
0.745833
0.741667
0.737500
0.745833
0.741667
0.741667
0.741667
0.737500
0.725000
0.729167
0.733333
0.733333
0.729167
0.733333
0.733333
0.725000
0.720833
0.733333
0.733333
0.733333
0.729167
0.550000
0.866667
0.770833
0.762500
0.758333
0.741667
0.729167
0.737500
0.741667
0.745833
0.741667
0.737500
0.741667
0.745833
0.754167
0.754167
0.741667
0.741667
0.745833
0.754167
0.762500
0.758333
0.750000
0.750000
0.762500
0.766667
0.762500
0.754167
0.754167
0.762500
0.758333
0.758333
0.750000
0.620833
0.866667
0.770833
0.762500
0.758333
0.754167
0.750000
0.754167
0.758333
0.766667
0.766667
0.758333
0.754167
0.758333
0.762500
0.770833
0.766667
0.762500
0.770833
0.758333
0.766667
0.775000
0.770833
0.775000
0.766667
0.770833
0.754167
0.758333
0.762500
0.754167
0.762500
0.758333
0.741667
0.750000
0.766667
0.754167
0.758333
0.750000
0.745833
0.758333
0.758333
0.750000
0.741667
0.758333
0.766667
0.758333
0.745833
0.745833
0.754167
0.762500
0.762500
0.758333
0.741667
0.745833
0.745833
0.750000
0.745833
0.741667
0.737500
0.741667
0.741667
0.733333
0.725000
0.720833
0.720833
0.737500
0.754167
0.762500
0.770833
0.779167
0.766667
0.795833
0.791667
0.800000
0.804167
0.791667
0.775000
0.787500
0.770833
0.775000
0.766667
0.762500
0.762500
0.754167
0.754167
0.745833
0.754167
0.758333
0.770833
0.775000
0.775000
0.779167
0.766667
0.766667
0.762500
0.762500
0.758333
0.758333
0.750000
0.745833
0.733333
0.745833
0.754167
0.758333
0.758333
0.745833
0.750000
0.758333
0.762500
0.766667
0.762500
0.754167
0.750000
0.766667
0.775000
0.775000
0.758333
0.754167
0.745833
0.754167
0.758333
0.758333
0.754167
0.741667
0.754167
0.754167
0.758333
0.758333
0.754167
0.762500
0.770833
0.754167
0.754167
0.762500
0.770833
0.766667
0.762500
0.762500
0.762500
0.766667
0.775000
0.762500
0.758333
0.750000
0.766667
0.766667
0.775000
0.766667
0.766667
0.770833
0.758333
0.758333
0.758333
0.762500
0.762500
0.754167
0.745833
0.754167
0.754167
0.762500
0.766667
0.770833
0.770833
0.766667
0.779167
0.787500
0.783333
0.783333
0.783333
0.775000
0.783333
0.791667
0.795833
0.795833
0.783333
0.787500
0.795833
0.795833
0.791667
0.783333
0.775000
0.779167
0.787500
0.783333
0.770833
0.779167
0.775000
0.783333
0.779167
0.770833
0.762500
0.779167
0.783333
0.775000
0.766667
0.766667
0.775000
0.779167
0.770833
0.758333
0.758333
0.762500
0.770833
0.770833
0.758333
0.754167
0.758333
0.775000
0.770833
0.787500
0.770833
0.766667
0.779167
0.783333
0.787500
0.783333
0.779167
0.775000
0.775000
0.779167
0.775000
0.770833
0.762500
0.762500
0.766667
0.783333
0.795833
0.783333
0.783333
0.779167
0.775000
0.779167
0.787500
0.787500
0.779167
0.775000
0.775000
0.783333
0.779167
0.770833
0.762500
0.762500
0.770833
0.762500
0.770833
0.775000
0.762500
0.762500
0.770833
0.783333
0.783333
0.775000
0.766667
0.758333
0.775000
0.770833
0.775000
0.770833
0.766667
0.766667
0.779167
0.779167
0.787500
0.787500
0.770833
0.770833
0.783333
0.779167
0.775000
0.775000
0.541667
0.895833
0.795833
0.791667
0.779167
0.770833
0.758333
0.754167
0.762500
0.708333
0.816667
0.750000
0.750000
0.770833
0.775000
0.775000
0.770833
0.766667
0.775000
0.783333
0.770833
0.762500
0.758333
0.766667
0.770833
0.775000
0.770833
0.762500
0.758333
0.766667
0.775000
0.770833
0.775000
0.762500
0.762500
1.533333
0.762500
0.775000
0.775000
0.770833
0.770833
0.783333
0.791667
0.783333
0.783333
0.779167
0.791667
0.791667
0.787500
0.787500
0.779167
0.779167
0.795833
0.795833
0.787500
0.779167
0.783333
0.800000
0.795833
0.791667
0.783333
0.787500
0.795833
0.795833
0.795833
0.787500
0.779167
0.783333
0.787500
0.791667
0.779167
0.775000
0.766667
0.783333
0.783333
0.775000
0.766667
0.762500
0.766667
0.766667
0.766667
0.762500
0.754167
0.762500
0.770833
0.783333
0.762500
0.762500
0.758333
0.762500
0.766667
0.766667
0.775000
0.766667
0.800000
0.758333
0.783333
0.783333
0.791667
0.791667
0.787500
0.795833
0.804167
0.804167
0.791667
0.795833
0.804167
0.812500
0.808333
0.795833
0.795833
0.779167
0.779167
0.791667
0.795833
0.804167
0.804167
0.800000
0.808333
0.816667
0.825000
0.820833
0.812500
0.812500
0.825000
0.820833
0.820833
0.800000
0.816667
0.816667
0.816667
0.808333
0.795833
0.795833
0.800000
0.800000
0.787500
0.787500
0.783333
0.779167
0.779167
0.779167
0.787500
0.779167
0.800000
0.787500
0.775000
0.775000
0.779167
0.779167
0.783333
0.762500
0.762500
0.754167
0.766667
0.766667
0.762500
0.762500
0.762500
0.758333
0.775000
0.775000
0.770833
0.758333
0.762500
0.762500
0.758333
0.750000
0.745833
0.741667
0.745833
0.750000
0.741667
0.733333
0.729167
0.737500
0.604167
0.875000
