1.258333
1.058333
0.962500
0.787500
1.741667
1.470833
1.191667
1.429167
0.879167
0.658333
0.941667
1.058333
1.270833
0.908333
1.700000
0.791667
1.795833
0.687500
1.295833
1.283333
0.850000
0.879167
1.000000
0.800000
1.066667
1.579167
1.104167
1.166667
0.987500
1.533333
0.929167
1.525000
0.829167
0.979167
0.908333
0.854167
0.766667
1.879167
0.841667
1.512500
1.170833
0.791667
1.591667
1.154167
0.937500
0.900000
1.100000
1.462500
0.816667
1.029167
1.395833
1.633333
0.779167
0.637500
1.225000
0.683333
0.995833
0.733333
0.691667
1.483333
1.270833
0.916667
0.941667
1.108333
1.000000
0.908333
1.095833
1.895833
1.287500
1.100000
1.212500
1.408333
0.887500
1.770833
1.291667
1.225000
0.908333
0.920833
0.675000
0.812500
0.770833
0.679167
1.495833
0.883333
1.050000
0.741667
1.087500
0.779167
1.037500
1.712500
1.087500
1.225000
1.170833
1.104167
1.504167
1.183333
0.858333
0.883333
1.245833
1.191667
0.991667
0.900000
1.195833
1.291667
1.116667
1.004167
0.845833
1.079167
1.425000
0.995833
1.212500
0.750000
0.804167
0.879167
1.283333
1.083333
1.116667
1.141667
0.904167
1.320833
1.470833
0.995833
0.891667
1.491667
0.762500
0.904167
0.925000
0.758333
0.875000
0.995833
1.691667
1.329167
1.129167
1.112500
1.741667
0.991667
0.950000
1.250000
0.779167
1.004167
1.150000
0.995833
0.712500
1.683333
0.695833
1.037500
0.783333
1.166667
1.191667
0.866667
1.175000
0.725000
1.220833
0.800000
1.283333
1.112500
0.879167
0.995833
1.045833
1.187500
1.104167
0.687500
1.004167
0.933333
1.104167
0.991667
1.029167
1.079167
1.433333
0.937500
1.391667
1.516667
1.204167
1.625000
1.179167
1.241667
1.254167
0.775000
1.050000
0.970833
0.770833
0.854167
1.387500
0.995833
0.891667
0.775000
1.145833
1.012500
1.062500
0.712500
1.537500
1.237500
1.204167
0.875000
0.991667
1.166667
1.237500
0.866667
1.020833
1.162500
1.183333
1.200000
1.104167
1.208333
1.258333
1.175000
1.608333
1.104167
1.337500
0.966667
1.120833
1.108333
0.837500
1.450000
1.529167
1.000000
1.066667
1.079167
0.966667
0.733333
0.750000
1.041667
1.091667
1.366667
0.762500
1.175000
1.450000
0.854167
1.041667
1.825000
1.404167
1.412500
1.133333
0.879167
1.033333
1.075000
1.637500
2.216667
1.141667
0.829167
0.966667
0.820833
1.658333
0.841667
1.250000
0.870833
0.695833
0.925000
0.670833
1.375000
1.145833
1.175000
1.716667
0.812500
1.141667
0.833333
0.820833
0.850000
1.462500
1.200000
1.754167
1.191667
1.141667
1.145833
0.945833
1.062500
0.750000
1.012500
1.812500
1.050000
1.362500
0.933333
0.762500
1.250000
0.925000
1.254167
0.937500
1.162500
1.291667
0.991667
1.258333
0.920833
1.104167
1.404167
0.945833
1.175000
1.320833
0.704167
0.716667
0.758333
1.154167
1.595833
1.704167
1.025000
0.854167
1.150000
0.750000
1.958333
0.654167
0.729167
0.983333
1.241667
0.766667
1.595833
1.516667
0.666667
1.741667
1.083333
1.129167
1.579167
0.879167
1.120833
1.120833
0.716667
0.800000
1.458333
1.570833
1.350000
0.916667
1.041667
1.408333
1.200000
1.479167
0.654167
1.141667
0.920833
1.133333
1.262500
0.733333
0.758333
0.941667
1.750000
0.879167
1.954167
1.091667
1.625000
1.166667
1.316667
1.583333
0.654167
0.908333
1.650000
0.891667
1.179167
1.162500
0.775000
1.112500
1.158333
0.750000
0.804167
1.370833
1.058333
0.679167
0.883333
1.741667
1.262500
1.212500
0.879167
0.875000
1.062500
0.908333
1.025000
0.979167
1.054167
1.366667
1.179167
0.737500
1.554167
1.304167
1.333333
0.700000
1.537500
1.308333
1.025000
0.862500
1.379167
0.995833
1.816667
1.333333
1.433333
0.962500
1.325000
1.062500
1.162500
0.904167
1.100000
1.462500
1.583333
1.158333
1.137500
0.666667
1.075000
1.425000
0.658333
1.579167
0.837500
1.166667
0.770833
0.716667
0.862500
0.700000
0.670833
0.970833
0.983333
0.970833
1.116667
0.658333
0.929167
0.729167
0.950000
0.983333
1.216667
1.208333
0.850000
1.983333
0.654167
1.216667
1.108333
1.091667
1.016667
0.954167
0.733333
0.795833
0.895833
1.479167
1.658333
0.820833
1.566667
0.891667
1.125000
0.891667
1.012500
1.166667
1.104167
1.066667
1.758333
1.516667
0.991667
1.387500
0.670833
1.154167
0.912500
0.816667
1.004167
1.600000
1.220833
2.079167
0.808333
1.354167
1.070833
0.979167
0.908333
0.700000
0.845833
0.958333
1.312500
0.816667
0.758333
0.933333
1.158333
0.720833
1.587500
1.154167
1.245833
1.195833
1.329167
1.254167
1.154167
1.454167
0.704167
0.887500
1.062500
1.045833
1.241667
0.850000
1.075000
1.404167
0.991667
1.466667
1.233333
1.079167
1.120833
0.841667
0.950000
1.083333
0.945833
1.204167
1.612500
0.808333
0.750000
1.166667
0.970833
0.775000
1.312500
0.741667
0.970833
0.712500
0.912500
0.879167
1.379167
1.383333
0.850000
0.912500
1.141667
2.116667
0.841667
1.300000
1.420833
0.791667
1.129167
1.566667
0.754167
1.075000
0.750000
1.150000
1.408333
1.108333
1.291667
1.187500
1.916667
0.825000
0.816667
1.150000
1.254167
0.950000
0.983333
0.795833
0.804167
1.325000
0.820833
1.354167
1.162500
1.062500
1.737500
1.129167
1.583333
0.954167
0.787500
1.037500
0.975000
1.479167
0.900000
1.337500
1.150000
0.970833
1.045833
1.354167
0.829167
1.029167
0.787500
1.333333
0.900000
0.716667
1.441667
0.645833
0.995833
1.183333
0.812500
1.204167
0.904167
1.370833
1.604167
0.720833
0.800000
