0.820833
0.812500
0.808333
0.795833
0.816667
0.812500
0.808333
0.804167
0.816667
0.812500
0.816667
0.804167
0.816667
0.816667
0.808333
0.816667
0.816667
0.816667
0.812500
0.820833
0.804167
0.825000
0.820833
0.820833
0.795833
0.816667
0.816667
0.812500
0.816667
0.808333
0.800000
0.812500
0.812500
0.816667
0.795833
0.816667
0.820833
0.820833
0.804167
0.820833
0.820833
0.820833
0.825000
0.820833
0.804167
0.816667
0.812500
0.812500
0.816667
0.808333
0.800000
0.808333
0.808333
0.808333
0.791667
0.812500
0.808333
0.820833
0.812500
0.800000
0.812500
0.816667
0.816667
0.795833
0.812500
0.816667
0.812500
0.808333
0.808333
0.812500
0.812500
0.795833
0.816667
0.808333
0.812500
0.800000
0.808333
0.808333
0.808333
0.816667
0.804167
0.783333
0.808333
0.804167
0.795833
0.791667
0.800000
0.804167
0.783333
0.804167
0.800000
0.804167
0.804167
0.791667
0.816667
0.812500
0.816667
0.795833
0.820833
0.816667
0.808333
0.812500
0.820833
0.829167
0.820833
0.800000
0.816667
0.820833
0.820833
0.808333
0.820833
0.820833
0.825000
0.812500
0.820833
0.829167
0.829167
0.804167
0.833333
0.825000
0.816667
0.829167
0.825000
0.829167
0.804167
0.820833
0.820833
0.791667
0.825000
0.812500
0.820833
0.804167
0.816667
0.820833
0.820833
0.800000
0.825000
0.820833
0.829167
0.820833
0.820833
0.829167
0.829167
0.825000
0.816667
0.816667
0.812500
0.812500
0.816667
0.791667
0.783333
0.812500
0.820833
0.825000
0.791667
0.816667
0.820833
0.816667
0.812500
0.816667
0.816667
0.812500
0.791667
0.812500
0.812500
0.816667
0.812500
0.562500
0.945833
0.862500
0.812500
0.829167
0.825000
0.812500
0.820833
0.820833
0.820833
0.816667
0.808333
0.820833
0.816667
0.812500
0.812500
0.800000
0.812500
0.812500
0.812500
0.808333
0.812500
0.812500
0.804167
0.816667
0.816667
0.800000
0.825000
0.825000
0.825000
0.825000
0.825000
0.820833
0.812500
0.804167
0.812500
0.812500
0.791667
0.816667
0.812500
0.820833
0.804167
0.820833
0.820833
0.816667
0.808333
0.812500
0.812500
0.816667
0.816667
0.795833
0.820833
0.808333
0.812500
0.795833
0.816667
0.812500
0.816667
0.800000
0.816667
0.816667
0.812500
0.800000
0.816667
0.816667
0.800000
0.816667
0.812500
0.812500
0.800000
0.816667
0.812500
0.812500
0.800000
0.812500
0.808333
0.808333
0.804167
0.812500
0.808333
0.816667
0.808333
0.791667
0.808333
0.808333
0.791667
0.820833
0.808333
0.808333
0.816667
0.804167
0.800000
0.804167
0.804167
0.795833
0.808333
0.808333
0.808333
0.808333
0.808333
0.787500
0.808333
0.808333
0.791667
0.820833
0.816667
0.820833
0.804167
0.825000
0.820833
0.816667
0.808333
0.820833
0.820833
0.829167
0.816667
0.812500
0.820833
0.820833
0.825000
0.812500
0.820833
0.825000
0.825000
0.812500
0.820833
0.820833
0.795833
0.820833
0.812500
0.812500
0.800000
0.808333
0.808333
0.795833
0.808333
0.808333
0.816667
0.808333
0.795833
0.812500
0.808333
0.808333
0.791667
0.808333
0.808333
0.812500
0.795833
0.812500
0.812500
0.816667
0.800000
0.820833
0.816667
0.812500
0.816667
0.812500
0.800000
0.816667
0.812500
0.812500
0.791667
0.816667
0.812500
0.816667
0.800000
0.820833
0.816667
0.825000
0.800000
0.825000
0.825000
0.825000
0.812500
0.833333
0.825000
0.820833
0.816667
0.825000
0.820833
0.812500
0.829167
0.825000
0.829167
0.820833
0.808333
0.829167
0.825000
0.812500
0.820833
0.825000
0.825000
0.808333
0.829167
0.825000
0.825000
0.804167
0.820833
0.816667
0.816667
0.804167
0.820833
0.816667
0.820833
0.808333
0.812500
0.816667
0.820833
0.804167
0.812500
0.816667
0.812500
0.795833
0.816667
0.808333
0.812500
0.808333
0.812500
0.800000
0.808333
0.808333
0.808333
0.791667
0.816667
0.812500
0.820833
0.804167
0.816667
0.812500
0.825000
0.816667
0.804167
0.825000
0.812500
0.816667
0.816667
0.800000
0.825000
0.808333
0.816667
0.820833
0.804167
0.820833
0.670833
0.137500
0.816667
0.820833
0.800000
0.808333
0.820833
0.812500
0.800000
0.816667
0.812500
0.812500
0.812500
0.808333
0.808333
0.812500
0.808333
0.791667
0.816667
0.808333
0.804167
0.804167
0.812500
0.791667
0.804167
0.820833
0.812500
0.812500
0.791667
0.812500
0.812500
0.791667
0.816667
0.804167
0.787500
0.812500
0.812500
0.816667
0.795833
0.820833
0.816667
0.820833
0.804167
0.808333
0.812500
0.816667
0.825000
0.804167
0.812500
0.820833
0.816667
0.808333
0.808333
0.804167
0.800000
0.808333
0.812500
0.808333
0.808333
0.800000
0.804167
0.804167
0.808333
0.787500
0.808333
0.812500
0.816667
0.812500
0.800000
0.816667
0.816667
0.816667
0.816667
0.795833
0.820833
0.808333
0.816667
0.808333
0.820833
0.812500
0.825000
0.820833
0.795833
0.816667
0.812500
0.820833
0.816667
0.816667
0.787500
0.816667
0.812500
0.812500
0.816667
0.800000
0.816667
0.812500
0.795833
0.812500
0.812500
0.783333
0.816667
0.795833
0.816667
0.816667
0.812500
0.791667
0.808333
0.808333
0.795833
0.825000
0.808333
0.820833
0.812500
0.800000
0.816667
0.812500
0.795833
0.816667
0.816667
0.808333
0.795833
0.812500
0.808333
0.804167
0.804167
0.795833
0.800000
0.800000
0.808333
0.800000
0.787500
0.808333
0.800000
0.808333
0.800000
0.787500
0.808333
0.804167
0.808333
0.808333
0.800000
0.812500
0.816667
0.825000
0.820833
0.820833
0.804167
0.820833
0.816667
0.816667
0.795833
0.816667
0.820833
0.816667
0.795833
0.825000
0.812500
0.820833
0.825000
0.795833
0.820833
0.816667
0.825000
0.812500
0.820833
0.816667
0.825000
0.825000
0.800000
0.816667
0.812500
0.820833
0.812500
0.812500
0.808333
0.820833
0.816667
0.804167
0.808333
0.812500
0.812500
0.816667
0.795833
0.812500
0.816667
0.812500
0.791667
0.812500
0.812500
0.808333
0.800000
0.812500
0.816667
0.816667
0.820833
0.795833
0.816667
0.812500
0.812500
0.812500
0.800000
0.804167
0.808333
0.816667
0.816667
0.808333
0.795833
0.812500
0.812500
0.808333
0.816667
0.804167
0.804167
0.804167
0.812500
0.783333
0.808333
0.812500
0.800000
0.820833
0.816667
0.816667
0.816667
0.820833
0.800000
0.820833
0.816667
0.808333
0.812500
0.816667
0.816667
0.820833
0.816667
0.816667
0.800000
0.820833
0.808333
0.816667
0.808333
0.808333
0.795833
0.816667
0.783333
0.816667
0.829167
0.812500
0.829167
0.820833
0.829167
0.791667
0.825000
0.820833
0.808333
0.829167
0.820833
0.816667
0.795833
0.829167
0.812500
0.816667
0.816667
0.804167
0.808333
0.808333
0.812500
0.812500
0.783333
0.808333
0.800000
0.808333
0.808333
0.795833
0.800000
0.800000
0.783333
0.804167
0.804167
0.783333
0.812500
0.804167
0.804167
0.800000
0.791667
0.800000
0.800000
0.787500
0.795833
0.795833
0.804167
0.800000
0.779167
0.804167
0.795833
0.795833
0.779167
0.795833
0.795833
0.804167
0.787500
0.795833
0.800000
0.804167
0.787500
0.800000
0.800000
0.800000
0.779167
0.795833
0.795833
0.770833
0.804167
0.791667
0.779167
0.791667
0.795833
0.795833
0.779167
0.800000
0.787500
0.804167
0.770833
0.791667
0.791667
0.800000
0.783333
0.787500
0.795833
0.791667
0.804167
0.800000
0.804167
0.791667
0.795833
0.795833
0.800000
0.804167
0.779167
0.804167
0.795833
0.800000
0.775000
0.800000
0.795833
0.783333
0.800000
0.800000
0.770833
0.804167
0.779167
0.804167
0.795833
0.804167
0.800000
0.795833
0.800000
0.804167
0.775000
0.808333
0.808333
0.800000
0.808333
