0.820833
0.820833
0.804167
0.658333
1.000000
0.829167
0.516667
1.133333
0.854167
0.808333
0.825000
0.837500
0.829167
0.829167
0.833333
0.825000
0.820833
0.833333
0.829167
0.825000
0.562500
0.462500
0.700000
0.750000
0.795833
0.816667
0.558333
0.470833
0.700000
0.750000
0.812500
0.816667
0.825000
0.820833
0.829167
0.812500
0.833333
0.841667
0.845833
0.820833
0.845833
0.854167
0.854167
0.512500
0.416667
0.787500
0.812500
0.841667
0.825000
0.837500
0.833333
0.625000
1.033333
0.858333
0.829167
0.829167
0.816667
0.820833
0.820833
0.820833
0.595833
1.012500
0.545833
1.062500
0.825000
0.816667
0.808333
0.825000
0.837500
0.825000
0.820833
0.833333
0.841667
0.825000
0.837500
0.854167
0.841667
0.829167
0.845833
0.845833
0.845833
0.833333
0.854167
0.854167
0.833333
0.591667
1.079167
0.650000
1.012500
0.829167
0.825000
0.820833
0.820833
0.833333
0.833333
0.829167
0.825000
0.833333
0.829167
0.816667
0.508333
0.583333
0.666667
0.741667
0.795833
0.845833
0.879167
0.487500
1.225000
0.862500
0.866667
0.858333
0.866667
0.866667
0.629167
1.104167
0.879167
0.883333
0.879167
0.887500
0.858333
0.891667
0.904167
0.879167
0.908333
0.912500
0.900000
0.875000
0.895833
0.895833
0.866667
0.891667
0.895833
0.862500
0.883333
0.887500
0.866667
0.875000
0.879167
0.875000
0.866667
0.866667
0.862500
0.862500
0.866667
0.858333
0.854167
0.854167
0.841667
0.825000
0.858333
0.870833
0.620833
1.091667
0.854167
0.850000
0.820833
0.558333
0.408333
0.762500
0.808333
0.854167
0.870833
0.845833
0.825000
0.833333
0.841667
0.820833
0.837500
0.870833
0.841667
0.862500
0.900000
0.858333
0.870833
0.875000
0.850000
0.875000
0.887500
0.883333
0.854167
0.879167
0.891667
0.858333
0.883333
0.895833
0.900000
0.608333
1.125000
0.891667
0.854167
0.925000
0.879167
0.870833
0.837500
0.845833
0.854167
0.833333
0.850000
0.854167
0.837500
0.858333
0.891667
0.845833
0.858333
0.858333
0.829167
0.845833
0.854167
0.841667
0.850000
0.854167
0.854167
0.850000
0.825000
0.841667
0.850000
0.845833
0.612500
1.062500
0.850000
0.587500
1.045833
0.620833
0.366667
0.716667
0.737500
0.800000
0.812500
0.795833
0.812500
0.820833
0.816667
0.820833
0.829167
0.829167
0.833333
0.850000
0.862500
0.837500
0.862500
0.858333
0.858333
0.854167
0.866667
0.862500
0.862500
0.558333
1.133333
0.645833
1.045833
0.858333
0.850000
0.837500
0.650000
1.045833
0.570833
1.116667
0.862500
0.825000
0.854167
0.850000
0.829167
0.845833
0.858333
0.854167
0.870833
0.537500
1.191667
0.870833
0.862500
0.870833
0.850000
0.858333
0.858333
0.833333
0.837500
0.525000
0.295833
0.829167
0.841667
0.816667
0.829167
0.845833
0.845833
0.850000
0.829167
0.841667
0.854167
0.833333
0.591667
1.091667
0.858333
0.870833
0.862500
0.845833
0.654167
1.058333
0.575000
1.120833
0.866667
0.620833
1.045833
0.858333
0.837500
0.833333
0.845833
0.829167
0.845833
0.550000
1.145833
0.879167
0.866667
0.854167
0.879167
0.891667
0.866667
0.908333
0.916667
0.900000
0.895833
0.908333
0.891667
0.908333
0.891667
0.887500
0.866667
0.875000
0.887500
0.554167
0.441667
0.766667
0.833333
0.870833
0.850000
0.858333
0.875000
0.862500
0.845833
0.866667
0.862500
0.833333
0.858333
0.858333
0.854167
0.850000
0.850000
0.850000
0.854167
0.837500
0.858333
0.866667
0.862500
0.854167
0.887500
0.900000
0.866667
0.887500
0.883333
0.891667
0.912500
0.887500
0.900000
0.908333
0.891667
0.895833
0.912500
0.895833
0.587500
1.133333
0.566667
1.179167
0.883333
0.870833
0.858333
0.875000
0.875000
0.862500
0.658333
1.029167
0.862500
0.570833
1.104167
0.858333
0.845833
0.845833
0.820833
0.854167
0.858333
0.554167
1.137500
0.883333
0.862500
0.866667
0.850000
0.904167
0.891667
0.866667
0.879167
0.895833
0.879167
0.841667
0.870833
0.875000
0.887500
0.612500
0.287500
0.891667
0.587500
1.079167
0.879167
0.629167
1.104167
0.629167
1.100000
0.854167
0.558333
1.162500
0.875000
0.875000
0.883333
0.887500
0.879167
0.895833
0.904167
0.875000
0.904167
0.916667
0.875000
0.916667
0.920833
0.908333
0.925000
0.908333
0.916667
0.933333
0.891667
0.945833
0.945833
0.891667
0.941667
0.929167
0.891667
0.908333
0.929167
0.891667
0.908333
0.904167
0.658333
1.112500
0.900000
0.866667
0.887500
0.887500
0.879167
0.895833
0.891667
0.887500
0.904167
0.887500
0.883333
0.887500
0.883333
0.875000
0.841667
0.862500
0.883333
0.875000
0.870833
0.887500
0.887500
0.866667
0.904167
0.658333
1.104167
0.887500
0.854167
0.850000
0.854167
0.829167
0.841667
0.837500
0.820833
0.833333
0.845833
0.841667
0.837500
0.854167
0.837500
0.850000
0.862500
0.841667
0.858333
0.858333
0.845833
0.858333
0.862500
0.845833
0.858333
0.841667
0.858333
0.608333
1.083333
0.854167
0.841667
0.833333
0.816667
0.820833
0.820833
0.808333
0.820833
0.829167
0.812500
0.837500
0.854167
0.854167
0.841667
0.858333
0.862500
0.866667
0.858333
0.883333
0.879167
0.870833
0.875000
0.875000
0.854167
0.891667
0.895833
0.858333
0.883333
0.870833
0.854167
0.879167
0.858333
0.866667
0.875000
0.879167
0.895833
0.558333
1.195833
0.900000
0.866667
0.883333
0.616667
0.408333
0.770833
0.816667
0.716667
1.016667
0.866667
0.858333
0.866667
0.862500
0.866667
0.879167
0.875000
0.866667
0.887500
0.866667
0.879167
0.870833
0.870833
0.887500
0.866667
0.879167
0.883333
0.870833
0.891667
0.900000
0.883333
0.912500
0.895833
0.870833
0.900000
0.904167
0.883333
0.912500
0.912500
0.912500
0.879167
0.904167
0.912500
0.895833
0.895833
0.908333
0.870833
0.900000
0.887500
0.858333
0.879167
0.883333
0.858333
0.887500
0.900000
0.862500
0.887500
0.908333
0.904167
0.879167
0.895833
0.895833
0.879167
0.912500
0.645833
1.154167
0.850000
0.583333
1.145833
0.883333
0.850000
0.862500
0.870833
0.862500
0.866667
0.870833
0.870833
0.850000
0.866667
0.866667
0.645833
1.041667
0.858333
0.850000
0.841667
0.570833
1.129167
0.862500
0.858333
0.875000
0.862500
0.841667
0.870833
0.875000
0.866667
0.875000
0.879167
0.641667
1.100000
0.633333
1.120833
0.883333
0.854167
0.879167
0.883333
0.866667
0.879167
0.891667
0.883333
0.862500
0.900000
0.900000
0.875000
0.912500
0.908333
0.662500
1.104167
0.904167
0.575000
0.358333
0.858333
0.875000
0.900000
0.633333
0.420833
0.758333
0.858333
0.612500
1.195833
0.791667
1.058333
0.729167
0.787500
0.604167
0.437500
0.725000
0.812500
0.862500
0.866667
0.866667
0.862500
0.879167
0.870833
0.850000
0.866667
0.870833
0.550000
1.129167
0.862500
0.837500
0.854167
0.875000
0.883333
0.891667
0.883333
0.616667
1.141667
0.887500
0.875000
0.866667
0.866667
0.845833
0.583333
1.133333
0.862500
0.587500
1.125000
0.850000
0.858333
0.858333
0.845833
0.858333
0.850000
0.879167
0.883333
0.862500
0.870833
0.887500
0.870833
0.891667
0.883333
0.895833
0.891667
0.875000
0.908333
0.891667
0.562500
1.191667
0.875000
0.875000
0.858333
0.866667
0.875000
0.850000
0.862500
0.875000
0.858333
