0.420833
0.479167
0.341667
0.245833
2.095833
0.237500
0.554167
1.020833
0.304167
1.441667
0.791667
1.554167
1.504167
1.541667
0.575000
0.766667
0.287500
0.233333
0.520833
0.520833
0.516667
0.512500
0.358333
0.675000
0.525000
0.516667
0.404167
0.783333
0.191667
0.620833
0.470833
0.808333
0.591667
0.583333
0.591667
0.595833
0.616667
0.612500
0.612500
0.612500
0.620833
0.620833
0.608333
0.616667
0.616667
0.608333
0.600000
0.604167
0.604167
0.595833
0.595833
0.600000
0.595833
0.587500
0.583333
0.583333
0.600000
0.604167
0.608333
0.604167
0.600000
0.600000
0.600000
0.591667
0.595833
0.600000
0.600000
0.591667
1.966667
0.541667
0.500000
0.604167
0.591667
0.591667
0.600000
0.595833
0.412500
0.537500
0.825000
0.583333
0.575000
0.575000
0.566667
0.575000
0.633333
0.533333
0.587500
0.591667
0.595833
0.595833
0.608333
0.845833
0.479167
0.479167
0.587500
0.583333
0.587500
0.587500
0.583333
0.587500
0.595833
0.591667
0.587500
0.583333
0.595833
0.604167
0.608333
0.608333
0.608333
0.604167
0.608333
0.608333
0.600000
0.600000
0.604167
0.595833
0.595833
0.595833
0.591667
0.579167
0.579167
0.575000
0.562500
0.554167
0.550000
0.545833
0.545833
0.537500
0.545833
0.545833
0.550000
0.550000
0.558333
0.570833
0.566667
0.562500
0.583333
0.591667
0.583333
0.604167
0.612500
0.616667
0.612500
0.616667
0.608333
0.600000
0.591667
0.600000
0.595833
0.591667
1.312500
0.220833
0.812500
1.000000
0.737500
0.583333
0.583333
0.583333
0.575000
0.583333
0.587500
0.583333
0.579167
0.591667
0.591667
0.583333
0.587500
0.595833
0.595833
0.595833
0.600000
0.604167
0.595833
0.604167
0.604167
0.608333
0.600000
0.608333
0.612500
4.170833
0.566667
0.454167
1.712500
0.704167
0.262500
0.608333
0.533333
0.545833
0.541667
0.541667
0.550000
0.562500
0.425000
0.691667
0.554167
0.562500
0.566667
0.570833
0.700000
0.120833
0.900000
0.566667
0.566667
0.575000
0.416667
0.737500
0.075000
1.091667
0.591667
0.541667
0.800000
0.491667
0.579167
0.633333
0.291667
0.716667
0.554167
0.550000
0.554167
0.545833
1.116667
0.570833
0.575000
0.579167
0.475000
0.683333
0.583333
0.583333
0.587500
0.587500
0.587500
0.583333
0.587500
0.583333
0.579167
0.579167
1.150000
0.329167
1.366667
0.312500
0.995833
1.220833
0.370833
0.325000
0.691667
0.354167
0.375000
0.537500
0.800000
0.241667
1.212500
0.308333
0.329167
0.995833
1.054167
1.158333
1.695833
1.625000
1.937500
1.212500
0.604167
0.608333
0.595833
0.783333
0.375000
0.558333
0.550000
0.550000
0.550000
0.333333
1.850000
0.558333
0.575000
0.587500
0.566667
0.575000
0.945833
1.062500
0.725000
0.550000
0.545833
0.545833
0.541667
0.533333
0.525000
0.529167
0.529167
0.529167
0.541667
0.550000
0.545833
0.570833
0.587500
0.600000
0.604167
0.625000
0.616667
0.616667
0.608333
0.604167
0.600000
0.600000
0.600000
0.608333
0.600000
0.600000
0.595833
0.591667
0.595833
0.604167
0.612500
0.612500
0.612500
0.612500
0.616667
0.625000
0.625000
0.629167
0.629167
0.616667
0.612500
0.808333
0.800000
0.116667
0.725000
0.595833
0.579167
0.570833
0.566667
0.554167
0.554167
0.550000
0.554167
0.545833
0.545833
0.545833
0.562500
0.562500
0.558333
0.570833
0.562500
0.562500
0.562500
0.562500
0.645833
0.470833
0.595833
0.516667
0.537500
0.529167
0.525000
0.520833
0.487500
0.545833
0.516667
0.520833
0.516667
0.508333
0.508333
0.508333
0.516667
0.525000
0.537500
0.529167
0.529167
0.541667
0.554167
0.541667
0.541667
0.545833
0.570833
0.575000
0.575000
0.562500
0.579167
0.579167
0.587500
0.579167
0.583333
0.579167
0.570833
0.558333
0.558333
0.558333
0.554167
0.554167
0.562500
0.550000
0.541667
0.537500
0.529167
0.533333
0.558333
0.570833
0.587500
0.275000
0.312500
0.625000
0.629167
0.629167
0.641667
0.633333
0.616667
0.600000
0.604167
0.604167
0.604167
0.608333
0.608333
0.616667
0.637500
0.629167
0.637500
0.633333
0.633333
0.629167
0.625000
0.612500
0.604167
0.591667
0.591667
0.583333
0.579167
0.587500
0.579167
0.579167
0.587500
0.595833
0.604167
0.600000
0.608333
0.608333
0.600000
0.595833
0.604167
0.608333
0.595833
0.608333
0.591667
0.583333
0.575000
0.570833
0.587500
0.587500
0.591667
0.583333
0.575000
0.570833
0.570833
0.579167
0.583333
0.583333
0.595833
0.600000
0.591667
0.591667
0.587500
0.604167
0.595833
0.612500
0.608333
0.604167
0.608333
0.608333
0.604167
0.595833
0.608333
0.600000
0.591667
0.595833
0.600000
0.604167
0.595833
0.604167
0.591667
0.583333
0.583333
0.591667
0.595833
0.591667
0.604167
0.604167
0.595833
0.600000
0.608333
0.612500
0.604167
0.612500
0.612500
0.608333
0.604167
0.608333
0.612500
0.600000
0.595833
0.600000
0.587500
0.587500
0.595833
0.608333
0.608333
0.616667
0.620833
0.612500
0.604167
0.620833
0.625000
0.608333
0.620833
0.612500
0.604167
0.600000
0.608333
0.612500
0.616667
0.620833
0.616667
0.608333
0.620833
0.620833
0.625000
0.616667
0.629167
0.620833
0.608333
0.600000
0.600000
0.608333
0.616667
0.616667
0.629167
0.629167
0.625000
0.637500
0.645833
0.633333
0.633333
0.629167
0.625000
0.616667
0.608333
0.604167
0.595833
0.600000
0.600000
0.604167
0.604167
0.616667
0.625000
0.620833
0.625000
0.629167
0.625000
0.616667
0.612500
0.604167
0.595833
0.600000
0.595833
0.579167
0.570833
0.570833
0.579167
0.595833
0.608333
0.608333
0.616667
0.612500
0.616667
0.600000
0.620833
0.629167
0.633333
0.620833
0.616667
0.612500
0.625000
0.625000
0.625000
0.633333
0.625000
0.625000
0.633333
0.633333
0.625000
0.629167
0.616667
0.616667
0.633333
0.637500
0.641667
0.641667
0.645833
0.629167
0.625000
0.629167
0.629167
0.637500
0.629167
0.637500
0.625000
0.625000
0.633333
0.641667
0.637500
0.641667
0.650000
0.633333
0.625000
0.625000
0.629167
0.620833
0.612500
0.616667
0.616667
0.604167
0.612500
0.600000
0.600000
0.595833
0.595833
0.604167
0.583333
0.587500
0.579167
0.575000
0.575000
0.575000
0.566667
0.566667
0.579167
0.604167
0.583333
0.595833
0.591667
0.591667
0.575000
0.570833
0.566667
0.566667
0.600000
0.604167
0.620833
0.629167
0.641667
0.662500
0.658333
0.650000
0.658333
0.654167
0.645833
0.629167
0.633333
0.616667
0.637500
0.637500
0.633333
0.637500
0.641667
0.650000
0.641667
0.645833
0.650000
0.637500
0.625000
0.616667
0.633333
0.633333
0.641667
0.650000
0.654167
0.650000
0.654167
0.662500
0.654167
0.658333
0.654167
0.650000
0.654167
0.666667
0.650000
0.658333
0.662500
0.658333
0.662500
0.670833
0.662500
0.662500
0.666667
0.654167
0.645833
0.637500
0.650000
0.633333
0.650000
0.645833
0.658333
0.641667
0.633333
0.666667
0.666667
0.683333
0.670833
0.658333
0.662500
0.658333
0.641667
0.658333
0.654167
0.650000
0.650000
0.662500
0.650000
0.645833
0.654167
0.662500
0.658333
0.662500
0.675000
0.670833
0.679167
0.675000
0.666667
0.654167
0.670833
0.658333
0.650000
0.662500
0.654167
0.633333
0.641667
0.625000
0.658333
0.675000
0.691667
0.691667
0.670833
0.691667
0.666667
0.662500
0.662500
0.654167
0.650000
0.645833
0.658333
0.662500
0.670833
0.658333
0.675000
0.654167
0.675000
0.662500
0.658333
0.662500
0.654167
0.654167
0.666667
0.670833
0.666667
0.670833
0.679167
0.670833
0.650000
0.645833
0.658333
0.679167
0.670833
0.662500
0.658333
0.666667
0.670833
0.675000
0.666667
0.666667
0.645833
0.637500
0.654167
0.654167
0.658333
0.666667
0.679167
0.658333
0.679167
0.670833
0.666667
0.666667
0.645833
0.625000
0.608333
0.587500
0.575000
0.570833
0.566667
0.579167
0.604167
0.683333
0.700000
0.708333
0.716667
0.725000
0.695833
0.675000
0.670833
0.654167
0.658333
0.658333
0.645833
0.645833
0.654167
0.666667
0.662500
0.675000
0.666667
0.670833
0.662500
0.650000
0.637500
0.645833
0.637500
0.629167
0.620833
0.620833
0.641667
0.641667
0.650000
0.662500
0.662500
0.654167
0.666667
0.679167
0.666667
0.666667
0.662500
0.658333
0.645833
0.658333
0.654167
0.645833
0.662500
0.658333
0.637500
0.637500
0.629167
0.650000
0.650000
0.654167
0.645833
0.637500
0.633333
0.616667
0.600000
0.595833
0.579167
0.570833
0.583333
0.625000
0.583333
0.600000
0.620833
0.637500
0.662500
0.675000
0.695833
0.691667
0.683333
0.683333
0.666667
0.654167
0.670833
0.675000
0.658333
0.679167
0.670833
0.658333
0.645833
0.637500
0.658333
0.683333
0.670833
0.670833
0.658333
0.679167
0.650000
0.658333
0.658333
0.650000
0.645833
0.662500
0.670833
0.666667
0.675000
0.670833
0.679167
0.662500
0.691667
0.679167
0.670833
0.670833
0.650000
0.662500
0.662500
0.670833
0.666667
0.691667
0.670833
0.666667
0.658333
0.675000
0.645833
0.650000
0.658333
0.658333
0.645833
0.687500
0.691667
0.683333
0.695833
0.679167
0.675000
0.670833
0.687500
0.675000
0.679167
0.670833
0.670833
0.645833
0.633333
0.616667
0.600000
0.600000
0.604167
0.629167
0.612500
0.625000
0.745833
0.745833
0.750000
0.762500
0.754167
0.754167
0.754167
0.745833
0.725000
0.695833
0.691667
0.708333
0.700000
0.712500
0.704167
0.691667
0.687500
0.691667
0.679167
0.666667
0.662500
0.650000
0.645833
0.658333
0.670833
0.670833
0.683333
0.687500
0.683333
0.687500
0.687500
0.675000
0.670833
0.662500
0.670833
0.662500
0.679167
0.691667
0.679167
0.683333
0.675000
0.662500
0.679167
0.691667
0.687500
0.700000
0.691667
0.683333
0.695833
0.704167
