0.629167
0.629167
0.629167
0.629167
0.633333
0.633333
0.633333
0.633333
0.637500
0.633333
0.637500
0.629167
0.645833
0.637500
0.641667
0.637500
0.641667
0.633333
0.645833
0.641667
0.637500
0.641667
0.645833
0.641667
0.641667
0.645833
0.637500
0.641667
0.645833
0.645833
0.641667
0.641667
0.637500
0.204167
0.429167
1.266667
0.295833
0.333333
0.633333
0.004167
0.200000
0.433333
0.308333
0.954167
0.629167
0.916667
0.625000
0.362500
0.383333
0.245833
0.633333
0.629167
0.237500
0.566667
0.466667
0.245833
0.595833
0.420833
0.629167
0.437500
0.391667
0.429167
0.750000
0.504167
0.229167
0.400000
0.354167
0.270833
0.345833
0.283333
0.629167
0.629167
0.629167
0.629167
0.633333
0.637500
0.637500
0.637500
0.637500
0.637500
0.641667
0.641667
0.641667
0.379167
0.258333
0.300000
0.466667
0.512500
0.629167
0.641667
0.416667
0.216667
0.633333
0.420833
0.475000
0.370833
0.637500
0.325000
0.300000
0.645833
0.637500
0.366667
0.266667
0.754167
0.516667
0.325000
0.312500
0.637500
0.637500
0.637500
0.779167
0.300000
0.825000
0.291667
0.345833
0.270833
0.358333
0.516667
0.116667
0.625000
0.304167
0.466667
0.495833
0.629167
0.633333
0.612500
0.633333
0.441667
0.533333
0.400000
0.283333
0.433333
0.425000
0.633333
0.229167
0.383333
0.808333
0.420833
1.933333
0.375000
0.391667
0.525000
0.629167
0.625000
0.262500
0.262500
0.720833
0.837500
0.895833
0.741667
0.620833
0.545833
0.687500
0.433333
0.795833
0.620833
0.250000
0.370833
0.625000
0.616667
0.616667
0.625000
0.625000
0.629167
0.620833
0.450000
0.816667
0.633333
0.629167
0.641667
0.637500
0.637500
0.637500
0.420833
0.845833
0.641667
0.387500
0.220833
0.508333
0.308333
0.504167
0.704167
0.783333
1.370833
0.383333
0.229167
0.204167
0.791667
0.966667
0.862500
0.333333
0.395833
0.637500
1.362500
0.529167
0.187500
0.445833
0.633333
0.633333
0.425000
0.837500
0.625000
0.441667
0.366667
0.350000
0.258333
0.787500
0.337500
0.629167
0.637500
0.625000
0.633333
0.500000
0.137500
0.270833
0.995833
0.954167
0.266667
1.304167
0.637500
0.633333
1.137500
1.400000
1.912500
0.637500
0.629167
0.633333
0.479167
0.537500
0.250000
0.450000
0.608333
0.325000
0.516667
0.341667
0.141667
0.712500
0.562500
0.308333
0.587500
0.504167
0.600000
0.220833
0.354167
0.633333
0.258333
0.591667
0.304167
0.641667
0.675000
0.833333
1.375000
0.291667
0.437500
0.629167
1.850000
0.441667
1.591667
0.295833
1.375000
0.500000
1.250000
1.441667
0.787500
1.520833
2.495833
0.491667
0.387500
0.287500
0.708333
0.620833
0.620833
0.241667
0.379167
0.820833
0.720833
0.695833
0.254167
0.616667
0.408333
1.012500
0.229167
0.725000
0.341667
0.637500
0.408333
0.250000
0.537500
0.462500
0.308333
1.058333
0.450000
2.312500
1.612500
0.766667
2.070833
0.400000
0.175000
1.925000
1.887500
0.458333
0.262500
0.270833
0.887500
0.633333
0.625000
0.233333
1.120833
0.425000
0.466667
0.883333
1.454167
0.416667
0.633333
1.816667
0.941667
0.479167
0.625000
0.512500
0.633333
0.600000
0.279167
0.487500
0.350000
0.158333
0.508333
0.733333
0.291667
0.954167
0.625000
0.629167
0.620833
0.425000
1.008333
1.066667
0.266667
0.362500
0.629167
0.625000
0.629167
0.629167
0.629167
1.008333
0.591667
0.700000
0.554167
0.250000
0.587500
1.391667
1.275000
1.279167
1.279167
0.633333
1.925000
0.641667
0.266667
0.375000
1.291667
0.641667
0.475000
0.145833
0.658333
0.820833
0.458333
0.641667
0.337500
0.941667
0.637500
0.641667
0.637500
0.500000
0.137500
0.633333
0.637500
0.637500
0.629167
0.633333
0.629167
0.629167
0.633333
0.633333
0.633333
0.629167
0.629167
0.629167
0.633333
0.629167
0.633333
0.629167
0.241667
0.387500
0.629167
0.629167
0.633333
0.458333
0.175000
0.637500
0.945833
0.295833
0.829167
0.441667
0.633333
0.629167
0.629167
1.212500
0.483333
0.820833
0.275000
0.408333
0.583333
0.300000
0.500000
0.087500
0.450000
0.425000
0.175000
0.741667
0.479167
0.633333
0.633333
0.633333
0.579167
0.679167
0.295833
0.333333
0.633333
0.633333
0.629167
0.629167
0.504167
0.766667
0.637500
0.637500
0.633333
0.641667
0.637500
0.641667
0.291667
0.345833
0.641667
0.641667
0.637500
0.641667
0.933333
0.354167
0.645833
0.650000
0.250000
0.404167
0.658333
0.683333
0.650000
0.254167
0.487500
0.958333
0.320833
0.675000
0.670833
0.641667
0.662500
0.220833
0.437500
0.695833
0.391667
0.245833
0.216667
0.437500
0.666667
0.654167
0.283333
0.375000
0.316667
0.500000
1.145833
0.654167
0.754167
0.545833
0.645833
0.645833
0.650000
0.733333
0.554167
0.641667
0.320833
0.962500
0.641667
0.429167
0.204167
0.625000
0.637500
0.633333
0.637500
1.016667
0.254167
0.633333
0.633333
0.641667
0.412500
0.225000
0.641667
0.641667
0.641667
0.637500
0.637500
0.637500
0.637500
0.641667
0.641667
1.275000
0.345833
0.287500
0.641667
0.412500
0.558333
0.287500
1.183333
0.345833
0.741667
0.333333
1.200000
0.591667
0.433333
0.429167
0.433333
0.625000
1.254167
0.283333
0.983333
0.620833
0.633333
1.250000
0.679167
1.216667
0.812500
1.075000
1.266667
1.325000
0.579167
0.633333
0.633333
0.633333
0.637500
0.633333
0.579167
0.695833
0.641667
0.316667
0.320833
0.641667
0.487500
0.150000
0.645833
0.637500
0.637500
0.645833
0.204167
1.066667
0.641667
0.495833
0.370833
0.425000
0.637500
0.650000
0.558333
0.725000
1.004167
0.558333
0.291667
0.716667
0.641667
1.395833
0.275000
0.416667
0.283333
0.291667
0.429167
0.500000
0.837500
0.362500
0.375000
1.320833
0.237500
0.658333
0.750000
0.133333
0.620833
0.304167
0.329167
0.625000
0.625000
0.312500
0.441667
1.120833
0.762500
0.687500
1.045833
0.629167
1.250000
1.258333
0.829167
0.433333
0.629167
0.812500
0.450000
1.216667
0.866667
1.266667
0.241667
1.087500
0.366667
0.525000
1.495833
0.287500
0.429167
0.545833
0.541667
1.375000
0.287500
1.366667
0.683333
0.304167
0.762500
0.741667
1.387500
1.225000
0.379167
0.204167
1.195833
1.304167
0.458333
1.483333
0.479167
0.479167
0.966667
1.650000
1.754167
1.954167
1.866667
1.258333
1.258333
2.600000
0.337500
1.204167
0.200000
1.287500
0.858333
0.266667
1.137500
0.433333
0.441667
0.575000
0.616667
1.233333
0.620833
0.625000
0.400000
0.225000
1.254167
1.262500
0.629167
0.637500
0.687500
0.579167
0.291667
0.341667
0.637500
0.633333
0.433333
0.695833
0.783333
0.633333
0.633333
0.225000
0.408333
0.637500
0.525000
0.112500
1.262500
1.075000
0.100000
0.750000
0.295833
0.350000
0.695833
0.579167
0.641667
0.325000
0.312500
0.641667
0.645833
0.637500
0.558333
0.341667
0.833333
0.375000
0.458333
0.483333
0.425000
0.358333
0.612500
1.079167
0.466667
0.591667
0.816667
0.400000
0.629167
1.025000
1.225000
0.579167
0.466667
0.237500
0.391667
0.783333
1.208333
1.216667
0.604167
1.200000
1.212500
0.695833
0.895833
0.220833
0.666667
0.425000
0.233333
0.487500
0.833333
0.533333
1.054167
1.220833
0.958333
0.254167
0.883333
0.279167
1.295833
0.300000
0.412500
0.333333
0.816667
0.625000
0.616667
0.625000
1.233333
1.254167
0.454167
0.433333
0.350000
0.287500
0.558333
0.412500
0.612500
0.966667
0.925000
0.304167
0.458333
1.145833
1.312500
0.208333
0.416667
0.641667
0.645833
0.650000
0.254167
0.425000
0.650000
0.650000
0.783333
0.495833
0.654167
0.650000
0.529167
1.120833
0.312500
1.083333
0.870833
0.658333
0.579167
0.291667
0.416667
0.470833
0.304167
0.445833
0.595833
0.770833
0.950000
0.345833
0.891667
1.054167
0.637500
0.645833
0.866667
0.412500
0.562500
0.287500
0.287500
0.300000
0.450000
0.450000
0.920833
0.854167
0.945833
1.262500
1.237500
0.654167
0.604167
0.666667
0.620833
0.229167
0.400000
1.258333
1.262500
0.629167
0.625000
1.258333
0.629167
0.354167
0.491667
0.291667
0.304167
0.604167
0.441667
0.508333
0.287500
0.641667
0.437500
0.270833
0.458333
0.308333
0.912500
0.775000
1.012500
0.941667
0.316667
1.258333
1.500000
0.391667
0.325000
0.941667
0.816667
0.458333
0.325000
0.304167
0.637500
0.404167
0.137500
0.416667
0.379167
0.291667
0.466667
0.458333
0.633333
0.770833
0.491667
1.258333
0.629167
0.937500
0.316667
0.329167
0.929167
0.629167
0.829167
0.887500
0.470833
0.316667
0.625000
0.395833
0.333333
0.304167
0.304167
1.162500
0.533333
0.816667
0.900000
0.241667
0.620833
0.629167
1.079167
0.666667
0.304167
0.616667
0.350000
0.641667
0.433333
0.541667
0.387500
1.337500
1.166667
1.266667
0.633333
0.983333
0.145833
1.375000
0.625000
0.616667
0.612500
1.266667
0.620833
0.620833
0.625000
0.625000
0.629167
0.629167
0.325000
0.937500
0.629167
0.433333
0.283333
0.675000
0.683333
0.500000
0.400000
0.529167
0.795833
0.420833
0.320833
0.370833
0.283333
0.633333
0.591667
0.304167
1.012500
0.633333
1.125000
0.470833
0.575000
0.375000
1.279167
1.279167
0.712500
1.183333
1.550000
1.633333
1.887500
1.779167
0.775000
2.562500
0.637500
0.287500
0.512500
0.479167
1.275000
0.637500
0.637500
0.629167
0.633333
0.637500
1.279167
0.641667
0.637500
0.637500
0.312500
0.333333
0.641667
0.641667
0.641667
0.633333
0.637500
0.637500
0.637500
0.637500
0.633333
0.637500
0.633333
0.633333
0.637500
0.329167
0.450000
0.495833
0.200000
0.429167
0.633333
0.195833
0.441667
0.366667
0.270833
0.633333
0.637500
0.637500
