0.704167
0.695833
0.691667
0.695833
0.704167
0.695833
0.695833
0.704167
0.700000
0.691667
0.695833
0.704167
0.704167
0.691667
0.700000
0.704167
0.700000
0.695833
0.704167
0.700000
0.695833
0.695833
0.700000
0.700000
0.695833
0.700000
0.704167
0.700000
0.700000
0.704167
0.704167
0.704167
0.695833
0.704167
0.704167
0.700000
0.695833
0.708333
0.704167
0.695833
0.708333
0.704167
0.700000
0.700000
0.708333
0.704167
0.704167
0.695833
0.712500
0.708333
0.704167
0.695833
0.708333
0.704167
0.695833
0.700000
0.704167
0.700000
0.695833
0.704167
0.700000
0.700000
0.691667
0.708333
0.704167
0.691667
0.695833
0.708333
0.700000
0.695833
0.708333
0.708333
0.695833
0.700000
0.708333
0.708333
0.695833
0.704167
0.704167
0.700000
0.691667
0.704167
0.700000
0.691667
0.704167
0.700000
0.691667
0.695833
0.704167
0.700000
0.695833
0.708333
0.704167
0.695833
0.704167
0.704167
0.695833
0.704167
0.704167
0.695833
0.695833
0.708333
0.704167
0.695833
0.704167
0.704167
0.700000
0.695833
0.708333
0.704167
0.700000
0.704167
0.704167
0.704167
0.700000
0.704167
0.704167
0.700000
0.691667
0.708333
0.704167
0.691667
0.704167
0.704167
0.704167
0.695833
0.704167
0.700000
0.700000
0.691667
0.704167
0.695833
0.691667
0.695833
0.691667
0.691667
0.683333
0.700000
0.695833
0.683333
0.691667
0.695833
0.691667
0.687500
0.691667
0.695833
0.700000
0.687500
0.695833
0.695833
0.691667
0.687500
0.695833
0.691667
0.683333
0.691667
0.691667
0.695833
0.687500
0.683333
0.695833
0.691667
0.687500
0.691667
0.691667
0.691667
0.683333
0.695833
0.695833
0.691667
0.683333
0.695833
0.695833
0.687500
0.687500
0.695833
0.700000
0.691667
0.700000
0.695833
0.691667
0.704167
0.700000
0.700000
0.695833
0.712500
0.708333
0.700000
0.704167
0.708333
0.708333
0.700000
0.708333
0.704167
0.691667
0.704167
0.704167
0.700000
0.691667
0.704167
0.700000
0.691667
0.691667
0.700000
0.695833
0.687500
0.691667
0.700000
0.695833
0.695833
0.700000
0.700000
0.691667
0.700000
0.704167
0.704167
0.695833
0.704167
0.704167
0.691667
0.700000
0.704167
0.704167
0.691667
0.700000
0.704167
0.691667
0.695833
0.704167
0.695833
0.695833
0.704167
0.700000
0.691667
0.695833
0.700000
0.700000
0.691667
0.704167
0.700000
0.687500
0.691667
0.704167
0.704167
0.691667
0.695833
0.704167
0.700000
0.691667
0.700000
0.704167
0.700000
0.687500
0.700000
0.700000
0.695833
0.687500
0.700000
0.695833
0.695833
0.687500
0.704167
0.695833
0.695833
0.691667
0.704167
0.700000
0.695833
0.695833
0.704167
0.704167
0.691667
0.695833
0.704167
0.700000
0.695833
0.691667
0.704167
0.700000
0.695833
0.691667
0.704167
0.695833
0.695833
0.691667
0.700000
0.695833
0.683333
0.691667
0.695833
0.695833
0.687500
0.695833
0.695833
0.695833
0.687500
0.704167
0.700000
0.687500
0.691667
0.704167
0.695833
0.691667
0.695833
0.704167
0.695833
0.687500
0.704167
0.700000
0.687500
0.695833
0.704167
0.695833
0.691667
0.695833
0.700000
0.687500
0.691667
0.695833
0.695833
0.679167
0.691667
0.695833
0.695833
0.683333
0.695833
0.695833
0.700000
0.687500
0.700000
0.700000
0.695833
0.691667
0.704167
0.700000
0.691667
0.704167
0.700000
0.700000
0.691667
0.704167
0.700000
0.700000
0.691667
0.708333
0.700000
0.691667
0.695833
0.708333
0.704167
0.700000
0.695833
0.708333
0.704167
0.704167
0.704167
0.712500
0.708333
0.695833
0.708333
0.712500
0.704167
0.704167
0.708333
0.712500
0.695833
0.700000
0.708333
0.700000
0.700000
0.704167
0.704167
0.691667
0.695833
0.704167
0.704167
0.687500
0.700000
0.700000
0.691667
0.695833
0.700000
0.695833
0.691667
0.704167
0.704167
0.687500
0.704167
0.708333
0.708333
0.695833
0.712500
0.708333
0.695833
0.704167
0.704167
0.691667
0.700000
0.704167
0.704167
0.691667
0.704167
0.700000
0.695833
0.695833
0.700000
0.700000
0.695833
0.687500
0.700000
0.695833
0.687500
0.691667
0.700000
0.695833
0.683333
0.691667
0.700000
0.691667
0.683333
0.695833
0.695833
0.683333
0.687500
0.695833
0.691667
0.679167
0.700000
0.687500
0.683333
0.691667
0.700000
0.691667
0.687500
0.704167
0.708333
0.704167
0.704167
0.687500
0.691667
0.691667
0.683333
0.695833
0.687500
0.687500
0.691667
0.683333
0.687500
0.695833
0.687500
0.687500
0.695833
0.687500
0.687500
0.700000
0.683333
0.687500
0.691667
0.687500
0.679167
0.695833
0.691667
0.683333
0.695833
0.695833
0.683333
0.691667
0.691667
0.687500
0.687500
0.700000
0.691667
0.687500
0.700000
0.691667
0.687500
0.691667
0.691667
0.683333
0.691667
0.691667
0.687500
0.679167
0.691667
0.687500
0.683333
0.670833
0.687500
0.683333
0.679167
0.687500
0.683333
0.679167
0.691667
0.691667
0.679167
0.695833
0.695833
0.683333
0.683333
0.695833
0.687500
0.679167
0.683333
0.683333
0.675000
0.675000
0.679167
0.670833
0.666667
0.675000
0.666667
0.658333
0.670833
0.666667
0.658333
0.670833
0.662500
0.662500
0.670833
0.666667
0.662500
0.670833
0.662500
0.662500
0.670833
0.662500
0.670833
0.666667
0.662500
0.675000
0.670833
0.662500
0.675000
0.666667
0.666667
0.675000
0.670833
0.666667
0.675000
0.670833
0.658333
0.670833
0.675000
0.662500
0.670833
0.670833
0.666667
0.670833
0.675000
0.662500
0.675000
0.675000
0.666667
0.679167
0.675000
0.662500
0.683333
0.675000
0.666667
0.679167
0.675000
0.670833
0.679167
0.675000
0.670833
0.679167
0.675000
0.670833
0.679167
0.670833
0.670833
0.683333
0.675000
0.670833
0.687500
0.679167
0.675000
0.675000
0.687500
0.679167
0.675000
0.687500
0.683333
0.675000
0.683333
0.683333
0.675000
0.683333
0.683333
0.670833
0.683333
0.683333
0.675000
0.679167
0.683333
0.679167
0.675000
0.695833
0.683333
0.683333
0.679167
0.691667
0.683333
0.683333
0.687500
0.691667
0.679167
0.687500
0.687500
0.683333
0.679167
0.687500
0.679167
0.679167
0.683333
0.683333
0.675000
0.683333
0.679167
0.675000
0.683333
0.675000
0.670833
0.675000
0.675000
0.675000
0.304167
0.362500
0.675000
0.670833
0.662500
0.670833
0.666667
0.666667
0.666667
0.683333
0.670833
0.670833
0.666667
0.679167
0.675000
0.675000
0.670833
0.679167
0.675000
0.679167
0.670833
0.683333
0.679167
0.675000
0.670833
0.687500
0.683333
0.679167
0.687500
0.687500
0.679167
0.695833
0.687500
0.679167
0.695833
0.691667
0.683333
0.691667
0.691667
0.695833
0.683333
0.700000
0.695833
0.695833
0.687500
0.700000
0.691667
0.695833
0.683333
0.695833
0.691667
0.687500
0.683333
0.700000
0.691667
0.687500
0.687500
0.691667
0.691667
0.687500
0.687500
0.695833
0.695833
0.683333
0.695833
0.691667
0.691667
0.683333
0.691667
0.691667
0.683333
0.683333
0.691667
0.687500
0.683333
0.679167
0.695833
0.687500
0.679167
0.695833
0.687500
0.679167
0.687500
0.687500
0.679167
0.683333
0.687500
0.683333
0.675000
0.687500
0.683333
0.675000
0.687500
0.683333
0.675000
0.687500
0.683333
0.675000
0.683333
0.687500
0.679167
0.679167
0.691667
0.687500
0.679167
0.691667
0.691667
0.683333
0.687500
0.691667
0.691667
0.683333
0.695833
0.691667
0.691667
0.687500
0.700000
0.691667
0.687500
0.695833
0.695833
0.691667
0.691667
0.695833
0.691667
0.687500
0.695833
0.695833
0.687500
0.691667
0.695833
0.695833
0.687500
0.700000
0.691667
0.683333
0.695833
0.691667
0.687500
0.691667
0.691667
0.679167
0.691667
0.687500
0.683333
0.691667
0.687500
0.683333
0.687500
0.691667
0.687500
0.679167
0.691667
0.687500
0.675000
0.687500
0.683333
0.675000
0.683333
0.687500
0.683333
0.679167
0.687500
0.687500
0.675000
0.687500
0.687500
0.670833
0.683333
0.679167
0.675000
0.679167
0.683333
0.670833
0.679167
0.683333
0.675000
0.683333
0.666667
0.679167
0.645833
0.695833
0.670833
0.758333
0.575000
0.670833
0.658333
0.670833
0.658333
0.666667
0.670833
0.658333
0.666667
0.666667
0.662500
0.670833
0.658333
0.675000
0.666667
0.670833
0.779167
0.558333
0.670833
0.666667
0.679167
0.654167
0.691667
0.666667
0.679167
0.670833
0.783333
0.562500
0.670833
0.679167
0.670833
0.362500
0.595833
0.491667
0.666667
0.570833
0.675000
0.337500
0.329167
0.675000
0.675000
1.150000
0.300000
0.570833
0.779167
0.554167
1.337500
0.670833
0.670833
0.670833
0.670833
0.679167
0.658333
0.675000
0.683333
0.662500
0.675000
0.679167
0.487500
0.187500
0.666667
0.308333
0.370833
0.666667
0.683333
0.670833
0.675000
0.670833
0.683333
0.675000
0.675000
0.679167
0.658333
0.775000
0.566667
0.670833
0.666667
0.662500
0.670833
0.662500
0.675000
0.670833
0.658333
0.670833
0.666667
0.675000
0.670833
0.670833
0.766667
0.562500
0.666667
0.666667
0.670833
0.666667
0.666667
0.662500
0.670833
0.670833
