0.216667
0.170833
0.837500
0.287500
0.345833
0.741667
0.683333
0.679167
0.679167
0.470833
0.783333
0.700000
0.683333
0.670833
0.329167
0.512500
0.075000
0.445833
0.670833
1.025000
0.325000
0.570833
0.725000
0.733333
0.695833
1.475000
0.579167
1.304167
0.787500
0.566667
0.729167
1.266667
0.733333
0.454167
1.525000
0.716667
0.508333
0.783333
0.254167
0.458333
0.687500
1.104167
0.883333
0.462500
0.458333
0.466667
0.916667
0.479167
0.700000
0.695833
0.766667
0.633333
0.420833
0.966667
0.695833
0.695833
0.704167
0.791667
0.458333
0.829167
0.795833
0.608333
0.516667
0.833333
0.350000
0.391667
0.525000
0.829167
0.741667
0.733333
0.545833
0.833333
0.750000
0.737500
0.541667
0.841667
0.754167
0.745833
0.483333
0.850000
0.754167
0.750000
0.470833
0.850000
0.758333
0.787500
0.512500
1.004167
0.179167
0.504167
0.479167
1.179167
0.825000
0.787500
0.695833
0.458333
0.408333
0.458333
0.279167
0.616667
0.275000
0.975000
0.487500
0.462500
0.795833
0.504167
1.241667
0.825000
0.558333
0.462500
0.912500
0.829167
0.816667
0.533333
0.908333
0.837500
0.804167
0.504167
0.920833
0.804167
0.470833
0.912500
0.808333
0.795833
0.520833
0.895833
0.816667
0.800000
0.483333
0.912500
0.816667
0.804167
0.329167
1.075000
0.537500
0.833333
0.820833
0.779167
1.387500
0.825000
0.816667
0.504167
0.925000
0.841667
0.816667
0.500000
0.929167
0.854167
0.820833
1.404167
0.854167
0.816667
0.529167
0.929167
0.841667
0.808333
0.495833
0.916667
0.845833
0.820833
0.616667
0.950000
0.854167
0.833333
0.504167
0.925000
0.833333
1.404167
0.825000
0.816667
0.516667
0.937500
0.841667
0.837500
0.512500
0.954167
0.841667
0.841667
0.837500
0.533333
0.962500
0.858333
0.850000
0.833333
0.829167
0.829167
0.820833
0.316667
1.091667
0.841667
0.816667
1.404167
0.854167
0.850000
0.500000
0.950000
0.875000
0.870833
0.504167
0.975000
0.875000
0.862500
0.312500
1.137500
0.862500
0.845833
0.495833
0.970833
0.537500
0.875000
0.862500
0.841667
0.820833
0.500000
0.958333
0.875000
0.583333
0.975000
0.883333
0.837500
0.829167
0.533333
0.966667
0.862500
0.841667
0.533333
0.966667
0.875000
0.845833
0.841667
0.837500
0.812500
0.820833
0.812500
1.425000
0.879167
0.854167
0.566667
1.000000
0.895833
0.879167
0.516667
0.991667
0.883333
0.870833
0.529167
0.987500
0.895833
0.870833
0.508333
1.000000
0.879167
0.858333
0.333333
1.141667
0.908333
0.870833
0.525000
0.991667
0.891667
0.862500
0.320833
1.175000
0.895833
0.870833
0.529167
0.995833
0.916667
1.470833
1.487500
0.870833
0.558333
1.000000
0.545833
0.912500
0.908333
0.875000
0.854167
0.845833
0.575000
1.008333
0.550000
0.908333
0.916667
0.908333
0.883333
0.529167
1.025000
0.929167
0.529167
1.025000
0.587500
1.054167
0.908333
0.929167
0.908333
0.883333
0.512500
1.004167
0.545833
0.925000
0.916667
0.575000
1.037500
0.466667
1.004167
0.900000
0.875000
0.883333
0.879167
0.520833
1.008333
0.941667
0.929167
0.537500
1.029167
0.920833
0.891667
0.891667
0.562500
1.012500
0.470833
0.995833
0.895833
0.566667
0.995833
0.466667
0.991667
0.887500
0.562500
1.012500
0.470833
1.000000
1.483333
0.920833
0.895833
1.487500
0.920833
0.895833
1.487500
0.925000
0.895833
0.887500
0.879167
0.525000
1.004167
0.550000
0.941667
0.912500
0.887500
1.495833
0.908333
0.891667
0.891667
0.891667
0.866667
0.866667
0.541667
1.000000
0.920833
0.895833
0.554167
1.016667
0.920833
0.591667
1.020833
0.883333
0.887500
0.900000
0.887500
0.341667
1.179167
0.937500
0.900000
0.887500
1.475000
1.483333
1.491667
1.491667
0.600000
1.054167
0.916667
0.529167
1.045833
0.566667
1.054167
1.579167
1.512500
1.504167
0.575000
1.033333
0.595833
1.041667
0.575000
1.041667
0.575000
1.041667
0.575000
0.920833
0.570833
0.945833
1.508333
0.608333
1.050000
0.587500
1.050000
0.570833
0.950000
0.579167
1.058333
0.570833
1.070833
0.579167
1.058333
0.558333
0.966667
0.562500
1.062500
0.570833
0.945833
0.583333
1.050000
0.566667
1.054167
0.554167
1.045833
0.550000
1.054167
1.583333
0.550000
1.075000
0.545833
1.075000
0.566667
1.070833
0.558333
1.083333
1.537500
0.554167
1.079167
0.554167
1.079167
0.550000
1.070833
0.566667
1.083333
1.595833
0.554167
1.075000
0.550000
1.054167
0.570833
0.995833
0.554167
1.075000
0.550000
1.070833
0.570833
1.083333
0.533333
1.083333
1.587500
1.591667
0.579167
1.062500
0.562500
1.058333
0.558333
1.045833
0.583333
0.933333
0.570833
0.937500
0.479167
1.025000
0.604167
1.025000
0.475000
1.012500
0.591667
1.029167
0.887500
0.891667
0.891667
0.887500
0.329167
1.195833
0.554167
0.945833
0.554167
1.029167
0.541667
1.029167
0.558333
0.937500
0.570833
0.929167
1.508333
0.562500
1.041667
0.545833
1.020833
0.554167
1.037500
0.562500
1.033333
0.587500
0.904167
0.908333
0.879167
0.875000
0.879167
1.462500
0.900000
0.883333
0.887500
0.870833
0.533333
1.012500
0.591667
1.037500
0.554167
1.037500
0.554167
1.041667
1.579167
0.558333
1.037500
0.554167
1.045833
0.570833
1.050000
0.554167
1.066667
0.587500
1.066667
0.570833
1.066667
0.566667
1.075000
0.483333
1.041667
0.579167
1.054167
0.570833
0.937500
0.583333
1.041667
0.562500
1.037500
0.570833
1.054167
0.591667
1.045833
0.587500
1.054167
0.587500
1.058333
1.566667
0.562500
1.062500
0.562500
1.062500
1.575000
0.570833
1.070833
1.591667
1.595833
1.516667
0.908333
0.904167
0.891667
0.879167
1.525000
0.900000
1.337500
0.558333
1.000000
0.587500
1.029167
0.579167
1.029167
0.570833
1.041667
0.475000
1.033333
0.925000
0.583333
1.033333
0.912500
0.558333
1.029167
0.558333
1.041667
0.575000
1.033333
1.495833
0.554167
1.041667
1.500000
0.925000
0.908333
0.908333
0.908333
0.533333
1.037500
0.608333
1.050000
0.587500
1.050000
0.595833
1.054167
1.529167
0.579167
1.054167
0.566667
1.037500
0.570833
1.041667
0.545833
1.050000
0.575000
1.045833
0.570833
1.058333
0.554167
1.050000
0.479167
1.033333
0.600000
1.045833
0.475000
1.020833
0.908333
0.900000
1.516667
0.595833
1.037500
0.479167
1.020833
0.475000
1.025000
1.520833
0.908333
0.708333
1.050000
0.904167
0.912500
0.908333
0.891667
0.891667
0.616667
1.041667
0.570833
0.804167
0.237500
0.595833
1.045833
0.554167
0.941667
0.591667
1.345833
0.279167
1.029167
0.575000
1.191667
0.429167
1.033333
0.575000
0.308333
0.237500
1.458333
0.616667
0.745833
0.925000
0.683333
0.741667
0.366667
1.162500
0.504167
0.970833
0.908333
0.941667
0.354167
0.200000
1.050000
0.308333
0.270833
1.079167
0.416667
0.475000
0.333333
0.237500
0.583333
0.920833
0.187500
0.420833
0.700000
0.329167
0.495833
1.108333
0.179167
0.312500
0.470833
0.658333
0.920833
0.720833
0.875000
0.391667
1.195833
0.554167
1.133333
1.012500
1.145833
1.004167
0.591667
1.233333
0.879167
0.325000
0.495833
0.258333
1.012500
0.287500
0.683333
0.491667
0.908333
0.862500
0.554167
0.316667
0.733333
0.979167
0.850000
0.533333
0.975000
0.891667
0.850000
0.591667
0.966667
0.891667
0.875000
0.879167
0.879167
0.525000
0.983333
0.591667
1.029167
0.937500
0.912500
0.912500
0.916667
0.520833
1.008333
0.575000
0.941667
0.937500
0.912500
0.900000
0.879167
0.520833
1.008333
0.933333
0.895833
0.529167
1.004167
0.920833
0.891667
