0.925000
0.929167
0.920833
0.912500
0.912500
0.908333
0.891667
0.887500
0.900000
0.900000
0.566667
1.066667
0.945833
0.929167
0.925000
0.929167
0.920833
0.912500
0.904167
0.895833
0.895833
0.875000
0.883333
0.891667
0.895833
0.879167
0.866667
0.875000
0.887500
0.900000
0.875000
0.862500
0.875000
0.883333
0.883333
0.854167
0.858333
0.583333
1.045833
0.925000
0.908333
0.883333
0.891667
0.879167
0.858333
0.600000
1.050000
0.925000
0.920833
0.904167
0.887500
0.879167
0.879167
0.854167
0.862500
0.591667
1.050000
0.920833
0.908333
0.883333
0.875000
0.879167
0.879167
0.616667
1.375000
0.954167
0.925000
0.895833
0.887500
0.900000
0.570833
1.062500
0.937500
0.916667
0.900000
0.904167
0.591667
1.045833
0.941667
0.908333
0.895833
0.879167
0.587500
1.050000
0.937500
0.925000
0.887500
0.887500
0.891667
0.887500
0.870833
0.866667
0.866667
0.562500
1.054167
0.929167
0.920833
0.891667
0.900000
0.879167
0.887500
0.883333
0.900000
0.875000
0.570833
1.054167
0.937500
0.925000
0.925000
0.908333
0.900000
0.895833
0.870833
0.558333
1.054167
0.600000
1.066667
0.941667
0.929167
0.916667
0.904167
0.870833
0.875000
0.887500
0.895833
0.870833
0.875000
0.875000
0.583333
1.050000
0.933333
0.916667
0.895833
0.883333
0.866667
0.858333
0.866667
0.879167
0.883333
0.875000
0.875000
0.879167
0.891667
0.883333
0.858333
0.870833
0.879167
0.879167
0.866667
0.850000
0.854167
0.862500
0.879167
0.887500
0.866667
0.866667
0.879167
0.887500
0.870833
0.854167
0.862500
0.866667
0.875000
0.854167
0.845833
0.845833
0.862500
0.887500
0.879167
0.858333
0.845833
0.854167
0.866667
0.870833
0.854167
0.845833
0.583333
1.066667
0.945833
0.925000
0.870833
0.870833
0.879167
0.895833
0.870833
0.858333
0.862500
0.866667
0.875000
0.850000
0.583333
1.041667
0.925000
0.908333
0.870833
0.862500
0.870833
0.854167
0.845833
0.841667
0.862500
0.858333
0.845833
0.850000
0.875000
0.870833
0.845833
0.850000
0.870833
0.891667
0.850000
0.858333
0.887500
0.895833
0.883333
0.866667
0.862500
0.870833
0.883333
0.854167
0.845833
0.845833
0.862500
0.862500
0.841667
0.841667
0.883333
0.862500
0.895833
0.862500
0.858333
0.866667
0.879167
0.875000
0.858333
0.866667
0.891667
0.883333
0.870833
0.845833
0.850000
0.858333
0.866667
0.854167
0.854167
0.866667
0.908333
0.887500
0.858333
0.854167
0.870833
0.629167
1.070833
0.933333
0.920833
0.908333
0.900000
0.895833
0.875000
0.883333
0.608333
1.087500
0.954167
0.937500
0.925000
0.612500
1.066667
0.929167
0.920833
0.908333
0.908333
0.904167
0.883333
0.879167
0.600000
1.079167
0.604167
1.075000
0.954167
0.933333
0.929167
0.900000
0.883333
0.887500
0.895833
0.583333
1.079167
0.954167
0.941667
0.945833
0.925000
0.891667
0.891667
0.904167
0.912500
0.900000
0.566667
1.079167
0.950000
0.941667
0.945833
0.945833
0.937500
0.945833
0.554167
1.079167
0.945833
0.941667
0.937500
0.558333
1.070833
0.937500
0.587500
1.075000
0.625000
1.083333
0.945833
0.933333
0.937500
0.929167
0.929167
0.925000
0.895833
0.566667
1.070833
0.941667
0.933333
0.591667
0.745833
1.037500
0.945833
0.950000
0.937500
0.937500
0.550000
1.062500
0.945833
0.933333
0.929167
0.925000
0.912500
0.912500
0.908333
0.570833
1.066667
0.945833
0.941667
0.937500
0.941667
0.545833
1.070833
0.641667
1.087500
0.558333
1.075000
0.958333
0.933333
0.929167
0.929167
0.929167
0.566667
1.062500
0.575000
1.075000
0.950000
0.941667
0.937500
0.591667
1.083333
0.958333
0.945833
0.954167
0.954167
0.941667
0.933333
0.937500
0.937500
0.912500
0.904167
0.904167
0.883333
0.891667
0.904167
0.912500
0.612500
1.075000
0.945833
0.929167
0.933333
0.929167
0.925000
0.925000
0.925000
0.912500
0.566667
1.079167
0.583333
1.079167
0.616667
1.091667
0.966667
0.950000
0.941667
0.945833
0.937500
0.937500
0.929167
0.925000
0.908333
0.904167
0.916667
0.920833
0.912500
0.887500
0.891667
0.912500
0.908333
0.566667
1.070833
0.958333
0.933333
0.937500
0.925000
0.883333
0.895833
0.895833
0.908333
0.887500
0.600000
1.070833
0.950000
0.937500
0.937500
0.937500
0.937500
0.925000
0.908333
0.895833
0.891667
0.916667
0.583333
1.066667
0.937500
0.937500
0.925000
0.920833
0.887500
0.887500
0.904167
0.908333
0.912500
0.891667
0.883333
0.900000
0.904167
0.900000
0.887500
0.900000
0.900000
0.900000
0.587500
1.075000
0.558333
1.075000
0.954167
0.941667
0.941667
0.937500
0.616667
1.087500
0.945833
0.937500
0.929167
0.916667
0.891667
0.887500
0.887500
0.595833
1.066667
0.941667
0.937500
0.920833
0.916667
0.900000
0.895833
0.870833
0.579167
1.054167
0.554167
1.058333
0.937500
0.929167
0.925000
0.925000
0.904167
0.879167
0.891667
0.904167
0.900000
0.887500
0.870833
0.587500
1.066667
0.950000
0.941667
0.941667
0.595833
1.070833
0.566667
1.066667
0.941667
0.929167
0.920833
0.904167
0.883333
0.895833
0.616667
1.083333
0.958333
0.937500
0.941667
0.929167
0.925000
0.895833
0.591667
1.070833
0.945833
0.945833
0.937500
0.933333
0.916667
0.912500
0.900000
0.895833
0.904167
0.900000
0.908333
0.887500
0.879167
0.887500
0.912500
0.925000
0.900000
0.891667
0.900000
0.912500
0.575000
1.075000
0.962500
0.945833
0.929167
0.904167
0.883333
0.887500
0.591667
1.066667
0.562500
1.070833
0.945833
0.933333
0.925000
0.908333
0.608333
1.070833
0.558333
1.066667
0.941667
0.941667
0.937500
0.920833
0.891667
0.887500
0.595833
1.075000
0.945833
0.933333
0.945833
0.937500
0.916667
0.579167
1.075000
0.945833
0.933333
0.925000
0.904167
0.608333
1.062500
0.937500
0.929167
0.925000
0.920833
0.908333
0.616667
1.075000
0.558333
1.054167
0.941667
0.916667
0.908333
0.891667
0.608333
1.062500
0.912500
0.908333
0.908333
0.595833
1.045833
0.904167
0.891667
0.883333
0.875000
0.900000
0.933333
0.591667
1.050000
0.562500
1.066667
0.962500
0.945833
0.600000
1.075000
0.945833
0.945833
0.954167
0.950000
0.945833
0.941667
0.941667
0.941667
0.570833
1.083333
0.970833
0.966667
0.962500
0.962500
0.950000
0.954167
0.945833
0.925000
0.883333
0.870833
0.875000
0.620833
1.050000
0.554167
1.037500
0.925000
0.908333
0.912500
0.891667
0.887500
0.625000
1.050000
0.925000
0.925000
0.591667
1.058333
0.945833
0.945833
0.945833
0.945833
0.945833
0.945833
0.941667
0.941667
0.941667
0.941667
0.937500
0.916667
0.925000
0.916667
0.908333
0.900000
0.891667
0.904167
0.920833
0.912500
0.904167
0.904167
0.908333
0.912500
0.900000
0.908333
0.912500
0.912500
0.900000
0.895833
0.900000
0.904167
0.904167
0.904167
0.883333
0.887500
0.900000
0.904167
0.895833
0.895833
0.891667
0.625000
1.066667
0.937500
0.945833
