0.654167
0.641667
0.666667
0.641667
0.658333
0.666667
0.641667
0.658333
0.658333
0.758333
0.225000
0.312500
0.641667
0.650000
0.650000
0.620833
0.650000
0.612500
0.645833
0.633333
0.620833
0.645833
0.629167
0.637500
0.650000
0.620833
0.641667
0.633333
0.641667
0.654167
0.625000
0.645833
0.654167
0.629167
0.658333
0.645833
0.641667
0.666667
0.637500
0.658333
0.666667
0.637500
0.666667
0.658333
0.645833
0.670833
0.645833
0.662500
0.666667
0.641667
0.666667
0.650000
0.766667
0.262500
0.929167
0.666667
0.629167
0.658333
0.637500
0.629167
0.650000
0.650000
0.629167
0.391667
0.891667
0.641667
0.637500
0.625000
0.645833
0.625000
0.637500
0.645833
0.620833
0.641667
0.629167
0.633333
0.637500
0.616667
0.629167
0.625000
0.620833
0.637500
0.608333
0.629167
0.620833
0.616667
0.633333
0.604167
0.625000
0.625000
0.608333
0.629167
0.612500
0.620833
0.633333
0.608333
0.620833
0.620833
0.616667
0.629167
0.612500
0.625000
0.625000
0.612500
0.629167
0.625000
0.620833
0.637500
0.616667
0.633333
0.637500
0.620833
0.633333
0.637500
0.625000
0.641667
0.637500
0.633333
0.641667
0.637500
0.633333
0.654167
0.625000
0.641667
0.645833
0.625000
0.645833
0.637500
0.633333
0.650000
0.625000
0.645833
0.641667
0.633333
0.658333
0.625000
0.645833
0.650000
0.625000
0.645833
0.637500
0.633333
0.650000
0.620833
0.645833
0.629167
0.637500
0.654167
0.625000
0.645833
0.650000
0.629167
0.645833
0.645833
0.633333
0.654167
0.645833
0.633333
0.654167
0.641667
0.641667
0.658333
0.633333
0.641667
0.658333
0.645833
0.641667
0.666667
0.637500
0.650000
0.670833
0.641667
0.662500
0.670833
0.637500
0.658333
0.658333
0.641667
0.666667
0.633333
0.658333
0.654167
0.637500
0.654167
0.645833
0.641667
0.662500
0.629167
0.650000
0.654167
0.633333
0.658333
0.641667
0.641667
0.662500
0.641667
0.645833
0.666667
0.637500
0.654167
0.670833
0.633333
0.662500
0.658333
0.641667
0.670833
0.645833
0.658333
0.675000
0.637500
0.666667
0.654167
0.641667
0.666667
0.637500
0.658333
0.662500
0.637500
0.658333
0.645833
0.641667
0.666667
0.633333
0.658333
0.650000
0.637500
0.666667
0.637500
0.654167
0.654167
0.641667
0.662500
0.629167
0.654167
0.645833
0.637500
0.654167
0.629167
0.650000
0.650000
0.629167
0.654167
0.637500
0.641667
0.658333
0.629167
0.645833
0.658333
0.629167
0.654167
0.637500
0.645833
0.662500
0.629167
0.650000
0.658333
0.629167
0.654167
0.641667
0.645833
0.654167
0.625000
0.645833
0.645833
0.625000
0.654167
0.629167
0.641667
0.650000
0.629167
0.645833
0.641667
0.629167
0.654167
0.625000
0.641667
0.641667
0.625000
0.645833
0.625000
0.625000
0.650000
0.620833
0.633333
0.650000
0.620833
0.637500
0.645833
0.625000
0.641667
0.641667
0.629167
0.650000
0.629167
0.637500
0.650000
0.629167
0.637500
0.654167
0.625000
0.641667
0.645833
0.625000
0.645833
0.637500
0.633333
0.650000
0.625000
0.641667
0.645833
0.633333
0.650000
0.629167
0.645833
0.650000
0.625000
0.645833
0.637500
0.629167
0.641667
0.641667
0.629167
0.650000
0.633333
0.633333
0.654167
0.629167
0.633333
0.654167
0.633333
0.629167
0.654167
0.629167
0.629167
0.645833
0.625000
0.650000
0.620833
0.633333
0.641667
0.616667
0.633333
0.641667
0.616667
0.637500
0.637500
0.620833
0.650000
0.620833
0.625000
0.645833
0.620833
0.637500
0.633333
0.625000
0.641667
0.620833
0.637500
0.641667
0.620833
0.637500
0.641667
0.629167
0.645833
0.633333
0.637500
0.654167
0.625000
0.641667
0.645833
0.629167
0.645833
0.641667
0.633333
0.654167
0.633333
0.645833
0.658333
0.625000
0.650000
0.654167
0.629167
0.650000
0.654167
0.633333
0.654167
0.633333
0.645833
0.666667
0.641667
0.616667
0.633333
0.658333
0.637500
0.645833
0.658333
0.625000
0.650000
0.641667
0.629167
0.654167
0.608333
0.641667
0.650000
0.641667
0.637500
0.658333
0.637500
0.637500
0.629167
0.637500
0.654167
0.645833
0.641667
0.658333
0.629167
0.654167
0.641667
0.629167
0.658333
0.629167
0.650000
0.645833
0.637500
0.741667
0.545833
0.391667
0.245833
0.629167
0.641667
0.637500
0.116667
0.612500
0.345833
0.279167
0.533333
0.633333
0.641667
0.616667
0.641667
0.616667
0.629167
0.633333
0.612500
0.637500
0.612500
0.629167
0.629167
0.612500
0.633333
0.625000
0.625000
0.637500
0.612500
0.633333
0.625000
0.625000
0.637500
0.612500
0.633333
0.629167
0.616667
0.633333
0.629167
0.620833
0.633333
0.637500
0.620833
0.641667
0.633333
0.625000
0.641667
0.637500
0.625000
0.641667
0.629167
0.637500
0.641667
0.629167
0.641667
0.645833
0.625000
0.625000
0.729167
0.333333
0.208333
0.620833
0.604167
0.645833
0.612500
0.629167
0.491667
0.245833
0.525000
0.491667
0.391667
0.345833
0.612500
0.633333
0.608333
1.029167
0.220833
0.633333
0.633333
0.612500
0.616667
0.629167
0.625000
0.616667
0.633333
0.608333
0.633333
0.612500
0.625000
0.629167
0.616667
1.233333
0.633333
0.633333
0.604167
0.612500
0.625000
0.604167
0.616667
0.612500
0.612500
0.625000
0.600000
0.620833
0.612500
0.608333
0.625000
0.604167
0.612500
0.612500
0.604167
0.620833
0.595833
0.612500
0.608333
0.608333
0.620833
0.595833
0.616667
0.604167
0.608333
0.620833
0.595833
0.620833
0.600000
0.612500
0.612500
0.604167
0.620833
0.604167
0.620833
0.604167
0.620833
0.612500
0.620833
0.625000
0.608333
0.633333
0.608333
0.625000
0.608333
0.620833
0.612500
0.620833
0.625000
0.604167
0.620833
0.612500
0.620833
0.633333
0.608333
0.629167
0.616667
0.620833
0.637500
0.612500
0.629167
0.637500
0.612500
0.629167
0.620833
0.620833
0.629167
0.612500
0.633333
0.612500
0.629167
0.629167
0.620833
0.637500
0.612500
0.633333
0.625000
0.629167
0.637500
0.612500
0.645833
0.445833
0.275000
0.520833
0.625000
0.629167
0.629167
0.612500
0.641667
0.608333
0.629167
0.625000
0.612500
0.637500
0.608333
0.629167
0.629167
0.612500
0.637500
0.608333
0.625000
0.629167
0.608333
0.633333
0.612500
0.629167
0.625000
0.612500
0.633333
0.612500
0.625000
0.633333
0.612500
0.629167
0.608333
0.620833
0.616667
0.616667
0.625000
0.604167
0.620833
0.612500
0.616667
0.625000
0.604167
0.616667
0.612500
0.616667
0.629167
0.604167
0.620833
0.625000
0.608333
0.620833
0.616667
0.616667
0.633333
0.608333
0.620833
0.620833
0.608333
0.629167
0.608333
0.625000
0.616667
0.616667
0.629167
0.612500
0.612500
0.633333
0.616667
0.620833
0.629167
0.612500
0.633333
0.616667
0.620833
0.637500
0.625000
0.625000
0.641667
0.625000
0.625000
0.641667
0.620833
0.633333
0.625000
0.629167
0.637500
0.616667
0.637500
0.620833
0.629167
0.637500
0.616667
0.633333
0.629167
0.620833
0.633333
0.620833
0.620833
0.641667
0.612500
0.629167
0.625000
0.620833
0.637500
0.612500
0.620833
0.641667
0.612500
0.629167
0.625000
0.616667
0.641667
0.612500
0.633333
0.445833
0.812500
0.641667
0.625000
0.620833
0.637500
0.625000
0.620833
0.645833
0.625000
0.625000
0.641667
0.633333
0.625000
0.645833
0.625000
0.641667
0.641667
0.625000
0.641667
0.629167
0.633333
0.637500
0.620833
0.637500
0.616667
0.637500
0.620833
0.625000
0.645833
0.616667
0.633333
0.625000
0.629167
0.641667
0.620833
0.637500
0.445833
0.808333
0.645833
0.616667
0.329167
0.525000
0.425000
0.595833
0.629167
0.308333
0.433333
0.600000
0.237500
0.283333
0.258333
0.358333
0.629167
0.608333
0.604167
0.608333
0.612500
0.604167
0.620833
0.600000
0.612500
0.600000
0.604167
0.616667
0.591667
0.600000
0.729167
0.475000
0.770833
0.441667
0.612500
0.604167
0.608333
0.591667
0.612500
0.587500
0.600000
0.616667
0.595833
0.600000
0.616667
0.591667
0.604167
0.616667
0.591667
0.612500
0.587500
0.600000
0.608333
0.612500
0.600000
0.620833
0.595833
0.616667
0.612500
0.604167
0.612500
0.625000
0.604167
0.625000
0.612500
0.620833
0.425000
0.816667
0.629167
0.612500
0.625000
0.620833
0.608333
0.625000
0.620833
0.620833
0.629167
0.604167
0.729167
0.516667
0.620833
0.612500
0.612500
0.620833
0.625000
0.600000
0.616667
0.612500
0.600000
0.620833
0.625000
0.600000
0.620833
0.616667
0.608333
0.629167
0.604167
0.616667
0.629167
0.604167
0.616667
0.620833
0.608333
0.620833
0.608333
0.616667
0.625000
0.604167
0.620833
0.608333
0.616667
0.616667
0.600000
0.620833
0.604167
0.608333
0.625000
0.600000
0.608333
0.625000
0.595833
0.616667
0.608333
0.612500
0.620833
0.595833
0.616667
0.612500
0.604167
0.250000
0.366667
0.600000
0.595833
1.250000
0.608333
0.616667
0.600000
0.616667
0.595833
0.608333
0.595833
0.608333
0.616667
0.587500
0.604167
0.604167
0.691667
0.520833
0.591667
0.600000
0.608333
0.591667
0.608333
0.595833
0.600000
0.612500
0.587500
0.608333
0.612500
0.591667
0.608333
0.612500
0.591667
0.608333
0.616667
0.595833
0.608333
0.604167
1.229167
0.595833
0.608333
0.612500
0.595833
0.616667
0.600000
0.608333
0.620833
0.600000
0.608333
0.625000
0.595833
0.616667
0.620833
0.604167
0.608333
0.625000
0.600000
0.620833
0.616667
0.604167
0.625000
0.604167
0.616667
0.616667
0.600000
0.612500
0.612500
0.604167
0.616667
0.608333
0.608333
0.620833
0.604167
0.616667
0.616667
0.600000
0.612500
0.608333
0.608333
0.612500
0.604167
0.616667
0.600000
0.620833
0.600000
0.612500
0.612500
0.600000
0.616667
0.595833
0.608333
0.608333
0.600000
0.616667
0.595833
0.612500
0.604167
0.604167
0.620833
0.600000
0.616667
0.620833
0.604167
0.616667
0.616667
0.604167
0.625000
0.608333
0.616667
0.620833
0.604167
0.620833
0.612500
0.608333
0.629167
0.608333
0.612500
0.629167
