1.116667
1.158333
1.141667
1.141667
1.162500
1.137500
1.137500
1.116667
1.133333
1.120833
1.133333
1.125000
1.154167
1.158333
1.141667
1.129167
1.133333
1.145833
1.150000
1.137500
1.104167
0.633333
0.500000
1.125000
1.125000
1.150000
1.100000
0.725000
0.412500
1.125000
1.083333
1.125000
1.120833
0.616667
0.329167
1.308333
1.145833
1.104167
1.100000
1.116667
1.116667
1.095833
1.100000
1.095833
1.075000
1.095833
1.137500
1.108333
1.083333
1.070833
1.054167
1.087500
1.058333
1.083333
1.133333
1.129167
1.175000
1.216667
1.154167
1.154167
1.125000
1.137500
1.141667
1.116667
1.125000
1.116667
1.087500
1.120833
1.108333
1.087500
1.095833
1.095833
1.120833
1.133333
1.150000
0.341667
0.791667
1.070833
1.079167
1.066667
1.041667
1.054167
1.054167
1.058333
1.062500
1.108333
1.129167
1.133333
0.625000
0.525000
1.104167
1.120833
1.137500
0.354167
0.775000
1.045833
1.187500
1.129167
0.541667
0.587500
1.108333
1.100000
1.066667
1.075000
1.091667
1.095833
1.091667
1.104167
1.141667
1.150000
1.166667
1.116667
1.145833
1.120833
1.112500
1.120833
1.095833
1.091667
0.295833
0.783333
1.095833
1.070833
1.058333
1.087500
1.083333
1.058333
1.087500
1.087500
1.079167
1.062500
1.183333
0.916667
1.075000
1.083333
0.541667
0.291667
0.233333
1.091667
1.108333
0.262500
0.504167
0.366667
0.933333
0.183333
0.683333
0.425000
0.554167
0.125000
0.441667
0.787500
0.316667
1.095833
1.095833
1.079167
1.083333
0.587500
0.483333
1.087500
1.083333
1.062500
1.054167
1.070833
1.066667
1.062500
0.366667
0.662500
1.033333
0.279167
1.783333
1.004167
1.012500
1.029167
1.020833
1.041667
1.062500
0.654167
0.412500
1.141667
1.145833
0.429167
0.716667
0.575000
0.579167
1.462500
0.995833
0.787500
1.391667
1.095833
1.095833
1.070833
1.054167
1.075000
1.054167
1.033333
1.037500
0.679167
0.379167
0.379167
0.600000
0.900000
0.600000
0.312500
0.937500
1.016667
1.100000
1.133333
1.129167
1.083333
1.095833
1.066667
1.062500
2.050000
1.033333
0.987500
0.979167
0.987500
0.550000
0.408333
1.400000
0.554167
0.275000
0.670833
0.254167
0.720833
0.983333
0.345833
0.654167
0.237500
0.766667
0.491667
0.525000
1.016667
1.012500
1.029167
1.037500
1.025000
1.012500
1.025000
1.029167
1.033333
1.050000
1.004167
1.100000
1.054167
1.066667
1.020833
1.016667
1.008333
0.495833
0.650000
0.875000
0.850000
1.362500
0.408333
1.179167
0.345833
0.629167
0.400000
0.987500
0.825000
0.620833
0.441667
1.058333
1.029167
0.775000
1.304167
0.575000
0.220833
0.216667
0.566667
0.404167
0.937500
0.266667
0.650000
0.358333
0.595833
0.937500
0.691667
0.229167
0.970833
0.933333
0.712500
0.229167
0.979167
0.770833
1.175000
1.008333
0.458333
0.287500
1.245833
1.016667
0.995833
0.416667
0.575000
1.004167
0.983333
1.004167
1.012500
0.979167
0.320833
0.683333
1.004167
0.791667
1.225000
1.004167
0.983333
1.016667
0.679167
0.308333
0.325000
0.625000
0.570833
0.387500
1.008333
0.675000
0.308333
1.012500
0.804167
0.158333
0.400000
0.570833
0.566667
0.408333
0.970833
0.983333
0.970833
0.337500
0.654167
0.995833
0.995833
1.012500
1.016667
0.991667
0.337500
0.366667
0.308333
0.745833
0.266667
0.995833
0.354167
0.387500
0.437500
0.341667
0.458333
0.275000
0.708333
0.983333
0.550000
0.462500
1.000000
1.012500
1.020833
0.987500
0.975000
1.000000
0.445833
0.512500
0.966667
0.383333
0.579167
0.962500
0.991667
1.029167
1.025000
0.966667
0.983333
0.962500
0.937500
0.962500
0.995833
0.983333
1.016667
1.054167
1.008333
0.766667
0.250000
1.025000
1.008333
0.400000
0.641667
1.012500
0.983333
1.020833
0.995833
0.979167
1.012500
0.558333
0.441667
0.987500
1.004167
1.000000
0.983333
1.016667
1.008333
0.991667
1.012500
0.991667
0.991667
1.000000
0.975000
0.954167
0.970833
0.958333
0.708333
0.258333
0.933333
1.695833
1.079167
1.833333
0.954167
0.950000
0.954167
0.941667
0.962500
0.933333
0.920833
0.929167
0.937500
0.925000
0.962500
0.445833
0.516667
0.937500
0.754167
0.279167
0.854167
0.254167
0.691667
0.333333
0.337500
0.283333
0.929167
0.941667
0.604167
0.329167
0.341667
0.500000
0.920833
0.325000
0.620833
0.162500
0.833333
0.904167
0.908333
0.900000
0.937500
0.950000
0.950000
0.975000
0.991667
0.983333
0.962500
0.966667
0.983333
0.954167
0.983333
0.954167
1.016667
1.004167
1.008333
1.041667
1.029167
1.029167
1.000000
0.979167
0.991667
0.958333
0.979167
0.966667
0.987500
0.991667
0.970833
0.983333
0.987500
0.950000
0.979167
0.975000
0.958333
0.966667
0.966667
0.929167
0.995833
1.025000
1.020833
1.054167
1.037500
1.025000
1.020833
0.979167
0.975000
0.958333
0.762500
0.183333
0.958333
0.945833
0.937500
0.937500
0.979167
0.995833
0.991667
1.020833
1.016667
1.000000
0.995833
1.008333
0.979167
0.991667
1.000000
0.970833
0.945833
0.950000
0.958333
0.966667
0.545833
0.404167
0.479167
0.475000
0.950000
0.937500
0.908333
0.941667
0.920833
0.962500
0.958333
0.962500
0.983333
0.991667
0.995833
1.008333
1.012500
0.991667
0.854167
1.004167
1.029167
1.029167
1.004167
1.004167
0.995833
0.979167
1.004167
1.008333
0.983333
1.004167
0.987500
0.975000
0.979167
0.975000
0.954167
0.962500
0.983333
0.970833
1.000000
0.991667
0.995833
1.012500
0.987500
0.983333
1.000000
0.979167
0.979167
0.983333
1.020833
0.991667
1.012500
1.020833
0.995833
1.000000
0.987500
0.991667
1.458333
1.400000
0.975000
0.979167
0.966667
0.979167
0.962500
0.950000
0.979167
0.966667
0.954167
0.970833
0.966667
0.941667
0.945833
0.941667
0.920833
0.916667
0.283333
0.291667
0.341667
0.950000
0.945833
0.950000
0.950000
0.929167
0.937500
0.925000
0.929167
0.941667
0.950000
1.533333
0.329167
0.925000
0.908333
0.916667
0.941667
0.945833
0.950000
0.966667
0.966667
0.970833
0.950000
0.937500
0.954167
0.929167
0.916667
0.891667
0.937500
0.958333
0.937500
0.962500
0.987500
0.962500
0.966667
0.941667
0.945833
0.958333
0.945833
0.958333
0.970833
0.958333
0.962500
0.970833
0.979167
0.983333
0.991667
0.983333
0.941667
0.950000
0.987500
1.012500
1.000000
1.004167
0.987500
1.037500
1.012500
0.987500
1.000000
1.016667
1.008333
0.975000
1.000000
1.004167
0.991667
0.600000
0.379167
0.337500
0.645833
1.054167
0.579167
0.475000
0.745833
0.400000
0.766667
0.604167
0.545833
0.987500
0.995833
0.329167
0.687500
0.991667
1.004167
1.016667
0.983333
0.991667
0.991667
0.987500
1.000000
0.991667
0.966667
0.950000
0.937500
0.970833
0.966667
0.962500
0.983333
0.954167
0.950000
1.895833
0.920833
0.908333
0.895833
0.920833
0.966667
0.925000
0.925000
