1.058333
1.025000
1.150000
1.070833
1.066667
1.170833
1.075000
1.137500
1.162500
1.033333
1.162500
1.141667
1.041667
1.195833
1.108333
1.058333
1.158333
1.095833
1.075000
1.187500
1.025000
1.045833
1.112500
0.983333
1.133333
1.116667
0.995833
1.137500
1.129167
1.045833
1.200000
1.091667
1.091667
1.120833
1.012500
1.100000
1.083333
0.983333
1.125000
1.112500
1.004167
1.150000
1.137500
1.025000
1.183333
1.029167
1.025000
1.141667
0.979167
1.154167
1.095833
1.000000
1.137500
1.095833
1.004167
1.175000
1.125000
1.129167
1.200000
1.058333
1.195833
1.125000
1.041667
1.225000
1.100000
1.100000
1.158333
1.012500
1.095833
1.087500
1.000000
1.116667
1.108333
1.016667
1.237500
1.083333
1.095833
1.141667
1.025000
1.158333
1.062500
0.983333
1.158333
1.054167
1.000000
1.158333
1.104167
1.008333
1.191667
1.066667
1.054167
1.120833
1.054167
1.083333
1.141667
1.025000
1.129167
1.095833
1.000000
1.204167
1.120833
1.058333
1.245833
1.087500
1.091667
1.187500
1.020833
1.158333
1.108333
1.045833
1.191667
1.095833
1.033333
1.145833
1.083333
1.033333
1.195833
1.045833
1.075000
1.195833
1.033333
1.133333
1.095833
1.004167
1.141667
1.095833
1.020833
1.145833
1.087500
1.062500
1.129167
1.066667
1.070833
1.175000
1.012500
1.175000
1.125000
1.012500
1.191667
1.083333
1.037500
1.145833
1.041667
1.050000
1.183333
1.045833
1.141667
1.154167
1.045833
1.275000
1.287500
1.295833
1.241667
1.041667
1.145833
1.112500
1.025000
1.170833
1.095833
1.062500
1.237500
1.079167
1.037500
1.029167
0.954167
1.104167
1.070833
1.008333
1.208333
1.129167
1.133333
1.250000
1.058333
1.270833
1.204167
1.075000
1.233333
1.087500
1.091667
1.258333
1.100000
1.170833
1.104167
1.066667
1.220833
1.137500
1.087500
1.258333
1.133333
1.141667
1.170833
1.062500
1.208333
1.162500
1.033333
1.175000
1.070833
1.054167
1.137500
1.012500
1.233333
1.158333
1.033333
1.233333
1.129167
1.187500
1.212500
1.075000
1.162500
1.087500
1.045833
1.129167
1.079167
1.020833
1.166667
1.075000
1.104167
1.204167
1.062500
1.154167
1.100000
1.033333
1.170833
1.083333
1.025000
1.187500
1.070833
1.120833
1.120833
1.004167
1.179167
1.141667
1.008333
1.162500
1.054167
1.025000
1.245833
1.245833
1.241667
1.241667
1.216667
1.116667
0.979167
1.100000
1.083333
0.991667
1.137500
1.004167
0.920833
0.833333
0.845833
1.216667
1.233333
1.233333
1.237500
1.229167
1.083333
1.091667
0.991667
1.108333
1.066667
1.016667
1.145833
1.100000
1.025000
1.166667
1.104167
1.066667
1.225000
1.129167
1.116667
1.254167
1.108333
1.170833
1.104167
1.033333
1.170833
1.129167
1.029167
1.229167
1.237500
1.095833
1.108333
0.979167
1.183333
1.116667
1.000000
1.183333
1.116667
1.066667
1.195833
1.091667
1.116667
1.250000
1.237500
1.245833
1.245833
1.195833
1.091667
0.983333
1.054167
1.104167
1.000000
1.125000
1.079167
0.991667
1.112500
1.079167
1.037500
1.245833
1.250000
1.250000
1.254167
1.245833
1.204167
1.004167
1.062500
1.087500
0.970833
1.091667
1.095833
1.004167
1.104167
1.083333
1.004167
1.187500
1.100000
1.033333
1.158333
1.079167
1.062500
1.166667
1.066667
1.058333
1.162500
1.012500
1.133333
1.079167
0.995833
1.158333
1.100000
1.041667
1.237500
1.166667
1.150000
1.145833
0.995833
1.162500
1.087500
1.037500
1.137500
1.050000
1.066667
1.200000
1.025000
1.158333
1.137500
1.033333
1.241667
1.116667
1.095833
1.154167
1.004167
1.225000
1.187500
1.045833
1.158333
1.087500
1.050000
1.166667
1.079167
1.087500
1.204167
1.012500
1.216667
1.195833
1.037500
1.212500
1.137500
1.079167
1.170833
1.087500
1.045833
1.191667
1.070833
1.083333
1.150000
1.041667
1.158333
1.145833
1.004167
1.175000
1.129167
1.045833
1.245833
1.254167
1.254167
1.250000
1.245833
1.183333
1.000000
1.104167
1.104167
0.975000
1.204167
1.133333
1.025000
1.129167
1.075000
1.045833
1.162500
1.083333
1.125000
1.170833
1.058333
1.187500
1.104167
1.016667
1.145833
1.041667
1.037500
1.079167
0.958333
0.995833
0.845833
0.812500
1.045833
1.208333
1.212500
1.129167
1.016667
0.979167
1.033333
0.962500
1.133333
1.070833
0.995833
1.195833
1.070833
1.020833
1.233333
1.229167
1.166667
1.129167
0.991667
1.095833
1.075000
0.983333
1.125000
1.104167
1.004167
1.175000
1.095833
1.083333
1.062500
0.987500
1.166667
1.095833
1.000000
1.137500
0.995833
0.987500
0.887500
0.812500
0.845833
0.866667
0.875000
1.016667
1.212500
1.229167
1.241667
1.241667
1.175000
1.112500
1.116667
1.066667
1.137500
1.066667
1.079167
1.195833
1.016667
1.150000
1.116667
0.991667
1.150000
1.008333
0.966667
1.041667
1.045833
0.958333
1.191667
1.129167
1.033333
1.141667
1.062500
1.041667
1.237500
1.154167
1.154167
1.200000
1.045833
1.220833
1.141667
1.025000
1.145833
1.083333
0.995833
1.170833
1.045833
1.120833
1.237500
1.229167
1.237500
1.245833
1.237500
1.241667
1.116667
1.150000
1.041667
0.962500
1.133333
1.133333
0.975000
1.129167
1.037500
0.979167
1.162500
1.033333
1.054167
1.212500
1.062500
1.187500
1.120833
0.995833
1.212500
1.216667
1.220833
1.212500
1.212500
1.212500
1.212500
1.220833
1.216667
1.091667
1.058333
1.020833
1.000000
1.212500
1.233333
1.229167
1.187500
1.025000
1.108333
1.075000
0.958333
1.041667
0.995833
0.920833
0.787500
0.758333
0.754167
0.725000
0.720833
0.712500
0.683333
0.708333
