1.054167
1.050000
1.041667
1.004167
0.966667
0.991667
1.025000
1.058333
1.066667
1.066667
1.079167
1.066667
1.062500
1.062500
1.045833
1.062500
1.062500
1.083333
1.075000
1.066667
1.070833
1.050000
1.041667
1.041667
1.029167
1.029167
1.029167
1.058333
1.050000
1.025000
1.016667
1.012500
1.025000
1.025000
1.037500
1.029167
1.008333
0.983333
0.991667
0.995833
1.012500
1.037500
1.033333
1.050000
1.075000
1.075000
1.083333
1.079167
1.062500
1.062500
1.062500
1.029167
0.987500
1.004167
1.008333
1.037500
0.979167
1.008333
1.033333
1.029167
1.050000
1.025000
1.037500
1.025000
1.045833
1.037500
0.975000
0.987500
1.004167
1.012500
1.029167
0.283333
0.729167
1.012500
1.020833
0.995833
1.766667
0.254167
1.004167
1.050000
1.050000
0.237500
0.333333
0.475000
1.037500
1.041667
1.037500
1.062500
1.033333
1.058333
1.029167
1.062500
1.020833
1.033333
1.025000
1.058333
0.358333
0.679167
1.825000
0.433333
0.270833
0.591667
0.712500
0.770833
0.512500
1.000000
0.825000
0.183333
1.000000
1.004167
0.891667
1.133333
1.045833
1.045833
1.054167
1.045833
1.054167
1.050000
1.033333
1.016667
1.025000
1.054167
1.045833
1.058333
1.062500
1.041667
1.691667
0.375000
1.029167
1.004167
0.612500
0.258333
0.550000
0.283333
0.225000
0.450000
0.483333
0.250000
0.262500
0.458333
0.691667
0.304167
0.495833
0.512500
0.841667
0.191667
0.770833
0.245833
0.825000
0.200000
1.012500
1.041667
1.037500
1.012500
1.033333
1.037500
1.041667
2.079167
1.045833
1.062500
1.095833
1.104167
1.104167
1.095833
1.083333
0.620833
0.462500
1.091667
1.075000
0.908333
0.808333
0.641667
0.875000
1.066667
1.075000
1.083333
1.087500
1.075000
1.062500
1.029167
0.987500
1.004167
1.020833
1.037500
1.037500
1.045833
1.050000
1.070833
1.037500
1.045833
1.041667
1.083333
1.058333
1.070833
1.050000
1.075000
1.079167
1.095833
1.091667
1.079167
1.075000
1.075000
1.029167
1.054167
1.070833
1.070833
1.087500
1.095833
1.095833
1.100000
1.112500
1.116667
1.116667
1.100000
1.079167
1.066667
1.054167
1.029167
1.008333
1.016667
1.037500
1.062500
1.091667
1.104167
1.108333
1.108333
1.095833
1.095833
1.095833
1.075000
1.100000
1.100000
1.083333
1.100000
1.104167
1.104167
1.104167
1.137500
1.125000
1.091667
1.095833
1.120833
1.129167
1.108333
1.125000
1.137500
1.150000
1.125000
1.087500
1.095833
1.083333
1.091667
1.120833
1.129167
1.150000
1.129167
1.108333
1.104167
1.091667
1.087500
1.062500
1.070833
1.058333
1.079167
1.116667
1.133333
1.133333
1.112500
1.104167
1.095833
1.083333
1.108333
1.137500
1.145833
1.170833
1.150000
1.108333
1.091667
1.120833
1.125000
1.075000
1.083333
1.091667
1.083333
1.100000
1.120833
1.133333
1.141667
1.129167
1.141667
1.129167
1.120833
1.141667
1.125000
1.120833
1.129167
1.129167
1.129167
1.133333
1.133333
1.145833
1.133333
1.150000
1.129167
1.116667
1.116667
1.116667
1.137500
1.120833
1.129167
1.129167
1.083333
0.954167
0.954167
1.070833
1.083333
1.079167
1.091667
1.025000
1.041667
1.087500
1.041667
1.050000
1.025000
1.033333
1.075000
1.029167
1.016667
1.041667
1.058333
1.008333
1.008333
1.033333
1.037500
1.058333
1.095833
1.070833
1.079167
1.070833
1.062500
1.083333
1.100000
1.087500
1.029167
1.066667
1.104167
1.095833
1.050000
1.079167
1.095833
1.033333
1.045833
1.025000
1.037500
1.008333
1.050000
1.083333
1.075000
1.037500
1.045833
1.058333
1.054167
1.025000
1.070833
1.025000
1.016667
1.062500
1.075000
1.041667
1.020833
1.054167
1.083333
1.075000
1.025000
1.091667
1.116667
1.091667
1.083333
1.050000
1.079167
1.075000
1.091667
1.058333
1.050000
1.075000
1.087500
1.045833
1.083333
1.095833
1.029167
1.104167
1.108333
1.029167
1.054167
1.087500
1.104167
1.058333
1.083333
1.095833
1.037500
1.083333
1.091667
1.045833
1.066667
1.025000
1.020833
1.025000
1.050000
1.041667
1.062500
1.075000
1.033333
1.058333
1.062500
1.041667
1.050000
1.062500
1.054167
1.025000
1.075000
1.041667
1.025000
1.070833
1.091667
1.041667
1.062500
1.095833
1.091667
1.058333
1.075000
1.100000
1.054167
1.020833
1.029167
1.066667
1.066667
1.037500
1.033333
1.041667
1.075000
1.012500
1.033333
1.033333
1.012500
1.054167
1.045833
1.033333
1.058333
1.058333
1.050000
1.070833
1.058333
1.033333
1.025000
1.029167
1.004167
1.033333
1.070833
1.050000
1.041667
1.000000
1.058333
1.045833
1.033333
1.029167
1.058333
1.075000
1.045833
1.062500
1.070833
1.070833
1.054167
1.029167
1.087500
1.050000
1.025000
1.041667
1.054167
1.033333
1.041667
1.033333
1.050000
1.037500
1.050000
1.062500
1.004167
1.054167
1.062500
1.037500
1.041667
1.070833
1.033333
1.025000
1.058333
1.066667
1.058333
1.033333
1.083333
1.079167
1.045833
1.070833
1.041667
1.050000
1.075000
1.066667
1.054167
1.000000
1.041667
1.033333
1.050000
1.050000
1.008333
1.966667
0.300000
0.691667
1.008333
1.012500
1.045833
1.075000
1.037500
1.012500
1.033333
1.075000
1.100000
1.095833
1.066667
1.054167
1.079167
1.070833
1.079167
1.070833
1.029167
1.066667
1.066667
1.058333
1.070833
1.075000
1.083333
1.087500
1.079167
1.087500
1.058333
1.020833
1.058333
1.066667
1.091667
1.083333
1.029167
1.066667
1.108333
1.120833
1.079167
1.029167
1.041667
1.079167
1.095833
1.045833
1.058333
1.041667
1.070833
1.091667
1.016667
1.037500
1.079167
1.087500
1.025000
1.050000
1.079167
1.041667
1.016667
1.041667
1.062500
1.066667
1.062500
1.062500
1.033333
1.062500
1.087500
1.095833
1.037500
1.016667
1.058333
1.070833
1.058333
1.041667
1.020833
1.004167
1.054167
1.062500
1.054167
1.075000
1.054167
1.041667
1.037500
1.079167
1.041667
1.008333
1.016667
1.041667
1.066667
1.012500
1.045833
1.041667
1.062500
1.037500
1.054167
1.025000
