0.516667
1.050000
0.954167
0.541667
1.033333
0.933333
0.529167
1.037500
0.945833
0.512500
1.041667
0.950000
0.520833
1.045833
0.904167
0.358333
1.200000
0.925000
0.891667
0.875000
0.604167
1.045833
0.908333
0.516667
1.025000
0.912500
0.641667
0.208333
0.829167
0.566667
1.000000
0.891667
0.854167
0.841667
0.825000
0.825000
0.829167
0.833333
0.833333
0.829167
0.529167
0.995833
0.925000
0.516667
1.000000
0.929167
0.545833
1.016667
0.920833
0.529167
1.020833
0.941667
0.529167
1.016667
0.945833
0.537500
1.025000
0.937500
0.525000
1.020833
0.941667
0.533333
1.029167
0.933333
0.533333
1.025000
0.950000
0.533333
1.020833
0.925000
0.541667
1.062500
0.937500
0.337500
1.200000
0.920833
0.529167
1.004167
0.912500
0.529167
0.995833
0.900000
0.391667
0.587500
0.020833
0.687500
0.633333
0.933333
0.900000
0.533333
0.295833
0.554167
0.241667
0.804167
0.841667
0.845833
0.854167
0.520833
0.987500
0.920833
0.895833
0.200000
0.758333
0.158333
0.295833
1.000000
0.933333
0.520833
1.045833
0.941667
0.537500
1.045833
0.933333
0.537500
1.037500
0.945833
0.537500
1.029167
0.941667
0.541667
1.050000
0.945833
0.508333
1.033333
0.941667
0.541667
1.029167
0.945833
0.516667
1.033333
0.929167
0.529167
1.045833
0.937500
0.537500
1.016667
0.933333
0.520833
1.029167
0.937500
0.541667
1.108333
0.833333
0.533333
1.016667
0.929167
0.504167
1.020833
0.933333
0.520833
1.029167
0.929167
0.533333
1.016667
0.937500
0.504167
1.029167
0.925000
0.541667
1.033333
0.929167
0.337500
1.195833
0.937500
0.520833
1.033333
0.945833
0.520833
1.045833
0.929167
0.533333
1.029167
0.954167
0.525000
1.033333
0.950000
0.525000
1.025000
0.933333
0.533333
1.054167
0.933333
0.520833
1.029167
0.929167
0.525000
1.029167
0.916667
0.541667
1.058333
0.945833
0.537500
1.020833
0.925000
0.525000
1.025000
0.887500
0.516667
0.975000
0.883333
0.875000
0.533333
1.029167
0.933333
0.537500
1.016667
0.933333
0.520833
1.037500
0.945833
0.541667
1.033333
0.954167
0.525000
1.033333
0.945833
0.525000
1.025000
0.933333
0.512500
1.037500
0.962500
0.529167
1.025000
0.954167
0.533333
1.041667
0.941667
0.541667
1.000000
0.937500
0.529167
1.033333
0.912500
0.883333
0.895833
0.579167
1.054167
0.929167
0.895833
0.912500
0.545833
1.033333
0.933333
0.529167
1.029167
0.916667
0.554167
1.033333
0.954167
0.533333
1.041667
0.929167
0.904167
0.891667
0.887500
0.870833
0.875000
0.887500
0.883333
0.845833
0.875000
0.533333
1.020833
0.945833
0.520833
1.037500
0.941667
0.545833
1.041667
0.929167
0.520833
1.045833
0.941667
0.529167
1.020833
0.929167
0.541667
1.041667
0.925000
0.537500
1.041667
0.950000
0.529167
1.037500
0.954167
0.550000
1.037500
0.950000
0.537500
1.079167
0.970833
0.545833
1.016667
0.950000
0.537500
1.033333
0.937500
0.541667
1.008333
0.937500
0.520833
1.033333
0.945833
0.541667
1.025000
0.925000
0.529167
1.045833
0.945833
0.512500
1.025000
0.929167
0.525000
1.045833
0.933333
0.900000
0.895833
0.891667
0.887500
0.883333
0.537500
1.033333
0.933333
0.529167
1.054167
0.941667
0.529167
1.025000
0.950000
0.541667
1.054167
0.945833
0.537500
1.037500
0.950000
0.520833
1.037500
0.941667
0.533333
1.050000
0.941667
0.900000
0.545833
1.054167
0.954167
0.533333
1.025000
0.937500
0.520833
1.050000
0.958333
0.925000
0.512500
1.054167
0.950000
0.533333
1.054167
0.941667
0.920833
0.520833
1.041667
0.941667
0.533333
1.045833
0.954167
0.545833
1.058333
0.970833
0.937500
0.512500
1.025000
0.929167
0.891667
0.904167
0.883333
0.879167
0.887500
0.891667
0.887500
0.862500
0.858333
0.533333
1.008333
0.904167
0.795833
0.941667
0.516667
1.000000
0.925000
0.866667
0.858333
0.858333
0.562500
1.004167
0.908333
0.866667
0.887500
0.854167
0.862500
0.516667
1.020833
0.916667
0.883333
0.529167
0.987500
0.925000
0.879167
0.537500
1.000000
0.916667
0.854167
0.700000
0.687500
0.995833
0.904167
0.854167
0.858333
0.508333
1.000000
1.083333
0.345833
0.333333
0.362500
0.179167
0.875000
0.245833
0.516667
1.025000
0.458333
0.462500
0.645833
0.525000
0.175000
1.250000
1.041667
0.645833
0.320833
0.858333
0.291667
0.883333
0.854167
0.850000
0.525000
0.966667
0.870833
0.891667
0.525000
0.683333
0.270833
0.454167
0.450000
0.554167
0.987500
0.833333
0.829167
0.737500
0.312500
0.941667
0.954167
0.795833
0.641667
0.937500
0.800000
0.512500
0.925000
0.833333
0.820833
0.825000
0.550000
0.958333
0.862500
0.516667
1.329167
0.912500
0.875000
0.845833
0.845833
0.520833
0.962500
0.895833
0.533333
0.620833
0.695833
0.195833
0.354167
1.025000
0.675000
0.504167
0.979167
0.604167
0.587500
0.245833
0.145833
0.483333
0.179167
0.370833
0.308333
0.320833
0.362500
0.483333
0.841667
0.508333
0.920833
0.941667
0.512500
0.958333
0.879167
0.358333
0.566667
0.550000
0.400000
1.141667
0.904167
0.570833
1.008333
0.920833
0.908333
0.887500
0.875000
0.854167
0.329167
1.158333
0.337500
0.325000
0.533333
0.837500
0.662500
0.695833
0.270833
0.250000
0.295833
0.608333
0.720833
0.350000
0.445833
0.275000
0.233333
0.633333
0.341667
0.833333
0.854167
0.533333
0.995833
0.950000
0.533333
0.970833
0.933333
0.908333
0.875000
0.512500
1.004167
0.941667
0.912500
0.883333
0.870833
0.529167
1.020833
0.945833
0.908333
0.883333
0.512500
1.045833
0.941667
0.883333
0.858333
0.841667
0.525000
1.000000
0.920833
0.504167
1.008333
0.916667
0.529167
0.995833
0.908333
0.891667
0.529167
0.987500
0.870833
0.550000
1.029167
0.920833
0.529167
1.045833
0.929167
0.900000
0.525000
1.008333
0.904167
0.525000
0.691667
0.308333
0.558333
0.345833
0.345833
0.975000
0.187500
0.908333
0.508333
1.004167
0.916667
0.516667
0.987500
0.904167
0.533333
0.054167
0.395833
0.237500
0.654167
0.566667
0.320833
1.033333
0.520833
0.495833
0.858333
0.858333
0.845833
0.841667
0.533333
0.995833
0.929167
0.541667
0.937500
0.883333
0.883333
0.512500
0.991667
0.770833
0.687500
0.962500
0.875000
0.833333
0.266667
0.520833
0.804167
0.795833
0.775000
0.633333
0.191667
0.750000
0.320833
0.470833
0.508333
0.929167
0.870833
0.516667
0.950000
0.283333
0.600000
0.529167
0.979167
0.904167
0.520833
0.987500
0.883333
0.516667
0.962500
0.895833
0.516667
0.954167
0.875000
0.516667
0.958333
0.862500
0.850000
0.516667
0.700000
1.170833
0.854167
0.837500
0.841667
0.591667
0.991667
0.875000
0.525000
0.987500
0.920833
0.870833
0.866667
0.866667
0.533333
0.983333
0.900000
0.529167
0.970833
0.912500
0.887500
0.879167
0.858333
0.525000
0.987500
0.929167
0.520833
1.012500
0.916667
0.525000
1.008333
0.933333
0.900000
0.870833
0.520833
1.020833
0.937500
0.912500
0.891667
0.516667
0.975000
0.891667
0.858333
0.520833
0.966667
0.870833
0.854167
0.850000
0.829167
0.816667
0.820833
0.829167
0.520833
0.975000
0.908333
0.883333
0.870833
0.837500
0.845833
0.516667
0.975000
0.908333
0.870833
0.512500
0.970833
0.883333
0.512500
0.975000
0.904167
0.854167
0.520833
0.991667
0.920833
0.566667
1.041667
0.937500
0.891667
0.537500
0.995833
0.912500
0.566667
1.025000
0.904167
0.516667
0.979167
0.304167
0.629167
0.870833
0.862500
0.350000
0.366667
0.787500
0.816667
0.450000
0.475000
0.312500
1.187500
0.895833
0.520833
0.975000
0.891667
0.858333
0.516667
0.975000
0.883333
0.850000
0.512500
0.954167
0.525000
1.008333
0.920833
0.870833
0.512500
0.962500
0.883333
0.825000
0.825000
0.837500
0.850000
0.550000
1.016667
0.904167
0.866667
0.858333
0.820833
0.816667
0.825000
0.516667
0.966667
0.904167
0.875000
