0.795833
0.775000
0.770833
0.516667
0.991667
0.808333
0.770833
0.758333
0.775000
0.775000
0.766667
0.662500
0.862500
0.512500
0.991667
0.795833
0.779167
0.770833
0.758333
0.787500
0.787500
0.779167
0.770833
0.470833
1.029167
0.858333
0.783333
0.783333
0.804167
0.804167
0.800000
0.520833
1.037500
0.837500
0.812500
0.804167
0.787500
0.791667
0.808333
0.587500
1.016667
0.808333
0.783333
0.566667
1.016667
0.841667
0.787500
0.612500
0.995833
0.829167
1.575000
0.875000
0.808333
0.808333
0.795833
0.783333
0.816667
0.483333
1.016667
0.854167
0.820833
0.816667
0.812500
0.804167
0.804167
0.795833
0.829167
0.812500
0.808333
0.800000
0.808333
0.825000
0.670833
0.975000
0.795833
0.800000
0.820833
0.825000
0.816667
0.800000
1.562500
0.841667
0.816667
0.812500
0.800000
0.791667
0.791667
0.833333
0.825000
0.816667
0.808333
0.804167
0.812500
0.829167
0.825000
0.666667
0.975000
0.795833
0.800000
0.820833
0.812500
0.820833
0.825000
0.808333
0.800000
0.800000
0.816667
0.820833
0.820833
0.820833
0.808333
0.795833
0.795833
0.620833
0.991667
0.825000
0.820833
0.808333
0.791667
0.795833
0.804167
0.816667
0.808333
0.800000
0.795833
0.787500
0.800000
0.820833
0.816667
0.570833
1.016667
0.800000
0.795833
0.816667
0.804167
0.795833
0.783333
0.787500
0.816667
0.808333
0.812500
0.800000
0.787500
0.791667
0.804167
0.795833
0.779167
0.779167
0.766667
0.770833
0.783333
0.787500
0.787500
0.758333
0.812500
0.779167
0.791667
0.795833
0.791667
0.783333
0.783333
0.791667
0.804167
0.791667
0.787500
0.791667
0.804167
0.804167
0.800000
0.791667
0.795833
0.812500
0.816667
0.804167
0.487500
1.050000
0.841667
0.554167
0.875000
0.979167
0.791667
0.787500
0.800000
0.812500
0.791667
0.783333
0.779167
0.800000
0.808333
0.800000
0.791667
0.791667
0.804167
0.812500
0.820833
0.804167
0.791667
0.604167
0.804167
1.012500
0.804167
0.791667
0.804167
0.816667
0.808333
0.800000
0.787500
0.795833
0.812500
0.812500
0.800000
0.791667
0.795833
0.812500
0.583333
1.020833
0.800000
0.800000
0.808333
0.820833
0.816667
0.800000
0.795833
0.795833
0.808333
0.816667
0.804167
0.795833
0.779167
0.791667
0.804167
0.583333
1.008333
0.783333
0.775000
0.795833
0.791667
0.795833
0.787500
0.779167
0.762500
0.787500
0.795833
0.795833
0.787500
0.770833
0.775000
0.779167
0.787500
0.783333
0.787500
0.787500
0.791667
0.787500
0.775000
0.766667
0.783333
0.791667
0.795833
0.783333
0.775000
0.775000
0.800000
0.800000
0.795833
0.783333
0.775000
0.800000
0.800000
0.800000
0.783333
0.766667
0.787500
0.787500
0.787500
0.783333
0.766667
0.758333
0.762500
0.770833
0.779167
0.775000
0.779167
0.779167
0.779167
0.770833
0.758333
0.754167
0.762500
0.779167
0.783333
0.779167
0.770833
0.750000
0.770833
0.762500
0.779167
0.779167
0.787500
0.770833
0.762500
0.754167
0.762500
0.508333
1.016667
0.808333
0.758333
0.745833
0.758333
0.758333
0.766667
0.775000
0.775000
0.766667
0.758333
0.758333
0.770833
0.500000
1.045833
0.820833
0.766667
0.762500
0.762500
0.770833
0.787500
0.775000
0.770833
0.754167
0.762500
0.770833
0.779167
0.783333
0.770833
0.762500
0.762500
0.766667
0.779167
0.783333
0.770833
0.758333
0.762500
0.766667
0.766667
0.762500
0.762500
0.762500
0.770833
0.758333
0.766667
0.795833
0.775000
0.766667
0.758333
0.779167
0.779167
0.775000
0.758333
0.775000
0.779167
0.779167
0.766667
0.766667
0.783333
0.783333
0.770833
0.770833
0.791667
0.787500
0.775000
0.770833
0.779167
0.795833
0.787500
0.766667
0.762500
0.791667
0.795833
0.783333
0.770833
0.791667
0.812500
0.795833
0.783333
0.779167
0.791667
0.800000
0.783333
0.775000
0.770833
0.791667
0.795833
0.766667
0.766667
0.787500
0.795833
0.791667
0.795833
0.791667
0.783333
0.766667
0.770833
0.787500
0.787500
0.766667
0.762500
0.779167
0.787500
0.783333
0.775000
0.758333
0.758333
0.795833
0.633333
0.454167
1.016667
0.837500
0.829167
0.812500
0.775000
0.654167
0.908333
0.787500
0.762500
0.762500
0.766667
0.795833
0.779167
0.550000
0.979167
0.683333
0.945833
0.575000
0.970833
0.804167
0.800000
0.791667
0.783333
0.779167
0.787500
0.825000
0.554167
1.033333
0.800000
0.791667
0.787500
0.808333
0.816667
0.612500
0.775000
0.983333
0.825000
0.804167
0.670833
0.883333
0.850000
0.812500
0.804167
0.791667
0.791667
0.491667
0.991667
0.941667
0.791667
0.783333
0.787500
0.725000
0.854167
0.779167
0.783333
0.770833
0.779167
0.783333
0.787500
0.795833
0.787500
0.779167
0.762500
0.800000
0.791667
0.787500
0.783333
0.804167
0.804167
0.791667
0.783333
0.787500
0.812500
0.762500
0.841667
0.800000
0.783333
0.783333
0.570833
0.779167
1.012500
0.816667
0.791667
0.750000
0.816667
0.829167
0.800000
0.808333
0.779167
0.783333
0.800000
0.795833
0.795833
0.708333
0.858333
0.808333
0.804167
0.800000
0.795833
0.783333
0.691667
0.929167
0.804167
0.783333
0.775000
0.783333
0.779167
0.716667
0.887500
0.791667
0.779167
0.779167
0.804167
0.800000
0.787500
0.783333
0.791667
0.687500
0.908333
0.675000
0.912500
0.645833
0.925000
0.791667
0.791667
0.787500
0.775000
0.775000
0.795833
0.595833
0.983333
0.658333
0.895833
0.583333
0.991667
0.800000
0.775000
0.579167
0.975000
0.820833
0.795833
0.787500
0.783333
0.558333
1.012500
0.804167
0.779167
0.787500
0.775000
0.791667
0.804167
0.787500
0.779167
0.787500
0.779167
0.545833
0.545833
1.179167
0.866667
0.800000
0.800000
0.775000
0.800000
0.800000
0.791667
0.487500
1.016667
0.829167
0.537500
1.025000
0.808333
0.754167
0.787500
0.800000
0.808333
0.791667
0.812500
0.795833
0.779167
0.795833
0.804167
0.795833
0.791667
0.783333
0.820833
0.808333
0.808333
0.787500
0.808333
0.816667
0.804167
0.795833
0.516667
1.054167
0.866667
0.800000
0.795833
0.783333
0.808333
0.812500
0.800000
0.787500
0.783333
0.812500
0.800000
0.791667
0.779167
0.779167
0.800000
0.791667
0.787500
0.779167
0.795833
0.808333
0.795833
0.787500
0.783333
0.795833
0.812500
0.800000
0.795833
0.779167
0.795833
0.816667
0.808333
0.800000
0.795833
0.812500
0.820833
0.820833
0.812500
0.795833
0.812500
0.820833
0.816667
0.804167
0.804167
0.787500
0.787500
0.812500
0.812500
0.808333
0.808333
0.791667
0.791667
0.791667
0.787500
0.787500
0.812500
0.804167
0.795833
0.795833
0.758333
0.820833
0.791667
0.804167
0.779167
0.775000
0.766667
0.766667
0.770833
0.783333
0.787500
0.779167
0.779167
0.766667
0.791667
0.791667
0.787500
0.775000
0.779167
0.800000
0.804167
0.800000
0.791667
0.783333
0.812500
0.816667
0.812500
0.804167
0.795833
0.791667
0.816667
0.812500
0.804167
0.791667
0.791667
0.779167
0.812500
0.800000
0.795833
0.787500
0.783333
0.795833
0.812500
0.804167
0.800000
0.787500
0.791667
0.808333
0.808333
0.804167
0.795833
0.795833
0.812500
0.808333
0.820833
0.804167
0.779167
0.791667
0.812500
0.791667
0.812500
0.800000
0.808333
0.791667
0.791667
0.783333
0.800000
0.808333
0.808333
0.791667
0.791667
0.800000
0.820833
0.808333
0.804167
0.795833
0.800000
0.829167
0.816667
0.812500
0.804167
0.812500
0.833333
0.816667
0.816667
0.804167
0.800000
0.829167
0.825000
0.812500
0.808333
0.804167
0.812500
0.841667
0.816667
0.820833
0.812500
0.820833
0.833333
0.841667
0.825000
0.820833
0.829167
0.829167
0.845833
0.850000
0.820833
0.816667
0.820833
0.825000
0.833333
0.841667
0.825000
0.820833
0.816667
0.820833
0.841667
0.837500
