0.712500
0.708333
0.691667
0.241667
0.441667
0.683333
0.679167
0.412500
0.941667
0.683333
0.666667
0.233333
0.429167
0.654167
0.366667
0.312500
0.666667
0.683333
0.675000
0.675000
0.675000
0.662500
0.666667
0.670833
0.670833
0.683333
0.683333
0.683333
0.683333
0.691667
0.704167
0.700000
0.695833
0.700000
0.708333
0.720833
0.716667
0.704167
0.704167
0.720833
0.729167
0.712500
0.725000
0.741667
0.720833
0.737500
0.737500
0.737500
0.745833
0.729167
0.754167
0.754167
0.741667
0.729167
0.750000
0.754167
0.737500
0.737500
0.733333
0.758333
0.741667
0.754167
0.770833
0.750000
0.779167
0.766667
0.770833
0.779167
0.766667
0.791667
0.808333
0.833333
0.795833
0.766667
0.858333
0.750000
0.829167
0.829167
0.766667
0.795833
0.845833
0.858333
0.816667
0.825000
0.791667
0.858333
0.829167
0.833333
0.804167
0.795833
0.850000
0.812500
0.850000
0.779167
0.854167
0.787500
0.883333
0.795833
0.841667
0.766667
0.854167
0.829167
0.733333
0.900000
0.791667
0.808333
0.804167
0.804167
0.775000
0.570833
0.979167
0.800000
0.800000
0.770833
0.741667
0.800000
0.741667
0.795833
0.754167
0.566667
0.987500
0.787500
0.750000
0.800000
0.733333
0.558333
1.000000
0.620833
0.908333
0.750000
0.716667
0.754167
0.708333
0.750000
0.720833
0.775000
0.720833
0.762500
0.741667
0.791667
0.758333
0.804167
0.741667
0.775000
0.770833
0.804167
0.816667
0.795833
0.783333
0.800000
0.808333
0.812500
0.808333
0.783333
0.795833
0.808333
0.808333
0.775000
0.737500
0.808333
0.779167
0.816667
0.758333
0.791667
0.770833
0.812500
0.770833
0.775000
0.745833
0.787500
0.745833
0.766667
0.729167
0.783333
0.750000
0.791667
0.754167
0.741667
0.725000
0.716667
0.716667
0.716667
0.725000
0.725000
0.708333
0.704167
0.704167
0.716667
0.725000
0.729167
0.720833
0.708333
0.604167
0.483333
1.091667
0.758333
0.554167
0.920833
0.729167
0.729167
0.737500
0.741667
0.729167
0.712500
0.725000
0.733333
0.762500
0.758333
0.729167
0.737500
0.741667
0.741667
0.766667
0.750000
0.720833
0.729167
0.737500
0.741667
0.758333
0.758333
0.737500
0.725000
0.733333
0.737500
0.745833
0.762500
0.754167
0.725000
0.733333
0.745833
0.762500
0.779167
0.554167
0.716667
0.975000
0.775000
0.770833
0.766667
0.750000
0.745833
0.750000
0.754167
0.783333
0.775000
0.750000
0.750000
0.762500
0.775000
0.795833
0.783333
0.775000
0.783333
0.783333
0.804167
0.812500
0.795833
0.770833
0.775000
0.779167
0.816667
0.800000
0.479167
1.050000
0.787500
0.787500
0.791667
0.783333
0.754167
0.750000
0.762500
0.783333
0.779167
0.754167
0.758333
0.758333
0.766667
0.775000
0.766667
0.745833
0.750000
0.758333
0.770833
0.787500
0.775000
0.754167
0.762500
0.758333
0.770833
0.783333
0.783333
0.766667
0.766667
0.795833
0.791667
0.766667
0.758333
0.758333
0.770833
0.791667
0.779167
0.766667
0.766667
0.766667
0.779167
0.775000
0.762500
0.775000
0.766667
0.770833
0.791667
0.775000
0.758333
0.758333
0.591667
0.958333
0.566667
0.987500
0.795833
0.804167
0.791667
0.775000
0.770833
0.770833
0.758333
0.737500
0.741667
0.745833
0.750000
0.762500
0.754167
0.750000
0.762500
0.779167
0.787500
0.779167
0.783333
0.816667
0.795833
0.795833
0.800000
0.787500
0.766667
0.758333
0.762500
0.766667
0.762500
0.745833
0.754167
0.758333
0.770833
0.787500
0.629167
0.933333
0.800000
0.795833
0.787500
0.770833
0.754167
0.750000
0.758333
0.770833
0.766667
0.745833
0.745833
0.750000
0.766667
0.775000
0.758333
0.737500
0.737500
0.737500
0.762500
0.750000
0.725000
0.729167
0.729167
0.445833
1.033333
0.758333
0.733333
0.720833
0.725000
0.720833
0.754167
0.745833
0.733333
0.741667
0.766667
0.783333
0.787500
0.766667
0.516667
1.037500
0.504167
1.100000
0.812500
0.566667
1.004167
0.800000
0.754167
0.783333
0.758333
0.758333
0.770833
0.766667
0.745833
0.750000
0.758333
0.783333
0.770833
0.758333
0.758333
0.766667
0.783333
0.779167
0.754167
0.754167
0.758333
0.758333
0.775000
0.758333
0.737500
0.733333
0.741667
0.741667
0.762500
0.750000
0.733333
0.737500
0.745833
0.758333
0.600000
0.933333
0.758333
0.745833
0.745833
0.770833
0.758333
0.737500
0.737500
0.562500
0.975000
0.558333
0.500000
0.604167
0.683333
0.691667
0.800000
0.766667
0.712500
0.570833
0.929167
0.770833
0.775000
0.750000
0.554167
1.000000
0.720833
0.741667
0.695833
0.804167
0.791667
0.783333
0.716667
0.775000
0.820833
0.829167
0.791667
0.783333
0.729167
0.762500
0.737500
0.787500
0.712500
0.745833
0.745833
0.766667
0.750000
0.737500
0.741667
0.766667
0.754167
0.766667
0.725000
0.783333
0.762500
0.791667
0.775000
0.758333
0.762500
0.795833
0.783333
0.808333
0.754167
0.783333
0.812500
0.808333
0.812500
0.595833
1.025000
0.675000
0.954167
0.808333
0.800000
0.766667
0.770833
0.808333
0.812500
0.820833
0.820833
0.812500
0.829167
0.845833
0.845833
0.562500
1.162500
0.704167
0.925000
0.820833
0.558333
1.104167
0.775000
0.725000
0.787500
0.733333
0.791667
0.729167
0.766667
0.758333
0.812500
0.783333
0.820833
0.750000
0.791667
0.766667
0.837500
0.845833
0.841667
0.808333
0.800000
0.754167
0.833333
0.800000
0.841667
0.770833
0.833333
0.800000
0.850000
0.850000
0.804167
0.708333
0.858333
0.795833
0.837500
0.754167
0.808333
0.791667
0.837500
0.775000
0.808333
0.766667
0.841667
0.791667
0.825000
0.770833
0.812500
0.825000
0.833333
0.766667
0.787500
0.779167
0.825000
0.787500
0.829167
0.750000
0.787500
0.762500
0.808333
0.766667
0.579167
0.966667
0.779167
0.754167
0.791667
0.745833
0.758333
0.737500
0.775000
0.745833
0.762500
0.729167
0.708333
0.687500
0.704167
0.708333
0.708333
0.720833
0.708333
0.691667
0.704167
0.708333
0.712500
0.725000
0.712500
0.704167
0.716667
0.729167
0.733333
0.741667
0.725000
0.708333
0.716667
0.729167
0.745833
0.733333
0.712500
0.720833
0.725000
0.750000
0.733333
0.708333
0.720833
0.725000
0.745833
0.729167
0.716667
0.733333
0.737500
0.750000
0.754167
0.733333
0.716667
0.725000
0.729167
0.741667
0.545833
0.900000
0.720833
0.741667
0.720833
0.704167
0.679167
0.683333
0.687500
0.695833
0.712500
0.708333
0.695833
0.712500
0.716667
0.737500
0.741667
0.720833
0.720833
0.729167
0.745833
0.750000
0.725000
0.733333
0.741667
0.750000
0.783333
0.770833
0.620833
0.891667
0.770833
0.779167
0.775000
0.754167
0.741667
0.741667
0.745833
0.766667
0.762500
0.733333
0.733333
0.737500
0.745833
0.716667
0.404167
1.129167
0.775000
0.766667
0.762500
0.766667
0.754167
0.754167
0.754167
0.766667
0.795833
0.787500
0.591667
0.950000
0.779167
0.795833
0.808333
0.775000
0.795833
0.779167
0.783333
0.795833
0.783333
0.766667
0.770833
0.779167
0.795833
0.783333
0.775000
0.770833
0.791667
0.812500
0.804167
0.795833
0.800000
0.800000
0.816667
0.800000
0.791667
0.800000
0.808333
0.812500
0.800000
0.600000
0.320833
0.733333
0.762500
0.800000
0.775000
0.795833
0.787500
0.500000
1.050000
0.783333
0.762500
0.800000
0.754167
0.779167
0.762500
0.779167
0.775000
0.779167
0.791667
0.787500
0.783333
0.791667
0.816667
0.825000
0.808333
0.783333
0.787500
0.791667
0.808333
0.804167
0.783333
0.787500
0.787500
0.808333
0.791667
0.762500
0.758333
0.758333
0.779167
0.491667
1.016667
0.679167
0.841667
0.745833
0.754167
0.741667
0.729167
0.729167
0.737500
0.770833
0.762500
0.737500
0.737500
0.737500
0.766667
0.770833
0.741667
0.745833
0.741667
0.741667
0.770833
0.762500
0.741667
0.729167
0.737500
0.737500
0.762500
0.754167
0.741667
0.745833
0.758333
0.766667
0.779167
0.766667
0.745833
0.745833
0.754167
0.775000
0.770833
0.741667
0.745833
0.750000
0.775000
0.762500
0.758333
0.720833
0.754167
0.770833
0.766667
0.741667
0.745833
0.758333
0.804167
0.779167
0.754167
0.750000
0.754167
0.787500
0.770833
