0.770833
0.779167
0.762500
0.779167
0.779167
0.783333
0.766667
0.787500
0.779167
0.779167
0.770833
0.787500
0.783333
0.775000
0.779167
0.783333
0.783333
0.775000
0.770833
0.775000
0.770833
0.775000
0.770833
0.766667
0.491667
0.925000
0.804167
0.779167
0.770833
0.500000
0.379167
0.341667
0.437500
0.579167
0.512500
0.512500
0.870833
0.825000
0.783333
0.800000
0.791667
0.791667
0.787500
0.783333
0.754167
0.495833
0.375000
0.337500
0.487500
0.570833
0.533333
0.445833
0.383333
0.891667
0.837500
1.545833
0.920833
0.804167
0.525000
0.533333
0.450000
0.979167
0.850000
0.820833
0.783333
0.500000
0.379167
0.337500
0.945833
0.629167
0.566667
0.916667
0.854167
0.833333
0.825000
0.820833
0.820833
0.816667
0.779167
0.458333
0.983333
0.837500
0.812500
0.500000
0.958333
0.816667
0.495833
0.950000
0.820833
0.783333
0.495833
0.954167
0.825000
0.812500
0.500000
0.950000
0.820833
0.787500
0.458333
0.966667
0.825000
0.791667
0.800000
0.795833
0.800000
0.495833
0.954167
0.829167
0.812500
0.812500
0.779167
0.487500
0.375000
0.345833
1.129167
0.862500
0.629167
0.975000
0.862500
0.787500
0.500000
0.975000
0.845833
0.800000
0.491667
0.983333
0.833333
0.804167
0.808333
0.808333
0.495833
0.379167
0.508333
0.379167
0.400000
0.954167
0.825000
0.508333
0.383333
0.937500
0.850000
0.804167
0.495833
0.962500
0.829167
0.500000
0.958333
0.816667
0.495833
0.954167
0.808333
0.500000
0.945833
0.812500
0.779167
0.795833
0.795833
0.787500
0.770833
0.795833
0.787500
0.791667
0.500000
0.379167
0.495833
0.925000
0.833333
0.500000
0.954167
0.820833
0.500000
0.945833
0.812500
0.500000
0.950000
0.804167
0.804167
0.800000
0.495833
0.954167
0.812500
0.500000
0.945833
0.825000
0.500000
0.950000
0.804167
0.500000
0.375000
0.908333
0.825000
0.500000
0.945833
0.820833
0.495833
0.945833
0.795833
0.795833
0.787500
0.787500
0.779167
0.783333
0.779167
0.770833
0.783333
0.783333
0.787500
0.787500
0.770833
0.795833
0.787500
0.795833
0.775000
0.791667
0.791667
0.783333
0.791667
0.787500
0.791667
0.795833
0.787500
0.779167
0.787500
0.787500
0.783333
0.504167
0.937500
0.820833
0.804167
0.787500
0.804167
0.795833
0.795833
0.795833
0.787500
0.783333
0.787500
0.791667
0.770833
0.791667
0.795833
0.787500
0.495833
0.958333
0.825000
0.491667
0.962500
0.816667
0.808333
0.804167
0.800000
0.779167
0.791667
0.787500
0.787500
0.770833
0.783333
0.783333
0.775000
0.775000
0.779167
0.783333
0.783333
0.770833
0.787500
0.787500
0.787500
0.783333
0.787500
0.783333
0.762500
0.783333
0.779167
0.779167
0.779167
0.766667
0.779167
0.783333
0.783333
0.766667
0.775000
0.779167
0.783333
0.783333
0.766667
0.775000
0.775000
0.779167
0.762500
0.779167
0.775000
0.775000
0.775000
0.762500
0.770833
0.770833
0.775000
0.766667
0.762500
0.770833
0.775000
0.775000
0.770833
0.779167
0.779167
0.783333
0.762500
0.779167
0.779167
0.779167
0.775000
0.770833
0.758333
0.766667
0.766667
0.770833
0.754167
0.766667
0.770833
0.766667
0.758333
0.775000
0.775000
0.770833
0.770833
0.770833
0.758333
0.770833
0.766667
0.766667
0.766667
0.758333
0.770833
0.770833
0.775000
0.754167
0.775000
0.775000
0.775000
0.779167
0.762500
0.779167
0.779167
0.779167
0.783333
0.770833
0.775000
0.779167
0.783333
0.783333
0.758333
0.783333
0.775000
0.779167
0.758333
0.775000
0.775000
0.779167
0.775000
0.758333
0.775000
0.775000
0.779167
0.779167
0.762500
0.775000
0.458333
0.958333
0.800000
0.795833
0.787500
0.783333
0.762500
0.783333
0.775000
0.775000
0.762500
0.775000
0.770833
0.775000
0.775000
0.754167
0.783333
0.458333
0.958333
0.791667
0.795833
0.791667
0.770833
0.791667
0.495833
0.941667
0.816667
0.500000
0.941667
0.820833
0.500000
0.941667
0.808333
0.495833
0.933333
0.812500
0.470833
0.950000
0.800000
0.791667
0.791667
0.504167
0.933333
0.808333
0.500000
0.933333
0.816667
0.500000
0.933333
0.808333
0.470833
0.954167
0.825000
0.508333
0.379167
0.929167
0.808333
0.500000
0.950000
0.841667
0.504167
0.966667
0.833333
0.500000
0.962500
0.841667
0.500000
0.958333
0.850000
0.500000
0.966667
0.837500
0.500000
0.379167
0.341667
0.520833
0.412500
0.937500
0.850000
0.820833
0.508333
0.979167
0.866667
0.508333
0.991667
0.858333
0.500000
1.000000
0.845833
0.500000
0.983333
0.841667
0.500000
0.975000
0.850000
0.495833
0.970833
0.833333
0.500000
0.379167
0.920833
0.825000
0.504167
0.945833
0.833333
0.804167
0.795833
0.800000
0.795833
0.787500
0.795833
0.470833
0.970833
0.837500
0.504167
0.383333
0.516667
0.950000
0.845833
0.508333
0.970833
0.850000
0.504167
0.970833
0.833333
0.500000
0.962500
0.837500
0.504167
0.962500
0.841667
0.504167
0.375000
0.937500
0.841667
0.504167
0.962500
0.837500
0.475000
0.979167
0.850000
0.500000
0.970833
0.837500
0.804167
0.816667
0.466667
0.375000
0.508333
0.429167
0.995833
0.862500
0.508333
0.979167
0.833333
0.500000
0.379167
0.341667
0.525000
1.016667
0.862500
0.512500
0.987500
0.862500
0.504167
0.975000
0.820833
0.816667
0.812500
0.800000
0.795833
0.804167
0.800000
0.795833
0.800000
0.800000
0.804167
0.800000
0.800000
0.800000
0.779167
0.800000
0.795833
0.791667
0.783333
0.800000
0.800000
0.512500
0.375000
0.791667
0.587500
0.487500
0.425000
0.591667
0.495833
0.429167
0.345833
0.550000
0.550000
0.625000
0.929167
0.866667
0.858333
0.845833
0.841667
0.816667
0.820833
0.825000
0.804167
0.816667
0.812500
0.812500
0.800000
0.804167
0.808333
0.804167
0.804167
0.783333
0.804167
0.795833
0.800000
0.795833
0.795833
0.795833
0.770833
0.787500
0.787500
0.766667
0.791667
0.591667
0.908333
0.504167
0.958333
0.833333
0.820833
0.812500
0.795833
0.804167
0.804167
0.808333
0.800000
0.787500
0.804167
0.800000
0.804167
0.783333
0.808333
0.800000
0.800000
0.783333
0.804167
0.795833
0.800000
0.791667
0.783333
0.795833
0.791667
0.770833
0.795833
0.787500
0.787500
0.766667
0.791667
0.783333
0.783333
0.770833
0.787500
0.779167
0.779167
0.783333
0.779167
0.766667
0.775000
0.775000
0.779167
0.762500
0.775000
0.775000
0.779167
0.783333
0.500000
0.375000
0.516667
0.404167
0.933333
0.837500
0.508333
0.941667
0.795833
0.808333
0.804167
0.800000
0.795833
0.775000
0.791667
0.795833
0.795833
0.779167
0.791667
0.795833
0.795833
0.791667
0.779167
0.795833
0.791667
0.800000
0.783333
0.791667
0.795833
0.800000
0.800000
0.779167
0.800000
0.466667
0.975000
0.841667
0.800000
0.808333
0.808333
0.495833
0.958333
0.841667
0.812500
0.808333
0.783333
0.795833
0.795833
0.795833
0.775000
0.795833
0.787500
0.787500
0.791667
0.787500
0.783333
0.779167
0.775000
0.779167
0.779167
0.766667
0.541667
0.237500
0.783333
0.775000
0.504167
0.937500
0.816667
0.795833
0.787500
0.787500
0.795833
0.762500
0.787500
0.783333
0.783333
0.783333
0.779167
0.762500
0.787500
0.775000
0.779167
0.783333
0.766667
0.787500
0.783333
0.783333
0.775000
0.787500
0.791667
0.791667
0.787500
0.500000
0.950000
0.829167
0.512500
0.379167
0.345833
0.941667
0.558333
0.454167
0.450000
0.416667
0.550000
0.529167
0.479167
0.483333
0.425000
0.362500
0.595833
0.541667
0.516667
0.433333
0.383333
0.625000
0.529167
0.516667
0.525000
0.525000
0.504167
0.516667
0.525000
0.525000
0.433333
0.600000
0.437500
0.595833
0.550000
0.537500
0.550000
0.433333
0.600000
0.441667
0.620833
0.595833
0.408333
1.141667
0.958333
0.920833
0.895833
0.879167
0.870833
0.841667
0.850000
0.845833
0.845833
0.495833
1.016667
0.883333
0.850000
0.825000
0.825000
0.829167
0.829167
0.825000
0.820833
0.795833
0.816667
0.816667
0.816667
0.800000
0.808333
0.816667
0.816667
0.820833
0.787500
0.816667
0.816667
0.812500
0.795833
0.820833
0.816667
0.812500
0.808333
0.812500
0.800000
0.783333
0.800000
0.795833
0.791667
0.783333
0.791667
0.795833
0.795833
0.783333
0.783333
0.795833
0.791667
0.795833
0.795833
0.787500
0.766667
