0.250000
0.416667
0.908333
0.779167
0.516667
0.275000
0.258333
0.537500
0.550000
0.245833
0.270833
0.416667
0.108333
0.445833
0.341667
0.512500
0.291667
0.504167
0.091667
0.204167
0.333333
0.475000
0.791667
0.791667
0.270833
0.516667
0.791667
0.266667
0.525000
0.254167
0.529167
0.787500
0.245833
0.545833
0.258333
0.525000
0.791667
0.058333
0.741667
0.783333
0.783333
0.800000
0.787500
0.787500
0.783333
0.775000
0.245833
0.533333
0.783333
1.312500
0.241667
0.787500
0.783333
0.787500
1.225000
0.329167
0.783333
0.787500
1.558333
0.787500
0.791667
0.795833
0.800000
0.787500
0.779167
0.787500
0.779167
0.791667
0.795833
0.775000
0.787500
0.791667
0.783333
0.770833
0.775000
0.779167
0.779167
0.779167
0.770833
0.775000
0.779167
0.779167
0.766667
0.779167
0.783333
0.791667
0.783333
0.783333
0.783333
0.787500
0.787500
0.791667
0.775000
0.770833
0.783333
0.779167
0.791667
0.775000
0.779167
0.783333
0.787500
0.795833
0.795833
0.787500
1.575000
0.791667
0.791667
0.787500
0.795833
0.533333
0.254167
0.787500
1.558333
0.779167
0.783333
0.779167
1.533333
0.770833
0.783333
0.787500
1.554167
1.554167
0.791667
0.770833
0.787500
0.779167
0.791667
0.800000
0.783333
0.783333
0.779167
0.787500
0.795833
0.791667
0.783333
0.291667
0.491667
0.791667
0.804167
0.804167
0.804167
0.787500
0.795833
0.800000
0.795833
0.791667
1.570833
0.791667
0.783333
0.779167
0.770833
0.775000
0.779167
0.783333
0.783333
0.779167
0.779167
0.779167
0.783333
0.779167
0.779167
0.766667
0.770833
0.783333
0.787500
0.783333
0.866667
0.466667
0.204167
0.775000
0.779167
0.783333
0.770833
0.775000
0.775000
0.775000
0.770833
0.758333
0.779167
0.766667
0.775000
0.762500
0.770833
0.783333
0.766667
0.783333
0.762500
0.766667
0.766667
0.775000
0.783333
0.775000
0.770833
0.775000
0.770833
0.795833
0.779167
0.775000
0.779167
0.787500
0.775000
0.779167
0.775000
0.783333
0.783333
0.795833
0.795833
0.775000
0.775000
0.783333
0.779167
0.775000
0.775000
0.575000
0.200000
0.779167
0.783333
0.775000
0.770833
0.770833
0.775000
0.237500
0.545833
0.337500
0.458333
0.800000
0.791667
0.783333
0.783333
0.791667
0.795833
0.804167
0.787500
0.783333
0.779167
0.783333
0.779167
0.775000
0.775000
0.783333
0.787500
0.779167
0.775000
0.770833
0.779167
0.779167
0.525000
0.250000
0.604167
0.166667
0.266667
0.508333
0.775000
0.775000
0.625000
0.137500
0.600000
0.179167
0.262500
0.516667
0.779167
0.595833
0.175000
0.770833
0.770833
0.775000
0.300000
0.466667
1.558333
0.775000
0.775000
0.779167
0.783333
0.787500
0.787500
0.775000
0.783333
0.791667
0.783333
0.783333
0.775000
0.787500
0.791667
0.800000
0.795833
0.779167
0.783333
0.787500
0.783333
0.791667
0.775000
0.783333
0.783333
0.779167
0.787500
0.783333
0.770833
0.779167
0.779167
0.783333
0.783333
0.779167
0.775000
0.779167
0.779167
0.791667
0.783333
0.766667
0.783333
0.775000
0.783333
0.783333
0.783333
0.779167
0.787500
0.783333
0.783333
0.779167
0.779167
0.791667
0.791667
0.795833
0.783333
0.779167
0.783333
0.791667
0.795833
0.783333
0.779167
0.787500
0.791667
0.795833
0.787500
0.779167
0.779167
0.791667
0.800000
0.800000
0.795833
0.783333
0.787500
0.791667
0.791667
0.779167
0.779167
0.787500
0.791667
0.791667
0.783333
0.779167
0.779167
0.787500
0.787500
0.783333
0.770833
0.791667
0.783333
0.795833
0.791667
0.787500
0.787500
0.795833
0.800000
0.791667
0.791667
0.787500
0.791667
0.795833
0.800000
0.787500
0.779167
0.779167
0.775000
0.779167
0.779167
0.770833
0.766667
0.775000
0.779167
0.775000
0.770833
0.775000
0.779167
0.775000
0.766667
0.779167
0.791667
0.795833
0.787500
0.779167
0.775000
0.783333
0.783333
0.783333
0.779167
0.779167
0.787500
0.791667
0.800000
0.791667
0.779167
0.787500
0.787500
0.795833
0.795833
0.783333
0.783333
0.787500
0.791667
0.791667
0.775000
0.779167
0.783333
0.779167
0.433333
0.354167
0.775000
0.779167
0.779167
0.787500
0.787500
0.787500
0.779167
0.791667
0.795833
0.795833
0.791667
0.783333
0.787500
0.791667
0.795833
0.787500
0.787500
0.779167
0.787500
0.783333
0.779167
1.545833
0.779167
0.783333
0.775000
0.770833
0.770833
0.779167
0.787500
0.795833
0.787500
0.775000
0.779167
0.783333
0.775000
0.766667
0.770833
0.770833
0.770833
0.770833
0.766667
0.758333
0.775000
0.779167
0.775000
0.770833
0.766667
0.779167
0.766667
0.762500
0.762500
0.762500
0.770833
0.770833
0.770833
0.758333
0.766667
0.762500
0.770833
0.762500
0.762500
0.762500
0.766667
0.779167
0.770833
0.762500
0.766667
0.770833
0.775000
0.779167
0.770833
0.758333
0.762500
0.762500
0.762500
0.750000
0.762500
0.758333
0.762500
0.754167
0.745833
0.754167
0.750000
0.758333
0.750000
1.308333
0.204167
0.758333
0.762500
0.754167
0.762500
0.762500
0.770833
0.770833
0.766667
0.458333
0.308333
0.770833
0.766667
0.779167
0.770833
0.762500
0.779167
0.783333
0.787500
0.787500
0.783333
0.783333
0.787500
1.091667
0.454167
0.770833
0.779167
0.783333
0.783333
0.783333
0.783333
0.787500
0.779167
0.775000
0.779167
0.775000
0.770833
0.770833
0.762500
0.775000
0.783333
0.783333
0.775000
0.775000
0.770833
0.783333
0.787500
0.779167
0.770833
0.775000
0.775000
0.783333
0.770833
0.770833
0.770833
0.775000
0.770833
0.766667
0.758333
0.758333
0.762500
0.766667
0.770833
0.762500
0.762500
0.766667
0.775000
0.775000
0.758333
0.762500
0.758333
0.766667
0.762500
0.762500
0.766667
0.775000
0.783333
0.795833
0.783333
0.783333
0.800000
0.795833
0.804167
0.783333
0.562500
0.220833
0.787500
0.783333
0.779167
0.783333
0.770833
0.779167
0.783333
0.783333
0.775000
0.775000
0.770833
0.779167
0.775000
0.770833
0.770833
0.775000
0.766667
0.775000
0.791667
0.787500
0.775000
0.775000
0.770833
0.779167
0.779167
0.770833
0.762500
0.783333
0.775000
0.770833
1.537500
0.775000
0.779167
0.783333
0.787500
0.783333
0.770833
0.779167
0.787500
0.783333
0.783333
0.779167
0.787500
0.795833
0.800000
0.795833
0.787500
0.795833
0.795833
0.791667
0.783333
0.787500
0.791667
0.795833
0.791667
0.787500
0.779167
0.787500
0.791667
0.787500
1.258333
0.291667
0.787500
0.783333
0.787500
0.779167
0.775000
0.783333
0.783333
0.787500
0.783333
0.775000
0.783333
0.795833
0.804167
0.795833
0.787500
0.800000
0.800000
0.791667
0.787500
0.791667
0.800000
0.800000
0.800000
0.791667
0.791667
0.800000
0.804167
0.787500
0.795833
0.791667
0.800000
0.804167
0.804167
0.804167
0.804167
0.804167
0.804167
0.800000
0.795833
0.800000
0.800000
0.795833
0.779167
0.762500
0.775000
0.770833
0.779167
0.775000
0.770833
0.779167
0.775000
0.791667
0.800000
0.795833
0.254167
0.525000
0.450000
0.333333
0.787500
0.791667
0.795833
0.795833
0.783333
0.791667
0.791667
0.795833
0.791667
0.787500
0.783333
0.795833
0.795833
0.787500
0.779167
0.787500
0.783333
0.779167
0.775000
0.770833
0.775000
0.770833
0.766667
0.766667
0.770833
0.775000
0.783333
0.775000
0.775000
0.775000
0.783333
0.783333
0.779167
0.775000
0.775000
0.775000
0.783333
0.779167
0.779167
0.775000
0.775000
0.783333
0.787500
0.775000
0.775000
0.779167
1.558333
0.779167
0.783333
0.787500
0.791667
0.800000
0.795833
0.991667
1.362500
0.791667
1.104167
0.479167
1.575000
0.800000
0.787500
0.795833
0.791667
0.795833
0.808333
0.808333
1.600000
0.800000
0.804167
0.800000
1.583333
0.787500
0.787500
0.787500
0.795833
0.779167
0.783333
0.783333
0.779167
0.779167
0.775000
0.779167
0.791667
0.779167
0.775000
0.787500
0.783333
0.795833
0.804167
0.787500
0.787500
0.791667
0.800000
0.800000
1.154167
0.433333
0.800000
0.795833
0.812500
0.800000
0.791667
0.795833
0.800000
0.800000
0.791667
0.783333
0.783333
0.783333
0.775000
0.766667
0.779167
0.770833
