0.754167
0.758333
0.766667
0.783333
0.779167
0.775000
0.791667
0.795833
0.791667
0.779167
0.754167
0.758333
0.770833
0.791667
0.791667
0.787500
0.816667
0.820833
0.829167
0.812500
0.804167
0.816667
0.812500
0.808333
0.787500
0.775000
0.795833
0.800000
0.808333
0.800000
0.795833
0.812500
0.800000
0.800000
0.775000
0.775000
0.775000
0.791667
0.783333
0.775000
0.787500
0.791667
0.800000
0.779167
0.783333
0.787500
0.779167
0.779167
0.766667
0.766667
0.779167
0.783333
0.795833
0.787500
0.783333
0.787500
0.783333
0.770833
0.766667
0.762500
0.779167
0.779167
0.783333
0.775000
0.783333
0.787500
0.795833
0.783333
0.770833
0.762500
0.779167
0.787500
0.795833
0.779167
0.795833
0.804167
0.800000
0.783333
0.770833
0.775000
0.795833
0.800000
0.795833
0.791667
0.795833
0.804167
0.804167
0.687500
0.745833
0.545833
1.116667
0.766667
0.762500
0.758333
0.775000
0.766667
0.745833
0.750000
0.737500
0.704167
0.708333
0.725000
0.725000
0.745833
0.729167
0.716667
0.729167
0.737500
0.775000
0.758333
0.725000
0.741667
0.754167
0.783333
0.762500
0.741667
0.762500
0.775000
0.808333
0.791667
0.750000
0.758333
0.766667
0.791667
0.779167
0.745833
0.745833
0.750000
0.770833
0.754167
0.729167
0.737500
0.750000
0.766667
0.754167
0.729167
0.745833
0.750000
0.787500
0.779167
0.733333
0.745833
0.745833
0.791667
0.500000
1.033333
0.583333
0.933333
0.783333
0.745833
0.733333
0.745833
0.770833
0.762500
0.725000
0.745833
0.754167
0.787500
0.770833
0.762500
0.779167
0.829167
0.791667
0.808333
0.795833
0.791667
0.787500
0.775000
0.779167
0.795833
0.795833
0.791667
0.779167
0.779167
0.787500
0.787500
0.779167
0.775000
0.804167
0.570833
1.050000
0.775000
0.804167
0.800000
0.579167
1.016667
0.541667
0.979167
0.745833
0.616667
0.879167
0.737500
0.745833
0.754167
0.770833
0.791667
0.779167
0.783333
0.800000
0.808333
0.808333
0.795833
0.783333
0.791667
0.804167
0.812500
0.812500
0.804167
0.808333
0.825000
0.820833
0.812500
0.787500
0.795833
0.800000
0.804167
0.791667
0.787500
0.808333
0.812500
0.800000
0.783333
0.779167
0.791667
0.804167
0.804167
0.783333
0.795833
0.795833
0.791667
0.787500
0.775000
0.770833
0.595833
0.979167
0.633333
0.920833
0.770833
0.787500
0.787500
0.787500
0.770833
0.758333
0.770833
0.775000
0.795833
0.816667
0.837500
0.816667
0.808333
0.820833
0.825000
0.820833
0.800000
0.791667
0.825000
0.812500
0.812500
0.800000
0.583333
1.029167
0.762500
0.758333
0.758333
0.754167
0.754167
0.762500
0.770833
0.779167
0.770833
0.783333
0.775000
0.783333
0.791667
0.775000
0.766667
0.775000
0.787500
0.791667
0.787500
0.787500
0.804167
0.800000
0.795833
0.783333
0.791667
0.800000
0.816667
0.825000
0.800000
0.808333
0.820833
0.812500
0.812500
0.800000
0.787500
0.804167
0.808333
0.816667
0.795833
0.820833
0.816667
0.812500
0.791667
0.779167
0.787500
0.791667
0.800000
0.791667
0.795833
0.808333
0.816667
0.808333
0.791667
0.779167
0.795833
0.804167
0.804167
0.791667
0.795833
0.804167
0.808333
0.812500
0.804167
0.779167
0.783333
0.804167
0.804167
0.804167
0.791667
0.808333
0.820833
0.820833
0.812500
0.791667
0.795833
0.804167
0.812500
0.808333
0.795833
0.808333
0.820833
0.820833
0.812500
0.575000
0.991667
0.779167
0.791667
0.795833
0.779167
0.779167
0.795833
0.791667
0.791667
0.766667
0.766667
0.800000
0.808333
0.816667
0.804167
0.795833
0.808333
0.812500
0.808333
0.787500
0.800000
0.816667
0.816667
0.812500
0.804167
0.812500
0.816667
0.812500
0.787500
0.795833
0.800000
0.804167
0.808333
0.783333
0.795833
0.800000
0.804167
0.783333
0.754167
0.754167
0.591667
0.966667
0.766667
0.770833
0.775000
0.787500
0.779167
0.762500
0.750000
0.745833
0.775000
0.762500
0.737500
0.754167
0.570833
0.362500
0.587500
0.645833
0.712500
0.725000
0.712500
0.687500
0.712500
0.716667
0.745833
0.733333
0.704167
0.720833
0.725000
0.750000
0.733333
0.604167
0.820833
0.716667
0.750000
0.712500
0.712500
0.716667
0.741667
0.720833
0.704167
0.720833
0.733333
0.758333
0.745833
0.720833
0.733333
0.741667
0.766667
0.745833
0.725000
0.737500
0.750000
0.770833
0.750000
0.729167
0.733333
0.745833
0.783333
0.762500
0.737500
0.750000
0.758333
0.791667
0.775000
0.745833
0.758333
0.766667
0.816667
0.787500
0.770833
0.762500
0.779167
0.779167
0.779167
0.783333
0.775000
0.779167
0.812500
0.779167
0.779167
0.770833
0.775000
0.766667
0.775000
0.795833
0.787500
0.779167
0.791667
0.770833
0.770833
0.775000
0.779167
0.770833
0.804167
0.779167
0.779167
0.804167
0.779167
0.783333
0.766667
0.775000
0.804167
0.783333
0.758333
0.520833
1.000000
0.629167
0.945833
0.766667
0.750000
0.766667
0.754167
0.745833
0.737500
0.754167
0.562500
0.970833
0.754167
0.770833
0.770833
0.779167
0.766667
0.766667
0.775000
0.770833
0.766667
0.779167
0.787500
0.800000
0.783333
0.766667
0.754167
0.766667
0.775000
0.783333
0.770833
0.770833
0.783333
0.779167
0.770833
0.762500
0.770833
0.779167
0.795833
0.804167
0.795833
0.791667
0.800000
0.800000
0.795833
0.795833
0.783333
0.791667
0.800000
0.804167
0.804167
0.787500
0.795833
0.804167
0.804167
0.800000
0.775000
0.587500
0.983333
0.775000
0.791667
0.775000
0.791667
0.808333
0.808333
0.800000
0.779167
0.779167
0.791667
0.795833
0.791667
0.791667
0.800000
0.812500
0.812500
0.800000
0.783333
0.762500
0.766667
0.750000
0.762500
0.766667
0.770833
0.758333
0.745833
0.741667
0.745833
0.758333
0.770833
0.770833
0.758333
0.562500
1.741667
0.762500
0.758333
0.754167
0.762500
0.770833
0.779167
0.775000
0.766667
0.783333
0.779167
0.775000
0.775000
0.770833
0.770833
0.787500
0.795833
0.795833
0.775000
0.795833
0.795833
0.795833
0.633333
0.933333
0.770833
0.808333
0.812500
0.808333
0.787500
0.812500
0.812500
0.812500
0.791667
0.783333
0.800000
0.808333
0.808333
0.812500
0.804167
0.791667
0.804167
0.804167
0.791667
0.762500
0.766667
0.791667
0.791667
0.783333
0.754167
0.750000
0.704167
0.720833
0.737500
0.758333
0.775000
0.737500
0.733333
0.708333
0.708333
0.716667
0.720833
0.733333
0.712500
0.704167
0.712500
0.729167
0.733333
0.741667
0.716667
0.733333
0.737500
0.745833
0.758333
0.725000
0.729167
0.737500
0.741667
0.758333
0.741667
0.725000
0.729167
0.733333
0.758333
0.745833
0.720833
0.745833
0.741667
0.770833
0.758333
0.725000
0.737500
0.750000
0.770833
0.508333
0.979167
0.766667
0.770833
0.779167
0.766667
0.737500
0.750000
0.758333
0.795833
0.800000
0.608333
0.950000
0.825000
0.870833
0.829167
0.704167
0.912500
0.829167
0.833333
0.783333
0.541667
0.991667
0.795833
0.758333
0.754167
0.750000
0.787500
0.783333
0.745833
0.762500
0.766667
0.808333
0.804167
0.770833
0.775000
0.787500
0.816667
0.804167
0.770833
0.775000
0.795833
0.816667
0.779167
0.775000
0.766667
0.812500
0.800000
0.758333
0.758333
0.770833
0.783333
0.758333
0.741667
0.741667
0.779167
0.679167
0.845833
0.741667
0.525000
0.950000
0.779167
0.750000
0.741667
0.733333
0.762500
0.754167
0.716667
0.729167
0.737500
0.775000
0.766667
0.733333
0.737500
0.745833
0.787500
0.779167
0.750000
0.750000
0.766667
0.808333
0.808333
0.766667
0.766667
0.770833
0.804167
0.783333
0.766667
0.762500
0.795833
0.791667
0.758333
0.758333
0.770833
0.795833
0.787500
0.754167
0.750000
0.762500
0.787500
0.775000
0.745833
0.754167
0.791667
0.800000
0.754167
0.758333
0.758333
0.808333
0.808333
0.758333
0.762500
0.762500
0.791667
0.779167
0.754167
0.754167
0.808333
0.804167
0.775000
0.766667
0.783333
0.795833
0.766667
0.754167
0.754167
0.804167
