0.625000
0.391667
0.229167
0.625000
0.616667
0.620833
0.620833
0.612500
0.620833
0.616667
0.616667
0.620833
0.616667
0.612500
0.620833
0.620833
0.616667
0.616667
0.616667
0.304167
0.279167
0.233333
0.425000
0.575000
0.675000
0.625000
0.762500
0.483333
0.625000
0.620833
0.620833
0.625000
0.629167
0.325000
0.295833
0.633333
0.637500
0.625000
0.633333
0.629167
0.633333
0.637500
0.637500
0.633333
0.633333
0.633333
0.637500
0.633333
0.629167
0.637500
0.620833
0.633333
0.629167
0.625000
0.629167
0.620833
0.633333
0.629167
0.625000
0.629167
0.625000
0.625000
0.625000
0.629167
0.629167
0.625000
0.620833
0.620833
0.525000
0.925000
0.291667
0.762500
0.616667
0.320833
0.300000
0.662500
0.575000
0.625000
0.620833
0.570833
0.350000
0.233333
0.708333
0.391667
0.233333
0.391667
0.233333
0.629167
0.350000
0.283333
0.225000
1.041667
0.629167
0.629167
0.629167
0.629167
0.629167
0.633333
0.629167
0.629167
0.625000
0.633333
0.633333
0.633333
0.625000
0.629167
0.633333
0.625000
0.637500
0.720833
0.533333
0.620833
0.625000
0.625000
0.787500
0.208333
0.250000
0.341667
0.291667
0.279167
0.337500
0.220833
0.225000
0.812500
0.629167
0.629167
0.625000
0.625000
0.291667
0.212500
0.241667
0.512500
0.775000
0.691667
0.425000
0.266667
0.362500
0.637500
0.637500
0.629167
0.633333
0.629167
0.629167
0.558333
0.712500
0.629167
0.629167
0.629167
0.633333
0.629167
0.629167
0.625000
0.625000
0.629167
0.629167
0.620833
0.625000
0.391667
0.233333
0.629167
0.879167
0.383333
0.620833
0.620833
0.633333
0.258333
0.366667
0.604167
0.287500
0.983333
0.620833
0.620833
0.625000
0.620833
0.620833
0.616667
0.616667
0.620833
0.625000
0.625000
0.620833
0.625000
0.620833
0.625000
0.608333
0.650000
0.629167
0.629167
0.629167
0.633333
0.420833
0.212500
0.237500
0.395833
0.637500
0.637500
0.645833
0.641667
0.229167
0.420833
0.716667
0.579167
1.945833
0.645833
0.650000
0.650000
0.650000
0.650000
0.650000
0.645833
0.650000
0.645833
0.641667
0.641667
0.641667
0.637500
0.633333
0.629167
0.629167
0.629167
0.625000
0.625000
0.620833
0.620833
0.625000
0.620833
0.616667
0.616667
0.620833
0.620833
0.616667
0.612500
0.616667
0.625000
0.616667
0.616667
0.612500
0.616667
0.620833
0.616667
0.616667
0.612500
0.612500
0.620833
0.616667
0.612500
0.612500
0.616667
0.616667
0.620833
0.620833
0.616667
0.620833
0.450000
0.166667
0.620833
0.629167
0.625000
0.620833
0.625000
0.625000
0.629167
0.629167
0.750000
1.133333
0.625000
0.633333
0.633333
0.625000
0.625000
0.629167
0.629167
0.633333
0.620833
0.620833
0.625000
0.629167
0.625000
0.620833
0.625000
0.616667
0.629167
0.616667
0.625000
0.620833
0.625000
0.620833
0.625000
0.625000
0.208333
0.475000
0.412500
0.258333
0.525000
0.729167
0.208333
0.312500
0.416667
0.208333
0.483333
0.558333
0.200000
0.483333
0.183333
0.241667
0.950000
0.625000
0.629167
0.620833
0.620833
0.416667
0.333333
0.279167
0.212500
0.629167
0.625000
1.250000
0.629167
0.625000
0.633333
0.620833
0.625000
0.625000
0.620833
0.625000
0.629167
0.625000
0.620833
0.616667
0.341667
0.270833
0.537500
0.895833
0.433333
1.233333
0.616667
0.620833
0.612500
0.583333
0.645833
0.416667
0.208333
0.612500
0.625000
0.620833
0.620833
0.620833
0.616667
0.620833
0.616667
0.633333
0.625000
0.620833
0.616667
0.620833
0.629167
0.629167
0.637500
0.633333
0.637500
0.620833
0.625000
0.625000
0.625000
0.629167
0.629167
0.625000
0.625000
0.625000
0.633333
0.629167
0.629167
0.625000
0.620833
0.625000
0.625000
0.629167
0.625000
0.629167
0.633333
0.629167
0.625000
0.625000
0.625000
0.633333
0.625000
0.633333
0.633333
0.633333
0.633333
0.625000
0.629167
0.625000
0.625000
0.633333
0.633333
0.625000
0.625000
0.625000
0.629167
0.633333
0.625000
0.625000
0.633333
0.625000
0.633333
0.625000
0.625000
0.625000
0.625000
0.629167
0.629167
0.620833
0.625000
0.620833
0.625000
0.629167
0.629167
0.625000
0.625000
0.620833
0.629167
0.629167
0.637500
0.629167
0.633333
0.625000
0.629167
0.633333
0.633333
0.633333
0.629167
0.633333
0.625000
0.637500
0.633333
0.633333
0.629167
0.633333
0.216667
0.495833
0.545833
0.300000
0.225000
0.758333
0.641667
0.645833
0.541667
0.737500
0.641667
0.641667
0.645833
0.641667
0.641667
0.645833
0.645833
0.641667
0.645833
0.641667
0.641667
0.645833
0.645833
0.645833
0.645833
0.645833
0.650000
0.645833
0.645833
0.645833
0.645833
0.650000
0.641667
0.641667
0.637500
0.641667
0.641667
0.641667
0.637500
0.633333
0.641667
0.641667
0.637500
0.633333
0.633333
0.633333
0.633333
0.637500
0.629167
0.633333
0.625000
0.629167
0.629167
0.633333
0.629167
0.629167
0.625000
0.625000
0.629167
0.629167
0.625000
0.625000
0.629167
0.625000
0.633333
0.633333
0.566667
0.266667
1.425000
0.887500
0.625000
0.629167
0.625000
0.629167
0.620833
0.625000
0.625000
0.625000
0.633333
0.875000
0.383333
0.629167
0.620833
0.625000
0.625000
0.629167
0.629167
0.629167
0.633333
0.629167
0.629167
0.633333
0.641667
0.645833
0.641667
0.641667
0.650000
0.654167
0.654167
0.658333
1.304167
0.654167
0.658333
0.650000
0.650000
0.650000
0.650000
0.650000
0.650000
0.650000
0.641667
0.645833
0.645833
0.645833
0.650000
0.645833
0.654167
0.654167
0.658333
0.662500
0.658333
0.662500
0.675000
0.662500
0.679167
0.670833
0.683333
0.200000
1.158333
0.675000
0.675000
0.675000
0.670833
0.670833
0.662500
0.666667
0.666667
0.666667
0.662500
0.666667
0.670833
0.675000
0.670833
0.670833
0.670833
0.675000
0.400000
0.433333
0.516667
0.666667
0.670833
0.675000
0.670833
0.662500
0.662500
0.662500
0.662500
0.654167
0.654167
0.641667
0.641667
0.641667
0.650000
0.633333
0.633333
0.641667
0.633333
0.641667
0.633333
0.629167
0.245833
0.437500
0.583333
0.633333
0.633333
0.629167
0.633333
0.637500
0.629167
0.629167
0.633333
0.633333
0.633333
0.620833
0.625000
0.629167
0.625000
0.625000
0.620833
0.620833
0.625000
0.629167
0.612500
0.620833
0.616667
0.620833
0.625000
0.625000
0.612500
0.620833
0.616667
0.625000
0.629167
0.616667
0.616667
0.620833
0.625000
0.620833
0.625000
0.616667
0.620833
0.625000
0.625000
0.625000
0.616667
0.795833
0.458333
0.570833
0.570833
0.729167
0.625000
0.625000
0.625000
0.620833
0.625000
0.316667
1.020833
0.858333
0.312500
0.629167
0.620833
0.625000
0.629167
0.333333
0.304167
0.616667
0.225000
0.408333
0.625000
0.504167
0.754167
0.537500
0.387500
0.970833
1.245833
0.629167
0.625000
0.633333
0.625000
0.625000
0.625000
0.629167
0.629167
0.629167
0.620833
0.620833
0.208333
0.416667
0.629167
0.629167
0.770833
0.275000
0.200000
0.620833
0.625000
0.629167
0.629167
0.629167
0.620833
0.620833
0.625000
0.625000
0.625000
0.620833
0.620833
0.625000
0.620833
0.204167
0.429167
0.616667
0.625000
0.179167
0.629167
0.437500
1.254167
0.620833
0.983333
0.883333
1.245833
1.870833
1.870833
1.304167
0.575000
0.612500
0.383333
0.762500
1.979167
0.508333
0.612500
0.270833
1.083333
1.237500
1.233333
0.629167
0.625000
0.629167
0.620833
1.241667
1.241667
0.629167
0.620833
0.625000
0.620833
1.245833
0.629167
0.629167
0.620833
0.625000
0.625000
1.258333
0.620833
0.233333
0.395833
0.629167
0.620833
0.625000
0.620833
0.625000
0.629167
0.625000
0.625000
0.625000
0.625000
0.629167
0.625000
0.625000
0.625000
0.629167
0.629167
0.620833
0.625000
0.625000
0.625000
0.625000
0.620833
0.620833
0.625000
0.620833
0.629167
0.625000
0.625000
0.620833
0.620833
0.625000
0.629167
0.629167
0.620833
0.620833
0.620833
0.625000
0.625000
0.625000
0.616667
0.620833
0.620833
0.625000
0.620833
0.616667
0.616667
0.616667
0.625000
0.620833
0.612500
0.616667
0.616667
0.616667
0.620833
0.616667
0.612500
0.620833
0.616667
0.620833
0.616667
0.616667
0.612500
0.616667
0.379167
0.241667
0.612500
0.570833
0.395833
0.270833
0.350000
0.254167
0.204167
0.408333
0.412500
0.200000
0.404167
0.466667
0.337500
0.616667
0.616667
0.316667
0.283333
0.345833
0.758333
0.445833
0.279167
0.604167
0.608333
0.616667
0.612500
0.604167
0.604167
0.612500
0.612500
0.616667
0.620833
0.612500
0.612500
0.620833
0.620833
0.620833
0.616667
0.616667
0.620833
0.620833
0.620833
0.616667
0.616667
0.620833
0.620833
0.620833
0.620833
0.608333
0.625000
0.616667
0.620833
0.620833
0.616667
0.620833
0.383333
0.233333
0.625000
0.616667
0.616667
0.612500
0.625000
0.620833
0.625000
0.620833
0.616667
0.616667
0.620833
0.629167
0.620833
0.612500
0.629167
0.616667
0.620833
0.962500
0.287500
0.629167
0.937500
0.312500
0.629167
0.629167
0.633333
0.629167
0.629167
0.629167
0.633333
0.637500
0.633333
0.637500
0.633333
0.633333
0.637500
0.637500
0.637500
0.633333
0.629167
0.637500
0.637500
0.637500
0.633333
0.637500
0.633333
0.633333
0.633333
0.637500
0.633333
0.629167
0.633333
0.629167
0.629167
0.633333
0.633333
0.629167
0.629167
0.625000
0.629167
0.629167
0.558333
0.075000
0.366667
0.254167
0.337500
0.645833
0.275000
0.625000
0.625000
0.629167
0.616667
0.616667
0.625000
0.620833
0.625000
0.625000
0.616667
0.620833
0.620833
0.625000
0.625000
1.241667
0.620833
0.629167
0.629167
0.629167
0.450000
0.175000
0.620833
0.629167
0.629167
0.629167
0.620833
0.620833
0.625000
0.625000
0.629167
0.620833
0.620833
0.620833
0.620833
0.629167
0.620833
0.616667
0.625000
0.616667
0.625000
0.625000
1.241667
0.625000
0.629167
0.633333
0.620833
0.625000
0.625000
0.629167
0.629167
0.625000
0.629167
0.625000
0.629167
0.633333
0.629167
0.625000
0.625000
0.625000
0.625000
0.629167
0.625000
0.625000
0.625000
0.625000
0.625000
0.633333
0.625000
0.625000
0.629167
0.629167
0.258333
0.375000
0.633333
