0.600000
0.612500
0.587500
0.591667
0.595833
0.600000
0.608333
0.612500
0.591667
0.595833
0.600000
0.608333
0.612500
0.600000
0.591667
0.600000
0.616667
0.595833
0.587500
0.604167
0.604167
0.587500
0.600000
0.608333
0.587500
0.600000
0.608333
0.587500
0.604167
0.595833
0.587500
0.612500
0.587500
0.608333
0.600000
0.591667
0.608333
0.587500
0.604167
0.600000
0.587500
0.600000
0.583333
0.600000
0.600000
0.579167
0.604167
0.587500
0.600000
0.595833
0.583333
0.608333
0.583333
0.600000
0.600000
0.583333
0.600000
0.583333
0.591667
0.600000
0.575000
0.595833
0.587500
0.583333
0.595833
0.579167
0.591667
0.591667
0.583333
0.604167
0.579167
0.595833
0.604167
0.579167
0.595833
0.604167
0.583333
0.595833
0.604167
0.579167
0.587500
0.600000
0.583333
0.583333
0.600000
0.583333
0.579167
0.595833
0.579167
0.595833
0.595833
0.579167
0.587500
0.600000
0.604167
0.587500
0.591667
0.595833
0.608333
0.591667
0.587500
0.591667
0.604167
0.591667
0.591667
0.587500
0.600000
0.604167
0.587500
0.587500
0.591667
0.604167
0.587500
0.583333
0.591667
0.600000
0.587500
0.583333
0.591667
0.587500
0.595833
0.604167
0.583333
0.587500
0.591667
0.604167
0.579167
0.583333
0.595833
0.608333
0.583333
0.583333
0.583333
0.595833
0.604167
0.595833
0.583333
0.591667
0.608333
0.587500
0.587500
0.604167
0.583333
0.591667
0.604167
0.579167
0.595833
0.600000
0.583333
0.591667
0.604167
0.591667
0.583333
0.587500
0.600000
0.608333
0.591667
0.587500
0.600000
0.600000
0.587500
0.600000
0.600000
0.579167
0.604167
0.587500
0.587500
0.604167
0.587500
0.595833
0.604167
0.583333
0.595833
0.604167
0.583333
0.600000
0.600000
0.583333
0.604167
0.595833
0.587500
0.604167
0.595833
0.591667
0.608333
0.591667
0.591667
0.600000
0.583333
0.600000
0.591667
0.583333
0.595833
0.595833
0.583333
0.595833
0.600000
0.579167
0.591667
0.595833
0.575000
0.583333
0.595833
0.587500
0.583333
0.587500
0.595833
0.583333
0.579167
0.583333
0.600000
0.579167
0.583333
0.583333
0.600000
0.600000
0.579167
0.579167
0.587500
0.595833
0.600000
0.583333
0.583333
0.587500
0.595833
0.604167
0.583333
0.583333
0.583333
0.604167
0.587500
0.583333
0.600000
0.595833
0.587500
0.587500
0.600000
0.604167
0.587500
0.591667
0.600000
0.608333
0.591667
0.591667
0.591667
0.604167
0.612500
0.591667
0.591667
0.591667
0.604167
0.612500
0.600000
0.591667
0.595833
0.595833
0.612500
0.616667
0.591667
0.595833
0.612500
0.604167
0.591667
0.608333
0.616667
0.604167
0.587500
0.604167
0.612500
0.587500
0.612500
0.604167
0.604167
0.608333
0.587500
0.616667
0.595833
0.612500
0.612500
0.604167
0.612500
0.587500
0.612500
0.583333
0.608333
0.595833
0.600000
0.604167
0.579167
0.608333
0.595833
0.595833
0.600000
0.583333
0.587500
0.591667
0.579167
0.358333
0.237500
0.575000
0.579167
0.583333
0.562500
0.562500
0.575000
0.558333
0.575000
0.562500
0.570833
0.579167
0.558333
0.575000
0.575000
0.575000
0.579167
0.566667
0.591667
0.575000
0.570833
0.587500
0.570833
0.583333
0.266667
0.320833
0.575000
0.570833
0.579167
0.570833
0.575000
0.112500
1.041667
0.579167
0.570833
0.579167
0.570833
0.583333
0.575000
0.575000
0.583333
0.583333
0.587500
0.570833
0.579167
0.579167
0.575000
0.579167
0.583333
0.566667
0.583333
0.566667
0.562500
0.354167
0.220833
0.570833
0.575000
0.491667
0.191667
0.558333
0.450000
0.608333
0.266667
0.887500
0.279167
0.312500
0.558333
0.600000
0.595833
0.562500
1.162500
0.587500
0.579167
0.595833
0.583333
0.600000
0.583333
0.604167
0.583333
0.604167
0.591667
0.600000
0.591667
0.595833
0.587500
0.600000
0.583333
0.587500
0.595833
0.583333
0.604167
0.595833
0.604167
0.600000
0.591667
0.608333
0.587500
0.608333
0.587500
0.612500
0.591667
0.604167
0.600000
0.687500
0.487500
0.595833
0.583333
0.583333
0.562500
0.595833
0.666667
0.487500
0.575000
0.575000
0.687500
0.475000
0.566667
0.583333
0.570833
0.579167
0.570833
0.570833
0.591667
0.566667
0.579167
0.575000
0.575000
0.587500
0.562500
0.570833
0.583333
0.575000
0.575000
0.570833
0.583333
0.570833
0.579167
0.579167
0.570833
0.579167
0.570833
0.579167
0.583333
0.583333
0.575000
0.579167
0.579167
0.575000
0.583333
0.570833
0.583333
0.575000
0.579167
0.570833
0.583333
0.575000
0.575000
0.579167
0.570833
0.579167
0.566667
0.579167
0.575000
0.562500
0.579167
0.562500
0.575000
0.570833
0.566667
0.575000
0.566667
0.570833
0.575000
0.562500
0.579167
0.566667
0.570833
0.570833
0.566667
0.575000
0.566667
0.575000
0.570833
0.566667
0.579167
0.566667
0.570833
0.570833
0.566667
0.575000
0.570833
0.570833
0.583333
0.575000
0.587500
0.579167
0.583333
0.591667
0.583333
0.583333
0.583333
0.595833
0.587500
0.579167
0.604167
0.587500
0.591667
0.595833
0.595833
0.587500
0.591667
0.604167
0.587500
0.600000
0.583333
0.591667
0.600000
0.583333
0.595833
0.587500
0.591667
0.591667
0.591667
0.600000
0.587500
0.600000
0.600000
0.591667
0.604167
0.591667
0.604167
0.591667
0.595833
0.604167
0.591667
0.604167
0.587500
0.604167
0.591667
0.587500
0.608333
0.587500
0.604167
0.591667
0.600000
0.591667
0.591667
0.604167
0.583333
0.600000
0.587500
0.600000
0.583333
0.600000
0.595833
0.591667
0.595833
0.583333
0.595833
0.587500
0.591667
0.591667
0.587500
0.595833
0.579167
0.587500
0.591667
0.583333
0.595833
0.587500
0.583333
0.595833
0.587500
0.587500
0.591667
0.587500
0.600000
0.587500
0.587500
0.595833
0.583333
0.591667
0.595833
0.587500
0.595833
0.583333
0.587500
0.595833
0.579167
0.591667
0.587500
0.579167
0.587500
0.575000
0.583333
0.583333
0.670833
0.479167
0.575000
0.579167
0.575000
0.570833
0.583333
0.575000
0.566667
0.587500
0.566667
0.579167
0.575000
0.566667
0.579167
0.570833
0.583333
0.575000
0.575000
0.579167
0.579167
0.579167
0.570833
0.575000
0.575000
0.583333
0.575000
0.583333
0.570833
0.575000
0.583333
0.570833
0.579167
0.579167
0.575000
0.575000
0.575000
0.579167
0.579167
0.562500
0.575000
0.575000
0.566667
0.587500
0.566667
0.570833
0.587500
0.562500
0.579167
0.575000
0.575000
0.579167
0.575000
0.570833
0.583333
0.566667
0.579167
0.562500
0.579167
0.675000
0.462500
0.575000
0.558333
0.570833
0.575000
0.566667
0.570833
0.575000
0.570833
0.583333
0.558333
0.583333
0.575000
0.566667
0.587500
0.562500
0.587500
0.570833
0.670833
0.491667
0.566667
0.579167
0.583333
0.575000
0.575000
0.587500
0.579167
0.579167
0.587500
0.579167
0.683333
0.475000
0.579167
0.583333
0.591667
0.550000
0.604167
0.575000
0.587500
0.583333
0.566667
0.583333
0.591667
0.583333
0.587500
0.579167
0.583333
0.587500
0.575000
0.587500
0.583333
0.579167
0.587500
0.587500
0.583333
0.583333
0.587500
0.579167
0.591667
0.591667
0.579167
0.591667
0.587500
0.583333
0.600000
0.583333
0.591667
0.604167
0.583333
0.591667
0.595833
0.587500
0.595833
0.591667
0.591667
0.600000
0.600000
0.575000
0.620833
0.595833
0.595833
0.608333
0.595833
0.608333
0.708333
0.470833
0.612500
0.608333
0.595833
0.591667
0.616667
0.591667
0.600000
0.604167
0.604167
0.600000
0.604167
0.608333
0.591667
0.608333
0.591667
0.595833
0.608333
0.587500
0.604167
0.612500
0.591667
0.604167
0.612500
0.591667
0.608333
0.604167
0.595833
0.600000
0.604167
0.595833
0.608333
0.591667
0.600000
0.608333
0.587500
0.604167
0.591667
0.591667
0.604167
0.587500
0.600000
0.587500
0.591667
0.595833
0.583333
0.595833
0.587500
0.591667
0.591667
0.583333
0.595833
0.587500
0.587500
0.591667
0.587500
0.595833
0.591667
0.687500
0.491667
0.579167
0.591667
0.591667
0.583333
0.600000
0.587500
0.587500
0.600000
0.587500
0.600000
0.604167
0.587500
0.604167
0.591667
0.591667
0.604167
0.587500
0.604167
0.595833
0.591667
0.604167
0.587500
0.708333
0.491667
0.591667
0.600000
0.591667
0.591667
0.600000
0.583333
0.604167
0.600000
0.579167
0.591667
0.591667
0.583333
0.591667
0.579167
0.587500
0.587500
0.583333
0.587500
0.583333
0.691667
0.475000
0.591667
0.583333
0.583333
0.595833
0.587500
0.583333
0.591667
0.587500
0.600000
0.587500
0.595833
0.600000
0.583333
0.600000
0.591667
0.712500
0.483333
0.604167
0.595833
0.608333
0.595833
0.612500
0.608333
0.604167
0.616667
0.608333
0.608333
0.604167
0.612500
0.604167
0.608333
0.612500
0.604167
0.616667
0.595833
0.612500
0.608333
0.608333
0.616667
0.604167
0.616667
0.608333
0.616667
0.608333
0.608333
0.608333
0.616667
0.608333
0.612500
0.608333
0.612500
0.616667
0.608333
0.620833
0.608333
0.616667
0.616667
0.612500
0.612500
0.608333
0.612500
0.612500
0.604167
0.608333
0.608333
0.595833
0.616667
0.600000
0.600000
0.604167
0.600000
0.608333
0.600000
0.600000
0.604167
0.595833
0.600000
0.604167
0.591667
0.595833
0.604167
0.591667
0.600000
0.595833
0.600000
0.591667
0.595833
0.600000
0.591667
0.591667
0.604167
0.595833
0.595833
0.591667
0.591667
0.595833
0.591667
0.595833
0.591667
0.591667
0.587500
0.595833
0.587500
0.591667
0.591667
0.591667
0.591667
0.583333
0.591667
0.695833
0.483333
0.587500
0.583333
0.587500
0.583333
0.591667
0.587500
0.587500
0.587500
0.591667
0.587500
0.591667
0.591667
0.591667
0.595833
0.587500
0.595833
0.595833
0.587500
0.595833
0.591667
0.595833
0.591667
0.591667
0.600000
0.591667
0.591667
0.591667
0.595833
0.591667
0.595833
0.591667
0.587500
0.595833
0.587500
0.595833
0.587500
0.591667
0.591667
0.587500
0.595833
0.591667
0.587500
0.595833
0.591667
0.595833
0.600000
0.595833
0.600000
0.604167
0.595833
0.608333
0.595833
0.608333
0.604167
0.608333
0.600000
0.604167
0.604167
0.608333
0.608333
0.604167
0.608333
0.608333
0.608333
0.612500
0.604167
0.612500
0.608333
0.608333
0.608333
0.604167
0.604167
0.608333
0.604167
0.600000
0.604167
0.608333
0.600000
0.604167
0.604167
0.604167
0.604167
0.600000
0.604167
0.608333
0.600000
0.604167
0.604167
0.600000
0.600000
0.600000
0.595833
0.595833
0.600000
0.704167
0.479167
0.595833
0.591667
0.587500
0.595833
0.587500
0.591667
0.591667
0.587500
0.591667
