0.912500
0.916667
0.904167
0.920833
0.933333
0.945833
0.945833
0.920833
0.933333
0.945833
0.941667
0.945833
0.925000
0.937500
0.933333
0.945833
0.945833
0.920833
0.925000
0.937500
0.937500
0.945833
0.945833
0.954167
0.954167
0.933333
0.925000
0.929167
0.933333
0.933333
0.925000
0.912500
0.916667
0.925000
0.937500
0.945833
0.945833
0.950000
0.937500
0.925000
0.945833
0.958333
0.958333
0.962500
0.929167
0.916667
0.925000
0.941667
0.916667
0.895833
0.920833
0.937500
0.945833
0.950000
0.929167
0.925000
0.937500
0.954167
0.962500
0.954167
0.970833
0.933333
0.937500
0.962500
0.958333
0.954167
0.962500
0.916667
0.925000
0.950000
0.958333
0.945833
0.941667
0.912500
0.904167
0.925000
0.937500
0.941667
0.950000
0.916667
0.925000
0.950000
0.945833
0.958333
0.925000
0.912500
0.950000
0.958333
0.958333
0.920833
0.904167
0.925000
0.945833
0.950000
0.908333
0.916667
0.954167
0.958333
0.954167
0.908333
0.920833
0.954167
0.966667
0.970833
0.929167
0.933333
0.941667
0.975000
0.916667
0.920833
0.941667
0.945833
0.945833
0.916667
0.916667
0.950000
0.958333
0.983333
0.920833
0.929167
0.929167
0.904167
0.900000
0.891667
0.887500
0.916667
0.879167
0.887500
0.925000
0.945833
0.954167
0.929167
0.925000
0.954167
0.966667
0.929167
0.937500
0.962500
0.962500
0.929167
0.925000
0.945833
0.954167
0.954167
0.920833
0.933333
0.966667
0.945833
0.904167
0.916667
0.908333
0.895833
0.908333
0.916667
0.941667
0.975000
0.954167
0.950000
0.966667
0.991667
0.995833
0.950000
0.933333
0.933333
0.912500
0.908333
0.916667
0.929167
0.933333
0.900000
0.900000
0.941667
0.941667
1.166667
0.179167
0.429167
0.120833
0.220833
0.329167
0.375000
0.412500
0.520833
0.225000
0.704167
0.429167
0.500000
0.754167
0.283333
0.487500
0.608333
0.212500
0.404167
0.495833
0.395833
0.670833
0.245833
0.700000
0.229167
0.933333
0.912500
0.370833
0.108333
0.408333
0.916667
0.904167
0.900000
0.891667
0.666667
0.237500
0.479167
0.625000
0.729167
0.787500
0.804167
0.225000
0.883333
0.891667
0.920833
0.933333
0.916667
0.920833
0.912500
0.929167
0.250000
0.470833
0.250000
0.462500
0.400000
0.583333
0.308333
0.787500
0.254167
0.770833
0.920833
0.900000
0.900000
0.891667
0.895833
0.891667
0.908333
0.908333
0.908333
0.895833
0.920833
0.883333
0.900000
1.191667
0.608333
0.887500
0.887500
0.916667
0.887500
0.879167
0.895833
0.879167
0.879167
0.895833
0.900000
0.912500
0.908333
0.891667
0.891667
0.883333
0.900000
0.916667
0.916667
0.925000
0.691667
1.066667
0.937500
0.625000
0.300000
0.920833
0.920833
0.929167
0.937500
0.929167
0.904167
0.933333
0.958333
0.945833
0.941667
0.933333
0.945833
0.950000
0.958333
0.966667
0.954167
0.945833
0.975000
0.991667
0.983333
0.937500
0.941667
0.962500
0.970833
0.975000
0.937500
0.937500
0.954167
0.979167
0.983333
0.954167
0.954167
0.970833
0.979167
0.983333
0.991667
0.987500
0.970833
0.954167
0.945833
0.970833
0.962500
0.962500
0.966667
0.991667
0.941667
0.950000
0.979167
0.970833
0.941667
0.916667
0.945833
0.925000
0.929167
0.920833
0.900000
0.916667
0.920833
0.925000
0.920833
0.908333
0.895833
0.908333
0.904167
0.883333
0.895833
0.883333
0.891667
0.904167
0.883333
0.887500
0.904167
0.904167
0.920833
0.920833
0.945833
0.954167
0.941667
0.941667
0.916667
0.920833
0.933333
0.941667
0.941667
0.954167
0.966667
0.966667
0.929167
0.937500
0.954167
0.958333
0.958333
0.925000
0.908333
0.916667
0.900000
0.583333
0.325000
0.583333
0.325000
0.891667
0.891667
0.916667
0.912500
0.920833
0.908333
0.908333
0.925000
0.950000
0.966667
0.983333
0.962500
1.108333
0.791667
0.950000
0.929167
0.929167
0.966667
0.991667
0.995833
0.983333
0.954167
0.933333
0.945833
0.970833
0.991667
0.979167
0.937500
0.941667
0.979167
0.970833
1.008333
0.983333
0.929167
0.941667
0.970833
0.970833
0.929167
0.916667
0.929167
0.941667
0.941667
0.891667
0.929167
0.954167
0.962500
0.970833
0.925000
0.920833
0.945833
0.945833
0.920833
0.912500
0.950000
0.945833
0.945833
0.916667
0.933333
0.912500
0.916667
0.925000
0.900000
0.900000
0.875000
0.887500
0.883333
0.883333
0.875000
0.875000
0.875000
0.204167
0.675000
0.875000
0.887500
0.395833
0.491667
0.862500
0.883333
0.454167
0.400000
0.850000
0.850000
0.829167
0.858333
0.837500
0.837500
0.641667
0.200000
0.854167
0.837500
0.837500
0.829167
0.833333
0.841667
0.845833
0.845833
0.854167
0.854167
0.570833
0.225000
0.225000
0.712500
0.858333
0.870833
0.841667
0.845833
0.854167
0.850000
0.854167
0.858333
0.850000
0.870833
0.850000
0.870833
0.870833
0.858333
0.875000
0.879167
0.870833
0.591667
0.270833
0.850000
0.850000
0.495833
0.366667
0.508333
0.379167
0.887500
0.837500
0.900000
0.841667
0.858333
0.854167
0.858333
0.458333
0.400000
0.845833
0.733333
0.508333
0.445833
0.816667
0.433333
0.329167
1.012500
0.250000
0.475000
0.633333
0.383333
0.845833
0.845833
0.845833
0.845833
0.841667
0.850000
0.841667
0.854167
0.850000
0.850000
0.845833
0.845833
0.845833
0.466667
0.366667
0.841667
0.837500
0.858333
0.241667
0.600000
0.279167
0.554167
0.837500
0.837500
0.837500
0.841667
0.845833
0.841667
0.845833
0.837500
0.829167
0.833333
0.829167
0.837500
0.841667
0.845833
0.845833
0.841667
0.829167
0.825000
0.837500
0.858333
0.850000
0.854167
0.858333
0.850000
0.858333
0.837500
0.829167
0.829167
0.820833
0.833333
0.837500
0.841667
0.841667
0.841667
0.845833
0.829167
0.412500
0.066667
0.379167
0.845833
0.845833
0.854167
0.841667
0.850000
0.845833
0.845833
0.837500
0.850000
0.854167
0.850000
0.854167
0.858333
0.854167
0.845833
0.841667
0.841667
0.462500
0.379167
0.516667
1.133333
0.820833
0.820833
0.841667
0.841667
0.854167
0.875000
0.879167
0.879167
0.887500
0.887500
0.879167
0.879167
0.875000
0.866667
0.870833
0.866667
0.866667
0.883333
0.870833
0.870833
0.883333
0.858333
0.858333
0.858333
0.862500
0.858333
0.829167
0.833333
0.833333
0.833333
0.825000
0.825000
0.837500
0.845833
0.858333
0.837500
0.833333
0.850000
0.845833
0.845833
0.858333
0.845833
0.850000
0.833333
0.841667
0.829167
0.825000
0.833333
0.820833
0.829167
0.833333
0.837500
0.841667
0.850000
0.854167
0.825000
0.837500
0.825000
0.825000
0.820833
0.820833
0.829167
0.645833
1.020833
0.804167
0.820833
0.808333
0.812500
0.816667
0.820833
0.845833
0.858333
0.862500
0.875000
0.850000
0.841667
0.833333
0.875000
0.945833
0.933333
0.916667
0.870833
0.891667
1.008333
0.825000
0.858333
0.870833
0.916667
0.920833
0.912500
0.912500
0.866667
0.908333
0.979167
0.929167
0.925000
0.916667
0.883333
0.883333
0.912500
0.904167
0.904167
0.908333
0.870833
0.870833
0.875000
0.870833
0.862500
0.866667
0.862500
0.850000
0.850000
0.829167
0.825000
0.820833
0.825000
0.829167
0.837500
0.845833
0.858333
0.850000
0.862500
0.845833
0.841667
0.829167
0.829167
0.837500
0.841667
0.850000
0.858333
0.866667
0.870833
0.879167
0.900000
0.895833
0.891667
