0.616667
0.625000
0.620833
0.620833
0.625000
0.625000
0.625000
0.625000
0.629167
0.629167
0.629167
0.629167
0.466667
0.791667
0.633333
0.633333
0.633333
0.633333
0.633333
0.633333
0.629167
0.633333
0.629167
0.633333
0.629167
0.633333
0.625000
0.629167
0.625000
0.629167
0.625000
0.625000
0.529167
0.725000
0.629167
0.625000
0.629167
0.629167
0.625000
0.629167
0.629167
0.625000
0.629167
0.479167
0.770833
0.629167
0.625000
0.625000
0.629167
0.620833
0.629167
0.629167
0.533333
0.700000
0.633333
0.620833
0.620833
0.620833
0.620833
0.616667
0.620833
0.616667
0.612500
0.616667
0.612500
0.612500
0.612500
0.612500
0.612500
0.612500
0.616667
0.612500
0.616667
0.616667
0.620833
0.620833
0.625000
0.625000
0.620833
0.629167
0.620833
0.625000
0.629167
0.625000
0.625000
0.625000
0.620833
0.620833
0.625000
0.616667
0.616667
0.620833
0.612500
0.616667
0.620833
0.612500
0.620833
0.620833
0.620833
0.625000
0.625000
0.625000
0.625000
0.629167
0.625000
0.620833
0.629167
0.625000
0.625000
0.629167
0.625000
0.625000
0.620833
0.625000
0.620833
0.620833
0.625000
0.625000
0.620833
0.625000
0.629167
0.620833
0.620833
0.625000
0.625000
0.620833
0.620833
0.620833
0.625000
0.625000
0.625000
0.533333
0.716667
0.625000
0.625000
0.625000
0.625000
0.620833
0.620833
0.620833
0.620833
0.616667
0.616667
0.620833
0.620833
0.620833
0.620833
0.616667
0.620833
0.616667
0.616667
0.616667
0.620833
0.620833
0.620833
0.620833
0.612500
0.616667
0.620833
0.616667
0.612500
0.620833
0.616667
0.616667
0.612500
0.616667
0.495833
0.737500
0.616667
0.616667
0.616667
0.625000
0.620833
0.620833
0.625000
0.620833
0.620833
0.620833
0.620833
0.620833
0.625000
0.620833
0.620833
0.620833
0.625000
0.620833
0.620833
0.625000
0.620833
0.625000
0.620833
0.620833
0.620833
0.625000
0.625000
0.625000
0.475000
0.770833
0.625000
0.620833
0.620833
0.620833
0.625000
0.620833
0.616667
0.620833
0.620833
0.620833
0.533333
0.683333
0.620833
0.616667
0.612500
0.620833
0.616667
0.620833
0.620833
0.620833
0.616667
0.620833
0.620833
0.625000
0.620833
0.625000
0.629167
0.629167
0.625000
0.629167
0.625000
0.625000
0.620833
0.620833
0.625000
0.620833
0.616667
0.616667
0.616667
0.620833
0.620833
0.625000
0.625000
0.620833
0.625000
0.625000
0.625000
0.625000
0.620833
0.625000
0.620833
0.625000
0.629167
0.620833
0.620833
0.625000
0.620833
0.629167
0.620833
0.625000
0.620833
0.625000
0.625000
0.625000
0.620833
0.620833
0.620833
0.625000
0.620833
0.620833
0.625000
0.625000
0.620833
0.625000
0.620833
0.625000
0.625000
0.620833
0.625000
0.625000
0.620833
0.625000
0.625000
0.620833
0.625000
0.625000
0.620833
0.620833
0.625000
0.620833
0.616667
0.625000
0.620833
0.616667
0.487500
0.754167
0.625000
0.629167
0.620833
0.625000
0.625000
0.625000
0.625000
0.625000
0.625000
0.620833
0.625000
0.625000
0.625000
0.470833
0.737500
0.633333
0.629167
0.625000
0.629167
0.629167
0.625000
0.625000
0.625000
0.629167
0.629167
0.633333
0.633333
0.483333
0.770833
0.629167
0.633333
0.629167
0.629167
0.633333
0.625000
0.633333
0.633333
0.633333
0.633333
0.629167
0.629167
0.629167
0.629167
0.629167
0.629167
0.625000
0.629167
0.629167
0.633333
0.629167
0.625000
0.625000
0.625000
0.625000
0.625000
0.625000
0.620833
0.625000
0.620833
0.625000
0.620833
0.625000
0.625000
0.620833
0.625000
0.625000
0.629167
0.633333
0.633333
0.629167
0.633333
0.633333
0.633333
0.633333
0.625000
0.629167
0.625000
0.625000
0.625000
0.625000
0.625000
0.629167
0.620833
0.625000
0.629167
0.625000
0.625000
0.625000
0.625000
0.625000
0.629167
0.620833
0.625000
0.625000
0.625000
0.620833
0.625000
0.625000
0.629167
0.629167
0.633333
0.633333
0.629167
0.633333
0.629167
0.633333
0.629167
0.620833
0.625000
0.625000
0.620833
0.620833
1.233333
0.620833
0.616667
0.620833
0.620833
0.625000
0.625000
0.620833
0.625000
0.625000
0.620833
0.625000
0.625000
0.620833
0.620833
0.620833
0.616667
0.620833
0.620833
0.620833
0.616667
0.620833
0.620833
0.616667
0.612500
0.612500
0.616667
0.612500
0.616667
0.616667
0.620833
0.616667
0.616667
0.616667
0.620833
0.620833
0.620833
0.620833
0.620833
0.620833
0.625000
0.625000
0.620833
0.620833
0.620833
0.620833
0.620833
0.620833
0.620833
0.620833
0.625000
0.620833
0.625000
0.620833
0.625000
0.625000
0.625000
0.620833
0.625000
0.625000
0.620833
0.625000
0.625000
0.620833
0.625000
0.629167
0.625000
0.620833
0.625000
0.625000
0.620833
0.620833
0.616667
0.620833
0.620833
0.616667
0.620833
0.616667
0.620833
0.620833
0.625000
0.620833
0.620833
0.620833
0.629167
0.620833
0.620833
0.616667
0.620833
0.620833
0.625000
0.620833
0.616667
0.625000
0.620833
0.620833
0.633333
0.629167
0.629167
0.629167
0.625000
0.629167
0.629167
0.625000
0.625000
0.625000
0.625000
0.620833
0.629167
0.625000
0.625000
0.479167
0.766667
0.625000
0.629167
0.629167
0.620833
0.625000
0.625000
0.625000
0.629167
0.625000
0.625000
0.625000
0.625000
0.625000
0.625000
0.625000
0.625000
0.620833
0.625000
0.625000
0.625000
0.629167
0.625000
0.633333
0.625000
0.629167
0.625000
0.633333
0.625000
0.625000
0.629167
0.620833
0.625000
0.625000
0.625000
0.625000
0.629167
0.633333
0.625000
0.625000
0.625000
0.620833
0.625000
0.620833
0.620833
0.625000
0.620833
0.620833
0.625000
0.625000
0.625000
0.620833
0.633333
0.575000
0.675000
0.633333
0.633333
0.625000
0.629167
0.466667
0.745833
0.633333
0.629167
0.625000
0.620833
0.616667
0.620833
0.620833
0.616667
0.612500
0.616667
0.616667
0.616667
0.612500
0.616667
0.612500
0.616667
0.612500
0.612500
0.616667
0.612500
0.616667
0.616667
0.616667
0.620833
0.616667
0.625000
0.454167
0.745833
0.641667
0.633333
0.625000
0.629167
0.625000
0.633333
0.629167
0.629167
0.629167
0.629167
0.629167
0.629167
0.633333
0.629167
0.633333
0.633333
0.633333
0.629167
0.629167
0.629167
0.625000
0.633333
0.625000
0.625000
0.495833
0.745833
0.625000
0.629167
0.620833
0.625000
0.620833
0.625000
0.620833
0.625000
0.620833
0.625000
0.625000
0.620833
0.620833
0.625000
0.625000
0.625000
0.625000
0.625000
0.625000
0.625000
0.620833
0.629167
0.625000
0.625000
0.625000
0.629167
0.625000
0.629167
0.625000
0.625000
0.483333
0.775000
0.625000
0.625000
0.620833
0.625000
0.620833
0.625000
0.620833
0.620833
0.620833
0.620833
0.620833
0.620833
0.616667
0.620833
0.616667
0.487500
0.725000
0.629167
0.616667
0.620833
0.620833
0.616667
0.612500
0.616667
0.612500
0.612500
0.608333
0.608333
0.604167
0.608333
0.604167
0.608333
0.608333
0.604167
0.608333
0.604167
0.612500
0.608333
0.612500
0.612500
0.612500
0.612500
0.616667
0.612500
0.612500
0.612500
0.616667
0.612500
0.616667
0.620833
0.616667
0.516667
0.695833
0.616667
0.616667
0.625000
0.616667
0.616667
0.616667
0.612500
0.462500
0.720833
0.625000
0.608333
0.612500
0.608333
0.612500
0.620833
0.616667
0.620833
0.620833
0.620833
0.620833
0.625000
0.625000
0.629167
0.629167
0.629167
0.629167
0.629167
0.633333
0.625000
0.629167
0.629167
0.625000
0.625000
0.625000
0.625000
0.625000
0.616667
0.620833
0.625000
0.625000
0.620833
0.625000
0.625000
0.620833
0.620833
0.625000
0.629167
0.620833
0.625000
0.625000
0.625000
0.620833
0.620833
0.620833
0.616667
0.616667
0.616667
0.625000
0.616667
0.616667
0.616667
0.616667
0.620833
0.620833
0.620833
0.620833
0.620833
0.620833
0.620833
0.616667
0.625000
0.620833
0.620833
0.620833
0.620833
0.616667
0.625000
0.620833
0.620833
0.625000
0.620833
0.620833
0.625000
0.625000
0.625000
0.620833
0.620833
0.616667
0.620833
0.616667
0.620833
0.616667
0.616667
0.620833
0.612500
0.616667
0.612500
0.612500
0.612500
0.616667
0.612500
0.612500
0.612500
0.608333
0.612500
0.612500
0.616667
0.616667
0.616667
0.616667
0.612500
0.616667
0.625000
0.616667
0.620833
0.616667
0.500000
0.733333
0.616667
0.616667
0.616667
0.612500
0.612500
0.612500
0.612500
0.616667
0.612500
0.612500
0.483333
0.741667
0.612500
0.612500
0.612500
0.608333
0.612500
0.612500
0.612500
0.612500
0.608333
0.604167
0.608333
0.604167
0.604167
0.604167
0.604167
0.604167
0.608333
0.608333
0.612500
0.612500
0.612500
0.612500
0.616667
0.620833
0.612500
0.612500
0.612500
0.612500
0.612500
0.608333
0.608333
0.608333
0.608333
0.608333
0.608333
0.608333
0.608333
0.608333
0.612500
0.612500
0.608333
0.616667
0.612500
0.616667
0.620833
0.620833
0.620833
0.616667
0.616667
0.616667
0.620833
0.616667
0.612500
0.620833
0.612500
0.616667
0.616667
0.616667
0.612500
0.616667
0.616667
0.612500
0.616667
0.620833
0.616667
0.620833
0.620833
0.616667
0.620833
0.620833
0.620833
0.620833
0.620833
0.616667
0.625000
0.620833
0.620833
0.625000
0.620833
0.620833
0.620833
0.625000
0.620833
0.625000
0.625000
0.625000
0.629167
0.625000
0.629167
0.629167
0.625000
0.620833
0.625000
0.620833
0.625000
0.616667
0.620833
0.620833
0.612500
0.620833
0.616667
0.612500
0.612500
0.616667
0.612500
0.612500
0.616667
0.616667
0.616667
0.616667
0.612500
0.620833
0.616667
0.616667
0.616667
0.616667
0.620833
0.620833
0.620833
0.625000
0.629167
0.625000
0.629167
0.625000
0.625000
0.625000
0.629167
0.620833
0.629167
0.620833
0.620833
0.625000
0.625000
0.620833
0.625000
0.625000
0.625000
0.625000
0.620833
0.625000
0.625000
0.475000
0.775000
0.629167
0.625000
0.625000
0.625000
0.625000
0.625000
0.625000
0.625000
0.625000
0.629167
0.620833
0.625000
