0.595833
0.595833
0.450000
0.700000
0.604167
0.595833
0.595833
0.595833
0.591667
0.595833
0.595833
0.591667
0.595833
0.591667
0.595833
0.595833
0.600000
0.595833
0.600000
0.595833
0.600000
0.600000
0.595833
0.595833
0.595833
0.595833
0.591667
0.591667
0.595833
0.591667
0.591667
0.595833
0.591667
0.591667
0.537500
0.645833
0.600000
0.595833
0.458333
0.695833
0.608333
0.595833
0.591667
0.591667
0.591667
0.591667
0.591667
0.587500
0.587500
0.445833
0.691667
0.595833
0.587500
0.587500
0.420833
0.716667
0.604167
0.595833
0.595833
0.591667
0.466667
0.675000
0.600000
0.583333
0.587500
0.587500
0.591667
0.595833
0.600000
0.600000
0.604167
0.604167
0.604167
0.604167
0.604167
0.604167
0.600000
0.604167
0.604167
0.608333
0.604167
0.604167
0.604167
0.604167
0.600000
0.604167
0.600000
0.600000
0.600000
0.595833
0.595833
0.595833
0.437500
0.708333
0.604167
0.595833
0.591667
0.595833
0.600000
0.595833
0.595833
0.600000
0.600000
0.595833
0.600000
0.600000
0.595833
0.595833
0.595833
0.595833
0.595833
0.595833
0.595833
0.591667
0.595833
0.591667
0.591667
0.591667
0.591667
0.600000
0.595833
0.595833
0.595833
0.595833
0.595833
0.591667
0.595833
0.595833
0.591667
0.595833
0.591667
0.591667
0.591667
0.591667
0.591667
0.587500
0.591667
0.587500
0.591667
0.587500
0.591667
0.591667
0.595833
0.591667
0.595833
0.591667
0.595833
0.595833
0.591667
0.595833
0.591667
0.595833
0.591667
0.595833
0.591667
0.595833
0.591667
0.591667
0.595833
0.595833
0.595833
0.591667
0.595833
0.600000
0.600000
0.600000
0.600000
0.604167
0.600000
0.600000
0.604167
0.600000
0.600000
0.600000
0.600000
0.600000
0.595833
0.595833
0.600000
0.595833
0.595833
0.600000
0.600000
0.437500
0.712500
0.608333
0.600000
0.608333
0.600000
0.604167
0.604167
0.604167
0.600000
0.604167
0.600000
0.600000
0.595833
0.595833
0.600000
0.595833
0.595833
0.595833
0.600000
0.604167
0.600000
0.604167
0.466667
0.704167
0.608333
0.604167
0.600000
0.604167
0.600000
0.600000
0.595833
0.600000
0.595833
0.425000
0.675000
0.633333
0.600000
0.591667
0.591667
0.458333
0.700000
0.604167
0.600000
0.600000
0.595833
0.604167
0.600000
0.600000
0.600000
0.595833
0.600000
0.600000
0.600000
0.595833
0.595833
0.595833
0.600000
0.595833
0.595833
0.600000
0.595833
0.595833
0.600000
0.600000
0.595833
0.600000
0.595833
0.604167
0.595833
0.441667
0.704167
0.604167
0.595833
0.591667
0.595833
0.595833
0.595833
0.595833
0.595833
0.595833
0.591667
0.600000
0.591667
0.591667
0.600000
0.600000
0.600000
0.600000
0.600000
0.441667
0.679167
0.633333
0.383333
0.750000
0.608333
0.591667
0.458333
0.691667
0.604167
0.600000
0.600000
0.604167
0.604167
0.604167
0.608333
0.445833
0.716667
0.616667
0.608333
0.608333
0.604167
0.608333
0.604167
0.608333
0.604167
0.441667
0.716667
0.616667
0.600000
0.604167
0.604167
0.604167
0.600000
0.600000
0.604167
0.600000
0.595833
0.600000
0.600000
0.604167
0.600000
0.600000
0.600000
0.600000
0.600000
0.600000
0.600000
0.595833
0.600000
0.595833
0.595833
0.600000
0.595833
0.595833
0.595833
0.595833
0.591667
0.591667
0.595833
0.591667
0.591667
0.595833
0.600000
0.595833
0.600000
0.595833
0.600000
0.600000
0.595833
0.595833
0.600000
0.595833
0.595833
0.470833
0.679167
0.600000
0.591667
0.591667
0.591667
0.591667
0.591667
0.595833
0.600000
0.595833
0.600000
0.454167
0.704167
0.608333
0.600000
0.595833
0.595833
0.600000
0.591667
0.595833
0.445833
0.695833
0.604167
0.591667
0.591667
0.595833
0.595833
0.595833
0.595833
0.595833
0.441667
0.683333
0.625000
0.595833
0.600000
0.595833
0.595833
0.595833
0.595833
0.595833
0.591667
0.595833
0.595833
0.595833
0.591667
0.600000
0.600000
0.425000
0.720833
0.500000
0.679167
0.608333
0.600000
0.462500
0.700000
0.604167
0.595833
0.600000
0.433333
0.679167
0.629167
0.595833
0.595833
0.600000
0.600000
0.445833
0.712500
0.608333
0.604167
0.600000
0.600000
0.595833
0.600000
0.595833
0.595833
0.595833
0.595833
0.595833
0.595833
0.591667
0.450000
0.695833
0.600000
0.591667
0.595833
0.591667
0.600000
0.600000
0.595833
0.600000
0.429167
0.691667
0.629167
0.604167
0.595833
0.600000
0.595833
0.450000
0.700000
0.600000
0.595833
0.595833
0.595833
0.595833
0.591667
0.595833
0.591667
0.595833
0.595833
0.591667
0.595833
0.595833
0.600000
0.595833
0.595833
0.600000
0.595833
0.591667
0.600000
0.458333
0.687500
0.600000
0.600000
0.591667
0.433333
0.704167
0.604167
0.591667
0.595833
0.595833
0.595833
0.600000
0.600000
0.600000
0.462500
0.704167
0.604167
0.595833
0.458333
0.700000
0.600000
0.595833
0.600000
0.595833
0.591667
0.595833
0.595833
0.445833
0.700000
0.600000
0.595833
0.595833
0.591667
0.595833
0.595833
0.595833
0.595833
0.595833
0.595833
0.479167
0.679167
0.600000
0.595833
0.591667
0.591667
0.591667
0.591667
0.591667
0.587500
0.591667
0.591667
0.591667
0.587500
0.591667
0.600000
0.595833
0.591667
0.600000
0.595833
0.595833
0.595833
0.595833
0.595833
0.591667
0.595833
0.591667
0.595833
0.595833
0.591667
0.591667
0.591667
0.587500
0.591667
0.591667
0.591667
0.600000
0.595833
0.600000
0.595833
0.600000
0.600000
0.595833
0.595833
0.595833
0.600000
0.591667
0.591667
0.591667
0.591667
0.595833
0.591667
0.595833
0.458333
0.687500
0.600000
0.600000
0.595833
0.591667
0.600000
0.600000
0.595833
0.595833
0.600000
0.608333
0.600000
0.604167
0.604167
0.600000
0.604167
0.433333
0.695833
0.620833
0.600000
0.600000
0.600000
0.595833
0.595833
0.595833
0.595833
0.595833
0.591667
0.591667
0.595833
0.595833
0.591667
0.595833
0.600000
0.600000
0.600000
0.600000
0.600000
0.604167
0.600000
0.600000
0.595833
0.591667
0.595833
0.587500
0.583333
0.587500
0.595833
0.591667
0.595833
0.595833
0.595833
0.600000
0.600000
0.450000
0.708333
0.612500
0.604167
0.604167
0.604167
0.433333
0.691667
0.629167
0.604167
0.600000
0.595833
0.600000
0.450000
0.700000
0.600000
0.595833
0.595833
0.591667
0.591667
0.591667
0.595833
0.595833
0.595833
0.595833
0.595833
0.591667
0.595833
0.591667
0.591667
0.591667
0.458333
0.687500
0.595833
0.591667
0.591667
0.591667
0.591667
0.591667
0.595833
0.600000
0.600000
0.458333
0.700000
0.604167
0.595833
0.600000
0.595833
0.595833
0.595833
0.595833
0.591667
0.595833
0.591667
0.591667
0.595833
0.595833
0.595833
0.595833
0.458333
0.687500
0.600000
0.595833
0.591667
0.591667
0.595833
0.591667
0.433333
0.695833
0.595833
0.587500
0.583333
0.583333
0.583333
0.583333
0.587500
0.583333
0.583333
0.437500
0.687500
0.612500
0.591667
0.591667
0.591667
0.587500
0.591667
0.587500
0.591667
0.583333
0.587500
0.583333
0.587500
0.454167
0.675000
0.591667
0.587500
0.583333
0.583333
0.583333
0.587500
0.583333
0.587500
0.587500
0.587500
0.583333
0.583333
0.587500
0.587500
0.445833
0.679167
0.591667
0.583333
0.587500
0.579167
0.587500
0.583333
0.583333
0.579167
0.454167
0.679167
0.595833
0.587500
0.587500
0.587500
0.591667
0.587500
0.587500
0.437500
0.691667
0.595833
0.583333
0.591667
0.583333
0.583333
0.583333
0.587500
0.583333
0.583333
0.583333
0.587500
0.587500
0.587500
0.587500
0.591667
0.587500
0.450000
0.687500
0.587500
0.587500
0.579167
0.583333
0.583333
0.583333
0.579167
0.579167
0.445833
0.679167
0.587500
0.583333
0.583333
0.587500
0.583333
0.587500
0.587500
0.587500
0.591667
0.587500
0.587500
0.587500
0.587500
0.583333
0.587500
0.587500
0.583333
0.583333
0.437500
0.666667
0.612500
0.587500
0.587500
0.587500
0.591667
0.587500
0.595833
0.587500
0.587500
0.591667
0.587500
0.587500
0.587500
0.587500
0.583333
0.587500
0.583333
0.583333
0.583333
0.587500
0.583333
0.583333
0.591667
0.587500
0.587500
0.445833
0.662500
0.620833
0.591667
0.587500
0.587500
0.587500
0.587500
0.587500
0.445833
0.679167
0.591667
0.583333
0.583333
0.583333
0.583333
0.587500
0.583333
0.450000
0.679167
0.587500
0.583333
0.579167
0.583333
0.583333
0.583333
0.583333
0.583333
0.462500
0.675000
0.591667
0.583333
0.587500
0.583333
0.587500
0.583333
0.591667
0.429167
0.654167
0.637500
0.591667
0.595833
0.587500
0.591667
0.445833
0.691667
0.600000
0.583333
0.591667
0.587500
0.587500
0.420833
0.658333
0.625000
0.595833
0.583333
0.587500
0.587500
0.595833
0.591667
0.462500
0.683333
0.600000
0.579167
0.425000
0.666667
0.620833
0.579167
0.583333
0.587500
0.583333
0.587500
0.591667
0.475000
0.675000
0.600000
0.591667
0.433333
0.695833
0.600000
0.583333
0.591667
0.587500
0.591667
0.591667
0.587500
0.591667
0.441667
0.695833
0.600000
0.591667
0.587500
0.591667
0.587500
0.450000
0.683333
0.595833
0.587500
0.587500
0.579167
0.433333
0.687500
0.595833
0.587500
0.587500
0.587500
0.591667
0.587500
0.587500
0.587500
0.587500
0.587500
0.583333
0.587500
0.583333
0.583333
0.587500
0.583333
0.587500
0.583333
0.587500
0.583333
0.587500
0.591667
0.587500
0.591667
0.450000
0.691667
0.595833
0.587500
0.591667
0.587500
0.587500
0.587500
0.587500
0.587500
0.587500
0.466667
0.675000
0.595833
0.591667
0.595833
0.595833
0.591667
0.595833
0.591667
0.437500
0.704167
0.595833
0.591667
0.591667
0.591667
0.595833
0.587500
0.591667
0.595833
0.591667
0.595833
0.591667
0.450000
0.691667
0.595833
0.591667
0.591667
0.587500
0.587500
0.437500
0.687500
0.491667
0.650000
0.591667
0.579167
0.416667
0.658333
0.500000
0.666667
0.583333
0.579167
0.441667
0.679167
0.475000
0.666667
0.591667
0.583333
0.433333
0.695833
0.595833
0.587500
0.587500
0.583333
0.583333
0.583333
0.583333
0.583333
0.583333
0.579167
0.579167
0.579167
0.579167
0.575000
0.579167
0.579167
0.575000
0.575000
0.579167
0.579167
0.575000
0.583333
0.579167
0.579167
0.583333
0.579167
0.579167
0.583333
0.575000
0.579167
0.579167
0.579167
0.575000
0.579167
0.575000
0.575000
0.579167
0.575000
0.570833
0.579167
0.579167
0.579167
0.583333
0.583333
0.579167
0.587500
0.583333
0.579167
0.579167
0.583333
0.579167
0.579167
0.575000
0.579167
