0.783333
0.779167
0.762500
0.770833
0.787500
0.795833
0.795833
0.800000
0.800000
0.800000
0.804167
0.812500
0.820833
0.825000
0.816667
0.816667
0.795833
0.800000
0.808333
0.812500
0.808333
0.791667
0.775000
0.779167
0.262500
0.512500
0.362500
0.416667
0.437500
0.345833
0.525000
0.254167
0.570833
0.975000
0.200000
0.570833
0.770833
0.291667
0.283333
0.287500
0.650000
0.754167
0.754167
0.654167
0.266667
0.662500
0.162500
0.325000
0.220833
0.762500
0.754167
0.754167
0.750000
0.750000
0.337500
0.412500
0.758333
0.750000
1.470833
1.508333
0.766667
0.779167
0.766667
0.766667
0.766667
0.762500
0.750000
0.750000
0.745833
0.745833
0.258333
0.479167
0.741667
0.729167
0.729167
0.733333
0.737500
0.733333
0.729167
0.733333
0.733333
0.733333
0.741667
0.741667
0.750000
0.750000
0.745833
0.741667
0.750000
0.762500
0.758333
0.758333
0.762500
0.758333
0.758333
0.754167
0.408333
0.345833
0.745833
0.745833
0.750000
0.745833
0.750000
0.750000
1.400000
0.325000
0.500000
0.737500
0.725000
1.470833
0.783333
0.783333
0.770833
0.212500
0.558333
0.766667
0.758333
0.762500
0.762500
0.762500
0.758333
0.758333
0.754167
0.762500
0.762500
0.762500
0.762500
0.766667
0.279167
0.479167
0.750000
1.500000
0.770833
0.770833
0.775000
0.766667
0.770833
0.762500
0.754167
0.750000
0.754167
0.758333
0.770833
0.766667
0.775000
0.766667
0.758333
0.750000
0.741667
0.508333
0.233333
0.250000
0.491667
0.733333
0.733333
0.725000
0.729167
0.729167
0.733333
0.741667
0.741667
0.741667
0.733333
1.458333
0.766667
0.804167
0.795833
0.800000
0.791667
0.779167
0.770833
0.762500
0.754167
0.745833
0.737500
0.737500
0.745833
0.745833
0.754167
0.750000
0.750000
0.737500
0.737500
0.745833
0.225000
0.516667
0.750000
0.745833
0.733333
0.745833
0.750000
0.750000
0.741667
1.500000
0.791667
0.800000
0.804167
0.812500
0.441667
0.358333
0.300000
0.366667
0.633333
0.258333
0.775000
0.775000
0.779167
0.783333
0.787500
0.791667
0.783333
0.770833
0.766667
0.766667
0.758333
0.750000
0.754167
0.391667
0.179167
0.187500
0.762500
0.766667
0.325000
1.245833
0.712500
0.762500
0.870833
0.637500
0.750000
0.745833
0.745833
0.745833
1.170833
0.304167
0.737500
0.733333
0.737500
0.750000
0.270833
0.266667
0.212500
0.754167
0.754167
0.758333
0.395833
0.358333
0.754167
0.750000
0.750000
0.754167
0.750000
1.179167
1.079167
0.766667
0.766667
0.754167
0.750000
0.291667
0.454167
0.375000
0.366667
0.737500
0.737500
0.741667
0.737500
0.745833
0.758333
0.750000
0.745833
0.750000
0.754167
0.750000
0.750000
0.750000
0.737500
0.737500
0.737500
0.408333
0.333333
0.745833
0.729167
0.741667
0.745833
0.350000
0.395833
0.750000
0.541667
0.208333
0.754167
0.458333
0.312500
0.233333
0.529167
0.766667
0.391667
0.383333
0.775000
0.775000
0.770833
0.766667
0.779167
0.779167
0.770833
0.766667
0.770833
1.554167
0.779167
0.766667
0.775000
0.220833
0.558333
0.779167
1.537500
0.775000
0.775000
0.775000
0.766667
0.775000
0.783333
0.479167
0.295833
0.287500
0.479167
0.775000
0.300000
0.470833
0.783333
0.779167
0.645833
0.908333
0.775000
0.779167
0.787500
1.145833
0.412500
0.775000
0.250000
0.525000
0.966667
0.329167
0.233333
0.770833
0.766667
1.087500
1.187500
1.504167
1.241667
0.245833
2.504167
2.675000
2.050000
0.195833
0.750000
1.475000
0.733333
0.729167
0.325000
0.404167
0.729167
0.729167
0.725000
0.729167
0.729167
0.733333
0.729167
0.729167
0.720833
0.716667
0.366667
0.216667
0.600000
0.254167
0.704167
0.445833
0.262500
0.866667
0.254167
0.295833
0.233333
0.475000
0.708333
0.304167
0.404167
0.341667
1.070833
0.708333
0.712500
0.512500
0.195833
0.333333
0.379167
0.437500
0.270833
0.358333
0.350000
0.716667
0.362500
0.341667
0.700000
0.700000
0.704167
0.700000
0.704167
0.704167
0.704167
0.708333
0.708333
0.712500
0.708333
0.712500
0.712500
0.708333
0.712500
0.712500
0.708333
0.708333
0.216667
0.491667
0.712500
0.287500
0.416667
0.704167
0.645833
0.058333
0.370833
0.333333
0.229167
0.479167
0.350000
0.350000
0.341667
0.525000
0.541667
0.466667
0.237500
0.341667
0.358333
0.704167
0.704167
0.570833
0.325000
0.508333
0.495833
0.370833
0.341667
0.845833
0.741667
0.691667
0.691667
0.700000
0.691667
0.691667
0.695833
0.687500
0.283333
1.095833
0.691667
1.375000
0.691667
0.691667
0.600000
0.233333
0.875000
0.462500
0.350000
0.433333
0.512500
0.345833
0.345833
0.695833
0.695833
0.695833
0.700000
0.708333
0.229167
0.475000
0.229167
0.270833
0.208333
0.712500
0.233333
0.483333
0.720833
0.712500
1.037500
0.583333
0.537500
0.729167
0.720833
0.725000
0.720833
0.704167
0.416667
0.291667
0.270833
0.441667
0.712500
0.725000
0.725000
0.729167
0.737500
0.741667
0.745833
0.758333
0.750000
1.487500
1.200000
1.754167
0.729167
1.458333
2.200000
1.458333
0.729167
0.720833
0.720833
0.708333
0.712500
0.712500
0.716667
0.725000
0.725000
0.720833
0.270833
0.458333
0.225000
0.504167
0.416667
0.304167
0.712500
0.450000
0.270833
0.395833
0.312500
0.408333
0.295833
0.225000
0.491667
0.441667
0.962500
1.416667
0.708333
0.433333
0.983333
0.595833
0.116667
0.712500
0.716667
0.716667
0.287500
0.437500
1.229167
0.200000
0.866667
0.650000
0.633333
0.666667
0.779167
0.725000
0.729167
0.729167
0.725000
1.450000
1.450000
1.462500
0.733333
1.241667
0.954167
1.458333
0.729167
0.733333
0.733333
0.733333
0.729167
0.254167
0.475000
0.733333
0.337500
0.391667
0.491667
0.229167
0.250000
0.466667
0.283333
0.429167
0.708333
0.379167
0.341667
0.520833
0.200000
0.729167
0.375000
0.454167
0.308333
0.337500
0.741667
0.566667
0.183333
0.425000
0.325000
0.466667
0.479167
0.287500
0.475000
0.245833
0.295833
0.754167
0.508333
1.004167
0.254167
0.308333
0.941667
1.116667
0.404167
0.754167
0.525000
0.237500
0.758333
0.762500
0.170833
0.283333
0.495833
0.687500
0.641667
0.754167
0.758333
0.420833
1.087500
1.245833
0.291667
0.962500
0.229167
0.350000
0.770833
1.616667
0.650000
0.737500
0.754167
0.750000
1.479167
1.500000
0.770833
0.775000
0.779167
0.779167
0.775000
0.783333
0.779167
0.308333
0.400000
0.279167
0.558333
0.775000
0.341667
0.437500
0.287500
0.291667
0.204167
0.566667
0.212500
0.783333
0.266667
0.512500
0.270833
0.500000
0.266667
0.508333
0.250000
0.525000
0.720833
0.475000
0.383333
0.350000
0.445833
0.791667
0.766667
0.766667
0.766667
0.258333
0.508333
0.762500
0.762500
0.541667
0.225000
0.770833
0.779167
0.770833
0.766667
0.758333
0.766667
0.762500
0.975000
0.975000
0.333333
0.312500
0.458333
0.779167
0.779167
0.783333
0.779167
0.770833
0.775000
0.775000
0.766667
0.754167
0.300000
1.208333
0.770833
1.520833
0.762500
0.775000
0.770833
0.779167
0.766667
0.770833
0.766667
0.758333
0.745833
1.208333
0.295833
0.754167
0.758333
1.070833
0.533333
0.337500
0.687500
0.391667
0.308333
0.445833
0.758333
0.758333
1.483333
0.733333
0.733333
0.733333
0.745833
0.750000
1.516667
0.766667
0.770833
0.300000
0.462500
0.758333
0.754167
1.491667
1.091667
0.287500
1.050000
0.804167
0.783333
0.779167
1.237500
0.295833
0.758333
0.404167
0.354167
0.275000
1.237500
0.750000
0.754167
0.762500
0.762500
0.770833
0.766667
0.762500
0.770833
0.779167
0.783333
0.779167
0.787500
0.787500
0.775000
0.770833
0.770833
0.770833
0.775000
0.787500
0.800000
0.791667
0.779167
0.333333
0.441667
0.766667
0.766667
0.770833
0.775000
0.762500
0.354167
0.412500
0.366667
0.275000
1.137500
0.487500
0.754167
0.441667
0.300000
0.754167
0.754167
0.525000
0.537500
0.425000
0.750000
0.754167
0.750000
0.750000
0.962500
0.516667
0.750000
0.508333
0.241667
0.462500
0.283333
0.750000
0.754167
0.754167
0.745833
0.754167
0.762500
0.758333
0.758333
0.758333
0.762500
0.766667
0.762500
0.758333
0.766667
0.750000
0.754167
0.750000
0.766667
0.766667
0.762500
0.766667
0.766667
0.758333
0.750000
0.770833
0.800000
0.791667
0.779167
0.779167
0.775000
0.775000
0.770833
0.766667
0.762500
0.762500
0.762500
0.762500
0.762500
0.758333
0.754167
0.745833
0.745833
0.745833
0.745833
0.750000
0.754167
0.745833
0.745833
0.754167
0.541667
0.204167
0.225000
0.275000
0.412500
0.316667
0.262500
0.545833
0.666667
0.500000
0.508333
0.916667
0.304167
0.154167
0.262500
0.575000
0.729167
0.587500
0.575000
0.304167
0.291667
0.437500
0.733333
0.250000
0.483333
0.741667
0.733333
0.725000
0.720833
0.716667
1.445833
0.737500
0.741667
0.745833
0.750000
0.750000
0.754167
0.758333
0.758333
0.758333
0.758333
0.758333
0.758333
0.750000
0.754167
1.045833
1.229167
0.762500
1.104167
0.391667
1.283333
0.991667
0.766667
0.762500
0.762500
0.758333
0.754167
0.758333
0.754167
0.750000
0.745833
0.741667
0.737500
0.733333
0.737500
0.725000
0.645833
