1.025000
0.575000
0.558333
0.520833
0.783333
0.554167
0.791667
0.579167
0.929167
1.066667
0.945833
0.741667
0.754167
0.512500
0.500000
0.525000
0.620833
0.891667
0.537500
0.712500
0.841667
0.500000
0.766667
0.862500
0.541667
0.787500
0.858333
0.962500
1.175000
0.595833
0.716667
0.783333
0.595833
0.637500
0.695833
0.504167
0.800000
0.591667
0.579167
0.700000
0.537500
0.945833
0.979167
1.345833
0.691667
1.000000
0.883333
0.529167
0.987500
0.695833
0.962500
0.604167
0.545833
0.537500
0.537500
0.545833
0.870833
0.683333
0.529167
0.783333
0.866667
1.083333
0.983333
0.529167
0.641667
0.533333
0.491667
1.087500
0.558333
0.866667
0.650000
0.787500
0.691667
0.537500
0.512500
0.612500
0.620833
0.733333
0.600000
0.787500
0.783333
0.954167
0.541667
0.550000
0.791667
0.787500
1.095833
0.837500
0.508333
0.508333
0.504167
0.508333
0.608333
0.612500
0.791667
0.845833
0.866667
0.933333
0.925000
0.720833
0.558333
0.625000
0.570833
0.870833
1.137500
0.650000
0.825000
1.283333
0.700000
0.741667
0.779167
0.858333
0.654167
0.533333
0.470833
0.495833
0.733333
0.866667
1.004167
0.791667
0.537500
0.550000
0.566667
0.920833
0.825000
0.500000
0.533333
0.662500
0.516667
0.516667
0.491667
0.512500
0.758333
0.725000
0.495833
0.529167
0.512500
1.054167
0.933333
0.775000
0.791667
0.512500
0.533333
0.995833
1.037500
0.850000
0.516667
0.512500
0.500000
0.908333
0.641667
0.812500
0.570833
0.537500
0.633333
0.750000
0.762500
0.770833
0.825000
0.512500
0.541667
0.512500
0.879167
0.912500
0.558333
0.583333
0.783333
0.579167
0.654167
0.850000
0.529167
0.504167
0.825000
0.625000
0.941667
0.745833
0.716667
0.637500
0.875000
0.700000
0.491667
1.470833
0.516667
0.975000
1.037500
0.570833
0.958333
1.116667
0.662500
0.725000
0.679167
0.495833
0.766667
1.029167
0.983333
0.675000
0.804167
1.016667
0.687500
0.500000
0.495833
0.541667
0.975000
0.812500
0.762500
0.679167
0.908333
0.808333
0.808333
0.820833
0.979167
0.591667
0.529167
0.758333
0.845833
0.512500
0.483333
0.516667
1.029167
1.504167
1.037500
0.537500
0.695833
0.550000
0.650000
0.541667
0.891667
1.325000
1.120833
0.641667
0.550000
0.512500
0.979167
0.620833
0.508333
0.900000
0.537500
0.650000
0.854167
0.716667
1.037500
0.641667
0.475000
0.529167
0.912500
0.591667
0.733333
0.850000
1.070833
0.883333
0.520833
0.554167
0.550000
0.904167
0.583333
0.495833
0.950000
1.025000
0.679167
0.612500
0.495833
0.620833
1.000000
0.820833
0.791667
0.612500
0.820833
1.079167
1.020833
0.995833
0.975000
0.666667
0.500000
1.012500
1.104167
0.866667
0.650000
0.491667
0.545833
0.529167
1.191667
0.704167
0.754167
1.033333
0.675000
0.466667
0.483333
0.854167
0.520833
0.491667
0.700000
0.833333
0.937500
1.108333
0.554167
0.970833
1.116667
0.550000
0.808333
0.754167
0.537500
1.145833
0.766667
0.475000
0.533333
0.775000
0.500000
1.316667
1.066667
0.783333
1.066667
0.741667
0.858333
0.550000
0.758333
1.241667
1.516667
0.741667
0.487500
0.925000
1.312500
0.850000
0.516667
0.683333
1.279167
0.775000
0.700000
0.537500
0.700000
0.537500
1.062500
0.829167
1.258333
0.625000
0.491667
0.583333
0.516667
0.825000
0.545833
0.658333
0.800000
0.916667
0.600000
0.566667
0.733333
0.491667
0.633333
1.062500
0.562500
1.062500
1.166667
1.004167
0.895833
0.704167
0.550000
0.537500
0.612500
0.516667
0.512500
0.729167
0.679167
0.775000
0.629167
0.462500
0.733333
0.820833
0.770833
0.550000
0.491667
0.920833
0.804167
0.712500
0.891667
0.854167
0.704167
0.466667
0.612500
1.216667
0.987500
0.670833
0.508333
0.529167
0.812500
0.525000
0.512500
0.629167
0.529167
0.820833
0.525000
0.458333
0.487500
0.837500
0.637500
0.537500
0.712500
0.858333
0.825000
0.900000
0.583333
0.458333
0.770833
0.537500
0.691667
0.595833
1.016667
0.966667
0.858333
0.912500
0.529167
0.700000
0.558333
0.487500
0.804167
0.695833
0.662500
0.470833
0.500000
0.841667
0.862500
0.512500
0.520833
0.837500
0.762500
0.483333
0.670833
0.733333
0.529167
0.550000
0.500000
0.545833
1.016667
0.991667
0.595833
0.545833
0.983333
0.616667
0.591667
0.866667
0.875000
0.783333
0.587500
0.712500
0.775000
0.508333
0.533333
0.970833
0.645833
0.725000
0.529167
0.616667
0.666667
0.712500
1.033333
0.862500
0.720833
0.854167
0.550000
0.533333
0.670833
0.879167
1.483333
1.287500
1.250000
0.570833
0.875000
0.620833
0.529167
0.920833
0.625000
0.912500
1.070833
1.191667
1.295833
0.825000
0.520833
0.529167
0.487500
0.970833
0.770833
0.579167
0.833333
0.779167
0.954167
1.300000
1.000000
0.975000
0.637500
0.508333
0.879167
0.737500
0.895833
1.300000
1.545833
1.491667
0.866667
1.033333
1.091667
1.170833
0.908333
0.558333
0.512500
0.500000
0.537500
0.500000
1.108333
0.937500
1.416667
1.058333
0.775000
1.116667
0.695833
0.720833
0.616667
0.900000
0.741667
0.795833
0.566667
0.570833
0.858333
0.904167
0.750000
1.041667
0.937500
0.783333
0.812500
0.525000
0.787500
0.741667
1.141667
1.033333
1.429167
0.629167
1.029167
0.608333
0.508333
0.512500
0.608333
0.895833
0.950000
1.066667
0.579167
0.900000
1.104167
0.795833
0.666667
0.554167
0.787500
1.262500
0.837500
0.737500
0.775000
0.508333
0.595833
0.575000
0.766667
1.070833
0.587500
0.716667
0.620833
0.558333
0.820833
0.720833
0.975000
0.854167
0.729167
0.766667
0.512500
0.762500
0.700000
0.504167
0.520833
0.750000
0.704167
0.537500
0.933333
0.566667
0.712500
0.758333
0.558333
0.483333
0.866667
0.554167
0.516667
0.812500
0.504167
0.587500
0.904167
0.537500
0.512500
0.612500
0.883333
0.625000
0.920833
0.804167
0.733333
0.858333
0.533333
0.475000
0.520833
1.279167
0.604167
0.687500
0.808333
0.704167
0.558333
0.966667
0.645833
0.495833
0.833333
0.541667
0.570833
1.062500
0.691667
0.666667
0.741667
0.725000
0.504167
0.566667
0.612500
0.933333
1.508333
0.954167
0.850000
0.862500
1.058333
1.000000
0.762500
0.650000
0.616667
0.529167
1.012500
0.712500
0.545833
0.800000
0.645833
0.825000
0.587500
0.820833
1.104167
1.237500
1.025000
1.095833
0.575000
0.733333
0.850000
0.654167
0.504167
1.125000
0.812500
0.512500
0.625000
0.975000
0.654167
0.750000
1.433333
1.012500
0.570833
0.733333
0.716667
0.645833
0.512500
1.208333
1.066667
0.895833
0.558333
0.962500
0.658333
0.520833
1.179167
0.800000
0.491667
0.470833
0.850000
0.862500
1.079167
0.937500
0.766667
0.491667
0.504167
0.508333
0.504167
0.600000
0.745833
0.512500
0.516667
0.550000
0.525000
0.708333
0.487500
0.704167
0.791667
0.566667
0.625000
0.550000
0.525000
0.554167
0.491667
0.879167
0.562500
0.837500
1.008333
0.504167
0.679167
0.566667
0.858333
1.037500
1.129167
0.800000
0.712500
0.529167
0.487500
0.758333
1.062500
1.133333
0.995833
1.433333
1.037500
0.695833
0.541667
0.925000
1.266667
0.895833
0.725000
0.875000
0.779167
0.783333
0.595833
0.912500
0.820833
0.658333
0.495833
0.745833
0.595833
0.525000
0.520833
0.850000
0.562500
0.504167
0.916667
0.800000
0.500000
0.483333
0.766667
0.491667
0.529167
0.779167
1.358333
1.025000
0.904167
0.741667
0.641667
0.887500
1.145833
1.300000
0.720833
0.750000
0.854167
0.920833
0.537500
0.775000
1.237500
0.766667
0.833333
0.762500
0.812500
0.558333
0.729167
0.816667
0.558333
0.495833
0.725000
0.750000
0.608333
0.762500
0.754167
0.495833
0.808333
1.070833
0.620833
0.725000
0.587500
0.662500
0.804167
0.879167
0.537500
0.487500
0.975000
0.845833
0.504167
0.462500
0.591667
0.500000
0.525000
0.616667
0.587500
0.495833
0.829167
0.541667
0.825000
1.025000
0.637500
0.550000
0.891667
0.779167
0.491667
0.641667
0.525000
1.200000
1.287500
1.100000
1.245833
0.579167
0.495833
0.829167
0.770833
0.770833
0.525000
0.729167
1.062500
0.820833
0.620833
1.087500
1.029167
0.558333
0.566667
1.216667
0.616667
0.595833
1.058333
