0.741667
1.479167
0.720833
0.737500
0.729167
0.750000
0.716667
0.762500
0.737500
0.745833
0.720833
0.750000
0.737500
0.741667
0.691667
0.695833
0.700000
0.712500
0.708333
1.412500
0.695833
0.979167
1.712500
1.712500
0.854167
0.854167
0.858333
0.854167
0.858333
0.854167
0.858333
0.854167
0.854167
0.858333
0.854167
0.858333
0.854167
0.858333
0.854167
0.854167
0.858333
0.850000
0.775000
0.770833
0.766667
0.762500
0.762500
0.758333
0.758333
0.762500
0.750000
0.754167
0.750000
0.762500
0.733333
1.429167
0.700000
0.741667
0.695833
1.404167
0.729167
0.725000
0.741667
1.458333
0.725000
0.750000
0.741667
0.712500
0.762500
0.612500
0.837500
0.520833
0.941667
0.687500
1.262500
1.075000
1.595833
1.695833
1.712500
0.541667
1.800000
0.604167
2.375000
2.362500
2.370833
2.358333
2.379167
2.345833
0.904167
1.345833
3.612500
2.270833
3.675000
3.070833
0.612500
0.870833
0.637500
0.850000
0.750000
0.612500
0.875000
0.725000
0.754167
0.725000
0.650000
0.820833
0.462500
1.758333
0.708333
1.362500
1.025000
1.579167
1.704167
0.729167
0.741667
0.745833
0.962500
0.725000
0.854167
0.858333
0.854167
0.720833
0.745833
0.729167
0.733333
0.750000
0.733333
0.741667
0.741667
0.741667
0.700000
0.658333
0.750000
1.475000
0.733333
0.737500
0.733333
0.737500
0.737500
0.733333
0.737500
0.741667
0.737500
0.741667
0.737500
0.737500
0.737500
0.741667
0.741667
0.733333
0.845833
0.637500
0.708333
0.650000
0.916667
0.491667
0.716667
0.745833
0.712500
0.741667
0.633333
0.816667
1.445833
0.720833
1.458333
0.716667
1.450000
0.716667
0.695833
1.333333
0.762500
0.683333
0.679167
0.691667
0.720833
0.700000
0.729167
0.716667
1.425000
0.716667
0.691667
0.741667
0.729167
0.687500
0.750000
0.741667
0.695833
0.750000
0.725000
0.666667
0.666667
0.641667
0.712500
0.654167
0.754167
0.737500
0.754167
0.725000
0.737500
0.729167
0.750000
0.708333
0.741667
0.729167
0.641667
0.804167
0.745833
0.687500
0.754167
0.737500
0.737500
0.712500
0.745833
0.720833
0.733333
0.725000
0.737500
0.716667
0.741667
0.708333
0.716667
0.658333
0.683333
0.687500
0.712500
0.712500
0.737500
0.720833
0.733333
0.729167
0.729167
0.737500
0.733333
0.733333
0.733333
0.729167
0.733333
0.733333
0.729167
0.729167
0.729167
0.725000
0.841667
0.729167
1.358333
0.733333
0.729167
0.733333
0.729167
0.691667
0.670833
0.670833
0.820833
0.854167
0.495833
1.466667
1.454167
0.983333
0.995833
0.579167
1.637500
0.729167
0.691667
0.733333
0.658333
0.787500
0.483333
0.954167
0.733333
0.654167
0.775000
0.466667
1.725000
0.633333
1.545833
0.795833
0.879167
0.345833
1.466667
0.737500
0.533333
0.970833
0.691667
0.662500
0.966667
0.725000
0.970833
0.741667
0.533333
1.241667
0.575000
1.454167
0.962500
0.729167
0.854167
0.858333
0.795833
0.700000
0.733333
0.833333
0.733333
0.700000
1.345833
0.745833
0.729167
0.729167
0.745833
0.737500
0.745833
0.733333
0.708333
0.662500
0.641667
0.758333
0.645833
0.762500
0.733333
0.729167
0.737500
0.733333
0.729167
0.729167
0.733333
0.729167
0.733333
0.725000
0.729167
0.833333
0.725000
0.612500
0.841667
0.616667
0.716667
0.729167
0.729167
0.675000
0.737500
0.837500
0.600000
0.716667
0.654167
0.666667
0.954167
0.720833
0.858333
1.687500
0.770833
0.716667
0.737500
0.712500
0.708333
0.770833
0.704167
0.745833
0.558333
0.808333
0.487500
0.875000
0.708333
1.395833
0.712500
0.741667
0.658333
1.045833
0.216667
0.962500
0.716667
0.695833
0.741667
0.500000
1.679167
0.658333
1.262500
0.970833
0.720833
0.691667
1.270833
1.829167
0.608333
1.916667
2.429167
1.579167
1.720833
0.733333
0.729167
0.695833
0.683333
0.620833
0.733333
0.716667
0.729167
0.733333
0.841667
0.729167
0.625000
0.725000
0.737500
0.720833
0.725000
0.837500
0.629167
0.837500
0.725000
0.733333
0.616667
0.695833
0.662500
0.954167
0.725000
0.854167
0.987500
0.662500
0.829167
0.741667
0.950000
0.737500
0.470833
0.800000
0.883333
0.462500
0.716667
0.712500
0.725000
0.650000
0.800000
0.712500
0.704167
0.729167
0.716667
0.675000
0.750000
0.716667
0.683333
0.754167
0.708333
0.937500
0.516667
0.787500
0.895833
0.845833
0.775000
0.708333
0.616667
0.820833
0.716667
0.708333
0.733333
0.700000
0.666667
0.779167
0.729167
0.712500
0.733333
0.583333
0.887500
0.408333
0.879167
0.787500
0.645833
0.479167
1.079167
0.616667
0.737500
0.708333
0.733333
0.704167
1.462500
0.725000
0.954167
0.616667
1.354167
0.466667
1.233333
0.562500
1.850000
0.704167
1.466667
1.416667
0.691667
0.683333
0.695833
0.725000
0.741667
0.733333
0.837500
0.587500
0.770833
0.729167
0.729167
0.729167
0.733333
0.829167
0.712500
0.562500
0.729167
0.612500
0.712500
0.725000
0.725000
0.737500
0.729167
0.729167
0.833333
0.625000
0.725000
0.725000
1.404167
0.795833
0.883333
0.854167
0.845833
0.725000
0.812500
0.887500
0.562500
0.625000
0.712500
0.733333
0.729167
0.700000
0.670833
0.783333
0.683333
0.745833
0.720833
0.729167
0.708333
0.729167
0.708333
1.437500
0.737500
0.716667
0.691667
0.987500
0.475000
0.966667
0.687500
0.445833
0.704167
0.654167
0.966667
0.725000
0.854167
0.795833
0.725000
0.704167
0.741667
0.720833
0.987500
0.462500
0.737500
0.820833
0.870833
0.579167
0.616667
0.954167
0.725000
0.854167
0.858333
0.825000
0.712500
0.733333
0.941667
0.504167
0.725000
0.737500
0.937500
1.404167
0.650000
0.654167
0.691667
0.495833
0.741667
0.733333
1.462500
1.454167
0.729167
0.741667
1.554167
0.654167
0.720833
0.554167
1.054167
0.283333
0.845833
0.475000
1.666667
1.687500
0.479167
1.275000
0.908333
0.700000
0.616667
1.775000
1.908333
2.208333
1.462500
0.716667
0.670833
0.800000
0.958333
0.720833
0.858333
0.854167
0.833333
0.691667
0.720833
0.712500
0.745833
0.729167
0.691667
0.754167
0.700000
0.604167
0.991667
0.720833
0.854167
0.858333
0.854167
0.862500
0.737500
0.733333
0.745833
0.729167
0.958333
0.516667
0.737500
0.737500
0.733333
0.695833
0.666667
0.954167
0.720833
1.625000
0.716667
0.858333
0.854167
0.858333
0.854167
0.858333
0.791667
0.741667
0.704167
0.745833
0.708333
0.962500
0.487500
0.987500
0.466667
0.737500
0.729167
0.708333
0.987500
0.466667
0.929167
0.762500
0.575000
0.875000
0.579167
0.616667
1.450000
0.958333
1.716667
1.004167
0.520833
0.704167
0.687500
0.737500
0.720833
0.700000
0.758333
0.575000
0.829167
0.491667
0.875000
1.379167
0.537500
1.604167
0.720833
0.479167
0.966667
0.725000
0.712500
0.729167
0.683333
0.762500
0.504167
1.666667
0.737500
0.737500
0.679167
0.750000
0.504167
1.087500
1.345833
1.225000
0.725000
0.729167
0.833333
0.625000
0.733333
0.720833
0.679167
0.783333
0.729167
0.729167
0.733333
0.983333
0.437500
0.675000
0.950000
0.725000
1.625000
0.704167
0.950000
0.733333
0.237500
0.841667
0.820833
0.712500
0.729167
0.658333
0.775000
0.733333
0.712500
0.904167
0.258333
1.008333
0.700000
0.695833
0.741667
0.725000
0.720833
1.454167
0.945833
0.425000
0.900000
0.670833
0.408333
0.754167
0.729167
0.720833
0.725000
