1.191667
1.083333
1.087500
1.087500
1.091667
1.083333
1.091667
1.087500
1.083333
1.095833
1.087500
1.087500
1.083333
1.087500
1.087500
0.875000
1.179167
1.091667
1.087500
1.087500
1.083333
1.091667
1.087500
1.091667
1.087500
1.087500
1.087500
1.087500
0.629167
1.187500
1.087500
0.883333
1.183333
1.083333
1.091667
1.087500
1.087500
1.087500
1.087500
1.087500
1.087500
1.087500
1.091667
1.083333
1.091667
1.083333
1.091667
1.091667
1.079167
1.095833
0.525000
1.195833
1.091667
1.087500
1.087500
1.087500
1.087500
1.091667
1.087500
1.083333
1.091667
1.095833
1.075000
1.087500
1.091667
1.087500
1.091667
1.087500
1.083333
1.091667
1.087500
0.925000
1.191667
1.091667
1.087500
1.083333
1.087500
1.091667
1.108333
1.066667
1.091667
1.087500
1.104167
1.066667
1.095833
1.083333
1.087500
1.087500
1.087500
1.087500
1.087500
1.087500
1.091667
1.087500
1.108333
1.066667
1.087500
1.104167
1.070833
1.087500
1.087500
1.087500
1.091667
1.095833
1.079167
1.087500
1.108333
0.504167
1.187500
1.087500
1.087500
1.087500
1.087500
1.087500
0.541667
1.187500
1.087500
1.087500
1.083333
1.091667
1.087500
1.091667
1.083333
1.091667
0.983333
1.183333
1.091667
1.016667
1.116667
1.083333
0.962500
1.191667
1.091667
1.083333
1.091667
1.087500
1.087500
1.087500
1.087500
1.079167
0.475000
1.187500
1.087500
1.091667
1.087500
1.087500
1.087500
1.087500
1.087500
1.087500
1.091667
1.083333
1.091667
1.087500
1.087500
1.087500
1.091667
1.083333
1.087500
0.620833
0.466667
1.087500
0.579167
0.512500
1.083333
1.091667
1.087500
1.087500
1.087500
1.087500
1.087500
1.087500
1.087500
1.091667
1.087500
1.087500
0.962500
1.187500
1.087500
1.087500
1.091667
1.083333
0.737500
1.183333
1.087500
1.091667
1.087500
1.087500
1.087500
1.087500
1.087500
1.087500
1.087500
1.091667
1.083333
1.091667
1.083333
1.091667
1.087500
1.087500
1.087500
1.087500
1.087500
1.087500
1.091667
1.083333
1.091667
1.087500
1.087500
1.087500
1.087500
1.087500
1.087500
1.087500
1.087500
1.091667
1.087500
1.083333
1.087500
1.095833
1.079167
1.091667
1.087500
1.087500
1.091667
0.954167
1.187500
1.087500
1.087500
1.087500
1.091667
1.083333
1.091667
1.087500
1.087500
0.991667
1.183333
1.087500
1.087500
1.087500
1.087500
1.091667
1.083333
1.083333
1.095833
1.087500
0.970833
0.558333
1.187500
1.091667
1.087500
1.087500
1.087500
1.087500
1.087500
1.087500
1.083333
0.545833
1.187500
1.087500
1.087500
1.091667
1.083333
1.091667
1.087500
1.100000
1.075000
1.087500
1.087500
1.087500
1.087500
1.087500
1.091667
1.083333
1.091667
1.087500
1.087500
1.087500
1.087500
1.087500
1.087500
1.087500
0.916667
1.187500
1.087500
1.091667
1.083333
1.091667
1.087500
1.087500
1.087500
1.087500
1.087500
1.087500
1.087500
1.091667
1.083333
1.091667
1.087500
1.087500
1.087500
1.087500
1.087500
1.087500
1.087500
1.087500
1.087500
1.091667
1.083333
1.095833
1.083333
1.087500
1.087500
1.091667
1.083333
1.091667
1.087500
1.087500
1.087500
1.087500
1.087500
1.087500
1.087500
1.091667
1.083333
0.975000
0.554167
1.183333
1.087500
1.087500
1.087500
1.091667
1.087500
1.087500
1.008333
1.166667
1.087500
1.087500
1.012500
1.162500
1.091667
1.083333
1.087500
1.091667
1.087500
1.087500
1.108333
1.066667
1.087500
1.091667
1.083333
1.091667
1.108333
1.066667
1.087500
1.087500
1.087500
1.087500
1.087500
1.087500
1.091667
1.083333
1.091667
1.087500
1.087500
1.087500
1.087500
1.087500
1.087500
1.091667
1.083333
1.091667
1.087500
1.104167
1.070833
1.087500
1.087500
1.087500
1.087500
1.091667
1.083333
1.091667
0.670833
1.183333
1.087500
1.087500
1.087500
1.091667
1.083333
1.091667
1.087500
1.087500
1.087500
1.087500
1.087500
1.087500
1.087500
1.087500
1.091667
1.083333
1.091667
1.087500
1.087500
1.087500
1.087500
1.087500
1.108333
1.066667
1.087500
1.087500
1.091667
1.087500
1.087500
1.087500
1.087500
1.087500
1.087500
1.091667
1.083333
1.091667
1.087500
1.087500
1.083333
1.091667
1.087500
1.087500
1.087500
1.091667
1.100000
1.075000
1.087500
1.087500
1.087500
1.087500
1.108333
0.625000
1.187500
1.087500
1.087500
1.087500
1.087500
1.087500
1.087500
1.091667
1.083333
1.087500
1.091667
1.087500
1.087500
1.087500
1.087500
1.000000
1.175000
1.091667
1.083333
1.091667
1.087500
1.087500
1.087500
1.087500
1.087500
1.087500
1.087500
1.087500
1.087500
1.091667
1.087500
1.087500
1.087500
0.837500
1.187500
1.087500
1.087500
1.091667
1.087500
1.087500
1.087500
1.087500
1.091667
1.083333
1.091667
1.087500
0.779167
1.187500
1.087500
1.087500
1.087500
1.091667
1.083333
1.091667
1.087500
1.087500
1.087500
1.087500
1.087500
1.087500
1.087500
1.091667
1.083333
1.091667
1.087500
1.087500
1.087500
1.091667
1.087500
1.087500
1.087500
1.087500
1.091667
1.083333
1.091667
1.087500
1.087500
1.087500
1.087500
1.087500
1.087500
1.091667
1.083333
1.087500
1.091667
1.087500
1.091667
1.087500
1.091667
1.087500
1.091667
1.083333
1.087500
1.091667
1.087500
1.087500
1.087500
1.087500
1.087500
1.087500
1.087500
1.087500
1.091667
1.083333
1.091667
1.087500
1.087500
1.087500
1.087500
1.087500
1.087500
1.087500
1.087500
1.091667
1.087500
1.087500
1.087500
1.087500
1.087500
1.091667
1.083333
1.104167
1.075000
1.083333
1.091667
1.087500
1.087500
1.087500
1.087500
1.087500
1.087500
1.087500
1.091667
1.087500
1.087500
1.087500
1.087500
1.087500
1.087500
1.087500
1.087500
1.091667
1.083333
1.087500
