0.566667
0.570833
0.570833
0.570833
0.570833
0.570833
0.570833
0.575000
0.575000
0.579167
0.579167
0.575000
0.575000
0.575000
0.579167
0.575000
0.575000
0.575000
0.570833
0.575000
0.575000
0.583333
0.579167
0.583333
0.579167
0.579167
0.579167
0.579167
0.579167
0.583333
0.583333
0.579167
0.579167
0.575000
0.579167
0.579167
0.575000
0.579167
0.579167
0.570833
0.575000
0.579167
0.575000
0.579167
0.579167
0.575000
0.579167
0.575000
0.579167
0.579167
0.583333
0.579167
0.575000
0.579167
0.579167
0.579167
0.575000
0.575000
0.575000
0.570833
0.575000
0.575000
0.575000
0.570833
0.570833
0.566667
0.566667
0.570833
0.566667
0.566667
0.566667
0.562500
0.562500
0.566667
0.566667
0.562500
0.566667
0.566667
0.566667
0.566667
0.566667
0.570833
0.570833
0.570833
0.570833
0.566667
0.570833
0.570833
0.575000
0.570833
0.575000
0.575000
0.575000
0.579167
0.579167
0.579167
0.575000
0.575000
0.575000
0.570833
0.575000
0.570833
0.575000
0.566667
0.570833
0.462500
0.641667
0.579167
0.570833
0.575000
0.570833
0.570833
0.570833
0.570833
0.570833
0.575000
0.570833
0.570833
0.566667
0.570833
0.570833
0.570833
0.570833
0.570833
0.566667
0.570833
0.566667
1.141667
0.570833
0.566667
0.570833
0.566667
0.566667
0.566667
0.566667
0.570833
0.566667
0.570833
0.570833
0.570833
0.575000
0.575000
0.575000
0.575000
0.570833
0.575000
0.575000
0.570833
0.575000
0.570833
0.566667
0.570833
0.570833
0.566667
0.570833
0.566667
0.566667
0.562500
0.570833
0.566667
0.566667
0.566667
0.566667
0.562500
0.562500
0.566667
0.566667
0.566667
0.566667
0.562500
0.566667
0.562500
0.562500
0.570833
0.566667
0.570833
0.566667
0.566667
0.566667
0.566667
0.566667
0.566667
0.566667
0.566667
0.566667
0.562500
0.570833
0.570833
0.566667
0.566667
0.566667
0.566667
0.566667
0.566667
0.570833
0.570833
0.570833
0.570833
0.570833
0.566667
0.570833
0.570833
0.570833
0.570833
0.566667
0.570833
0.570833
0.570833
0.566667
0.570833
0.566667
0.566667
0.570833
0.570833
0.566667
0.570833
0.566667
0.566667
0.566667
0.570833
0.570833
0.570833
0.566667
0.570833
0.566667
0.566667
0.575000
0.570833
0.570833
0.570833
0.570833
0.570833
0.570833
0.570833
0.570833
0.570833
0.566667
0.570833
0.562500
0.570833
0.566667
0.570833
0.566667
0.570833
0.566667
0.566667
0.566667
0.570833
0.566667
0.570833
0.566667
0.566667
0.566667
0.566667
0.566667
0.566667
0.566667
0.570833
0.562500
0.570833
0.566667
0.575000
0.570833
0.575000
0.570833
0.570833
0.570833
0.575000
0.570833
0.570833
0.570833
0.570833
0.566667
0.570833
0.570833
0.570833
0.566667
0.566667
0.566667
0.562500
0.562500
0.566667
0.562500
0.566667
0.562500
0.562500
0.562500
0.566667
0.566667
0.566667
0.562500
0.566667
0.566667
0.562500
0.566667
0.566667
0.562500
0.562500
0.562500
0.558333
0.562500
0.562500
0.558333
0.558333
0.554167
0.558333
0.554167
0.562500
0.558333
0.554167
0.558333
0.558333
0.558333
0.558333
0.562500
0.558333
0.558333
0.558333
0.554167
0.558333
0.562500
0.558333
0.558333
0.554167
0.558333
0.558333
0.562500
0.562500
0.562500
0.562500
0.562500
0.558333
0.566667
0.566667
0.562500
0.562500
0.562500
0.558333
0.558333
0.562500
0.562500
0.558333
0.562500
0.558333
0.558333
0.558333
0.562500
0.562500
0.558333
0.566667
0.554167
0.558333
0.558333
0.558333
0.562500
0.558333
0.558333
0.558333
0.558333
0.558333
0.558333
0.562500
0.558333
0.558333
0.554167
0.558333
0.558333
0.562500
0.554167
0.558333
0.554167
0.558333
0.554167
0.562500
0.554167
0.558333
0.554167
0.554167
0.554167
0.558333
0.554167
0.554167
0.554167
0.554167
0.558333
0.554167
0.558333
0.554167
0.554167
0.558333
0.554167
0.554167
0.554167
0.550000
0.558333
0.554167
0.558333
0.554167
0.558333
0.554167
0.558333
0.562500
0.562500
0.562500
0.562500
0.562500
0.562500
0.558333
0.566667
0.562500
0.566667
0.566667
0.566667
0.566667
0.566667
0.570833
0.566667
0.566667
0.566667
0.562500
0.558333
0.562500
0.562500
0.558333
0.558333
0.558333
0.558333
0.554167
0.554167
0.558333
0.558333
0.554167
0.554167
0.554167
0.554167
0.554167
0.554167
0.558333
0.554167
0.558333
0.554167
0.558333
0.554167
0.562500
0.558333
0.558333
0.554167
0.558333
0.554167
0.558333
0.554167
0.562500
0.558333
0.558333
0.558333
0.558333
0.558333
0.558333
0.558333
0.558333
0.558333
0.558333
0.558333
0.554167
0.558333
0.558333
0.558333
0.562500
0.558333
0.558333
0.554167
0.558333
0.558333
0.558333
0.558333
0.558333
0.558333
0.558333
0.562500
0.558333
0.562500
0.562500
0.562500
0.566667
0.562500
0.566667
1.129167
0.562500
0.562500
0.562500
0.562500
0.566667
0.562500
0.558333
0.558333
0.558333
0.562500
0.562500
0.558333
0.558333
0.558333
0.554167
0.554167
0.554167
0.558333
0.554167
0.554167
0.554167
0.554167
0.554167
0.554167
0.554167
0.554167
0.554167
0.550000
0.554167
0.554167
0.554167
0.554167
0.558333
0.558333
0.554167
0.558333
0.554167
0.558333
0.558333
0.558333
0.554167
0.558333
0.554167
0.558333
0.562500
0.558333
0.558333
0.562500
0.554167
0.558333
0.554167
0.562500
0.554167
0.558333
0.558333
0.554167
0.554167
0.558333
0.554167
0.558333
0.554167
0.558333
0.554167
0.554167
0.554167
0.558333
0.554167
0.558333
0.554167
0.558333
0.554167
0.558333
0.558333
0.558333
0.554167
0.558333
0.558333
0.562500
0.562500
0.558333
0.562500
0.558333
0.562500
0.562500
0.558333
0.562500
0.562500
0.562500
0.562500
0.562500
0.562500
0.558333
0.562500
0.562500
0.562500
0.562500
0.558333
0.562500
0.554167
0.562500
0.558333
0.554167
0.558333
0.554167
0.554167
0.558333
0.554167
0.558333
0.554167
0.554167
0.554167
0.554167
0.558333
0.554167
0.558333
0.554167
0.554167
0.554167
0.554167
0.558333
0.554167
0.554167
0.554167
0.554167
0.554167
0.554167
0.558333
0.533333
0.570833
0.554167
0.554167
0.550000
0.554167
0.554167
0.554167
0.554167
0.550000
0.554167
0.558333
0.554167
0.554167
0.558333
0.554167
0.554167
0.554167
0.558333
0.558333
0.558333
0.558333
0.558333
0.554167
0.562500
0.562500
0.562500
0.562500
0.566667
0.562500
0.562500
0.562500
0.566667
0.566667
0.562500
0.562500
0.566667
0.562500
0.562500
0.562500
0.562500
0.562500
0.562500
0.562500
0.558333
0.562500
0.558333
0.562500
0.558333
0.554167
0.558333
0.558333
0.558333
0.558333
0.562500
0.558333
0.562500
0.562500
0.562500
0.562500
0.562500
0.566667
0.562500
0.566667
0.562500
0.570833
0.566667
0.566667
0.566667
0.566667
0.562500
0.566667
0.570833
0.566667
0.566667
0.566667
0.566667
0.570833
0.570833
0.570833
0.570833
0.575000
0.570833
0.570833
0.575000
0.575000
0.575000
0.579167
0.575000
0.575000
0.575000
0.579167
0.575000
0.579167
0.575000
0.570833
0.575000
0.579167
0.570833
0.575000
0.570833
0.570833
0.570833
0.570833
0.575000
0.570833
0.575000
0.570833
0.570833
1.145833
0.575000
0.570833
0.575000
0.570833
0.570833
0.570833
0.575000
0.570833
0.566667
0.566667
0.566667
0.562500
0.566667
0.566667
0.375000
0.716667
0.570833
0.570833
0.566667
0.566667
0.562500
0.566667
0.562500
0.566667
0.566667
0.570833
0.566667
0.570833
0.575000
0.575000
0.579167
0.575000
0.570833
0.575000
0.579167
0.579167
0.575000
0.575000
0.575000
0.575000
0.575000
0.570833
0.570833
0.570833
0.575000
0.570833
0.570833
0.566667
0.575000
0.570833
0.570833
0.570833
0.570833
0.570833
0.570833
0.570833
0.570833
0.566667
0.570833
0.570833
0.570833
0.570833
0.570833
0.575000
0.570833
0.570833
0.570833
0.566667
0.570833
0.566667
0.566667
0.562500
0.562500
0.562500
0.566667
0.558333
0.562500
0.562500
0.562500
0.566667
0.570833
0.570833
0.570833
0.570833
0.575000
0.570833
0.575000
0.575000
0.579167
0.575000
0.570833
0.575000
0.566667
0.570833
0.566667
0.570833
0.566667
1.133333
0.562500
0.570833
0.570833
0.570833
0.566667
0.566667
0.566667
0.570833
0.566667
0.566667
0.570833
0.562500
0.566667
0.562500
0.562500
0.570833
0.566667
0.566667
0.566667
0.562500
0.566667
0.566667
0.566667
0.562500
0.566667
0.562500
0.566667
0.566667
0.566667
0.566667
0.566667
0.562500
0.562500
0.566667
0.566667
0.558333
0.562500
0.566667
0.562500
0.562500
0.562500
0.566667
0.562500
0.562500
0.562500
0.562500
0.562500
0.558333
0.562500
0.566667
0.566667
0.562500
0.562500
0.562500
0.562500
0.558333
0.566667
0.562500
0.558333
0.562500
0.558333
0.558333
0.562500
0.558333
0.558333
0.558333
0.558333
0.566667
0.562500
0.566667
0.566667
0.562500
0.562500
0.570833
0.566667
0.566667
0.570833
0.570833
0.570833
0.566667
0.570833
0.575000
0.575000
0.566667
0.570833
0.579167
0.575000
0.575000
0.566667
0.575000
0.570833
0.575000
0.575000
0.579167
0.579167
0.575000
0.575000
0.579167
0.575000
0.583333
0.579167
0.575000
0.566667
0.575000
0.570833
0.566667
0.570833
0.566667
0.570833
0.570833
0.566667
0.562500
0.566667
0.566667
0.562500
0.566667
0.562500
0.566667
0.562500
0.562500
0.562500
0.562500
0.562500
0.558333
0.558333
0.562500
0.558333
0.558333
0.554167
0.558333
0.554167
0.558333
0.554167
0.554167
0.550000
0.558333
0.554167
0.554167
0.558333
0.550000
0.554167
0.554167
0.554167
0.550000
0.550000
0.554167
0.558333
0.554167
0.558333
0.554167
0.558333
0.562500
0.562500
0.558333
0.562500
0.562500
0.566667
0.562500
0.558333
0.566667
0.566667
0.566667
0.570833
0.562500
0.558333
0.566667
0.562500
0.562500
0.562500
0.562500
0.558333
0.562500
0.566667
0.562500
0.562500
0.562500
0.558333
0.558333
0.558333
0.554167
0.558333
0.554167
0.554167
0.558333
0.554167
0.550000
0.554167
0.550000
0.550000
0.550000
0.554167
0.550000
0.554167
0.550000
0.550000
0.554167
0.550000
0.550000
0.554167
0.550000
0.554167
0.550000
0.554167
0.550000
0.550000
0.554167
0.554167
0.550000
0.554167
0.554167
0.554167
0.554167
0.558333
0.558333
0.562500
0.491667
0.620833
0.554167
0.558333
0.558333
0.558333
0.558333
0.558333
0.558333
0.554167
0.554167
0.241667
0.316667
0.558333
0.558333
0.558333
0.554167
0.558333
0.558333
0.558333
0.558333
0.558333
0.558333
0.558333
0.562500
0.558333
0.558333
0.558333
0.558333
0.558333
0.558333
0.554167
0.558333
0.554167
0.558333
0.554167
0.554167
0.558333
0.558333
0.554167
0.554167
0.558333
0.554167
0.550000
0.554167
0.554167
0.554167
0.550000
0.554167
0.554167
0.558333
0.554167
0.554167
0.558333
0.554167
0.554167
0.550000
0.554167
0.554167
0.550000
0.550000
0.550000
0.550000
0.550000
0.554167
0.541667
0.550000
