1.212500
0.504167
1.208333
0.508333
1.212500
0.558333
0.554167
0.920833
1.275000
0.933333
0.941667
0.929167
0.912500
0.929167
0.920833
0.912500
0.920833
0.912500
0.900000
0.912500
0.908333
0.900000
0.904167
0.900000
0.895833
0.891667
0.895833
0.891667
0.887500
0.891667
0.887500
0.887500
0.883333
0.887500
0.883333
0.879167
0.883333
0.879167
0.879167
0.875000
0.887500
0.887500
0.887500
0.900000
0.895833
0.895833
0.895833
0.904167
0.900000
0.895833
0.895833
0.504167
0.387500
0.887500
0.479167
1.170833
0.504167
0.845833
0.650000
0.445833
1.179167
0.495833
0.625000
1.462500
0.925000
0.495833
0.362500
0.300000
1.787500
0.933333
0.508333
0.629167
0.812500
2.408333
0.850000
0.908333
0.495833
0.358333
0.300000
0.604167
0.487500
0.412500
0.358333
0.316667
0.358333
1.245833
0.875000
0.537500
0.579167
0.770833
1.229167
0.812500
0.795833
1.312500
0.512500
0.595833
1.058333
0.470833
1.279167
0.500000
0.620833
0.845833
0.587500
0.550000
0.604167
1.320833
0.962500
0.941667
0.933333
0.908333
0.920833
0.925000
0.483333
1.241667
0.504167
0.683333
0.866667
1.366667
0.891667
0.812500
1.166667
0.504167
1.212500
0.504167
0.608333
0.795833
0.562500
0.579167
1.275000
0.925000
0.891667
0.887500
0.879167
0.875000
0.879167
0.875000
0.875000
0.466667
1.208333
0.491667
0.600000
1.762500
0.508333
0.620833
0.633333
0.404167
0.362500
0.345833
0.312500
0.350000
0.354167
0.337500
0.350000
0.354167
0.350000
0.345833
0.350000
0.354167
0.354167
0.350000
0.354167
0.354167
0.350000
0.358333
0.358333
0.350000
0.354167
0.354167
0.358333
0.358333
0.358333
0.354167
0.358333
0.358333
0.354167
0.358333
0.358333
0.354167
0.358333
0.358333
0.362500
0.362500
0.358333
0.354167
0.362500
0.358333
0.358333
0.362500
0.358333
0.362500
0.358333
0.358333
0.362500
0.358333
0.362500
0.358333
1.433333
0.950000
0.879167
0.879167
0.475000
1.245833
0.458333
0.341667
0.341667
0.345833
0.341667
0.354167
0.375000
0.420833
0.495833
0.404167
0.366667
0.366667
0.354167
0.383333
0.379167
0.387500
0.375000
0.420833
0.391667
0.362500
0.350000
0.470833
0.625000
0.566667
0.537500
0.516667
0.512500
0.495833
0.504167
0.512500
0.504167
0.508333
0.504167
0.504167
0.504167
0.504167
0.512500
0.512500
0.500000
0.508333
0.495833
0.500000
0.512500
0.500000
0.508333
0.508333
0.487500
0.508333
0.504167
0.504167
0.479167
0.483333
0.504167
0.500000
0.491667
0.508333
0.508333
0.483333
0.508333
0.491667
0.495833
0.508333
0.479167
0.508333
0.529167
0.487500
0.500000
1.420833
0.995833
0.979167
0.979167
0.941667
0.950000
0.945833
0.954167
0.937500
0.950000
0.945833
0.941667
0.937500
0.945833
0.937500
0.929167
0.462500
1.204167
0.950000
0.470833
0.616667
0.712500
0.587500
1.437500
0.787500
0.645833
0.437500
1.208333
0.483333
0.337500
0.308333
1.608333
0.470833
1.316667
0.495833
0.629167
0.541667
0.375000
0.375000
0.345833
0.308333
0.325000
0.345833
0.341667
0.333333
0.329167
0.333333
0.354167
0.345833
0.341667
0.341667
0.350000
0.341667
0.350000
0.345833
0.345833
0.341667
0.350000
0.345833
0.345833
0.350000
0.341667
1.345833
0.475000
1.375000
0.958333
0.908333
0.450000
0.333333
0.320833
0.304167
0.279167
0.287500
0.462500
1.354167
0.479167
1.295833
0.475000
1.279167
0.475000
1.266667
0.479167
1.262500
0.475000
1.258333
0.475000
1.250000
0.479167
1.250000
0.475000
1.237500
0.479167
1.237500
0.479167
1.233333
0.483333
1.225000
0.887500
0.891667
0.879167
0.462500
0.354167
0.341667
0.329167
1.466667
0.470833
0.362500
0.341667
0.320833
0.358333
0.366667
0.345833
0.350000
0.345833
0.350000
0.354167
0.358333
0.354167
0.354167
0.358333
0.354167
0.350000
0.354167
0.354167
0.362500
0.354167
0.358333
0.358333
0.362500
0.345833
0.358333
0.370833
0.358333
0.354167
0.362500
0.362500
0.362500
0.358333
0.366667
0.366667
0.358333
0.358333
0.366667
0.362500
0.362500
0.362500
0.362500
0.366667
0.366667
0.358333
0.362500
0.366667
0.366667
0.354167
0.350000
0.341667
0.345833
0.354167
0.350000
0.366667
0.420833
0.379167
0.354167
0.354167
1.150000
0.450000
0.358333
0.329167
1.295833
0.450000
0.354167
0.333333
0.333333
0.354167
0.554167
0.387500
0.350000
0.375000
0.362500
0.354167
0.333333
0.316667
0.337500
0.358333
0.358333
0.354167
0.358333
0.420833
0.420833
0.433333
0.366667
0.350000
0.350000
0.391667
0.462500
0.400000
0.458333
0.425000
0.454167
1.595833
0.941667
0.929167
0.941667
0.933333
0.929167
0.929167
0.937500
0.916667
0.925000
0.916667
0.920833
0.920833
0.912500
0.904167
0.912500
0.908333
0.904167
0.904167
0.904167
0.904167
0.900000
0.900000
0.895833
0.900000
0.895833
0.470833
1.262500
0.891667
0.904167
0.466667
1.212500
0.475000
1.250000
0.487500
1.195833
0.487500
0.350000
0.337500
0.341667
0.329167
0.341667
0.366667
0.362500
0.354167
0.366667
0.345833
0.350000
0.350000
1.612500
0.483333
0.370833
0.341667
0.329167
1.508333
0.475000
0.341667
0.316667
0.325000
0.341667
0.433333
0.379167
0.320833
0.312500
0.358333
0.379167
0.362500
0.366667
0.354167
0.345833
0.345833
0.354167
0.412500
0.370833
0.383333
0.370833
0.358333
0.366667
0.341667
0.366667
0.362500
0.320833
0.329167
0.370833
0.395833
0.354167
0.325000
0.412500
0.404167
0.366667
0.379167
0.541667
0.420833
0.370833
0.387500
0.366667
0.350000
0.370833
0.408333
0.391667
0.362500
0.354167
0.362500
0.370833
0.375000
0.391667
0.412500
0.404167
0.420833
0.395833
0.358333
0.354167
0.383333
0.354167
0.341667
0.350000
0.341667
0.354167
0.420833
0.370833
0.341667
0.341667
0.383333
0.416667
0.387500
0.400000
0.362500
0.350000
0.362500
0.341667
0.329167
0.358333
0.345833
0.383333
0.379167
0.350000
0.333333
0.341667
0.483333
0.379167
0.408333
0.370833
0.358333
0.354167
0.362500
0.366667
0.412500
0.358333
0.358333
0.354167
0.345833
0.387500
0.358333
0.354167
0.345833
0.379167
0.383333
0.395833
0.641667
0.383333
0.337500
0.358333
0.354167
0.404167
0.383333
0.375000
0.366667
0.358333
0.337500
2.029167
1.545833
1.137500
1.262500
0.962500
0.879167
0.870833
1.025000
0.812500
1.287500
0.970833
0.900000
0.912500
0.904167
0.895833
0.895833
0.887500
0.895833
0.891667
0.891667
0.891667
0.895833
0.895833
0.462500
1.237500
0.479167
0.345833
0.395833
1.183333
0.466667
0.345833
0.341667
0.329167
0.558333
0.437500
1.262500
0.962500
0.466667
1.266667
0.950000
0.475000
0.337500
0.304167
1.508333
0.937500
0.462500
1.345833
0.491667
0.616667
0.650000
0.437500
1.500000
1.020833
0.554167
0.579167
0.654167
0.691667
0.720833
0.679167
0.716667
0.658333
0.741667
0.637500
0.729167
1.529167
0.820833
0.829167
0.675000
0.666667
0.466667
1.137500
0.458333
0.370833
0.358333
0.337500
0.554167
0.395833
0.337500
0.366667
0.366667
0.341667
0.345833
0.341667
0.358333
0.362500
0.350000
0.345833
0.387500
0.383333
0.441667
0.387500
0.337500
0.312500
0.295833
0.304167
0.333333
1.758333
0.458333
0.345833
0.325000
0.337500
0.383333
0.375000
0.354167
0.416667
0.370833
0.354167
0.579167
0.400000
0.350000
0.420833
0.404167
0.375000
0.375000
0.366667
0.366667
0.354167
0.358333
0.350000
0.350000
0.470833
0.387500
0.354167
0.354167
0.345833
0.362500
0.375000
0.350000
0.362500
0.425000
0.395833
0.387500
1.737500
0.454167
0.358333
0.358333
0.350000
0.383333
0.383333
0.383333
0.379167
0.333333
0.308333
0.325000
1.441667
0.945833
1.550000
0.937500
0.937500
0.937500
0.929167
0.908333
0.920833
0.912500
0.900000
0.908333
0.904167
0.900000
0.883333
0.895833
0.454167
0.337500
0.729167
0.491667
0.529167
0.508333
0.495833
0.512500
0.500000
0.508333
0.512500
0.508333
0.508333
0.516667
0.500000
0.516667
0.508333
0.508333
0.516667
0.504167
0.512500
0.512500
0.504167
0.512500
0.508333
0.508333
0.516667
0.508333
0.516667
0.512500
0.495833
0.520833
0.504167
0.520833
0.491667
0.516667
0.500000
0.500000
0.529167
0.508333
0.508333
0.520833
0.616667
0.379167
0.504167
0.525000
0.495833
0.520833
0.520833
0.516667
0.500000
0.495833
0.504167
0.525000
0.487500
0.520833
0.512500
0.491667
0.525000
0.500000
0.504167
0.520833
0.487500
0.516667
0.504167
0.500000
0.520833
0.487500
0.520833
0.516667
0.483333
0.520833
0.491667
0.516667
0.525000
0.512500
0.500000
0.504167
0.487500
0.520833
0.491667
0.512500
0.512500
0.483333
0.516667
0.491667
0.516667
0.533333
0.512500
0.500000
0.504167
0.483333
0.520833
0.491667
0.512500
0.512500
0.483333
0.508333
0.491667
0.516667
0.516667
0.483333
0.512500
0.487500
0.504167
0.512500
0.487500
0.512500
0.487500
0.504167
0.512500
0.483333
0.516667
0.491667
0.504167
0.512500
0.483333
0.504167
0.495833
0.500000
0.508333
0.487500
0.504167
0.491667
0.495833
0.504167
0.491667
0.504167
0.491667
0.500000
0.495833
0.495833
0.500000
0.495833
0.500000
0.495833
0.495833
0.495833
0.495833
0.500000
0.495833
0.500000
0.491667
0.500000
0.495833
0.495833
0.495833
0.500000
0.491667
0.500000
0.500000
0.500000
0.495833
0.500000
0.491667
0.495833
0.500000
0.495833
0.500000
0.495833
0.495833
0.495833
0.495833
0.500000
0.495833
0.500000
0.495833
0.495833
0.495833
0.495833
0.495833
0.500000
0.495833
0.495833
0.491667
0.500000
0.495833
0.500000
0.495833
0.495833
0.495833
0.495833
0.495833
0.500000
0.495833
0.495833
0.491667
0.495833
0.500000
0.495833
0.495833
0.495833
0.495833
0.495833
0.495833
0.495833
0.495833
0.500000
0.495833
0.491667
0.495833
0.495833
0.500000
0.495833
0.495833
0.495833
0.491667
0.500000
0.495833
0.495833
0.500000
0.491667
0.495833
0.495833
0.495833
0.500000
0.495833
0.495833
0.491667
0.495833
0.500000
0.495833
0.495833
0.495833
0.491667
0.500000
0.495833
0.495833
0.495833
0.495833
0.495833
0.491667
0.495833
0.500000
0.495833
0.491667
0.500000
0.487500
0.500000
0.495833
0.495833
0.495833
0.491667
0.495833
0.495833
0.495833
0.500000
0.491667
0.495833
0.491667
0.495833
0.500000
0.491667
0.504167
0.487500
0.500000
0.491667
0.495833
0.500000
0.495833
0.495833
0.491667
0.495833
0.495833
0.495833
0.504167
0.487500
0.500000
0.487500
0.495833
0.500000
0.500000
0.500000
0.491667
0.491667
0.495833
0.495833
0.500000
0.495833
0.491667
0.500000
0.487500
0.495833
0.495833
0.495833
0.500000
0.491667
0.500000
0.483333
0.500000
0.491667
0.495833
0.504167
0.479167
0.512500
0.483333
0.495833
0.504167
