0.370833
0.562500
0.350000
0.233333
0.354167
0.670833
0.291667
0.937500
0.500000
0.287500
0.145833
0.295833
0.245833
0.341667
0.141667
0.754167
0.445833
0.133333
0.308333
0.375000
0.387500
0.145833
0.450000
0.441667
0.366667
0.525000
0.279167
0.208333
0.395833
0.537500
0.345833
0.370833
0.295833
0.716667
0.375000
0.208333
0.645833
0.370833
0.491667
0.100000
0.583333
0.620833
0.420833
0.316667
0.562500
0.258333
0.583333
0.270833
0.225000
0.375000
0.237500
0.220833
0.429167
0.366667
0.520833
0.458333
0.450000
0.695833
0.208333
0.566667
0.366667
0.904167
0.095833
0.733333
0.787500
0.183333
0.379167
0.504167
0.575000
0.425000
0.187500
0.275000
0.291667
0.304167
0.591667
0.608333
0.279167
0.645833
0.416667
0.858333
0.525000
0.208333
0.762500
0.120833
0.491667
0.237500
0.245833
0.770833
0.312500
0.391667
0.716667
0.333333
0.187500
0.233333
0.466667
0.454167
0.416667
0.470833
0.420833
0.379167
0.466667
0.879167
0.241667
0.608333
0.433333
0.333333
0.450000
0.479167
0.275000
0.404167
0.258333
0.316667
0.545833
0.008333
0.237500
0.237500
0.408333
0.420833
0.445833
0.350000
0.250000
0.250000
0.600000
0.258333
0.583333
0.350000
0.804167
0.525000
0.341667
0.404167
0.470833
0.275000
0.745833
0.270833
0.425000
0.254167
0.591667
0.650000
0.233333
0.550000
0.300000
0.841667
0.566667
0.183333
0.662500
0.266667
0.450000
0.408333
0.233333
0.204167
0.441667
0.250000
0.637500
0.716667
0.329167
0.225000
0.483333
0.895833
0.412500
0.508333
0.420833
0.445833
0.658333
0.229167
0.570833
0.325000
0.337500
0.341667
0.212500
0.879167
0.283333
0.608333
0.887500
0.879167
0.333333
0.550000
0.879167
0.875000
0.891667
0.291667
0.575000
0.862500
0.883333
0.295833
0.566667
0.891667
0.887500
0.875000
0.854167
0.862500
0.875000
0.850000
0.825000
0.225000
0.520833
0.166667
0.858333
0.845833
0.879167
0.862500
0.854167
0.862500
0.870833
0.870833
0.875000
0.612500
0.266667
0.841667
1.741667
0.879167
0.883333
0.858333
0.870833
0.883333
0.875000
0.875000
0.895833
0.895833
1.270833
0.454167
0.862500
1.562500
0.875000
0.708333
0.570833
0.670833
0.883333
0.904167
0.770833
1.012500
0.858333
0.870833
1.037500
0.745833
0.900000
0.875000
1.841667
0.233333
0.583333
0.620833
0.366667
0.758333
0.866667
0.879167
0.500000
0.383333
0.887500
0.791667
0.983333
0.566667
0.320833
0.858333
0.908333
1.520833
0.250000
0.891667
0.875000
0.875000
0.875000
0.929167
0.325000
0.204167
0.312500
0.879167
0.691667
1.087500
0.883333
0.354167
0.533333
0.895833
1.220833
0.537500
0.879167
0.879167
0.879167
0.866667
0.354167
0.516667
0.862500
0.604167
0.241667
0.879167
0.887500
0.887500
0.887500
1.783333
0.625000
0.262500
0.908333
0.900000
0.895833
0.895833
0.900000
0.404167
0.491667
0.875000
0.858333
0.870833
0.862500
0.575000
0.300000
1.154167
0.587500
0.883333
0.862500
0.658333
0.362500
0.745833
1.379167
0.395833
0.904167
0.895833
0.908333
0.883333
0.466667
0.429167
0.454167
0.441667
0.345833
0.558333
0.904167
0.420833
0.487500
0.891667
0.908333
1.004167
0.775000
0.879167
0.891667
0.883333
0.870833
0.866667
0.887500
0.841667
0.862500
0.879167
0.862500
0.883333
0.862500
0.866667
0.870833
0.879167
0.883333
1.633333
1.008333
0.850000
0.354167
0.512500
0.862500
0.875000
0.854167
0.850000
0.875000
0.841667
0.966667
0.250000
0.516667
0.204167
0.670833
0.845833
0.891667
0.545833
0.358333
0.900000
0.704167
0.195833
0.912500
0.891667
0.900000
0.887500
0.900000
0.900000
0.895833
1.341667
0.445833
0.879167
0.895833
0.900000
0.254167
0.662500
0.204167
0.691667
0.912500
0.875000
0.900000
0.895833
0.891667
0.900000
0.875000
0.870833
0.900000
0.879167
0.887500
0.675000
1.054167
0.883333
1.712500
0.879167
0.879167
0.887500
0.895833
0.883333
1.000000
0.391667
0.383333
0.891667
0.875000
0.883333
0.412500
0.462500
0.891667
0.866667
0.870833
0.870833
0.879167
0.870833
0.870833
0.870833
0.879167
1.195833
0.520833
0.862500
0.854167
0.854167
0.850000
0.837500
0.862500
0.854167
1.775000
1.454167
1.058333
1.487500
0.412500
1.629167
0.862500
0.875000
1.133333
0.670833
0.916667
0.908333
0.916667
0.891667
1.779167
0.629167
0.254167
0.716667
1.554167
0.383333
0.862500
0.870833
0.875000
1.737500
0.862500
0.862500
0.454167
0.400000
0.383333
0.470833
0.870833
0.587500
0.279167
0.875000
0.858333
0.608333
0.266667
0.866667
0.525000
0.341667
1.325000
0.404167
1.358333
0.462500
0.783333
0.875000
0.866667
0.641667
0.216667
0.870833
0.304167
0.562500
0.850000
0.866667
0.858333
0.870833
0.858333
0.854167
0.841667
0.837500
0.866667
1.466667
1.154167
0.883333
0.895833
0.879167
0.895833
0.883333
0.808333
0.875000
0.170833
0.454167
0.341667
1.791667
0.862500
0.858333
1.091667
0.641667
0.750000
1.008333
0.887500
0.875000
0.887500
0.866667
0.875000
0.833333
1.845833
0.858333
0.862500
1.187500
0.554167
1.300000
0.433333
0.875000
0.862500
0.854167
0.883333
0.900000
0.875000
0.854167
0.858333
0.866667
0.429167
0.433333
0.875000
0.845833
0.233333
0.687500
0.883333
0.887500
0.875000
0.904167
0.908333
0.925000
0.916667
0.908333
0.962500
0.450000
0.412500
0.358333
0.550000
0.383333
0.512500
0.204167
0.704167
0.687500
0.208333
0.900000
0.008333
0.870833
0.870833
0.870833
0.879167
0.845833
0.883333
0.883333
0.887500
0.891667
0.879167
0.900000
0.862500
0.891667
1.450000
0.358333
1.554167
0.266667
0.900000
0.320833
0.587500
0.908333
0.887500
0.875000
0.891667
0.900000
1.395833
0.395833
0.866667
0.854167
0.854167
0.966667
0.812500
0.762500
1.054167
0.208333
0.675000
1.158333
0.675000
0.770833
0.929167
0.133333
1.270833
0.541667
0.920833
0.270833
0.895833
0.654167
0.895833
0.254167
0.783333
0.550000
1.233333
0.754167
0.495833
0.404167
0.912500
0.266667
0.633333
0.887500
0.904167
0.908333
0.595833
0.312500
0.900000
0.283333
0.612500
0.883333
0.870833
0.879167
1.004167
0.791667
0.891667
0.600000
0.295833
0.879167
0.908333
0.895833
0.900000
0.895833
0.641667
0.429167
0.483333
0.358333
1.420833
0.191667
0.633333
0.325000
0.329167
0.654167
0.270833
0.587500
0.908333
0.920833
0.912500
0.912500
0.754167
0.220833
0.745833
0.937500
0.875000
0.908333
0.908333
0.920833
0.916667
0.916667
1.458333
0.375000
0.875000
0.304167
0.583333
1.462500
0.325000
0.866667
0.870833
0.887500
0.862500
0.887500
0.904167
0.891667
0.920833
0.920833
0.925000
0.929167
0.933333
0.929167
0.933333
1.812500
0.904167
0.925000
0.916667
0.908333
0.587500
1.200000
0.879167
1.512500
0.275000
0.875000
0.187500
0.687500
0.883333
0.879167
1.770833
0.908333
0.916667
0.895833
1.179167
0.662500
1.304167
0.545833
0.716667
1.070833
0.412500
1.350000
0.887500
1.366667
0.408333
0.883333
0.612500
0.279167
0.883333
0.904167
0.904167
0.604167
0.337500
0.883333
0.891667
0.904167
0.345833
0.550000
0.904167
0.904167
0.779167
0.258333
0.762500
0.516667
0.366667
0.895833
0.441667
0.483333
0.708333
0.233333
0.912500
0.904167
0.904167
0.650000
0.254167
0.920833
0.516667
0.358333
0.895833
0.408333
0.495833
0.900000
0.887500
0.491667
0.841667
0.395833
0.725000
1.050000
0.866667
0.895833
0.887500
0.595833
1.525000
0.500000
1.645833
0.154167
1.341667
0.441667
0.895833
0.741667
0.445833
0.466667
0.320833
0.491667
1.270833
0.666667
1.216667
1.195833
0.275000
0.887500
0.395833
0.491667
0.879167
0.895833
0.766667
0.920833
0.929167
0.866667
0.883333
0.870833
1.504167
0.262500
0.587500
0.300000
0.708333
1.050000
1.020833
0.712500
0.845833
0.845833
0.879167
1.325000
0.383333
0.833333
1.037500
0.670833
0.279167
0.391667
1.370833
0.512500
0.170833
0.866667
0.741667
0.975000
0.779167
0.966667
0.812500
0.625000
1.145833
1.008333
0.766667
0.350000
0.541667
0.329167
0.562500
0.862500
0.733333
0.983333
0.879167
0.737500
0.675000
0.325000
0.858333
1.275000
0.429167
0.870833
0.945833
0.904167
0.708333
1.050000
0.258333
0.662500
1.241667
0.425000
0.854167
0.775000
0.091667
0.854167
0.845833
0.875000
1.341667
0.408333
1.395833
0.354167
1.337500
1.300000
0.625000
0.204167
0.462500
0.379167
0.612500
0.516667
0.683333
0.779167
1.050000
0.700000
0.883333
0.887500
0.887500
0.870833
0.883333
0.870833
0.862500
1.070833
0.791667
0.320833
0.475000
