0.416667
0.437500
0.225000
0.445833
0.383333
0.291667
0.666667
0.679167
0.670833
0.300000
0.375000
0.250000
0.425000
0.679167
0.225000
0.445833
0.666667
0.783333
0.541667
0.266667
0.387500
0.225000
0.441667
0.658333
0.654167
0.295833
0.362500
0.662500
0.650000
0.641667
0.370833
0.279167
0.645833
0.241667
0.400000
0.262500
0.375000
0.637500
0.637500
0.316667
0.312500
0.504167
0.783333
0.220833
0.412500
0.395833
0.245833
0.641667
0.654167
0.641667
0.291667
0.350000
0.637500
0.641667
0.633333
0.533333
0.737500
0.629167
0.625000
0.625000
0.629167
0.629167
0.629167
0.633333
0.633333
0.637500
0.645833
0.645833
0.641667
0.650000
0.654167
0.658333
0.662500
0.658333
0.666667
0.679167
0.662500
0.670833
0.662500
0.670833
0.670833
0.662500
0.654167
0.662500
0.654167
0.658333
0.641667
0.641667
0.641667
0.645833
0.641667
0.645833
0.633333
0.629167
0.637500
0.633333
0.637500
0.633333
0.633333
0.633333
0.633333
0.641667
0.637500
0.637500
0.641667
0.629167
0.641667
0.637500
0.633333
0.637500
0.637500
0.641667
0.637500
0.641667
0.641667
0.645833
0.645833
0.650000
0.650000
0.650000
0.645833
0.645833
0.645833
0.654167
0.645833
0.645833
0.645833
0.650000
0.650000
0.645833
0.645833
0.650000
0.645833
0.641667
0.650000
0.650000
0.654167
0.650000
0.654167
0.658333
0.662500
0.658333
0.658333
0.658333
0.658333
0.666667
0.662500
0.658333
0.658333
0.662500
0.658333
0.658333
0.658333
0.654167
0.654167
0.650000
0.654167
0.645833
0.645833
0.650000
0.650000
0.650000
0.645833
0.645833
0.645833
0.641667
0.650000
0.650000
0.637500
0.637500
0.650000
0.645833
0.650000
0.650000
0.645833
0.641667
0.658333
0.645833
0.645833
0.645833
0.641667
0.645833
0.645833
0.645833
0.645833
0.650000
0.650000
0.654167
0.654167
0.654167
0.650000
0.654167
0.654167
0.654167
0.654167
0.666667
0.662500
0.658333
0.670833
0.662500
0.670833
0.666667
0.662500
0.658333
0.675000
0.662500
0.662500
0.662500
0.662500
0.662500
0.245833
0.420833
0.670833
0.666667
0.658333
0.658333
0.666667
0.666667
0.662500
0.733333
0.579167
0.670833
0.654167
0.662500
0.666667
0.662500
0.666667
0.658333
0.675000
0.662500
0.675000
0.675000
0.675000
0.675000
0.675000
0.679167
0.679167
0.675000
0.675000
0.683333
0.679167
0.679167
0.683333
0.675000
0.683333
0.675000
0.700000
0.683333
0.675000
0.658333
0.679167
0.658333
0.645833
0.662500
0.658333
0.645833
0.645833
0.645833
0.654167
0.645833
0.645833
0.637500
0.650000
0.645833
0.637500
0.641667
0.645833
0.645833
0.641667
0.645833
0.658333
0.666667
0.658333
0.654167
0.641667
0.662500
0.650000
0.645833
0.641667
0.637500
0.658333
0.641667
0.641667
0.645833
0.645833
0.650000
0.645833
0.645833
0.641667
0.650000
0.645833
0.645833
0.645833
0.641667
0.658333
0.650000
0.650000
0.658333
0.650000
0.650000
0.650000
0.650000
0.654167
0.658333
0.654167
0.658333
0.650000
0.654167
0.654167
0.641667
0.662500
0.645833
0.650000
0.645833
0.641667
0.654167
0.650000
0.641667
0.637500
0.650000
0.637500
0.662500
0.645833
0.645833
0.645833
0.637500
0.666667
0.650000
0.650000
0.650000
0.637500
0.662500
0.641667
0.645833
0.645833
0.650000
0.650000
0.654167
0.654167
0.650000
0.654167
0.650000
0.645833
0.650000
0.645833
0.650000
0.641667
0.666667
0.654167
0.654167
0.654167
0.641667
0.666667
0.654167
0.654167
0.654167
0.654167
0.662500
0.650000
0.675000
0.641667
0.666667
0.641667
0.654167
0.675000
0.658333
0.654167
0.645833
0.658333
0.670833
0.658333
0.645833
0.658333
0.666667
0.650000
0.650000
0.641667
0.654167
0.645833
0.637500
0.637500
0.633333
0.645833
0.645833
0.641667
0.645833
0.645833
0.650000
0.658333
0.650000
0.662500
0.641667
0.658333
0.670833
0.662500
0.658333
0.658333
0.637500
0.658333
0.662500
0.654167
0.662500
0.645833
0.662500
0.654167
0.641667
0.666667
0.650000
0.641667
0.666667
0.658333
0.658333
0.645833
0.654167
0.650000
0.666667
0.662500
0.662500
0.658333
0.645833
0.658333
0.666667
0.658333
0.645833
0.666667
0.645833
0.654167
0.654167
0.654167
0.670833
0.645833
0.658333
0.662500
0.675000
0.650000
0.675000
0.650000
0.658333
0.662500
0.654167
0.658333
0.650000
1.308333
0.654167
0.662500
0.641667
0.654167
0.650000
0.658333
0.637500
0.645833
0.654167
0.645833
0.641667
0.654167
0.662500
0.658333
0.658333
0.645833
0.679167
0.658333
0.650000
0.637500
0.650000
0.670833
0.645833
0.641667
0.650000
0.637500
0.650000
0.654167
0.650000
0.654167
0.637500
1.295833
0.658333
0.650000
0.658333
0.641667
0.662500
0.654167
0.662500
0.641667
0.654167
0.654167
0.662500
0.641667
0.654167
0.650000
0.670833
0.641667
0.666667
0.641667
0.658333
0.650000
0.666667
0.637500
0.654167
0.658333
0.658333
0.654167
0.654167
0.658333
0.666667
0.662500
0.658333
0.654167
0.658333
0.662500
0.658333
0.666667
0.650000
0.666667
0.679167
0.650000
0.679167
0.654167
0.662500
0.687500
0.666667
0.654167
0.666667
0.666667
0.666667
0.662500
0.645833
0.650000
0.641667
0.387500
0.270833
0.637500
0.637500
0.629167
0.633333
0.633333
0.633333
0.641667
0.637500
0.645833
0.641667
0.637500
0.633333
0.633333
0.637500
0.637500
0.637500
0.633333
0.629167
0.629167
0.629167
0.629167
0.633333
0.637500
0.641667
0.641667
0.650000
0.645833
0.645833
0.650000
0.650000
0.654167
0.658333
0.658333
0.666667
0.679167
0.683333
0.687500
0.679167
0.695833
0.687500
0.695833
0.695833
0.625000
0.750000
0.695833
0.691667
0.679167
0.679167
0.687500
0.687500
0.666667
0.675000
0.666667
0.675000
0.675000
0.670833
0.666667
0.670833
0.662500
0.662500
0.670833
0.666667
0.658333
0.658333
0.666667
0.662500
0.650000
0.645833
0.650000
0.650000
0.641667
0.641667
0.641667
0.641667
0.641667
0.641667
0.641667
0.637500
0.637500
0.641667
0.650000
0.641667
0.641667
0.641667
0.650000
0.654167
0.650000
0.641667
0.645833
0.637500
0.645833
0.641667
0.633333
0.637500
0.633333
0.637500
0.633333
0.633333
0.645833
0.641667
0.641667
0.645833
0.650000
0.645833
0.645833
0.645833
0.641667
0.650000
0.654167
0.658333
0.658333
0.662500
0.662500
0.658333
0.641667
0.662500
0.666667
0.658333
0.645833
0.675000
0.670833
0.658333
0.645833
0.658333
0.670833
0.654167
0.658333
0.654167
0.641667
0.654167
0.658333
0.650000
0.650000
0.645833
0.645833
0.654167
0.641667
0.645833
0.641667
0.650000
0.662500
0.650000
0.654167
0.645833
0.666667
0.654167
0.662500
0.658333
0.654167
0.662500
0.650000
0.666667
0.654167
0.645833
0.654167
0.650000
0.658333
0.666667
0.658333
0.658333
0.654167
0.645833
0.666667
0.658333
0.662500
0.637500
0.658333
0.666667
0.641667
0.654167
0.666667
0.658333
0.650000
0.662500
0.637500
0.654167
0.666667
0.662500
0.662500
0.650000
0.679167
0.666667
0.670833
0.658333
0.650000
0.683333
0.666667
0.662500
0.650000
0.679167
0.666667
0.658333
0.658333
0.650000
0.662500
0.662500
0.658333
0.641667
0.658333
0.670833
0.658333
0.658333
0.650000
0.683333
0.658333
0.658333
0.654167
0.645833
0.654167
0.658333
0.645833
0.645833
0.645833
0.637500
0.658333
0.641667
0.645833
0.654167
0.654167
0.645833
0.450000
0.287500
0.587500
0.504167
0.808333
0.637500
0.662500
0.666667
0.662500
0.666667
0.670833
0.666667
0.658333
0.666667
0.654167
0.679167
0.666667
0.662500
0.675000
0.662500
0.645833
0.662500
0.670833
0.633333
0.654167
0.658333
0.645833
0.650000
0.641667
0.291667
0.366667
0.666667
0.662500
0.658333
0.658333
0.645833
0.666667
0.654167
0.654167
0.641667
0.654167
0.662500
0.654167
0.654167
0.641667
0.670833
0.650000
0.654167
0.645833
0.670833
0.650000
0.650000
0.645833
0.666667
0.650000
0.654167
0.637500
0.666667
0.658333
0.650000
0.641667
0.662500
0.650000
0.654167
0.637500
0.662500
0.654167
0.650000
0.650000
0.650000
0.658333
0.666667
0.662500
0.650000
0.658333
0.641667
0.679167
0.658333
0.662500
0.662500
0.650000
0.679167
0.662500
0.662500
0.658333
0.641667
0.654167
0.670833
0.650000
0.658333
0.658333
0.641667
0.670833
0.654167
0.654167
0.650000
0.641667
0.654167
0.658333
0.654167
0.654167
0.650000
0.650000
0.645833
0.650000
0.650000
0.637500
0.650000
0.666667
0.654167
0.650000
0.641667
0.662500
0.654167
0.650000
0.654167
0.650000
0.641667
0.666667
0.650000
0.654167
0.641667
0.658333
0.650000
0.650000
0.645833
0.641667
0.662500
0.658333
0.654167
0.645833
0.637500
0.654167
0.645833
0.641667
0.650000
0.645833
0.641667
0.641667
0.645833
0.650000
0.654167
0.654167
0.650000
0.645833
0.654167
0.662500
0.654167
0.658333
0.658333
0.637500
0.670833
0.654167
0.654167
0.650000
0.658333
0.654167
0.645833
0.650000
0.645833
0.558333
0.475000
0.258333
0.645833
0.641667
0.658333
0.325000
0.958333
0.645833
0.641667
0.641667
0.641667
0.383333
0.250000
0.637500
0.645833
0.650000
0.633333
0.641667
0.637500
0.412500
0.879167
0.645833
0.650000
0.650000
0.658333
0.654167
0.650000
0.658333
1.304167
0.650000
0.641667
0.650000
0.645833
0.645833
0.637500
0.633333
0.637500
0.641667
0.633333
0.633333
1.270833
0.641667
0.641667
0.645833
0.654167
0.650000
0.654167
0.654167
0.650000
0.654167
0.654167
0.641667
0.654167
0.650000
0.645833
0.641667
0.637500
0.641667
0.650000
0.650000
0.645833
0.654167
