0.729167
0.733333
0.733333
0.733333
0.733333
0.733333
0.729167
0.733333
0.729167
0.729167
0.725000
0.729167
0.729167
0.729167
0.729167
0.729167
0.729167
0.729167
0.729167
0.729167
0.729167
0.733333
0.729167
0.729167
0.729167
0.729167
0.733333
0.729167
0.733333
0.733333
0.733333
0.733333
0.733333
0.729167
0.733333
0.729167
0.729167
0.733333
0.725000
0.733333
0.729167
0.729167
0.729167
0.729167
0.729167
0.733333
0.729167
0.729167
0.729167
0.733333
0.729167
0.725000
0.729167
0.729167
0.729167
0.729167
0.733333
0.729167
0.733333
0.729167
0.733333
0.733333
0.729167
0.733333
0.733333
0.729167
0.729167
0.729167
0.729167
0.729167
0.733333
0.729167
0.733333
0.733333
0.733333
0.733333
0.733333
0.733333
0.645833
0.820833
0.733333
0.729167
0.729167
0.729167
0.733333
0.729167
0.729167
0.729167
0.729167
0.729167
0.729167
0.733333
0.729167
0.729167
0.733333
0.729167
0.729167
0.729167
0.733333
0.729167
0.729167
0.729167
0.729167
0.729167
0.729167
0.729167
0.729167
0.725000
0.720833
0.729167
0.733333
0.729167
0.733333
0.733333
0.733333
0.733333
0.729167
0.733333
0.616667
0.850000
0.729167
0.729167
0.729167
0.679167
0.779167
0.725000
0.729167
0.645833
0.800000
0.733333
0.729167
0.733333
0.729167
0.733333
0.729167
0.733333
0.729167
0.733333
0.729167
0.733333
0.729167
0.729167
0.733333
0.729167
0.729167
0.729167
0.729167
0.725000
0.729167
0.729167
0.725000
0.725000
0.725000
0.725000
0.725000
0.725000
0.725000
0.725000
0.725000
0.725000
0.720833
0.725000
0.725000
0.725000
0.725000
0.725000
0.720833
0.725000
0.729167
0.729167
0.729167
0.725000
0.729167
0.729167
0.729167
0.733333
0.729167
0.725000
0.729167
0.725000
0.729167
0.725000
0.725000
0.725000
0.725000
0.725000
0.725000
0.720833
0.725000
0.725000
0.725000
0.725000
0.725000
0.729167
0.725000
0.725000
0.725000
0.725000
0.725000
0.729167
0.725000
0.725000
0.729167
0.725000
0.725000
0.725000
0.725000
0.725000
0.725000
0.720833
0.720833
0.729167
0.729167
0.729167
0.729167
0.729167
0.729167
0.729167
0.729167
0.729167
0.729167
0.729167
0.729167
0.725000
0.725000
0.725000
0.725000
0.725000
0.725000
0.725000
0.729167
0.725000
0.725000
0.725000
0.725000
0.725000
0.729167
0.725000
0.725000
0.725000
0.725000
0.725000
0.729167
0.725000
0.725000
0.725000
0.725000
0.725000
0.729167
0.725000
0.725000
0.725000
0.725000
0.720833
0.720833
0.725000
0.729167
0.725000
0.729167
0.725000
0.729167
0.729167
0.725000
0.729167
0.725000
0.729167
0.725000
0.729167
0.725000
0.729167
0.725000
0.725000
0.729167
0.725000
0.725000
0.725000
0.729167
0.725000
0.725000
0.729167
0.725000
0.729167
0.725000
0.729167
0.729167
0.725000
0.729167
0.570833
0.895833
0.725000
0.729167
0.725000
0.725000
0.725000
0.729167
0.725000
0.725000
0.720833
0.725000
0.720833
0.720833
0.725000
0.725000
0.370833
1.087500
0.650000
0.812500
0.725000
0.720833
0.666667
0.783333
0.725000
0.720833
0.716667
0.729167
0.720833
0.720833
0.716667
0.720833
0.725000
0.720833
0.720833
0.720833
0.725000
0.720833
0.720833
0.725000
0.720833
0.725000
0.720833
0.720833
0.720833
0.716667
0.720833
0.720833
0.725000
0.725000
0.725000
0.725000
0.725000
0.725000
0.725000
0.725000
0.720833
0.725000
0.725000
0.720833
0.720833
0.720833
0.720833
0.716667
0.720833
0.720833
0.720833
0.720833
0.720833
0.720833
0.720833
0.720833
0.725000
0.729167
0.725000
0.729167
0.729167
0.720833
0.725000
0.725000
0.733333
0.725000
0.733333
0.729167
0.733333
0.729167
0.729167
0.729167
0.729167
0.729167
0.729167
0.725000
0.729167
0.729167
0.729167
0.729167
0.729167
0.729167
0.733333
0.729167
0.733333
0.729167
0.733333
0.733333
0.729167
0.733333
0.729167
0.729167
0.729167
0.725000
0.720833
0.733333
0.733333
0.733333
0.733333
0.733333
0.729167
0.733333
0.733333
0.729167
0.729167
0.729167
0.725000
0.729167
0.725000
0.729167
0.720833
0.725000
0.725000
0.729167
0.729167
0.725000
0.729167
0.729167
0.729167
0.725000
0.729167
0.725000
0.729167
0.725000
0.725000
0.725000
0.725000
0.720833
0.725000
0.725000
0.720833
0.725000
0.725000
0.725000
0.725000
0.725000
0.720833
0.725000
0.725000
0.720833
0.725000
0.720833
0.720833
0.720833
0.720833
0.720833
0.716667
0.720833
0.716667
0.716667
0.716667
0.720833
0.716667
0.712500
0.720833
0.720833
0.720833
0.720833
0.720833
0.720833
0.720833
0.716667
0.720833
0.716667
0.720833
0.720833
0.716667
0.720833
0.633333
0.808333
0.720833
0.716667
0.720833
0.716667
0.720833
0.716667
0.720833
0.716667
0.720833
0.720833
0.725000
0.716667
0.720833
0.720833
0.716667
0.720833
0.716667
0.720833
0.712500
0.712500
0.720833
0.720833
0.716667
0.720833
0.720833
0.720833
0.720833
0.720833
0.716667
0.720833
0.720833
0.720833
0.716667
0.720833
0.716667
0.720833
0.716667
0.720833
0.716667
0.716667
0.716667
0.716667
0.716667
0.716667
0.716667
0.712500
0.716667
0.716667
0.716667
0.716667
0.716667
0.716667
0.712500
0.716667
0.716667
0.712500
0.712500
0.716667
0.720833
0.716667
0.716667
0.720833
0.716667
0.716667
0.720833
0.716667
0.716667
0.716667
0.716667
0.712500
0.716667
0.716667
0.712500
0.716667
0.716667
0.716667
0.716667
0.716667
0.712500
0.716667
0.666667
0.770833
0.720833
0.712500
0.712500
0.712500
0.720833
0.720833
0.716667
0.720833
0.720833
0.720833
0.720833
0.720833
0.720833
0.720833
0.716667
0.720833
0.716667
0.537500
0.904167
0.716667
0.716667
0.716667
0.712500
0.625000
0.812500
0.720833
0.716667
0.716667
0.716667
0.670833
0.770833
0.716667
0.716667
0.720833
0.716667
0.716667
0.716667
0.716667
0.716667
0.716667
0.716667
0.712500
0.716667
0.712500
0.712500
0.708333
0.716667
0.716667
0.716667
0.716667
0.716667
0.716667
0.716667
0.720833
0.712500
0.716667
0.716667
0.712500
0.712500
0.712500
0.712500
0.712500
0.712500
0.712500
0.712500
0.712500
0.712500
0.712500
0.712500
0.712500
0.712500
0.716667
0.712500
0.716667
0.712500
0.716667
0.712500
0.712500
0.716667
0.712500
0.712500
0.712500
0.712500
0.708333
0.708333
0.712500
0.712500
0.712500
0.712500
0.716667
0.712500
0.712500
0.712500
0.712500
0.708333
0.712500
0.712500
0.712500
0.712500
0.708333
0.712500
0.708333
0.708333
0.712500
0.716667
0.720833
0.720833
0.716667
0.720833
0.720833
0.720833
0.716667
0.716667
0.716667
0.716667
0.720833
0.716667
0.716667
0.716667
0.716667
0.716667
0.716667
0.716667
0.620833
0.812500
0.716667
0.716667
0.716667
0.712500
0.716667
0.712500
0.716667
0.716667
0.712500
0.712500
0.716667
0.712500
0.712500
0.712500
0.712500
0.712500
0.712500
0.716667
0.712500
0.712500
0.712500
0.712500
0.708333
0.712500
0.716667
0.712500
0.716667
0.716667
0.716667
0.712500
0.716667
0.712500
0.712500
0.712500
0.712500
0.712500
0.708333
0.712500
0.708333
0.712500
0.708333
0.712500
0.708333
0.708333
0.712500
0.708333
0.708333
0.712500
0.708333
0.708333
0.712500
0.708333
0.708333
0.708333
0.708333
0.708333
0.708333
0.708333
0.704167
0.704167
0.708333
0.712500
0.712500
0.712500
0.712500
0.712500
0.712500
0.712500
0.708333
0.712500
0.708333
0.708333
0.708333
0.708333
0.708333
0.704167
0.708333
0.708333
0.708333
0.704167
0.708333
0.704167
0.708333
0.704167
0.704167
0.708333
0.704167
0.704167
0.704167
0.704167
0.704167
0.700000
0.695833
0.704167
0.708333
0.575000
0.850000
0.708333
0.708333
0.708333
0.708333
0.708333
0.708333
0.708333
0.704167
0.708333
0.704167
0.708333
0.704167
0.658333
0.512500
0.954167
0.708333
0.704167
0.704167
0.704167
1.400000
0.704167
0.704167
0.704167
0.708333
0.708333
0.704167
0.708333
0.704167
1.412500
0.708333
0.704167
0.708333
0.704167
0.708333
0.704167
0.708333
0.704167
0.708333
0.704167
0.708333
0.708333
0.708333
0.708333
0.704167
0.708333
0.708333
0.704167
0.708333
0.708333
0.704167
0.708333
0.704167
0.708333
0.704167
0.704167
0.708333
0.700000
0.700000
0.704167
0.708333
0.708333
0.708333
0.712500
0.708333
0.708333
0.708333
0.708333
0.708333
0.712500
0.708333
0.708333
0.708333
0.708333
0.708333
0.712500
0.708333
0.708333
0.708333
0.712500
0.708333
0.708333
0.712500
0.708333
0.704167
0.354167
1.083333
0.662500
