1.387500
1.383333
1.166667
1.237500
1.225000
1.104167
1.387500
1.337500
1.183333
1.233333
1.241667
1.129167
1.266667
1.204167
1.125000
1.379167
1.370833
1.354167
1.362500
1.279167
1.108333
1.300000
1.262500
1.125000
1.275000
1.275000
1.125000
1.308333
1.312500
1.150000
1.287500
1.233333
1.133333
1.370833
1.370833
1.345833
1.362500
1.358333
1.358333
1.366667
1.287500
1.337500
1.350000
1.166667
1.258333
1.237500
1.150000
1.329167
1.283333
1.166667
1.354167
1.345833
1.191667
1.345833
1.341667
1.179167
1.350000
1.337500
1.329167
1.337500
1.341667
1.325000
1.337500
1.333333
1.329167
1.333333
1.329167
1.329167
1.320833
1.158333
1.329167
1.329167
1.308333
1.279167
1.325000
1.154167
1.329167
1.320833
1.312500
1.329167
1.325000
1.308333
1.320833
1.312500
1.316667
1.316667
1.308333
1.308333
1.312500
1.308333
1.312500
1.308333
1.295833
1.300000
1.295833
1.225000
1.295833
1.287500
1.270833
1.279167
1.283333
1.275000
1.283333
1.295833
1.283333
1.300000
1.300000
1.291667
1.308333
1.304167
1.295833
1.312500
1.308333
1.304167
1.312500
1.308333
1.304167
1.308333
1.291667
1.304167
1.304167
1.295833
1.295833
1.300000
1.279167
1.287500
1.287500
1.275000
1.283333
1.283333
1.258333
1.133333
1.054167
1.079167
1.258333
0.854167
0.383333
0.962500
0.941667
0.904167
0.904167
0.908333
0.900000
0.895833
0.904167
1.037500
0.945833
0.912500
0.925000
1.154167
1.258333
1.254167
1.258333
1.262500
1.266667
1.270833
1.283333
1.287500
1.287500
1.291667
1.300000
1.266667
1.270833
1.279167
1.275000
1.287500
1.295833
1.283333
1.295833
1.300000
1.283333
1.283333
1.279167
1.275000
1.295833
1.300000
1.287500
1.304167
1.300000
1.283333
1.270833
1.283333
1.283333
1.287500
1.291667
1.300000
1.308333
1.308333
1.304167
1.312500
1.295833
1.283333
1.258333
1.025000
1.266667
1.262500
1.275000
1.266667
1.270833
1.262500
1.266667
1.287500
1.275000
1.287500
1.308333
1.283333
1.300000
1.295833
1.270833
1.279167
1.283333
1.275000
1.283333
1.283333
1.275000
1.287500
1.245833
1.133333
0.995833
1.245833
1.233333
1.237500
1.262500
1.254167
1.270833
1.270833
1.262500
1.270833
1.266667
1.258333
1.245833
1.237500
1.233333
1.229167
1.229167
1.104167
1.133333
1.212500
1.170833
1.100000
1.237500
1.241667
1.212500
1.120833
0.945833
0.895833
0.870833
0.829167
0.820833
0.829167
0.845833
0.820833
0.812500
0.800000
1.591667
0.779167
0.766667
0.762500
0.766667
0.758333
0.733333
0.725000
0.729167
0.729167
0.712500
0.704167
0.720833
0.733333
0.750000
0.745833
0.745833
0.770833
0.775000
0.800000
0.787500
0.795833
0.804167
0.795833
0.795833
0.791667
0.770833
0.750000
0.758333
0.720833
0.720833
0.712500
0.720833
0.729167
0.733333
0.745833
0.741667
0.737500
0.754167
0.716667
0.725000
0.733333
0.729167
0.741667
0.762500
0.800000
0.800000
0.833333
0.820833
0.829167
0.820833
0.791667
0.745833
0.770833
0.720833
0.712500
0.700000
0.712500
0.700000
0.704167
0.700000
0.704167
0.708333
0.700000
0.687500
0.670833
0.658333
0.645833
0.645833
0.633333
0.620833
0.612500
0.620833
0.612500
0.604167
0.604167
0.608333
0.612500
0.616667
0.620833
0.637500
0.641667
0.645833
0.645833
0.662500
0.658333
0.666667
0.666667
0.675000
0.708333
0.704167
0.725000
0.733333
0.729167
0.733333
0.754167
0.737500
0.733333
0.733333
0.700000
0.708333
0.708333
0.695833
0.666667
0.670833
0.675000
0.658333
0.641667
0.658333
0.662500
0.650000
0.641667
0.658333
0.658333
0.645833
0.633333
0.658333
0.658333
0.662500
0.654167
0.645833
0.679167
0.687500
0.700000
0.704167
0.695833
0.712500
0.725000
0.729167
0.733333
0.729167
0.708333
0.733333
0.729167
0.737500
0.733333
0.708333
0.720833
0.716667
0.691667
0.700000
0.700000
0.687500
0.666667
0.695833
0.679167
0.658333
0.666667
0.675000
0.679167
0.683333
0.675000
0.695833
0.716667
0.716667
0.733333
0.708333
0.729167
0.733333
0.712500
0.716667
0.725000
0.725000
0.720833
0.695833
0.695833
0.704167
0.700000
0.687500
0.670833
0.691667
0.679167
0.654167
0.666667
0.679167
0.687500
0.700000
0.691667
0.691667
0.729167
0.720833
0.737500
0.712500
0.704167
0.733333
0.716667
0.716667
0.720833
0.700000
0.687500
0.662500
0.679167
0.670833
0.662500
0.662500
0.675000
0.666667
0.662500
0.695833
0.691667
0.683333
0.716667
0.695833
0.695833
0.712500
0.700000
0.691667
0.720833
0.720833
0.712500
0.700000
0.716667
0.720833
0.704167
0.691667
0.716667
0.712500
0.695833
0.683333
0.704167
0.708333
0.700000
0.683333
0.670833
0.691667
0.687500
0.679167
0.691667
0.704167
0.679167
0.700000
0.700000
0.687500
0.708333
0.695833
0.675000
0.708333
0.704167
0.687500
0.712500
0.712500
0.700000
0.691667
0.720833
0.720833
0.929167
0.504167
0.716667
0.712500
0.700000
0.675000
0.691667
0.687500
0.666667
0.658333
0.687500
0.687500
0.700000
0.700000
0.700000
0.695833
0.716667
0.712500
0.712500
0.720833
0.716667
0.725000
0.691667
0.729167
0.729167
0.741667
0.750000
0.725000
0.750000
0.758333
0.737500
0.708333
0.741667
0.283333
0.454167
0.691667
0.700000
0.737500
0.720833
0.391667
0.345833
0.716667
0.695833
0.695833
0.708333
0.700000
0.666667
0.679167
0.670833
0.666667
0.650000
0.666667
0.879167
0.416667
0.625000
0.629167
0.629167
0.633333
0.608333
0.625000
0.637500
0.645833
0.650000
0.720833
0.400000
0.816667
0.808333
0.683333
0.691667
0.670833
1.129167
0.225000
0.683333
0.687500
0.683333
0.687500
0.683333
0.687500
0.695833
0.683333
0.687500
0.679167
0.675000
0.675000
0.658333
0.650000
0.658333
0.654167
0.645833
0.633333
0.637500
0.650000
0.641667
0.666667
0.704167
0.687500
0.679167
0.679167
0.704167
0.695833
0.695833
0.683333
0.683333
0.700000
0.683333
0.683333
0.670833
0.691667
0.679167
0.700000
0.675000
0.691667
0.695833
0.691667
0.679167
0.670833
1.362500
0.687500
0.687500
0.683333
0.662500
0.679167
0.683333
0.695833
0.675000
0.675000
0.662500
0.666667
0.658333
0.650000
0.633333
0.654167
0.658333
0.670833
0.645833
0.666667
0.679167
0.679167
0.670833
0.683333
0.691667
0.695833
0.704167
0.704167
0.700000
0.704167
0.704167
0.695833
0.683333
0.691667
1.375000
1.383333
0.683333
0.683333
0.691667
0.679167
0.679167
0.658333
0.666667
0.666667
0.662500
0.650000
0.641667
0.658333
0.662500
0.658333
0.704167
0.675000
0.679167
0.683333
0.704167
0.704167
0.687500
0.708333
1.425000
0.695833
0.237500
0.462500
0.245833
1.158333
0.687500
0.858333
0.241667
0.279167
0.670833
0.658333
0.662500
0.658333
0.650000
0.645833
0.645833
0.662500
0.675000
0.658333
0.675000
0.691667
0.275000
0.416667
0.700000
0.745833
0.658333
