0.925000
0.920833
0.979167
0.950000
0.958333
0.958333
0.962500
0.991667
0.979167
0.937500
0.979167
0.975000
0.983333
0.941667
0.812500
1.062500
0.808333
1.020833
0.958333
0.958333
0.987500
0.929167
0.916667
0.966667
0.950000
0.925000
0.958333
0.970833
0.945833
0.970833
0.933333
0.754167
1.058333
0.962500
0.929167
0.950000
0.979167
0.958333
0.933333
0.966667
0.845833
1.025000
0.800000
1.033333
0.987500
0.995833
0.970833
0.962500
0.945833
0.820833
1.045833
0.716667
1.000000
0.962500
0.920833
0.991667
0.950000
0.920833
0.937500
0.970833
0.979167
0.954167
0.991667
0.975000
0.970833
0.929167
0.787500
1.033333
0.925000
0.895833
0.941667
0.920833
0.879167
0.912500
0.904167
0.883333
0.875000
0.929167
0.912500
0.895833
0.908333
0.962500
0.941667
0.912500
0.925000
0.941667
0.954167
0.966667
0.945833
1.029167
0.845833
1.070833
0.708333
1.041667
0.995833
0.987500
0.954167
0.891667
1.020833
0.758333
1.029167
0.933333
0.962500
0.979167
0.945833
0.929167
0.954167
0.966667
0.950000
0.862500
1.004167
0.816667
1.004167
0.741667
1.000000
0.958333
0.941667
0.912500
0.975000
0.962500
0.979167
0.945833
0.820833
1.062500
0.916667
0.975000
0.958333
0.962500
1.016667
0.954167
0.829167
1.066667
0.987500
0.975000
0.950000
0.941667
1.004167
0.941667
0.950000
0.741667
1.020833
0.975000
0.958333
0.933333
0.954167
0.954167
0.933333
0.920833
0.770833
1.029167
0.916667
0.891667
0.962500
0.870833
0.929167
0.804167
0.991667
0.833333
1.004167
0.762500
1.025000
0.954167
0.958333
0.920833
0.962500
0.958333
0.975000
0.912500
0.945833
0.975000
0.987500
0.954167
0.833333
1.029167
0.979167
0.966667
0.995833
0.891667
1.012500
0.779167
1.029167
0.945833
0.937500
0.983333
0.950000
0.920833
0.979167
0.925000
0.962500
0.937500
0.916667
0.804167
1.079167
0.970833
0.854167
1.012500
0.962500
0.966667
0.966667
0.979167
0.950000
0.941667
0.904167
0.800000
1.008333
0.904167
0.916667
0.958333
0.958333
0.970833
0.937500
0.987500
1.020833
0.995833
0.945833
0.908333
1.166667
1.000000
0.800000
1.045833
0.987500
0.979167
0.970833
0.937500
0.933333
0.845833
1.004167
0.695833
1.012500
0.966667
0.933333
0.941667
0.766667
1.020833
0.954167
0.925000
0.916667
0.970833
0.950000
0.920833
0.941667
0.883333
0.987500
0.966667
0.945833
0.891667
1.033333
0.887500
0.991667
0.741667
1.070833
0.995833
0.900000
0.991667
0.987500
0.979167
0.941667
0.958333
0.979167
0.987500
1.004167
0.854167
1.000000
0.970833
0.975000
0.925000
0.958333
0.950000
0.970833
0.937500
0.829167
1.000000
0.966667
0.954167
0.908333
0.962500
0.945833
0.950000
0.920833
0.770833
1.033333
0.950000
0.950000
0.912500
0.866667
1.016667
0.829167
0.991667
0.958333
0.958333
0.962500
0.937500
0.945833
0.950000
0.954167
0.954167
0.925000
0.791667
1.041667
0.950000
0.904167
0.945833
0.883333
0.941667
0.937500
0.908333
0.820833
1.008333
0.787500
0.975000
0.945833
0.941667
0.975000
0.950000
0.958333
0.966667
0.966667
0.945833
0.916667
0.787500
1.054167
0.966667
0.937500
0.970833
0.795833
1.066667
0.945833
0.908333
0.954167
0.941667
0.945833
0.929167
0.833333
1.000000
0.895833
0.983333
0.941667
0.941667
0.833333
1.025000
0.704167
1.008333
0.958333
0.929167
0.991667
0.683333
1.004167
0.962500
0.929167
0.950000
0.929167
0.920833
0.954167
0.937500
0.712500
1.058333
0.975000
0.937500
0.950000
0.754167
1.066667
1.000000
0.958333
0.950000
0.995833
0.962500
0.737500
1.020833
0.983333
0.983333
0.966667
0.800000
1.020833
0.979167
0.829167
1.008333
0.962500
0.929167
1.008333
0.895833
0.925000
0.975000
0.954167
0.937500
0.950000
0.950000
0.966667
1.012500
0.937500
0.950000
0.904167
1.025000
0.758333
1.070833
0.987500
0.804167
1.029167
0.975000
0.954167
1.020833
0.933333
0.950000
0.995833
0.879167
1.004167
0.725000
1.045833
0.975000
0.962500
0.929167
0.866667
1.000000
0.754167
1.033333
0.950000
0.941667
0.983333
0.979167
0.962500
0.987500
0.875000
1.054167
0.712500
1.033333
0.995833
0.875000
0.991667
0.987500
0.954167
1.000000
0.945833
0.950000
0.891667
1.033333
0.712500
1.033333
0.954167
0.937500
0.995833
0.929167
0.916667
0.979167
0.833333
0.983333
0.937500
0.945833
1.004167
0.850000
1.004167
0.958333
0.937500
0.995833
0.816667
1.012500
0.941667
0.958333
0.941667
0.941667
0.979167
0.962500
0.954167
0.954167
0.958333
0.975000
0.983333
0.975000
0.962500
0.958333
1.016667
0.954167
0.925000
0.970833
0.925000
0.925000
0.933333
0.895833
0.950000
0.875000
0.950000
0.812500
1.004167
0.958333
0.954167
0.954167
0.995833
0.979167
0.966667
0.979167
0.766667
1.058333
0.950000
0.920833
1.008333
0.833333
1.045833
0.966667
0.983333
1.033333
0.966667
0.941667
0.741667
1.054167
1.004167
0.725000
1.045833
0.987500
0.770833
1.020833
0.987500
0.941667
1.020833
0.712500
1.012500
0.987500
0.966667
0.962500
0.933333
0.975000
0.958333
0.958333
0.933333
0.745833
1.045833
0.991667
0.783333
1.004167
0.975000
0.958333
1.020833
0.779167
1.045833
0.983333
0.895833
1.000000
0.958333
0.962500
0.991667
0.937500
0.958333
0.995833
0.958333
0.925000
0.995833
0.966667
0.970833
0.966667
0.862500
1.037500
0.833333
1.037500
0.758333
1.029167
0.995833
0.879167
1.008333
0.970833
0.962500
1.004167
0.829167
1.020833
0.945833
0.970833
0.733333
1.012500
0.987500
0.891667
1.025000
0.791667
1.016667
0.979167
0.987500
0.966667
0.954167
1.016667
0.895833
1.033333
0.687500
1.062500
0.979167
0.779167
1.029167
0.970833
0.991667
1.004167
0.987500
0.883333
1.025000
0.983333
0.845833
1.016667
0.979167
0.983333
0.987500
0.958333
0.933333
0.970833
0.983333
0.987500
0.941667
0.870833
1.058333
0.750000
1.012500
0.970833
0.970833
1.016667
0.791667
1.054167
0.979167
0.979167
0.958333
0.779167
1.058333
0.983333
0.958333
0.950000
0.970833
0.954167
0.979167
0.716667
1.008333
0.987500
0.837500
1.037500
0.929167
0.950000
0.983333
0.962500
0.929167
0.995833
0.941667
0.950000
0.958333
1.004167
0.979167
0.995833
0.954167
0.941667
0.987500
0.954167
0.945833
0.945833
0.766667
1.020833
0.954167
0.812500
0.975000
0.912500
0.945833
0.716667
1.025000
0.979167
0.962500
0.954167
0.962500
0.962500
0.883333
1.041667
0.716667
1.037500
