0.975000
0.970833
0.975000
0.975000
0.970833
0.970833
0.970833
0.970833
0.975000
0.970833
0.970833
0.970833
0.970833
0.970833
0.970833
0.975000
0.975000
0.979167
0.975000
0.975000
0.975000
0.979167
0.979167
0.975000
0.975000
0.970833
0.987500
0.983333
0.975000
0.970833
0.987500
0.975000
0.975000
0.970833
0.979167
0.979167
0.975000
0.970833
0.966667
0.979167
0.979167
0.966667
0.954167
0.962500
0.970833
0.966667
0.966667
0.966667
0.975000
0.970833
0.970833
0.970833
0.975000
0.979167
0.979167
0.979167
0.979167
0.987500
0.979167
0.983333
0.975000
0.987500
0.979167
0.983333
0.975000
0.987500
0.991667
0.983333
0.983333
0.983333
0.987500
0.983333
0.983333
0.979167
0.975000
0.991667
0.991667
0.987500
0.987500
0.987500
0.991667
0.983333
0.975000
0.975000
0.979167
0.979167
0.970833
0.979167
0.983333
0.987500
0.983333
0.975000
0.970833
0.979167
0.975000
0.975000
0.983333
0.979167
0.987500
0.987500
0.983333
0.979167
0.975000
0.983333
0.975000
0.979167
0.975000
0.987500
0.983333
0.979167
0.979167
0.979167
0.983333
0.983333
0.983333
0.979167
0.991667
0.983333
0.983333
0.970833
0.987500
0.979167
0.979167
0.979167
0.979167
0.991667
0.983333
0.983333
0.979167
0.987500
0.987500
0.979167
0.979167
0.991667
0.987500
0.987500
0.983333
0.987500
0.995833
0.991667
0.991667
0.995833
1.000000
0.995833
0.991667
0.995833
0.995833
0.995833
0.987500
0.983333
0.991667
0.987500
0.987500
0.983333
0.987500
0.991667
0.983333
0.979167
0.975000
0.991667
0.979167
0.983333
0.979167
0.991667
0.991667
0.987500
0.983333
0.991667
1.000000
0.991667
0.991667
0.991667
0.991667
0.983333
0.987500
0.987500
0.987500
0.979167
0.975000
0.970833
0.987500
0.975000
0.970833
0.970833
0.975000
0.979167
0.975000
0.979167
0.979167
0.987500
0.987500
0.979167
0.983333
0.991667
0.983333
0.975000
0.983333
0.987500
0.979167
0.983333
0.975000
0.991667
0.987500
0.987500
0.983333
0.991667
1.004167
0.991667
0.991667
0.991667
0.995833
0.991667
0.991667
0.991667
0.991667
0.991667
0.991667
0.991667
0.991667
0.995833
0.991667
0.991667
0.991667
1.000000
0.991667
0.670833
1.087500
1.000000
0.995833
0.995833
0.991667
1.000000
0.995833
1.000000
1.000000
0.995833
1.000000
0.991667
1.000000
0.987500
1.004167
0.995833
0.995833
1.004167
0.995833
0.983333
0.987500
0.987500
1.004167
0.979167
0.987500
0.983333
0.995833
0.983333
0.979167
0.975000
0.991667
0.979167
0.979167
0.975000
0.983333
0.979167
0.983333
0.983333
0.991667
0.987500
0.987500
0.991667
0.991667
0.995833
0.991667
0.995833
0.987500
0.991667
0.987500
0.983333
0.983333
0.983333
0.979167
0.979167
0.979167
0.983333
0.987500
0.979167
0.979167
0.987500
0.987500
0.987500
0.983333
0.979167
0.987500
0.987500
0.979167
0.975000
0.983333
0.979167
0.975000
0.970833
0.970833
0.983333
0.979167
0.966667
0.975000
0.983333
0.979167
0.975000
0.966667
0.987500
0.979167
0.970833
0.975000
0.975000
0.991667
0.979167
0.979167
0.975000
0.991667
0.975000
0.970833
0.979167
0.983333
0.970833
0.970833
0.970833
0.975000
0.975000
0.966667
0.962500
0.975000
0.975000
0.975000
0.966667
0.983333
0.975000
0.966667
0.966667
0.970833
0.966667
0.970833
0.962500
0.970833
0.979167
0.966667
0.966667
0.975000
0.966667
0.970833
0.966667
0.975000
0.975000
0.975000
0.970833
0.975000
0.979167
0.970833
0.970833
0.975000
0.975000
0.966667
0.975000
0.966667
0.975000
0.966667
0.970833
0.970833
0.970833
0.975000
0.975000
0.966667
0.983333
0.983333
0.975000
0.975000
0.979167
0.975000
0.975000
0.975000
0.975000
0.979167
0.970833
0.970833
0.970833
0.975000
0.966667
0.966667
0.962500
0.962500
0.962500
0.958333
0.966667
0.962500
0.962500
0.958333
0.958333
0.620833
1.266667
1.000000
0.958333
0.958333
0.962500
0.962500
0.962500
0.966667
0.970833
0.966667
0.966667
0.966667
0.966667
0.962500
0.970833
0.966667
0.958333
0.966667
0.962500
0.966667
0.962500
0.962500
0.958333
0.970833
0.966667
0.966667
0.970833
0.970833
0.966667
0.966667
0.975000
0.970833
0.975000
0.958333
0.983333
0.962500
0.970833
0.958333
0.970833
0.958333
0.962500
0.958333
0.954167
0.966667
0.966667
0.962500
0.962500
0.970833
0.962500
0.958333
0.958333
0.966667
0.966667
0.958333
0.958333
0.962500
0.958333
0.954167
0.950000
0.962500
0.962500
0.958333
0.954167
0.958333
0.958333
0.958333
0.954167
0.966667
0.958333
0.954167
0.950000
0.962500
0.962500
0.962500
0.962500
0.970833
0.975000
0.970833
0.966667
0.979167
0.975000
0.970833
0.970833
0.970833
0.975000
0.970833
0.966667
0.962500
0.970833
0.970833
0.970833
0.962500
0.966667
0.975000
0.966667
0.966667
0.958333
0.962500
0.970833
0.958333
0.958333
0.966667
0.966667
0.962500
0.954167
0.962500
0.962500
0.958333
0.958333
0.958333
0.958333
0.954167
0.950000
0.958333
0.966667
0.966667
0.958333
0.970833
0.983333
0.966667
0.970833
0.970833
0.975000
0.975000
0.975000
0.970833
0.966667
0.975000
0.970833
0.970833
0.970833
0.970833
0.979167
0.975000
0.970833
0.975000
0.970833
0.975000
0.750000
1.204167
0.979167
0.962500
0.962500
0.962500
0.966667
0.970833
0.954167
0.958333
0.958333
0.966667
0.962500
0.958333
0.954167
0.970833
0.966667
0.958333
0.958333
0.962500
0.962500
0.958333
0.954167
0.962500
0.962500
0.958333
0.958333
0.966667
0.970833
0.958333
0.958333
0.966667
0.962500
0.966667
0.962500
0.966667
0.958333
0.966667
0.962500
0.970833
0.962500
0.966667
0.966667
0.966667
0.970833
0.962500
0.966667
0.966667
0.962500
0.958333
0.958333
0.954167
0.958333
0.958333
0.954167
0.954167
0.954167
0.958333
0.958333
0.962500
0.954167
0.966667
0.958333
0.958333
0.666667
1.045833
1.937500
0.954167
0.954167
0.954167
0.954167
0.950000
0.958333
0.962500
0.962500
0.962500
0.962500
0.970833
0.966667
0.966667
0.966667
0.975000
0.970833
0.966667
0.966667
0.970833
0.958333
0.958333
0.958333
0.979167
0.970833
0.962500
0.958333
0.970833
0.966667
0.966667
0.962500
0.958333
0.966667
0.962500
0.958333
0.962500
0.966667
0.958333
0.962500
0.958333
