1.095833
1.058333
1.029167
1.066667
1.120833
1.079167
1.079167
1.045833
1.091667
1.104167
1.041667
1.050000
1.054167
1.058333
1.041667
1.066667
1.066667
1.091667
1.104167
1.095833
1.054167
1.025000
1.054167
1.062500
1.083333
1.083333
1.095833
1.120833
1.083333
1.154167
1.154167
1.104167
1.079167
1.054167
1.087500
1.066667
1.054167
1.037500
1.000000
0.950000
0.983333
0.983333
0.987500
1.058333
1.079167
1.091667
1.079167
1.045833
1.025000
1.045833
1.091667
1.066667
1.120833
1.112500
1.104167
1.062500
1.041667
1.050000
1.041667
1.050000
0.983333
1.025000
1.000000
1.016667
1.083333
1.154167
1.112500
1.150000
1.141667
1.091667
1.145833
1.141667
1.100000
1.100000
1.120833
1.120833
1.095833
1.112500
1.129167
1.091667
1.062500
1.095833
1.087500
1.125000
1.125000
1.091667
1.066667
1.004167
1.004167
1.016667
1.041667
1.020833
1.079167
1.020833
1.054167
1.054167
1.045833
1.079167
1.079167
1.075000
1.016667
1.008333
1.016667
1.041667
1.037500
1.025000
1.012500
0.995833
1.033333
1.012500
1.062500
1.091667
1.116667
1.112500
0.695833
0.445833
0.350000
0.775000
1.079167
1.062500
1.033333
1.033333
1.041667
1.050000
1.033333
1.008333
1.041667
1.033333
0.991667
0.979167
1.025000
1.054167
1.012500
1.050000
1.050000
1.054167
1.029167
1.016667
1.016667
1.025000
1.045833
1.054167
1.045833
1.025000
1.020833
1.058333
1.070833
1.066667
1.062500
1.079167
1.100000
1.120833
1.050000
1.062500
1.058333
1.070833
1.075000
1.050000
1.037500
1.020833
0.400000
0.604167
0.979167
0.945833
0.979167
1.025000
1.075000
1.066667
1.004167
1.045833
1.029167
1.020833
0.995833
1.050000
1.062500
1.045833
1.070833
1.091667
1.075000
1.041667
1.083333
1.087500
1.041667
1.070833
1.058333
1.050000
1.062500
1.079167
1.087500
1.058333
1.066667
1.087500
1.087500
1.050000
1.091667
1.075000
1.100000
1.112500
1.120833
1.112500
1.125000
1.058333
1.087500
1.083333
1.091667
1.062500
1.112500
1.129167
1.091667
1.125000
1.158333
1.112500
1.170833
1.158333
1.095833
1.133333
1.137500
1.075000
1.054167
1.091667
1.087500
1.033333
1.075000
1.070833
1.054167
1.033333
1.070833
1.079167
1.033333
1.062500
1.079167
1.075000
1.041667
1.012500
1.033333
1.066667
1.054167
1.054167
1.104167
1.095833
1.091667
1.083333
1.137500
1.129167
1.120833
1.129167
1.162500
1.141667
1.112500
1.154167
1.133333
1.087500
1.116667
1.166667
1.125000
1.116667
1.162500
1.137500
1.083333
1.091667
1.133333
1.116667
1.091667
1.158333
1.095833
1.075000
1.100000
1.120833
1.112500
1.100000
1.100000
1.095833
1.095833
1.070833
1.037500
1.079167
1.108333
1.100000
1.137500
1.162500
0.412500
0.295833
0.366667
1.100000
0.825000
1.387500
1.062500
1.029167
1.037500
1.020833
0.979167
1.037500
1.095833
1.100000
1.112500
1.045833
1.054167
1.062500
1.054167
1.045833
1.025000
1.066667
1.100000
1.133333
1.070833
1.104167
1.091667
1.087500
1.070833
1.066667
1.125000
1.129167
1.091667
1.091667
1.116667
1.100000
1.091667
1.095833
1.091667
1.033333
1.050000
1.087500
1.116667
1.191667
1.175000
1.112500
1.129167
1.162500
1.108333
1.154167
1.175000
1.166667
1.154167
1.145833
1.050000
1.066667
1.100000
1.070833
1.095833
1.104167
1.083333
1.150000
1.104167
1.150000
1.162500
1.125000
1.137500
1.150000
1.100000
1.062500
1.108333
1.100000
1.091667
1.045833
1.033333
1.037500
1.058333
1.066667
1.079167
1.062500
1.050000
1.112500
1.079167
1.179167
1.183333
1.141667
1.137500
1.187500
1.137500
1.150000
1.162500
1.100000
1.129167
1.100000
1.054167
1.095833
1.062500
1.045833
1.066667
1.066667
1.029167
1.054167
1.062500
1.050000
1.083333
1.083333
1.045833
1.016667
0.491667
0.500000
1.041667
1.037500
1.041667
1.037500
1.075000
1.070833
1.050000
1.029167
1.083333
1.087500
1.079167
1.062500
1.087500
1.037500
1.066667
1.116667
1.095833
1.054167
1.079167
1.104167
1.087500
1.079167
1.058333
0.987500
1.016667
1.062500
1.091667
1.062500
1.087500
1.108333
1.108333
1.087500
1.054167
1.091667
1.104167
1.116667
1.079167
1.120833
1.108333
1.062500
1.075000
1.104167
1.070833
1.033333
1.079167
1.075000
1.050000
1.000000
1.029167
1.066667
1.058333
1.062500
1.029167
1.033333
1.041667
1.058333
1.062500
1.033333
1.050000
1.079167
1.100000
1.095833
1.066667
1.112500
1.079167
1.100000
1.100000
1.095833
1.112500
1.116667
1.108333
1.054167
1.025000
1.020833
1.012500
1.020833
1.004167
1.045833
1.079167
1.041667
1.066667
1.091667
1.075000
1.041667
1.100000
1.104167
1.079167
1.058333
1.095833
1.070833
1.050000
1.075000
1.079167
1.050000
1.045833
1.091667
1.129167
1.120833
1.116667
1.083333
1.054167
1.045833
0.987500
1.008333
1.020833
1.054167
1.079167
1.083333
1.058333
1.120833
1.112500
1.083333
1.083333
1.129167
1.133333
1.095833
1.125000
1.137500
1.091667
1.075000
1.095833
1.087500
1.066667
1.054167
1.100000
1.091667
1.087500
1.062500
1.100000
1.129167
1.137500
1.054167
1.033333
1.070833
1.087500
0.591667
0.425000
1.037500
1.058333
1.025000
0.991667
1.004167
1.037500
1.008333
1.025000
1.029167
1.050000
1.066667
1.079167
1.066667
1.008333
1.012500
1.033333
1.025000
0.995833
1.004167
1.045833
1.066667
1.070833
1.070833
1.029167
1.016667
1.050000
1.070833
1.079167
1.075000
1.129167
1.129167
1.116667
1.141667
1.129167
1.070833
1.087500
1.104167
1.116667
1.112500
1.087500
1.000000
1.004167
1.012500
1.041667
1.045833
1.045833
1.033333
1.008333
1.070833
1.091667
1.087500
1.066667
1.120833
1.104167
1.075000
1.129167
1.133333
1.066667
1.087500
1.116667
