0.220833
0.891667
0.883333
0.316667
0.529167
0.954167
1.004167
0.920833
0.912500
0.883333
0.883333
0.879167
0.858333
0.875000
0.904167
0.825000
0.875000
0.933333
0.912500
0.841667
0.891667
0.958333
0.933333
0.875000
0.916667
0.970833
0.866667
0.970833
1.195833
0.891667
0.833333
0.912500
1.070833
0.829167
0.858333
1.241667
1.170833
0.879167
0.929167
0.900000
0.862500
0.845833
0.900000
1.041667
1.275000
1.158333
0.929167
0.829167
0.891667
1.004167
0.829167
0.887500
1.037500
0.970833
0.833333
0.850000
0.820833
0.958333
1.295833
1.237500
1.150000
0.979167
0.520833
0.391667
0.850000
0.750000
0.854167
0.850000
1.283333
1.095833
0.904167
0.900000
0.900000
0.866667
0.941667
0.991667
0.916667
1.050000
1.033333
0.887500
0.904167
0.979167
0.837500
0.833333
0.808333
0.745833
0.716667
0.741667
0.837500
1.095833
1.208333
1.904167
0.825000
0.783333
0.808333
0.925000
1.225000
0.854167
0.858333
0.908333
0.908333
0.925000
0.891667
0.929167
1.283333
1.137500
0.887500
0.808333
0.837500
0.887500
1.245833
0.995833
0.841667
0.887500
0.970833
0.908333
0.850000
0.920833
1.070833
0.950000
0.920833
0.837500
0.941667
1.304167
1.158333
0.887500
0.837500
1.091667
1.229167
0.879167
0.816667
0.920833
0.920833
0.862500
0.962500
1.295833
1.195833
1.020833
0.941667
0.895833
0.920833
0.962500
0.900000
0.962500
0.958333
0.895833
1.000000
1.000000
0.966667
0.975000
0.966667
0.929167
1.000000
0.991667
0.958333
0.954167
0.916667
0.991667
0.975000
0.945833
0.975000
0.920833
0.962500
0.975000
0.912500
0.975000
0.970833
0.937500
0.962500
0.966667
0.966667
0.954167
0.958333
0.954167
0.929167
0.966667
0.929167
0.925000
0.950000
0.908333
0.975000
0.966667
0.925000
0.991667
0.933333
0.979167
0.950000
0.937500
0.950000
0.887500
0.854167
0.825000
0.770833
0.775000
0.783333
0.837500
0.820833
0.333333
0.541667
0.795833
0.766667
0.454167
0.245833
0.712500
0.916667
0.541667
0.625000
0.200000
0.637500
0.470833
0.304167
0.387500
0.275000
0.683333
0.258333
0.425000
0.712500
0.704167
0.733333
0.762500
1.445833
0.791667
0.833333
0.854167
0.754167
0.720833
0.733333
0.820833
0.841667
0.845833
0.829167
0.308333
0.512500
0.791667
0.816667
0.716667
1.750000
0.850000
0.820833
0.829167
0.837500
0.837500
0.620833
1.741667
0.779167
0.804167
0.795833
1.395833
0.883333
0.812500
0.800000
0.758333
0.750000
0.800000
0.825000
0.837500
0.770833
0.779167
0.812500
0.825000
0.825000
0.779167
0.795833
0.837500
0.825000
0.820833
0.766667
0.779167
0.779167
0.812500
0.825000
0.791667
0.820833
0.850000
0.875000
0.804167
0.837500
0.862500
0.862500
0.795833
0.825000
0.870833
0.891667
0.887500
0.800000
0.820833
0.929167
0.908333
0.829167
0.925000
0.912500
0.891667
0.841667
0.883333
0.979167
0.945833
0.862500
0.933333
0.941667
0.887500
0.837500
0.862500
0.962500
0.937500
0.837500
0.862500
0.904167
0.900000
0.854167
0.933333
0.954167
0.900000
0.845833
0.912500
1.020833
1.008333
0.866667
0.908333
0.966667
0.933333
0.845833
0.954167
1.000000
1.000000
0.858333
0.929167
1.333333
1.195833
0.970833
0.933333
0.945833
0.941667
0.900000
1.012500
1.004167
1.029167
0.950000
0.875000
0.916667
0.945833
0.966667
0.979167
0.941667
0.979167
1.016667
1.000000
0.950000
0.995833
0.991667
0.941667
1.016667
0.987500
0.929167
0.970833
0.983333
0.933333
1.004167
1.054167
0.958333
0.995833
0.987500
0.916667
0.991667
0.970833
0.937500
0.966667
0.995833
0.962500
0.920833
0.987500
1.012500
0.983333
0.950000
1.000000
1.004167
0.970833
0.987500
0.975000
0.929167
0.987500
0.975000
0.929167
0.979167
0.916667
0.870833
0.816667
0.829167
0.304167
0.541667
0.883333
0.920833
0.275000
0.575000
0.220833
0.720833
0.658333
0.645833
1.158333
1.237500
0.891667
0.808333
0.854167
0.920833
0.925000
1.287500
1.075000
0.820833
0.854167
0.879167
0.858333
0.995833
1.095833
1.025000
0.879167
0.891667
1.000000
0.950000
0.870833
1.012500
1.325000
1.129167
1.100000
0.966667
0.900000
0.950000
0.962500
0.916667
0.983333
0.950000
0.920833
1.012500
1.004167
0.954167
0.995833
1.029167
0.983333
0.995833
0.979167
0.958333
1.012500
1.008333
0.929167
0.979167
0.987500
0.933333
0.979167
1.000000
0.950000
0.979167
0.954167
0.920833
1.000000
1.004167
0.941667
1.004167
0.983333
0.970833
1.041667
0.954167
1.083333
1.050000
1.000000
1.033333
1.008333
0.975000
1.025000
1.000000
0.970833
1.041667
1.016667
0.945833
1.020833
1.008333
0.987500
0.958333
1.016667
1.008333
0.950000
0.991667
1.008333
0.966667
1.045833
1.008333
0.975000
1.029167
1.054167
0.962500
1.016667
1.004167
0.962500
1.020833
1.020833
0.975000
1.050000
1.041667
0.975000
1.033333
1.008333
0.962500
1.045833
1.033333
0.983333
1.025000
1.004167
0.954167
1.029167
1.012500
0.987500
0.954167
1.012500
1.000000
0.933333
1.008333
1.004167
0.954167
1.000000
0.979167
0.966667
1.000000
1.004167
0.958333
0.970833
0.991667
0.950000
1.016667
1.004167
0.958333
1.004167
1.020833
0.962500
1.008333
1.000000
0.958333
1.016667
0.991667
0.945833
0.987500
0.950000
0.904167
0.870833
0.716667
0.708333
0.762500
0.800000
0.770833
0.862500
1.287500
1.154167
1.133333
0.850000
0.804167
0.887500
0.829167
0.895833
1.316667
1.208333
1.125000
0.958333
0.904167
0.850000
0.920833
1.275000
1.091667
1.187500
1.008333
0.962500
0.908333
0.929167
0.966667
1.000000
0.941667
0.987500
1.037500
1.000000
0.945833
0.962500
1.000000
0.995833
0.925000
0.983333
0.975000
0.987500
0.954167
1.000000
0.995833
0.983333
0.945833
0.979167
1.016667
1.020833
0.937500
0.979167
0.995833
1.008333
0.954167
0.983333
1.016667
0.983333
0.958333
0.995833
1.000000
0.954167
1.008333
1.000000
0.958333
1.025000
1.037500
0.995833
1.050000
1.004167
0.995833
1.029167
0.962500
0.966667
1.037500
1.020833
0.962500
1.016667
1.016667
0.945833
1.016667
1.012500
0.991667
1.008333
1.033333
0.962500
1.012500
0.995833
0.945833
1.041667
1.012500
0.966667
1.025000
1.000000
0.983333
1.033333
1.025000
0.983333
1.025000
1.033333
0.995833
1.045833
1.066667
0.987500
1.020833
1.041667
0.970833
1.025000
1.041667
0.945833
1.020833
1.033333
0.962500
1.050000
1.058333
0.995833
1.066667
1.066667
1.016667
1.058333
1.075000
1.020833
1.045833
1.062500
0.979167
1.054167
1.033333
0.979167
1.012500
