0.983333
0.995833
0.987500
0.958333
0.404167
0.304167
0.270833
0.991667
0.966667
0.150000
0.633333
0.370833
0.345833
0.437500
0.504167
0.445833
0.366667
0.566667
0.920833
0.933333
0.954167
0.941667
0.979167
0.916667
0.933333
0.966667
0.916667
0.925000
0.925000
0.941667
0.933333
0.920833
0.962500
0.995833
0.958333
0.950000
0.991667
1.000000
0.958333
0.966667
0.979167
0.954167
0.970833
0.954167
0.954167
1.020833
0.991667
0.962500
0.983333
1.008333
1.004167
0.962500
0.991667
1.008333
1.008333
0.966667
0.987500
1.012500
1.008333
0.970833
0.437500
0.662500
0.266667
0.625000
0.962500
0.983333
0.366667
0.620833
0.937500
0.954167
0.929167
0.966667
0.925000
0.945833
0.975000
0.845833
1.062500
0.508333
0.395833
0.454167
0.104167
0.229167
0.229167
0.525000
0.350000
0.345833
0.787500
0.583333
0.412500
0.758333
1.012500
0.262500
0.641667
0.362500
0.100000
0.479167
0.679167
0.262500
0.912500
0.954167
0.966667
0.933333
0.941667
0.991667
1.025000
0.979167
0.962500
0.991667
1.000000
0.970833
0.954167
1.016667
0.987500
0.970833
0.987500
0.945833
0.979167
0.995833
0.987500
0.991667
0.962500
0.983333
1.000000
1.000000
0.979167
0.966667
1.000000
1.004167
1.004167
0.991667
0.970833
1.004167
1.008333
0.995833
1.004167
0.958333
0.995833
1.000000
0.991667
0.987500
0.958333
0.983333
0.991667
0.466667
0.520833
0.970833
0.954167
1.025000
1.033333
0.900000
0.962500
0.958333
0.991667
1.008333
0.975000
0.962500
0.991667
0.991667
0.954167
0.962500
0.991667
0.991667
0.958333
0.962500
0.995833
0.991667
0.979167
0.962500
1.004167
0.995833
0.983333
0.970833
1.004167
1.004167
0.979167
0.970833
1.008333
1.004167
0.950000
1.000000
0.970833
0.979167
0.958333
0.900000
0.954167
0.962500
0.966667
0.991667
0.991667
0.933333
0.941667
0.925000
0.945833
0.904167
0.929167
0.937500
0.920833
0.908333
0.925000
0.933333
0.937500
0.904167
0.945833
0.962500
0.920833
0.916667
0.937500
0.958333
0.908333
0.670833
0.275000
0.583333
0.366667
0.704167
0.212500
0.937500
0.937500
0.908333
0.929167
0.920833
0.925000
0.929167
0.920833
0.925000
0.916667
0.916667
0.925000
0.933333
0.395833
0.450000
0.962500
0.920833
0.883333
0.891667
0.875000
0.887500
0.870833
0.870833
0.895833
0.908333
0.883333
0.900000
0.933333
0.954167
0.900000
0.912500
0.945833
0.966667
0.904167
0.945833
0.950000
0.941667
0.933333
0.920833
0.879167
0.916667
0.920833
0.937500
0.900000
0.912500
0.945833
0.954167
0.950000
0.900000
0.937500
0.966667
0.975000
0.933333
0.912500
0.962500
0.975000
0.937500
0.920833
0.962500
0.966667
0.916667
0.933333
0.958333
0.962500
0.912500
0.937500
0.975000
0.970833
0.916667
0.958333
0.987500
0.979167
0.912500
0.966667
0.987500
0.929167
0.950000
0.995833
0.987500
0.941667
0.962500
0.991667
0.983333
0.945833
0.970833
0.991667
0.983333
0.954167
0.958333
0.991667
0.987500
0.954167
0.966667
0.991667
0.950000
0.250000
0.554167
0.179167
0.695833
0.275000
0.145833
0.466667
0.379167
0.470833
0.650000
0.208333
0.579167
0.570833
0.362500
0.562500
0.366667
0.233333
0.687500
0.270833
0.350000
0.266667
0.870833
0.066667
0.600000
0.358333
0.129167
0.679167
0.166667
0.325000
0.608333
0.375000
0.570833
0.445833
0.554167
0.966667
0.941667
0.950000
0.987500
0.979167
0.979167
0.958333
0.991667
1.000000
0.991667
0.958333
0.987500
0.987500
0.975000
0.954167
0.987500
0.987500
0.962500
0.950000
0.970833
0.970833
0.945833
0.958333
0.979167
0.954167
0.941667
0.970833
0.975000
0.675000
0.245833
0.654167
0.425000
0.812500
0.979167
0.920833
0.954167
0.954167
0.916667
0.966667
0.995833
0.950000
0.941667
0.987500
0.991667
0.937500
0.925000
0.987500
0.975000
0.966667
0.925000
0.975000
0.966667
0.912500
0.933333
0.962500
0.958333
0.912500
0.966667
0.383333
0.583333
0.533333
0.404167
0.929167
0.975000
0.975000
0.958333
0.937500
0.975000
0.987500
0.937500
0.966667
0.979167
0.975000
0.945833
0.975000
0.216667
0.758333
0.891667
1.025000
0.970833
0.979167
0.945833
0.937500
0.966667
0.941667
0.912500
0.950000
0.937500
0.912500
0.900000
0.870833
0.908333
0.937500
0.920833
0.904167
0.945833
0.983333
0.958333
0.929167
0.983333
0.995833
0.925000
0.925000
0.954167
0.950000
0.941667
0.941667
0.904167
0.945833
0.983333
1.000000
0.945833
0.966667
0.975000
0.975000
0.950000
0.954167
0.983333
0.979167
0.991667
0.950000
0.983333
1.000000
0.991667
0.966667
0.979167
1.004167
0.995833
0.958333
0.995833
0.991667
0.954167
1.004167
0.991667
0.970833
0.958333
0.583333
0.366667
0.929167
0.966667
0.991667
0.954167
0.950000
0.995833
0.979167
0.979167
0.958333
0.995833
1.000000
1.004167
0.970833
0.995833
1.016667
1.000000
0.966667
1.004167
1.012500
0.995833
0.970833
1.004167
1.004167
0.966667
0.962500
0.995833
0.987500
0.958333
0.983333
0.991667
0.987500
0.966667
0.983333
1.004167
1.000000
0.962500
0.991667
0.995833
0.962500
0.983333
0.987500
0.954167
0.970833
0.995833
0.987500
0.958333
0.979167
0.995833
0.991667
0.962500
0.987500
1.004167
0.995833
0.966667
0.979167
1.004167
1.000000
0.966667
0.979167
0.375000
0.237500
0.387500
0.995833
0.954167
0.995833
1.000000
1.008333
0.991667
0.970833
1.008333
1.000000
0.962500
0.979167
0.987500
0.991667
0.962500
0.983333
0.970833
0.962500
0.979167
0.950000
0.975000
0.325000
0.658333
0.208333
0.429167
0.312500
0.458333
0.633333
0.604167
0.308333
0.716667
0.575000
0.216667
0.300000
0.325000
0.395833
0.350000
0.804167
0.566667
0.508333
0.775000
0.987500
0.275000
0.841667
0.383333
0.275000
0.537500
0.541667
0.945833
0.991667
0.975000
0.933333
0.987500
1.000000
0.945833
0.950000
0.983333
0.991667
0.958333
0.929167
0.975000
1.000000
0.987500
0.945833
0.979167
0.991667
0.991667
0.958333
0.983333
0.995833
1.000000
0.966667
0.983333
1.004167
0.995833
0.966667
0.979167
1.000000
0.995833
0.962500
0.975000
0.995833
0.995833
0.966667
0.966667
0.991667
0.991667
0.983333
0.945833
0.995833
1.004167
0.979167
0.954167
0.983333
0.995833
0.970833
0.579167
0.379167
0.991667
0.987500
0.958333
0.966667
0.995833
0.987500
0.970833
0.962500
1.000000
1.000000
0.987500
0.966667
1.004167
1.008333
1.000000
0.966667
1.004167
1.012500
1.004167
0.970833
1.004167
1.008333
1.004167
0.970833
1.012500
1.008333
0.979167
0.975000
1.008333
1.000000
0.991667
0.970833
1.012500
1.004167
0.966667
1.004167
1.008333
0.987500
0.979167
1.012500
1.012500
1.008333
0.991667
0.975000
1.016667
1.008333
0.987500
0.970833
1.012500
1.004167
0.962500
0.983333
1.004167
1.008333
0.966667
0.983333
1.004167
0.987500
0.962500
1.000000
1.004167
0.991667
0.966667
0.483333
0.608333
0.400000
1.462500
0.958333
0.958333
0.916667
0.962500
0.995833
0.975000
