0.612500
0.604167
0.620833
0.608333
0.608333
0.612500
0.595833
0.620833
0.608333
0.612500
0.608333
0.600000
0.616667
0.616667
0.612500
0.616667
0.600000
0.620833
0.612500
0.620833
0.616667
0.616667
0.616667
0.604167
0.616667
0.608333
0.616667
0.612500
0.600000
0.608333
0.604167
0.616667
0.616667
0.600000
0.616667
0.608333
0.616667
0.616667
0.608333
0.616667
0.608333
0.612500
0.612500
0.600000
0.620833
0.616667
0.620833
0.620833
0.612500
0.616667
0.608333
0.608333
0.612500
0.600000
0.616667
0.620833
0.616667
0.616667
0.608333
0.620833
0.612500
0.620833
0.620833
0.604167
0.616667
0.612500
0.612500
0.616667
0.600000
0.616667
0.608333
0.612500
0.616667
0.604167
0.620833
0.620833
0.616667
0.625000
0.608333
0.625000
0.620833
0.625000
0.625000
0.608333
0.629167
0.616667
0.616667
0.612500
0.600000
0.625000
0.620833
0.629167
0.629167
0.625000
0.625000
0.608333
0.629167
0.620833
0.625000
0.629167
0.612500
0.633333
0.629167
0.629167
0.616667
0.612500
0.625000
0.625000
0.629167
0.637500
0.633333
0.650000
0.637500
0.650000
0.650000
0.641667
0.637500
0.625000
0.625000
0.620833
0.641667
0.641667
0.620833
0.633333
0.625000
0.625000
0.625000
0.616667
0.625000
0.608333
0.625000
0.620833
0.625000
0.620833
0.620833
0.616667
0.604167
0.625000
0.612500
0.625000
0.616667
0.616667
0.616667
0.600000
0.620833
0.612500
0.633333
0.625000
0.620833
0.625000
0.600000
0.625000
0.612500
0.625000
0.616667
0.616667
0.625000
0.625000
0.629167
0.620833
0.612500
0.629167
0.625000
0.620833
0.620833
0.612500
0.633333
0.620833
0.616667
0.616667
0.604167
0.625000
0.616667
0.616667
0.616667
0.316667
0.754167
0.691667
0.637500
0.620833
0.612500
0.625000
0.620833
0.612500
0.620833
0.604167
0.629167
0.620833
0.629167
0.625000
0.620833
0.620833
0.604167
0.625000
0.616667
0.633333
0.625000
0.620833
0.616667
0.612500
0.629167
0.625000
0.620833
0.629167
0.608333
0.625000
0.616667
0.629167
0.625000
0.625000
0.625000
0.604167
0.625000
0.625000
0.633333
0.625000
0.316667
0.766667
0.687500
0.641667
0.620833
0.629167
0.620833
0.625000
0.629167
0.608333
0.629167
0.616667
0.633333
0.629167
0.625000
0.629167
0.608333
0.629167
0.616667
0.633333
0.620833
0.629167
0.625000
0.616667
0.625000
0.608333
0.625000
0.616667
0.625000
0.625000
0.620833
0.620833
0.312500
0.758333
0.691667
0.641667
0.629167
0.608333
0.608333
0.608333
0.604167
0.616667
0.600000
0.625000
0.625000
0.641667
0.641667
0.641667
0.641667
0.629167
0.637500
0.625000
0.641667
0.625000
0.641667
0.629167
0.637500
0.633333
0.608333
0.625000
0.620833
0.620833
0.620833
0.600000
0.620833
0.616667
0.616667
0.616667
0.604167
0.616667
0.616667
0.629167
0.625000
0.612500
0.629167
0.620833
0.633333
0.625000
0.616667
0.616667
0.595833
0.620833
0.620833
0.616667
0.616667
0.604167
0.616667
0.616667
0.625000
0.616667
0.600000
0.608333
0.612500
0.620833
0.620833
0.604167
0.616667
0.616667
0.620833
0.616667
0.608333
0.620833
0.612500
0.612500
0.625000
0.608333
0.629167
0.620833
0.625000
0.620833
0.608333
0.625000
0.612500
0.625000
0.625000
0.604167
0.625000
0.620833
0.616667
0.625000
0.604167
0.625000
0.616667
0.620833
0.625000
0.620833
0.629167
0.620833
0.625000
0.625000
0.616667
0.625000
0.620833
0.625000
0.625000
0.620833
0.625000
0.612500
0.625000
0.620833
0.625000
0.625000
0.433333
0.762500
0.633333
0.629167
0.620833
0.629167
0.620833
0.620833
0.620833
0.604167
0.625000
0.616667
0.625000
0.625000
0.620833
0.625000
0.608333
0.625000
0.620833
0.625000
0.616667
0.625000
0.625000
0.608333
0.629167
0.625000
0.620833
0.629167
0.612500
0.625000
0.620833
0.629167
0.625000
0.625000
0.629167
0.329167
0.708333
0.712500
0.629167
0.625000
0.604167
0.629167
0.625000
0.629167
0.625000
0.629167
0.633333
0.450000
0.741667
0.637500
0.625000
0.629167
0.616667
0.629167
0.620833
0.620833
0.620833
0.608333
0.625000
0.616667
0.625000
0.629167
0.620833
0.620833
0.608333
0.629167
0.625000
0.633333
0.625000
0.612500
0.625000
0.616667
0.637500
0.625000
0.625000
0.620833
0.612500
0.633333
0.620833
0.620833
0.625000
0.541667
0.675000
0.629167
0.625000
0.629167
0.616667
0.637500
0.629167
0.629167
0.625000
0.625000
0.629167
0.629167
0.633333
0.633333
0.620833
0.637500
0.629167
0.633333
0.633333
0.616667
0.620833
0.620833
0.629167
0.629167
0.616667
0.633333
0.629167
0.625000
0.633333
0.625000
0.629167
0.633333
0.625000
0.629167
0.325000
0.795833
0.654167
0.637500
0.629167
0.625000
0.629167
0.629167
0.629167
0.629167
0.625000
0.633333
0.629167
0.629167
0.629167
0.629167
0.629167
0.625000
0.629167
0.625000
0.629167
0.620833
0.612500
0.633333
0.625000
0.620833
0.625000
0.608333
0.608333
0.604167
0.604167
0.612500
0.600000
0.625000
0.616667
0.633333
0.633333
0.629167
0.637500
0.620833
0.633333
0.616667
0.633333
0.629167
0.633333
0.629167
0.625000
0.629167
0.320833
0.804167
0.658333
0.629167
0.616667
0.600000
0.616667
0.608333
0.612500
0.612500
0.608333
0.616667
0.616667
0.612500
0.616667
0.600000
0.608333
0.604167
0.616667
0.612500
0.608333
0.608333
0.604167
0.616667
0.616667
0.616667
0.616667
0.604167
0.616667
0.612500
0.625000
0.616667
0.612500
0.616667
0.595833
0.616667
0.608333
0.625000
0.612500
0.625000
0.620833
0.612500
0.620833
0.616667
0.625000
0.625000
0.616667
0.625000
0.620833
0.616667
0.620833
0.604167
0.620833
0.616667
0.620833
0.620833
0.608333
0.629167
0.625000
0.616667
0.620833
0.333333
0.775000
0.687500
0.625000
0.625000
0.608333
0.629167
0.629167
0.625000
0.620833
0.604167
0.629167
0.620833
0.616667
0.625000
0.604167
0.633333
0.616667
0.629167
0.620833
0.620833
0.629167
0.620833
0.625000
0.620833
0.612500
0.633333
0.620833
0.625000
0.629167
0.612500
0.629167
0.625000
0.620833
0.625000
0.320833
0.787500
0.679167
0.629167
0.633333
0.608333
0.633333
0.629167
0.633333
0.633333
0.629167
0.633333
0.620833
0.633333
0.625000
0.316667
0.750000
0.441667
0.762500
0.691667
0.654167
0.658333
0.633333
0.650000
0.633333
0.650000
0.641667
0.641667
0.633333
0.625000
0.633333
0.616667
0.633333
0.620833
0.629167
0.625000
0.625000
0.625000
0.608333
0.625000
0.620833
0.629167
0.620833
0.620833
0.625000
0.608333
0.629167
0.620833
0.620833
0.620833
0.620833
0.625000
0.604167
0.629167
0.616667
0.633333
0.629167
0.625000
0.629167
0.566667
0.662500
0.358333
0.804167
0.658333
0.633333
0.625000
0.612500
0.629167
0.620833
0.629167
0.620833
0.604167
0.616667
0.616667
0.612500
0.616667
0.320833
0.775000
0.654167
0.616667
0.620833
0.600000
0.612500
0.612500
0.620833
0.629167
0.612500
0.625000
0.625000
0.620833
0.625000
0.612500
0.629167
0.629167
0.637500
0.629167
0.620833
0.633333
0.629167
0.629167
0.625000
0.620833
0.637500
0.629167
0.629167
0.637500
0.633333
0.637500
0.637500
0.637500
0.637500
0.620833
0.637500
0.629167
0.629167
0.633333
0.616667
0.637500
0.633333
0.629167
0.637500
0.616667
0.637500
0.625000
0.637500
0.629167
0.641667
0.633333
0.612500
0.625000
0.616667
0.637500
0.629167
0.625000
0.637500
0.625000
0.625000
0.637500
0.337500
0.791667
0.675000
0.633333
0.637500
0.612500
0.633333
0.625000
0.633333
0.629167
0.629167
0.637500
0.616667
0.637500
0.625000
0.637500
0.629167
0.637500
0.633333
0.633333
0.633333
0.616667
0.616667
0.616667
0.620833
0.620833
0.620833
0.637500
0.625000
0.650000
0.641667
0.658333
0.654167
0.650000
0.654167
0.633333
0.650000
0.633333
0.645833
0.637500
0.650000
0.637500
0.616667
0.633333
0.629167
0.620833
0.629167
0.612500
0.629167
0.625000
0.625000
0.620833
0.608333
0.620833
0.616667
0.625000
0.620833
0.620833
0.625000
0.608333
0.620833
0.616667
0.633333
0.629167
0.612500
0.625000
0.620833
0.637500
0.633333
0.616667
0.625000
0.620833
0.629167
0.620833
0.608333
0.616667
0.612500
0.616667
0.625000
0.608333
0.625000
0.616667
0.612500
0.625000
0.604167
0.625000
0.616667
0.625000
0.620833
0.620833
0.620833
0.604167
0.620833
0.612500
0.629167
0.620833
0.608333
0.620833
0.620833
0.616667
0.620833
0.604167
0.633333
0.620833
0.633333
0.633333
0.637500
0.629167
0.620833
0.629167
0.620833
0.620833
0.620833
0.616667
0.633333
0.625000
0.620833
0.625000
0.612500
0.625000
0.620833
0.633333
0.629167
0.612500
0.629167
0.625000
0.629167
0.625000
0.604167
0.625000
0.620833
0.616667
0.629167
0.620833
0.629167
0.620833
0.625000
0.625000
0.612500
0.620833
0.616667
0.625000
0.625000
0.604167
0.612500
0.612500
0.608333
0.612500
0.604167
0.625000
0.620833
0.637500
0.637500
0.637500
0.641667
0.637500
0.637500
0.637500
0.629167
0.637500
0.616667
0.637500
0.616667
0.633333
0.629167
0.633333
0.620833
0.608333
0.625000
0.616667
0.616667
0.616667
0.616667
0.625000
0.625000
0.620833
0.625000
0.612500
0.620833
0.620833
0.604167
0.620833
0.616667
0.629167
0.629167
0.612500
0.625000
0.620833
0.629167
0.625000
0.612500
0.620833
0.620833
0.625000
0.625000
0.612500
0.625000
0.620833
0.629167
0.620833
0.625000
0.625000
0.316667
0.775000
0.683333
0.633333
0.637500
0.366667
0.779167
0.650000
0.620833
0.612500
0.600000
0.629167
0.620833
0.641667
0.633333
0.620833
0.629167
0.620833
0.633333
0.629167
0.612500
0.633333
0.629167
0.629167
0.637500
0.616667
0.625000
0.625000
0.637500
0.629167
0.629167
0.625000
0.620833
0.633333
0.633333
0.629167
0.633333
0.620833
0.637500
0.633333
0.641667
0.633333
0.625000
0.625000
0.625000
0.637500
