0.941667
0.908333
0.925000
0.962500
0.979167
0.920833
0.937500
0.900000
0.908333
0.916667
0.908333
0.900000
0.916667
0.925000
0.916667
0.916667
0.937500
0.962500
0.937500
0.933333
0.900000
0.925000
0.920833
0.920833
0.916667
0.883333
0.883333
0.908333
0.920833
0.945833
0.895833
0.912500
0.912500
0.904167
0.962500
0.933333
0.925000
0.962500
0.979167
0.983333
0.933333
0.941667
0.962500
0.970833
0.925000
0.929167
0.966667
0.962500
0.916667
0.916667
0.954167
0.970833
0.920833
0.904167
0.933333
0.950000
0.958333
0.916667
0.929167
0.950000
0.920833
0.908333
0.891667
0.887500
0.929167
0.900000
0.887500
0.916667
0.954167
0.954167
0.941667
0.929167
0.979167
1.004167
0.995833
0.941667
0.958333
0.975000
0.958333
0.975000
0.975000
0.933333
0.954167
0.958333
0.937500
0.929167
0.900000
0.912500
0.929167
0.900000
0.904167
0.929167
0.895833
0.900000
0.929167
0.937500
0.941667
0.904167
0.883333
0.941667
0.950000
0.945833
0.929167
0.912500
0.904167
0.920833
0.920833
0.908333
0.891667
0.900000
0.925000
0.920833
0.916667
0.925000
0.887500
0.883333
0.904167
0.925000
0.929167
0.941667
0.937500
0.900000
0.941667
0.950000
0.912500
0.912500
0.941667
0.979167
0.983333
0.950000
0.941667
0.954167
0.954167
0.958333
0.941667
0.941667
0.966667
0.970833
0.970833
0.520833
0.450000
0.208333
0.725000
0.962500
0.958333
0.945833
0.950000
0.958333
0.954167
0.937500
0.929167
0.950000
0.608333
0.308333
0.104167
0.908333
0.395833
0.550000
0.812500
0.245833
0.383333
0.387500
0.645833
0.383333
0.208333
0.262500
0.629167
0.237500
0.429167
0.258333
0.350000
0.500000
0.112500
0.295833
0.266667
0.279167
0.425000
0.241667
0.100000
0.554167
0.416667
0.187500
0.358333
0.591667
0.604167
0.379167
0.220833
0.687500
0.291667
0.620833
0.937500
0.916667
0.529167
0.358333
0.887500
0.879167
0.883333
0.883333
0.891667
0.875000
0.883333
0.920833
0.920833
0.875000
0.912500
0.929167
0.900000
0.883333
0.883333
0.891667
0.895833
0.912500
0.916667
0.920833
0.933333
0.925000
0.900000
0.908333
0.912500
0.912500
0.895833
0.929167
0.941667
0.950000
0.929167
0.908333
0.566667
0.279167
0.412500
0.283333
0.312500
0.345833
0.254167
0.583333
0.350000
0.333333
0.312500
0.604167
0.529167
0.408333
0.583333
0.075000
0.625000
0.237500
0.950000
0.345833
0.479167
0.716667
0.187500
0.262500
0.358333
0.229167
0.770833
0.208333
0.520833
0.441667
0.483333
0.345833
0.179167
0.395833
0.470833
0.429167
0.233333
0.204167
0.570833
0.579167
0.283333
1.079167
0.737500
0.570833
1.025000
0.166667
0.491667
0.266667
0.250000
0.570833
0.158333
0.579167
1.095833
0.204167
0.441667
0.258333
1.087500
0.341667
0.562500
0.900000
0.470833
0.183333
1.145833
0.341667
0.408333
0.437500
0.645833
0.520833
0.387500
1.012500
0.141667
1.012500
0.229167
1.066667
0.783333
0.291667
0.479167
0.341667
0.404167
1.054167
0.195833
0.266667
0.829167
0.958333
0.650000
0.350000
0.383333
1.041667
1.183333
1.800000
1.775000
0.887500
0.904167
0.862500
0.866667
0.920833
0.920833
0.920833
0.920833
0.929167
0.904167
0.883333
0.912500
0.891667
0.883333
0.920833
0.920833
0.895833
0.900000
0.929167
0.916667
0.900000
0.916667
0.870833
0.916667
0.912500
0.891667
0.891667
0.891667
0.875000
0.908333
0.916667
0.920833
0.887500
0.916667
0.920833
0.950000
0.975000
0.937500
0.929167
0.908333
0.925000
0.945833
0.941667
0.945833
0.933333
0.916667
0.945833
0.950000
0.941667
0.941667
0.916667
0.929167
0.945833
0.933333
0.937500
0.933333
0.933333
0.912500
0.929167
0.950000
0.958333
0.958333
0.954167
0.933333
0.958333
0.966667
0.970833
0.962500
0.958333
0.933333
0.958333
0.966667
0.962500
0.958333
0.958333
0.929167
0.945833
0.958333
0.958333
0.950000
0.937500
0.929167
0.950000
0.958333
0.954167
0.950000
0.925000
0.937500
0.958333
0.954167
0.945833
0.945833
0.908333
0.904167
0.916667
0.937500
0.937500
0.920833
0.904167
0.908333
0.887500
0.879167
0.891667
0.800000
0.620833
0.404167
0.883333
0.900000
0.908333
0.383333
0.366667
0.170833
0.916667
0.904167
0.900000
0.895833
0.900000
0.945833
0.945833
0.904167
0.908333
0.933333
0.941667
0.941667
0.933333
0.904167
0.920833
0.950000
0.962500
0.987500
0.925000
0.950000
0.962500
0.954167
0.950000
0.575000
0.354167
0.966667
0.958333
0.958333
0.920833
0.958333
0.966667
0.962500
0.933333
0.954167
0.970833
0.970833
0.925000
0.941667
0.929167
0.900000
0.895833
0.925000
0.954167
0.916667
0.904167
0.945833
0.983333
0.983333
0.954167
0.920833
0.937500
0.958333
0.987500
0.966667
0.920833
0.929167
0.900000
0.912500
0.950000
0.983333
0.966667
0.920833
0.941667
0.958333
0.958333
0.958333
0.929167
0.941667
0.966667
0.966667
0.966667
0.954167
0.666667
0.104167
1.129167
0.970833
0.950000
0.962500
0.945833
0.941667
0.950000
0.929167
0.929167
0.958333
0.937500
0.958333
0.962500
0.966667
0.950000
0.945833
0.966667
0.975000
0.979167
0.975000
0.966667
0.970833
0.941667
0.970833
0.975000
0.958333
0.929167
0.954167
0.966667
0.958333
0.933333
0.954167
0.970833
0.970833
0.937500
0.962500
0.979167
0.975000
0.954167
0.945833
0.970833
0.979167
0.945833
0.945833
0.975000
0.983333
0.945833
0.950000
0.975000
0.958333
0.954167
0.958333
0.929167
0.962500
0.962500
0.958333
0.966667
0.966667
0.958333
0.966667
0.954167
0.962500
0.941667
0.945833
0.929167
0.912500
0.912500
0.933333
0.929167
0.950000
0.945833
0.941667
0.954167
0.933333
0.929167
0.933333
0.929167
0.920833
0.929167
0.900000
0.904167
0.929167
0.958333
0.904167
0.908333
0.950000
0.933333
0.904167
0.908333
0.962500
0.929167
0.929167
0.970833
0.983333
0.929167
0.954167
1.012500
0.979167
0.954167
0.983333
0.983333
0.995833
0.987500
0.962500
0.975000
0.987500
0.987500
0.954167
0.970833
0.975000
0.954167
0.950000
0.970833
0.958333
0.929167
0.958333
0.954167
0.962500
0.929167
0.954167
0.983333
0.966667
0.950000
0.950000
0.941667
0.929167
0.958333
0.970833
0.962500
0.941667
0.958333
0.979167
0.979167
0.987500
0.979167
0.962500
0.962500
0.979167
0.958333
0.945833
0.945833
0.920833
0.945833
0.941667
0.925000
0.904167
0.933333
0.937500
0.958333
0.912500
0.908333
0.933333
0.941667
0.912500
0.900000
0.912500
0.912500
0.920833
0.920833
0.895833
0.887500
0.904167
0.900000
0.883333
0.904167
0.908333
1.079167
0.862500
0.825000
0.912500
0.887500
0.908333
0.904167
0.883333
0.908333
0.912500
0.925000
0.879167
0.887500
0.887500
0.891667
0.895833
0.891667
0.912500
0.920833
0.925000
0.887500
0.895833
0.883333
0.866667
0.887500
0.887500
0.891667
0.895833
0.870833
0.887500
0.895833
0.870833
0.883333
0.862500
0.862500
0.858333
0.887500
0.870833
0.883333
0.912500
0.916667
0.925000
0.895833
0.887500
0.912500
0.904167
0.887500
0.891667
0.875000
0.900000
0.941667
0.958333
0.941667
0.933333
0.900000
0.912500
0.925000
0.941667
0.929167
0.895833
0.900000
0.916667
0.954167
0.958333
0.954167
0.912500
0.916667
0.945833
