0.812500
0.808333
0.812500
0.816667
0.816667
0.816667
0.816667
0.816667
0.812500
0.812500
0.808333
0.800000
0.808333
0.804167
0.804167
0.800000
0.816667
0.808333
0.704167
0.912500
0.804167
0.804167
0.812500
0.812500
0.820833
0.825000
0.812500
0.816667
0.808333
0.812500
0.808333
0.816667
0.812500
0.816667
0.704167
0.920833
0.812500
0.812500
0.812500
0.812500
0.816667
0.820833
0.812500
0.825000
0.816667
0.816667
0.816667
0.816667
0.812500
0.812500
0.591667
1.029167
0.808333
0.804167
0.800000
0.791667
0.787500
0.791667
0.795833
0.795833
0.795833
0.795833
0.795833
0.795833
0.795833
0.658333
0.945833
0.804167
0.800000
0.800000
0.804167
0.808333
0.812500
0.808333
0.816667
0.816667
0.816667
0.675000
0.970833
0.829167
0.825000
0.825000
0.633333
1.004167
0.808333
0.804167
0.808333
0.662500
0.950000
0.800000
0.800000
0.795833
0.662500
0.937500
0.800000
0.795833
0.791667
0.795833
0.791667
0.795833
0.591667
1.012500
0.795833
0.795833
0.804167
0.800000
0.800000
0.800000
0.800000
0.808333
0.670833
0.945833
0.808333
0.812500
0.808333
0.545833
1.075000
0.808333
0.800000
0.808333
0.541667
1.079167
0.808333
0.812500
0.800000
0.808333
0.812500
0.541667
1.100000
0.812500
0.812500
0.812500
0.820833
0.820833
0.645833
0.991667
0.654167
0.345833
0.620833
0.804167
0.816667
0.812500
0.816667
0.820833
0.616667
1.033333
0.816667
0.820833
0.820833
0.816667
0.808333
0.629167
0.995833
0.808333
0.804167
0.808333
0.670833
0.958333
0.812500
0.812500
0.812500
0.716667
0.916667
0.804167
0.808333
0.812500
0.666667
0.954167
0.812500
0.804167
0.804167
0.641667
0.979167
0.804167
0.812500
0.812500
0.604167
1.029167
0.808333
0.804167
0.800000
0.800000
0.800000
0.654167
0.941667
0.800000
0.795833
0.800000
0.795833
0.804167
0.812500
0.804167
0.804167
0.704167
0.912500
0.804167
0.800000
0.804167
0.808333
0.808333
0.808333
0.820833
0.808333
0.812500
0.816667
0.808333
0.812500
0.808333
0.812500
0.804167
0.816667
0.608333
1.020833
0.691667
0.933333
0.812500
0.812500
0.820833
0.520833
1.137500
0.829167
0.820833
0.816667
0.816667
0.812500
0.816667
0.645833
0.983333
0.804167
0.808333
0.804167
0.804167
0.800000
0.808333
0.804167
0.804167
0.808333
0.804167
0.808333
0.808333
0.804167
0.804167
0.808333
0.804167
0.804167
0.804167
0.808333
0.812500
0.812500
0.808333
0.812500
0.808333
0.808333
0.812500
0.808333
0.808333
0.808333
0.808333
0.808333
0.816667
0.812500
0.808333
0.812500
0.804167
0.808333
0.812500
0.812500
0.812500
0.808333
0.808333
0.804167
0.704167
0.925000
0.812500
0.812500
0.808333
0.808333
0.804167
0.800000
0.745833
0.862500
0.804167
0.804167
0.808333
0.650000
0.966667
0.804167
0.800000
0.808333
0.600000
1.020833
0.808333
0.800000
0.800000
0.804167
0.804167
0.616667
0.991667
0.795833
0.795833
0.795833
0.804167
0.800000
0.804167
0.808333
0.666667
0.945833
0.804167
0.812500
0.812500
0.633333
1.000000
0.812500
0.804167
0.812500
0.812500
0.812500
0.625000
0.991667
0.804167
0.800000
0.808333
0.687500
0.920833
0.800000
0.804167
0.808333
0.812500
0.654167
0.975000
0.812500
0.808333
0.808333
0.562500
1.066667
0.808333
0.808333
0.808333
0.808333
0.812500
0.550000
1.083333
0.812500
0.812500
0.808333
0.808333
0.808333
0.579167
1.054167
0.808333
0.808333
0.804167
0.808333
0.804167
0.808333
0.812500
0.812500
0.812500
0.637500
0.991667
0.808333
0.812500
0.737500
0.887500
0.816667
0.812500
0.816667
0.708333
0.925000
0.816667
0.812500
0.804167
0.808333
0.683333
0.933333
0.808333
0.804167
0.812500
0.641667
0.991667
0.812500
0.825000
0.820833
0.825000
0.650000
1.004167
0.825000
0.816667
0.695833
0.958333
0.820833
0.816667
0.687500
0.945833
0.804167
0.816667
0.675000
0.950000
0.804167
0.804167
0.808333
0.804167
0.808333
0.804167
0.808333
0.812500
0.675000
0.954167
0.808333
0.812500
0.808333
0.691667
0.929167
0.808333
0.804167
0.808333
0.729167
0.900000
0.812500
0.812500
0.816667
0.812500
0.825000
0.816667
0.820833
0.812500
0.812500
0.816667
0.816667
0.816667
0.812500
0.808333
0.816667
0.808333
0.808333
0.816667
0.812500
0.812500
0.812500
0.816667
0.816667
0.808333
0.820833
0.812500
0.808333
0.812500
0.816667
0.816667
0.825000
0.816667
0.820833
0.820833
0.820833
0.820833
0.820833
0.816667
0.816667
0.820833
0.816667
0.825000
0.816667
0.816667
0.670833
0.975000
0.812500
0.820833
0.816667
0.695833
0.929167
0.804167
0.808333
0.804167
0.708333
0.925000
0.812500
0.812500
0.808333
0.820833
0.820833
0.820833
0.816667
0.820833
0.608333
1.041667
0.670833
0.341667
0.620833
0.812500
0.816667
0.666667
0.970833
0.812500
0.812500
0.675000
0.379167
0.654167
0.754167
0.808333
0.808333
0.812500
0.812500
0.733333
0.891667
0.804167
0.804167
0.800000
0.795833
0.804167
0.804167
0.800000
0.800000
0.695833
0.916667
0.654167
0.370833
0.654167
0.754167
0.808333
0.812500
0.812500
0.816667
0.816667
0.816667
0.812500
0.700000
0.929167
0.812500
0.808333
0.820833
0.712500
0.929167
0.812500
0.816667
0.808333
0.829167
0.820833
0.825000
0.820833
0.825000
0.820833
0.825000
0.675000
0.979167
0.812500
0.812500
0.808333
0.804167
0.808333
0.804167
0.808333
0.804167
0.812500
0.812500
0.816667
0.820833
0.816667
0.812500
0.816667
0.812500
0.816667
0.812500
0.820833
0.812500
0.683333
0.958333
0.812500
0.816667
0.820833
0.700000
0.937500
0.812500
0.812500
0.812500
0.816667
0.812500
0.804167
0.808333
0.808333
0.808333
0.808333
0.812500
0.812500
0.812500
0.812500
0.816667
0.812500
0.820833
0.675000
0.979167
0.829167
0.829167
0.820833
0.683333
0.983333
0.825000
0.820833
0.816667
0.816667
0.825000
0.816667
0.812500
0.816667
0.812500
0.812500
0.816667
0.612500
1.020833
0.812500
0.812500
0.812500
0.812500
0.641667
0.991667
0.804167
0.808333
0.808333
0.683333
0.945833
0.804167
0.808333
0.808333
0.804167
0.812500
0.679167
0.941667
0.804167
0.800000
0.800000
0.683333
0.929167
0.804167
0.800000
0.800000
0.804167
0.687500
0.933333
0.804167
0.804167
0.800000
0.800000
0.800000
0.804167
0.720833
0.883333
0.800000
0.658333
0.358333
0.579167
0.808333
0.800000
0.800000
0.800000
0.804167
0.558333
1.066667
0.812500
0.804167
0.654167
0.954167
0.800000
0.795833
0.666667
0.933333
0.800000
0.791667
0.795833
0.658333
0.941667
0.800000
0.795833
0.800000
0.670833
0.937500
0.804167
0.800000
0.654167
0.958333
0.795833
0.804167
0.658333
0.954167
0.808333
0.808333
0.658333
0.966667
0.808333
0.812500
0.812500
0.812500
0.812500
0.812500
0.816667
0.816667
0.812500
0.812500
0.816667
0.691667
0.950000
0.812500
0.812500
0.812500
0.812500
0.808333
0.812500
0.816667
0.804167
0.725000
0.883333
0.804167
0.800000
0.816667
0.808333
0.812500
0.816667
0.820833
0.816667
0.812500
0.820833
0.820833
0.820833
0.812500
0.687500
0.941667
0.804167
0.800000
0.791667
0.791667
0.791667
0.795833
0.804167
0.808333
0.808333
0.808333
0.804167
0.812500
0.812500
0.829167
0.829167
0.825000
0.825000
0.725000
0.920833
0.825000
0.825000
0.825000
0.829167
0.833333
0.837500
0.620833
1.066667
0.833333
0.833333
0.833333
0.591667
1.070833
0.825000
0.820833
0.825000
0.820833
0.720833
0.925000
0.816667
0.825000
0.820833
0.820833
0.829167
0.829167
0.625000
1.050000
0.658333
0.354167
0.637500
0.825000
0.825000
0.641667
0.375000
