0.483333
0.483333
0.495833
0.491667
0.500000
0.495833
0.491667
0.495833
0.500000
0.504167
0.491667
0.500000
0.500000
0.500000
0.508333
0.491667
0.508333
0.504167
0.500000
0.504167
0.491667
0.508333
0.504167
0.500000
0.491667
0.495833
0.500000
0.504167
0.491667
0.487500
0.491667
0.491667
0.491667
0.483333
0.495833
0.487500
0.479167
0.483333
0.479167
0.483333
0.475000
0.491667
0.487500
0.479167
0.487500
0.470833
0.495833
0.487500
0.487500
0.479167
0.483333
0.491667
0.487500
0.483333
0.487500
0.487500
0.470833
0.495833
0.479167
0.479167
0.483333
0.479167
0.466667
0.470833
0.479167
0.487500
0.495833
0.512500
0.495833
0.487500
0.491667
0.495833
0.487500
0.491667
0.483333
0.487500
0.483333
0.479167
0.491667
0.491667
0.487500
0.483333
0.500000
0.495833
0.487500
0.500000
0.500000
0.500000
0.491667
0.504167
0.500000
0.500000
0.487500
0.500000
0.500000
0.491667
0.483333
0.495833
0.495833
0.491667
0.479167
0.500000
0.487500
0.483333
0.475000
0.483333
0.491667
0.487500
0.483333
0.483333
0.491667
0.487500
0.975000
0.495833
0.491667
0.495833
0.487500
0.495833
0.495833
0.495833
0.487500
0.487500
0.491667
0.491667
0.491667
0.475000
0.495833
0.491667
0.495833
0.487500
0.491667
0.491667
0.500000
0.500000
0.500000
0.495833
0.500000
0.508333
0.500000
0.495833
0.500000
0.504167
0.500000
0.500000
0.491667
0.479167
0.491667
0.495833
0.495833
0.491667
0.479167
0.487500
0.495833
0.491667
0.495833
0.487500
0.495833
0.495833
0.508333
0.500000
0.495833
0.495833
0.504167
0.504167
0.495833
0.491667
0.504167
0.500000
0.495833
0.491667
0.491667
0.495833
0.500000
0.487500
0.491667
0.487500
0.495833
0.495833
0.491667
0.491667
0.479167
0.491667
0.491667
0.487500
0.483333
0.983333
0.487500
0.500000
0.487500
0.495833
0.495833
0.504167
0.495833
0.491667
0.495833
0.495833
0.504167
0.491667
0.495833
0.500000
0.504167
0.491667
0.491667
0.491667
0.491667
0.487500
0.487500
0.475000
0.483333
0.479167
0.479167
0.483333
0.466667
0.475000
0.483333
0.479167
0.483333
0.475000
0.479167
0.483333
0.479167
0.479167
0.479167
0.491667
0.487500
0.491667
0.479167
0.483333
0.487500
0.491667
0.495833
0.495833
0.495833
0.483333
0.991667
0.491667
0.491667
0.491667
0.500000
0.479167
0.491667
0.487500
0.491667
0.491667
0.483333
0.475000
0.495833
0.491667
0.491667
0.483333
0.491667
0.491667
0.495833
0.495833
0.491667
0.483333
0.491667
0.495833
0.491667
0.487500
0.483333
0.487500
0.495833
0.491667
0.491667
0.479167
0.495833
0.487500
0.495833
0.479167
0.487500
0.483333
0.495833
0.487500
0.479167
0.479167
0.487500
0.487500
0.483333
0.483333
0.483333
0.483333
0.487500
0.495833
0.479167
0.483333
0.479167
0.500000
0.487500
0.495833
0.487500
0.495833
0.491667
0.483333
0.495833
0.483333
0.479167
0.483333
0.500000
0.483333
0.487500
0.487500
0.475000
0.970833
0.483333
0.483333
0.475000
0.475000
0.483333
0.479167
0.487500
0.483333
0.479167
0.475000
0.491667
0.487500
0.487500
0.954167
0.487500
0.491667
0.487500
0.483333
0.487500
0.475000
0.483333
0.495833
0.491667
0.487500
0.483333
0.491667
0.495833
0.487500
0.487500
0.487500
0.479167
0.483333
0.487500
0.491667
0.483333
0.487500
0.479167
0.491667
0.483333
0.491667
0.475000
0.479167
0.475000
0.487500
0.487500
0.483333
0.475000
0.479167
0.966667
0.491667
0.483333
0.479167
0.479167
0.491667
0.483333
0.483333
0.483333
0.475000
0.470833
0.487500
0.475000
0.479167
0.479167
0.479167
0.466667
0.479167
0.479167
0.479167
0.483333
0.479167
0.466667
0.483333
0.483333
0.483333
0.487500
0.470833
0.483333
0.491667
0.487500
0.487500
0.483333
0.483333
0.491667
0.487500
0.491667
0.483333
0.483333
0.483333
0.491667
0.483333
0.487500
0.475000
0.475000
0.491667
0.483333
0.487500
0.475000
0.475000
0.491667
0.483333
0.483333
0.479167
0.470833
0.479167
0.491667
0.479167
0.487500
0.475000
0.470833
0.475000
0.487500
0.483333
0.475000
0.479167
0.470833
0.483333
0.479167
0.479167
0.479167
0.458333
0.479167
0.475000
0.479167
0.470833
0.470833
0.466667
0.475000
0.470833
0.475000
0.470833
0.475000
0.475000
0.470833
0.475000
0.470833
0.479167
0.479167
0.483333
0.462500
0.475000
0.487500
0.479167
0.487500
0.483333
0.475000
0.479167
0.495833
0.487500
0.491667
0.487500
0.479167
0.479167
0.495833
0.491667
0.487500
0.479167
0.495833
0.487500
0.495833
0.479167
0.483333
0.500000
0.495833
0.483333
0.487500
0.487500
0.491667
0.491667
0.487500
0.491667
0.487500
0.479167
0.491667
0.483333
0.200000
0.291667
0.483333
0.479167
0.491667
0.487500
0.487500
0.479167
0.491667
0.491667
0.483333
0.491667
0.491667
0.495833
0.483333
0.495833
0.508333
0.500000
0.491667
0.500000
0.504167
0.504167
0.491667
0.495833
0.500000
0.504167
0.491667
0.491667
0.495833
0.495833
0.491667
0.479167
0.495833
0.487500
0.491667
0.483333
0.487500
0.491667
0.491667
0.491667
0.487500
0.479167
0.479167
0.495833
0.487500
0.487500
0.483333
0.470833
0.487500
0.483333
0.491667
0.479167
0.479167
0.470833
0.487500
0.483333
0.487500
0.487500
0.475000
0.483333
0.487500
0.495833
0.487500
0.479167
0.491667
0.495833
0.495833
0.491667
0.491667
0.487500
0.487500
0.487500
0.483333
0.495833
0.491667
0.491667
0.483333
0.483333
0.495833
0.487500
0.483333
0.483333
0.483333
0.475000
0.491667
0.483333
0.487500
0.479167
0.479167
0.470833
0.487500
0.479167
0.487500
0.479167
0.475000
0.491667
0.491667
0.487500
0.483333
0.483333
0.495833
0.491667
0.479167
0.487500
0.487500
0.491667
0.487500
0.491667
0.483333
0.479167
0.495833
0.487500
0.491667
0.475000
0.483333
0.491667
0.487500
0.479167
0.487500
0.491667
0.491667
0.491667
0.479167
0.491667
0.495833
0.491667
0.487500
0.491667
0.491667
0.491667
0.495833
0.491667
0.491667
0.495833
0.495833
0.495833
0.483333
0.495833
0.491667
0.491667
0.487500
0.487500
0.470833
0.487500
0.487500
0.487500
0.487500
0.475000
0.487500
0.487500
0.491667
0.491667
0.487500
0.491667
0.491667
0.491667
0.487500
0.487500
0.500000
0.495833
0.487500
0.483333
0.487500
0.495833
0.483333
0.491667
0.487500
0.479167
0.483333
0.487500
0.475000
0.479167
0.462500
0.487500
0.470833
0.466667
0.466667
0.466667
0.475000
0.466667
0.466667
0.466667
0.462500
0.475000
0.466667
0.475000
0.466667
0.470833
0.945833
0.470833
0.475000
0.458333
0.470833
0.475000
0.475000
0.470833
0.466667
0.941667
0.475000
0.466667
0.454167
0.470833
0.475000
0.466667
0.466667
0.470833
0.466667
0.458333
0.466667
0.470833
0.458333
0.466667
0.466667
0.466667
0.462500
0.466667
0.458333
0.462500
0.470833
0.462500
0.466667
0.458333
0.450000
0.458333
0.462500
0.462500
0.462500
0.462500
0.450000
0.466667
0.470833
0.470833
0.470833
0.462500
0.466667
0.479167
0.479167
0.479167
0.466667
0.479167
0.483333
0.479167
0.479167
0.470833
0.483333
0.483333
0.475000
0.479167
0.466667
0.470833
0.479167
0.475000
0.475000
0.470833
0.466667
0.475000
0.475000
0.479167
0.479167
0.470833
0.475000
0.483333
0.483333
0.479167
0.466667
0.475000
0.483333
0.479167
0.479167
0.470833
0.475000
0.479167
0.479167
0.475000
0.470833
0.470833
0.475000
0.479167
0.470833
0.470833
0.941667
0.475000
0.475000
0.462500
0.945833
0.479167
0.475000
0.470833
0.470833
0.483333
0.470833
0.479167
0.458333
0.470833
0.479167
0.475000
0.475000
0.466667
0.475000
0.475000
0.483333
0.470833
0.475000
0.483333
0.483333
0.487500
0.470833
0.483333
0.487500
0.491667
0.483333
0.479167
0.479167
0.491667
0.487500
0.487500
0.479167
0.479167
0.495833
0.483333
0.487500
0.487500
0.479167
0.491667
0.483333
0.487500
0.487500
0.475000
0.483333
0.483333
0.479167
0.475000
0.462500
0.470833
0.475000
0.475000
0.470833
0.462500
0.470833
0.475000
0.479167
0.479167
0.475000
0.470833
0.491667
0.487500
0.487500
0.491667
0.483333
0.495833
0.491667
0.495833
0.479167
0.487500
0.487500
0.487500
0.483333
0.479167
0.487500
0.487500
0.483333
0.475000
0.483333
0.487500
0.487500
0.483333
0.466667
0.479167
0.483333
0.479167
0.475000
0.475000
0.483333
0.483333
0.483333
0.479167
0.487500
0.491667
0.491667
0.487500
0.479167
0.491667
0.491667
0.479167
0.483333
0.470833
0.483333
0.479167
0.483333
0.483333
0.475000
0.483333
0.479167
0.483333
0.487500
0.475000
0.483333
0.975000
0.483333
0.479167
0.483333
0.487500
0.487500
0.491667
0.483333
0.479167
0.491667
0.487500
0.487500
0.483333
0.483333
0.487500
0.487500
0.487500
0.479167
0.491667
0.483333
0.487500
0.487500
0.483333
0.495833
0.479167
0.495833
0.479167
0.483333
0.487500
0.491667
0.491667
0.479167
0.487500
0.495833
0.487500
0.491667
0.483333
0.487500
0.491667
0.491667
0.487500
0.479167
0.491667
0.487500
0.495833
0.475000
0.483333
0.487500
0.491667
0.487500
0.475000
0.487500
0.487500
0.479167
0.483333
0.475000
0.487500
0.483333
0.483333
0.483333
0.470833
0.483333
0.491667
0.483333
0.479167
0.979167
0.487500
0.487500
0.483333
0.491667
0.491667
0.491667
0.483333
0.483333
0.491667
0.487500
0.487500
0.479167
0.483333
0.487500
0.487500
0.470833
0.483333
0.491667
0.483333
0.483333
0.483333
0.487500
0.487500
0.483333
0.470833
0.483333
0.470833
0.466667
0.466667
0.462500
0.458333
0.445833
0.462500
0.454167
0.454167
0.445833
0.437500
0.454167
0.445833
0.454167
0.425000
0.450000
0.450000
0.441667
0.429167
0.450000
0.437500
0.437500
0.437500
0.441667
0.425000
0.445833
0.441667
0.241667
0.195833
0.429167
0.441667
0.445833
0.458333
0.462500
0.466667
0.466667
0.458333
0.466667
0.458333
0.458333
0.454167
0.925000
0.466667
0.462500
0.454167
0.466667
0.462500
0.462500
0.450000
0.466667
0.458333
0.450000
0.462500
0.462500
0.441667
0.458333
0.454167
0.445833
0.445833
0.462500
0.454167
0.458333
0.450000
0.908333
0.454167
0.450000
0.458333
0.441667
0.458333
0.454167
0.458333
0.454167
0.441667
0.445833
0.458333
0.450000
0.445833
0.429167
0.445833
0.437500
0.433333
0.437500
0.441667
0.437500
0.437500
0.433333
0.420833
0.437500
0.445833
0.441667
0.441667
0.441667
0.437500
0.441667
0.458333
0.458333
0.454167
0.462500
0.458333
0.458333
0.466667
0.466667
0.462500
0.462500
0.462500
0.454167
0.466667
0.466667
0.462500
0.458333
0.466667
0.445833
0.470833
0.462500
0.470833
0.466667
0.454167
0.466667
0.466667
0.479167
0.470833
0.475000
0.458333
0.475000
0.470833
0.475000
0.466667
0.462500
0.462500
0.475000
0.462500
0.466667
0.450000
0.462500
0.458333
0.462500
0.454167
0.454167
0.441667
0.462500
0.458333
0.458333
0.462500
0.458333
0.454167
0.458333
0.462500
0.462500
0.470833
0.458333
0.458333
0.462500
0.470833
0.466667
0.470833
0.458333
0.458333
0.470833
0.466667
0.466667
0.470833
0.462500
0.466667
0.466667
0.475000
0.466667
0.470833
0.462500
0.462500
0.479167
0.479167
0.470833
0.466667
0.462500
0.466667
0.475000
0.475000
0.470833
0.462500
0.462500
0.470833
0.470833
0.479167
0.466667
0.462500
0.475000
0.475000
0.475000
0.470833
0.462500
0.470833
0.475000
0.475000
0.470833
0.466667
0.462500
0.475000
0.941667
0.470833
0.458333
0.470833
0.475000
0.479167
0.475000
0.466667
0.475000
0.483333
0.475000
0.479167
0.475000
0.475000
0.470833
0.470833
0.462500
0.475000
0.479167
0.470833
0.470833
0.462500
0.470833
0.479167
0.470833
0.475000
0.458333
0.462500
0.487500
0.470833
0.479167
0.470833
0.470833
0.487500
0.479167
0.466667
0.479167
0.487500
0.479167
0.487500
0.475000
0.483333
0.487500
0.483333
0.483333
0.470833
0.487500
0.483333
0.483333
0.487500
0.479167
0.479167
0.487500
0.483333
0.487500
0.483333
0.475000
0.962500
0.475000
0.483333
0.470833
0.487500
0.479167
0.475000
0.487500
0.487500
0.475000
0.487500
0.491667
0.487500
0.483333
0.491667
0.491667
0.491667
0.483333
0.495833
0.491667
0.495833
0.483333
0.491667
0.491667
0.504167
0.487500
0.491667
0.500000
0.500000
0.491667
0.491667
0.500000
0.500000
0.495833
0.495833
0.500000
0.500000
0.491667
0.495833
0.504167
0.495833
0.495833
0.500000
0.495833
0.504167
0.483333
0.500000
0.495833
0.491667
0.487500
0.487500
0.487500
0.491667
0.491667
0.479167
0.491667
0.491667
0.491667
0.483333
0.487500
0.495833
0.495833
0.483333
0.495833
