0.779167
0.787500
0.791667
0.795833
0.795833
0.783333
0.783333
0.783333
0.800000
0.791667
0.775000
0.787500
0.770833
0.795833
0.783333
0.779167
0.770833
0.779167
0.787500
0.775000
0.770833
0.770833
0.783333
0.779167
0.775000
0.770833
0.783333
0.791667
0.783333
0.787500
0.779167
0.770833
0.775000
0.783333
0.779167
0.783333
0.775000
0.775000
0.791667
0.783333
0.787500
0.775000
0.783333
0.791667
0.800000
0.795833
0.787500
0.787500
0.795833
0.804167
0.804167
0.800000
0.791667
0.791667
0.804167
0.804167
0.800000
0.795833
0.783333
0.791667
0.795833
0.791667
0.795833
0.787500
0.779167
0.787500
0.795833
0.791667
0.775000
0.775000
0.787500
0.783333
0.704167
0.850000
0.775000
0.791667
0.787500
0.779167
0.770833
0.758333
0.775000
0.775000
0.770833
0.754167
0.762500
0.770833
0.762500
0.775000
0.754167
0.754167
0.758333
0.775000
0.758333
0.750000
0.750000
0.750000
0.745833
0.745833
0.741667
0.741667
1.475000
0.750000
0.754167
0.750000
0.750000
0.770833
0.770833
0.783333
0.779167
0.775000
0.795833
0.804167
0.804167
0.800000
0.808333
0.804167
0.812500
0.808333
0.812500
0.808333
0.800000
0.795833
0.804167
0.808333
0.804167
0.812500
0.800000
0.800000
0.808333
0.808333
0.812500
0.795833
0.791667
0.800000
0.804167
0.791667
0.779167
0.770833
0.775000
0.779167
0.766667
0.750000
0.754167
0.754167
0.762500
0.754167
0.741667
0.754167
0.754167
0.762500
0.754167
0.750000
0.637500
0.900000
0.800000
0.783333
0.762500
0.758333
0.779167
0.766667
0.770833
0.766667
0.770833
0.775000
0.795833
0.791667
0.787500
0.791667
0.783333
0.808333
0.800000
0.808333
0.787500
0.791667
0.795833
0.795833
0.800000
0.795833
0.783333
0.791667
0.804167
0.795833
0.795833
0.791667
0.795833
0.800000
0.800000
0.795833
0.783333
0.787500
0.808333
0.804167
0.800000
0.791667
0.783333
0.791667
0.791667
0.791667
0.783333
0.770833
0.775000
0.779167
0.779167
0.770833
0.754167
0.775000
0.775000
0.783333
0.762500
0.766667
0.779167
0.783333
0.783333
0.775000
0.770833
0.787500
0.787500
0.800000
0.791667
0.770833
0.787500
0.783333
0.787500
0.779167
0.775000
0.779167
0.791667
0.804167
0.795833
0.791667
0.787500
0.800000
0.800000
0.800000
0.795833
0.787500
0.800000
0.808333
0.804167
0.795833
0.816667
0.804167
0.804167
0.808333
0.816667
0.800000
0.812500
0.816667
0.804167
0.808333
0.795833
0.783333
0.787500
0.791667
0.791667
0.775000
0.779167
0.775000
0.775000
0.758333
0.754167
0.762500
0.766667
0.766667
0.775000
0.754167
0.758333
0.779167
0.783333
0.783333
0.775000
0.791667
0.783333
0.791667
0.787500
0.800000
0.783333
0.779167
0.795833
0.795833
0.800000
0.800000
0.800000
0.795833
0.783333
0.775000
0.779167
0.762500
0.766667
0.566667
0.937500
0.825000
0.825000
0.808333
0.800000
0.783333
0.779167
0.787500
0.787500
0.779167
0.783333
0.758333
0.770833
0.766667
0.754167
0.754167
0.766667
0.745833
0.762500
1.500000
0.741667
0.770833
0.770833
0.795833
0.779167
0.770833
0.762500
0.787500
0.783333
0.779167
0.770833
0.762500
0.762500
0.775000
0.779167
0.775000
0.766667
0.758333
0.754167
0.770833
0.775000
0.783333
0.791667
0.779167
0.787500
0.804167
0.812500
0.829167
0.833333
0.829167
0.829167
0.820833
0.829167
0.825000
0.816667
0.825000
0.808333
0.804167
0.795833
0.787500
0.783333
0.791667
0.791667
0.795833
0.795833
0.800000
0.783333
0.770833
0.766667
0.787500
0.787500
0.779167
0.779167
0.766667
0.775000
0.775000
0.779167
0.775000
0.762500
0.766667
0.766667
0.770833
0.766667
0.762500
0.762500
0.766667
0.766667
0.775000
0.775000
0.770833
0.762500
0.770833
0.787500
0.779167
0.779167
0.770833
0.766667
0.766667
0.775000
0.779167
0.775000
0.775000
0.762500
0.770833
0.770833
0.762500
0.754167
0.750000
0.750000
0.750000
0.758333
0.741667
0.741667
0.737500
0.733333
0.745833
0.750000
0.745833
0.737500
0.733333
0.741667
0.745833
0.741667
0.737500
0.733333
0.733333
0.733333
0.741667
0.737500
0.733333
0.729167
0.733333
0.733333
0.745833
0.737500
0.737500
0.733333
0.745833
0.750000
0.758333
0.754167
0.750000
0.745833
0.754167
0.766667
0.754167
0.754167
0.758333
0.762500
0.770833
0.766667
0.758333
0.750000
0.758333
0.762500
0.762500
0.754167
0.754167
0.766667
0.775000
0.770833
0.762500
0.762500
0.770833
0.770833
0.770833
0.766667
0.754167
0.766667
0.770833
0.770833
0.766667
0.762500
0.766667
0.779167
0.779167
0.775000
0.762500
0.766667
0.766667
0.770833
0.766667
0.758333
0.754167
0.745833
0.758333
0.754167
0.750000
0.754167
0.750000
0.762500
0.762500
0.770833
0.766667
0.762500
0.766667
0.770833
0.766667
0.766667
0.750000
0.741667
0.745833
0.754167
0.758333
0.745833
0.741667
0.770833
0.775000
0.770833
0.770833
0.791667
0.795833
0.795833
0.800000
0.783333
0.783333
0.791667
0.795833
0.795833
0.800000
0.804167
0.812500
0.804167
0.804167
0.816667
0.825000
0.816667
0.816667
0.812500
0.812500
0.795833
0.812500
0.808333
0.812500
0.812500
0.695833
0.941667
0.800000
0.800000
0.825000
0.812500
0.804167
0.791667
0.795833
0.800000
0.800000
0.800000
0.791667
0.791667
0.775000
0.770833
0.804167
0.791667
0.779167
0.775000
0.766667
0.783333
0.783333
0.775000
0.766667
0.779167
0.791667
0.779167
0.787500
0.775000
0.775000
0.775000
0.775000
0.770833
0.758333
0.762500
0.762500
0.758333
0.766667
0.745833
0.750000
0.750000
0.750000
0.754167
0.745833
0.745833
0.745833
0.758333
0.770833
0.762500
0.762500
0.758333
0.770833
0.770833
0.758333
0.758333
0.770833
0.775000
0.766667
0.766667
0.762500
0.766667
0.770833
0.770833
0.766667
0.770833
0.787500
0.787500
0.791667
0.804167
0.579167
0.950000
0.858333
0.837500
0.816667
0.804167
0.795833
0.812500
0.800000
0.800000
0.795833
0.795833
0.787500
0.800000
0.800000
0.800000
0.795833
0.800000
0.795833
0.791667
0.787500
0.808333
0.800000
0.804167
0.791667
0.783333
0.795833
0.791667
0.787500
0.779167
0.775000
0.787500
0.795833
0.804167
0.791667
0.779167
0.775000
0.787500
0.791667
0.783333
0.783333
0.783333
0.800000
0.795833
0.804167
0.791667
0.783333
0.800000
0.795833
0.783333
0.787500
0.800000
0.804167
0.800000
0.812500
0.795833
0.795833
0.812500
0.808333
0.812500
0.808333
0.787500
0.800000
0.808333
0.816667
0.800000
0.800000
0.795833
0.770833
0.754167
0.770833
0.775000
0.800000
0.791667
0.795833
0.800000
0.816667
0.808333
0.820833
0.804167
0.800000
0.816667
0.804167
0.804167
0.787500
0.791667
0.812500
0.808333
0.812500
0.791667
0.791667
0.808333
0.804167
0.804167
0.783333
0.775000
0.787500
0.804167
0.787500
0.787500
0.791667
0.808333
0.816667
0.804167
0.795833
0.783333
0.800000
0.800000
0.800000
0.787500
0.783333
0.783333
0.791667
0.787500
0.783333
0.770833
0.787500
0.787500
0.791667
0.800000
0.800000
0.779167
0.800000
0.812500
0.816667
0.812500
0.808333
0.804167
0.795833
0.812500
0.812500
0.812500
0.812500
0.800000
0.800000
0.808333
0.820833
0.804167
0.808333
0.804167
0.795833
0.804167
0.800000
0.787500
0.783333
0.795833
0.791667
0.795833
0.775000
0.775000
0.795833
0.804167
0.804167
0.783333
0.779167
0.770833
0.787500
0.787500
0.783333
0.783333
0.783333
0.791667
0.800000
0.800000
0.783333
0.783333
0.791667
0.808333
0.795833
0.779167
0.775000
0.787500
0.787500
0.787500
0.766667
0.766667
0.779167
0.783333
0.762500
0.770833
0.762500
0.775000
0.775000
0.783333
0.766667
0.770833
0.770833
0.787500
0.775000
0.783333
0.770833
0.770833
0.787500
0.791667
0.787500
0.779167
0.779167
0.787500
0.791667
0.804167
