0.554167
0.512500
0.683333
0.950000
0.758333
0.533333
0.533333
0.558333
0.787500
0.525000
0.516667
0.516667
0.687500
0.512500
0.866667
0.720833
0.516667
0.495833
0.525000
0.808333
0.779167
0.666667
0.829167
0.829167
0.625000
0.750000
0.554167
0.479167
0.520833
0.525000
0.504167
0.550000
0.700000
0.745833
0.625000
0.654167
1.512500
1.391667
0.545833
0.825000
0.504167
0.475000
0.866667
1.108333
0.570833
0.845833
1.079167
0.666667
0.658333
0.979167
1.216667
0.804167
0.491667
0.887500
0.666667
0.762500
0.600000
0.516667
1.195833
1.050000
0.545833
0.966667
1.166667
1.020833
0.637500
0.983333
0.725000
0.725000
1.054167
1.154167
0.887500
0.854167
0.516667
0.712500
0.758333
0.745833
1.037500
0.666667
0.804167
0.604167
0.566667
0.820833
0.741667
0.537500
0.779167
0.579167
0.995833
0.641667
0.700000
0.487500
0.491667
0.929167
0.525000
1.191667
0.637500
0.741667
0.554167
0.537500
0.950000
0.745833
0.591667
0.854167
0.666667
0.870833
0.704167
0.562500
0.766667
0.691667
0.525000
0.954167
0.808333
0.729167
0.554167
0.545833
0.841667
1.333333
0.716667
0.750000
0.612500
0.595833
0.620833
0.537500
0.487500
0.554167
0.791667
0.937500
0.641667
0.641667
0.570833
0.520833
0.575000
0.612500
0.758333
0.483333
0.741667
0.595833
0.500000
0.766667
0.679167
0.579167
0.537500
0.533333
0.641667
0.804167
0.658333
1.091667
0.641667
0.516667
0.495833
0.633333
0.779167
0.741667
0.637500
0.516667
0.520833
0.650000
0.554167
0.754167
0.487500
0.695833
0.583333
0.858333
0.704167
0.829167
0.920833
0.908333
0.583333
0.629167
0.958333
0.808333
0.562500
0.645833
1.025000
0.479167
0.491667
0.683333
0.512500
0.866667
0.579167
0.516667
0.683333
0.804167
0.550000
0.545833
0.920833
0.500000
0.420833
0.550000
0.487500
0.879167
0.675000
0.595833
0.558333
0.950000
0.600000
0.570833
0.791667
0.675000
0.558333
0.720833
0.520833
0.700000
0.695833
1.195833
1.408333
0.500000
1.212500
0.912500
0.683333
0.516667
0.987500
0.966667
0.554167
0.887500
0.600000
0.716667
1.016667
0.866667
0.733333
0.566667
1.041667
0.779167
1.158333
0.650000
0.879167
0.554167
0.825000
0.625000
0.954167
0.795833
0.537500
0.504167
0.841667
0.541667
0.616667
0.983333
1.029167
0.712500
0.558333
0.566667
0.629167
0.562500
0.662500
0.820833
0.866667
0.537500
0.829167
0.579167
0.816667
0.500000
0.579167
0.895833
0.504167
0.562500
0.487500
0.683333
0.550000
0.604167
0.754167
0.512500
1.566667
0.683333
0.516667
0.558333
0.558333
1.254167
0.608333
0.483333
0.545833
0.520833
1.000000
0.758333
0.995833
0.541667
0.916667
0.858333
0.616667
0.770833
0.700000
1.125000
0.900000
0.579167
1.191667
0.550000
0.587500
0.516667
0.508333
0.920833
0.637500
0.591667
0.504167
0.612500
0.937500
0.920833
0.495833
0.525000
1.029167
0.633333
0.595833
1.520833
0.645833
0.558333
0.545833
0.687500
0.954167
1.475000
0.725000
0.541667
0.462500
1.141667
0.758333
0.766667
0.529167
0.629167
0.712500
0.654167
0.791667
0.545833
0.600000
0.712500
0.675000
0.770833
0.837500
0.562500
1.154167
1.429167
0.512500
0.629167
0.683333
0.570833
0.691667
0.808333
0.866667
0.737500
0.595833
0.758333
0.695833
0.512500
0.825000
0.583333
0.954167
0.704167
0.966667
0.612500
0.612500
0.570833
0.608333
0.612500
0.758333
0.779167
0.641667
0.454167
0.625000
0.700000
1.083333
1.370833
0.783333
0.808333
0.779167
0.995833
0.508333
0.487500
0.491667
0.508333
0.691667
0.504167
0.737500
0.479167
0.566667
0.816667
0.870833
0.554167
0.775000
0.537500
0.862500
0.470833
0.433333
0.750000
1.008333
0.625000
0.595833
0.762500
0.887500
0.966667
0.545833
0.820833
0.475000
0.758333
0.787500
0.675000
0.504167
0.625000
0.466667
1.129167
0.904167
0.895833
0.562500
0.533333
0.541667
0.862500
0.529167
1.316667
0.937500
0.254167
0.770833
1.150000
0.666667
0.975000
1.154167
0.537500
0.608333
0.754167
0.679167
0.562500
0.850000
1.054167
0.554167
0.595833
1.141667
0.666667
0.491667
0.516667
0.850000
0.995833
1.083333
0.895833
0.941667
0.545833
0.516667
0.512500
0.870833
0.929167
0.704167
0.512500
1.016667
0.737500
0.508333
0.462500
0.704167
1.295833
0.887500
0.595833
0.466667
0.458333
0.520833
0.550000
0.754167
0.612500
0.537500
0.666667
0.879167
0.829167
0.554167
0.612500
0.666667
0.533333
0.912500
0.491667
0.795833
1.095833
0.545833
1.545833
0.795833
0.791667
0.470833
0.808333
0.525000
0.991667
0.533333
0.691667
1.520833
0.941667
0.945833
0.541667
0.866667
0.908333
0.487500
0.487500
0.516667
0.816667
0.820833
0.854167
0.641667
1.025000
0.545833
0.591667
1.445833
0.766667
0.512500
0.879167
0.866667
1.108333
1.595833
0.879167
0.600000
0.508333
0.462500
0.462500
0.562500
1.683333
0.645833
0.733333
0.683333
0.529167
0.525000
0.791667
0.895833
0.608333
1.008333
0.591667
0.654167
0.783333
0.962500
0.679167
0.583333
0.504167
0.512500
0.650000
0.662500
1.054167
1.108333
1.000000
0.791667
0.558333
1.037500
0.558333
0.625000
0.950000
0.995833
0.745833
1.245833
0.600000
0.612500
0.512500
0.595833
0.887500
0.700000
0.500000
0.504167
0.720833
0.583333
0.562500
0.770833
0.558333
1.041667
0.600000
0.670833
0.837500
0.937500
0.566667
0.500000
0.679167
0.675000
0.545833
0.554167
0.987500
0.491667
0.770833
0.562500
0.979167
0.587500
0.579167
0.504167
1.170833
1.170833
0.725000
1.087500
0.541667
0.579167
1.491667
0.525000
0.525000
0.862500
0.829167
0.712500
0.562500
0.545833
0.725000
1.137500
0.550000
0.745833
0.975000
0.604167
0.625000
0.691667
0.641667
1.170833
1.012500
0.625000
0.762500
0.708333
0.845833
0.500000
0.570833
0.570833
0.883333
1.012500
0.654167
0.945833
1.075000
1.033333
0.750000
0.520833
1.895833
0.804167
0.600000
0.733333
0.695833
0.500000
0.504167
0.862500
0.737500
0.604167
0.675000
1.404167
0.779167
0.612500
1.095833
0.570833
0.537500
1.108333
0.616667
0.487500
0.600000
0.612500
0.629167
0.641667
0.612500
0.508333
0.570833
0.795833
0.508333
0.512500
1.041667
0.850000
0.687500
0.495833
0.520833
0.600000
0.512500
1.045833
0.520833
0.483333
1.004167
0.650000
0.708333
1.091667
1.308333
0.787500
0.550000
0.537500
0.458333
0.612500
0.687500
0.841667
0.737500
0.525000
0.612500
0.570833
0.562500
1.108333
1.066667
0.650000
0.662500
0.725000
0.816667
0.666667
0.779167
0.529167
0.454167
0.854167
0.525000
0.637500
0.537500
1.087500
0.533333
0.675000
0.479167
0.604167
0.829167
0.620833
0.462500
0.983333
0.608333
0.929167
0.650000
0.895833
0.641667
0.750000
0.525000
0.508333
0.654167
0.537500
0.816667
0.700000
0.570833
0.508333
0.729167
0.825000
0.712500
0.491667
0.725000
0.675000
0.600000
0.516667
0.829167
1.162500
0.520833
0.516667
0.666667
0.800000
0.854167
0.587500
0.591667
0.720833
0.937500
0.895833
0.516667
0.516667
0.741667
0.929167
1.083333
0.641667
0.629167
0.779167
0.537500
0.875000
0.554167
0.537500
0.812500
0.933333
0.508333
1.141667
0.654167
0.612500
0.720833
0.816667
0.800000
0.733333
0.545833
0.858333
0.983333
0.925000
1.075000
0.712500
1.191667
0.879167
0.912500
0.825000
0.850000
0.545833
0.904167
0.841667
0.666667
0.800000
0.658333
0.729167
0.904167
0.933333
0.520833
0.862500
0.850000
0.579167
1.362500
0.554167
0.783333
0.875000
0.650000
0.700000
0.687500
0.579167
0.800000
0.545833
0.650000
0.629167
0.537500
0.825000
0.658333
0.787500
0.620833
0.820833
0.812500
0.745833
0.895833
1.004167
0.795833
1.362500
0.966667
0.600000
0.512500
0.516667
0.612500
0.637500
0.700000
0.558333
0.670833
0.558333
0.670833
0.783333
0.500000
0.470833
0.662500
0.841667
1.070833
0.895833
0.691667
0.766667
0.504167
0.487500
0.462500
0.875000
0.779167
1.016667
0.570833
0.975000
0.537500
0.954167
0.966667
1.737500
0.691667
0.583333
1.216667
0.550000
0.829167
0.666667
0.879167
0.550000
0.712500
0.775000
0.641667
1.004167
0.604167
1.108333
0.650000
1.316667
0.862500
0.575000
0.537500
1.291667
0.929167
0.600000
1.062500
0.900000
0.687500
0.533333
0.704167
0.633333
0.470833
0.491667
0.516667
