0.716667
0.725000
0.708333
0.704167
0.716667
0.583333
0.837500
0.716667
0.708333
0.712500
0.729167
0.700000
0.700000
0.712500
0.729167
0.525000
0.825000
0.725000
0.687500
0.683333
0.675000
0.470833
0.770833
0.750000
0.695833
0.662500
0.654167
0.658333
0.654167
0.650000
0.658333
0.700000
0.554167
0.829167
0.737500
0.733333
0.700000
0.708333
0.712500
0.733333
0.708333
0.691667
0.687500
0.408333
0.979167
0.691667
0.658333
0.666667
0.670833
0.666667
0.662500
0.683333
0.662500
0.695833
0.679167
0.679167
0.670833
0.687500
0.683333
0.691667
0.679167
0.666667
0.675000
0.670833
0.683333
0.675000
0.666667
0.691667
0.666667
0.691667
0.675000
0.691667
0.670833
0.712500
0.670833
0.679167
0.695833
0.695833
0.704167
0.616667
0.783333
0.704167
0.729167
0.708333
0.720833
0.704167
0.695833
0.687500
0.683333
0.687500
0.679167
0.670833
0.662500
0.670833
0.666667
0.675000
0.666667
0.662500
0.687500
0.662500
0.704167
0.675000
0.683333
0.695833
0.700000
0.529167
0.854167
0.554167
0.908333
0.720833
0.729167
0.725000
0.729167
0.695833
0.695833
0.704167
0.708333
0.675000
0.762500
0.704167
0.708333
0.562500
0.895833
0.741667
0.741667
0.712500
0.712500
0.729167
0.716667
0.737500
0.708333
0.704167
0.729167
0.725000
0.733333
0.704167
0.708333
0.729167
0.720833
0.504167
0.875000
0.770833
0.754167
0.745833
0.745833
0.716667
0.733333
0.733333
0.741667
0.745833
0.712500
0.720833
0.745833
0.737500
0.750000
0.716667
0.645833
0.804167
0.754167
0.758333
0.725000
0.725000
0.750000
0.750000
0.754167
0.729167
0.729167
0.754167
0.758333
0.758333
0.729167
0.725000
0.750000
0.754167
0.754167
0.733333
0.745833
0.754167
0.762500
1.470833
0.729167
0.708333
0.708333
0.708333
0.687500
0.683333
0.683333
0.687500
0.695833
0.420833
0.945833
0.679167
0.679167
0.679167
0.687500
0.679167
0.583333
0.829167
0.729167
0.733333
0.708333
0.708333
0.720833
0.733333
0.720833
0.712500
0.704167
0.720833
0.741667
0.725000
0.716667
0.720833
0.737500
0.737500
0.725000
0.712500
0.712500
0.720833
0.741667
0.720833
0.708333
0.712500
0.729167
0.708333
0.704167
0.712500
0.729167
0.737500
0.720833
0.662500
0.775000
0.741667
0.745833
0.541667
0.912500
0.745833
0.529167
0.916667
0.725000
0.741667
0.383333
1.054167
0.720833
0.670833
0.683333
0.679167
0.679167
0.666667
0.662500
0.675000
0.675000
0.679167
0.670833
0.670833
0.695833
0.675000
0.691667
0.679167
0.679167
0.683333
0.687500
0.683333
0.683333
0.704167
0.687500
0.733333
0.683333
0.704167
0.704167
0.712500
0.725000
0.687500
0.708333
0.695833
0.541667
0.875000
0.695833
0.704167
0.708333
0.725000
0.691667
0.700000
0.700000
0.708333
0.600000
0.837500
0.691667
0.729167
0.708333
0.508333
0.870833
0.720833
0.729167
0.712500
0.729167
0.704167
0.695833
0.700000
0.708333
0.720833
0.704167
0.691667
0.700000
0.708333
0.708333
1.170833
0.904167
0.491667
0.779167
0.729167
0.700000
0.679167
0.679167
0.687500
0.704167
0.633333
0.741667
0.683333
0.716667
0.512500
0.854167
0.783333
0.733333
0.729167
0.733333
0.737500
0.708333
0.720833
0.745833
0.750000
0.758333
0.725000
0.750000
0.750000
0.758333
0.745833
0.729167
0.725000
0.745833
0.741667
0.725000
0.712500
0.716667
0.720833
0.741667
0.716667
0.712500
0.712500
0.737500
0.737500
0.741667
0.716667
0.720833
0.750000
0.754167
0.758333
0.729167
0.741667
0.758333
0.762500
0.633333
0.862500
0.716667
0.754167
0.745833
0.725000
0.708333
0.708333
0.704167
0.733333
0.695833
0.691667
0.704167
0.525000
0.837500
0.729167
0.700000
0.687500
0.700000
1.370833
0.683333
0.679167
0.679167
0.683333
0.670833
0.700000
0.675000
0.545833
0.845833
0.725000
0.716667
0.704167
0.720833
0.720833
0.700000
0.700000
0.708333
0.729167
0.733333
0.700000
0.708333
0.712500
0.729167
0.725000
0.404167
1.000000
0.708333
0.712500
0.695833
0.687500
0.379167
1.012500
0.708333
0.683333
0.670833
0.679167
0.683333
0.683333
0.679167
0.700000
0.695833
0.725000
0.687500
0.700000
0.712500
0.725000
0.700000
0.691667
0.550000
0.883333
0.716667
0.704167
0.708333
0.716667
0.691667
0.700000
0.708333
0.704167
0.687500
0.704167
0.704167
0.529167
0.858333
0.729167
0.733333
0.737500
0.716667
0.704167
0.716667
0.729167
0.500000
0.858333
0.762500
0.725000
0.716667
0.716667
0.704167
0.700000
0.700000
0.712500
0.708333
0.712500
0.700000
0.700000
0.712500
0.725000
0.712500
0.704167
0.704167
0.712500
0.729167
0.712500
0.704167
0.425000
0.991667
0.708333
0.700000
0.683333
0.704167
0.383333
1.008333
0.708333
0.675000
0.704167
0.700000
0.695833
0.708333
0.700000
0.708333
0.508333
0.870833
0.775000
0.733333
0.733333
0.733333
0.704167
0.708333
0.729167
0.733333
0.725000
0.716667
0.545833
0.925000
0.770833
0.766667
0.745833
0.741667
0.754167
0.762500
0.762500
0.750000
0.745833
0.758333
0.766667
0.762500
0.737500
0.754167
0.758333
0.754167
0.720833
0.745833
0.745833
0.754167
0.737500
0.725000
0.745833
0.500000
0.900000
0.879167
0.733333
0.762500
0.762500
0.754167
0.725000
0.737500
0.750000
0.754167
0.754167
0.725000
0.737500
0.558333
0.958333
0.833333
0.729167
0.750000
0.745833
0.750000
0.733333
0.725000
0.737500
0.737500
0.554167
0.916667
0.725000
0.750000
0.545833
0.920833
0.745833
0.741667
0.733333
0.737500
0.670833
0.775000
0.712500
0.733333
0.737500
0.716667
0.708333
0.716667
0.712500
0.725000
0.700000
0.712500
0.558333
0.887500
0.725000
0.708333
0.712500
0.716667
0.725000
0.712500
0.704167
0.716667
0.716667
0.737500
0.708333
0.704167
0.716667
0.716667
0.733333
0.595833
0.812500
0.695833
0.716667
0.704167
0.695833
0.704167
0.687500
0.700000
0.687500
0.700000
0.675000
0.687500
1.370833
0.679167
0.666667
0.666667
0.666667
0.662500
0.658333
0.691667
0.612500
0.750000
0.583333
0.779167
0.670833
0.716667
0.691667
0.695833
0.691667
0.708333
0.520833
0.870833
0.770833
0.716667
0.720833
0.708333
0.729167
0.725000
0.695833
0.391667
1.029167
0.737500
0.712500
0.700000
0.700000
0.716667
0.725000
0.712500
0.704167
0.708333
0.733333
0.745833
0.716667
0.616667
0.870833
0.762500
0.775000
0.750000
0.745833
0.750000
0.562500
0.916667
0.725000
0.758333
0.408333
1.062500
0.725000
0.700000
0.700000
0.720833
0.683333
0.687500
0.691667
0.708333
0.675000
0.720833
0.687500
0.708333
0.720833
0.712500
0.695833
0.704167
0.725000
0.708333
0.733333
0.691667
0.704167
0.729167
0.725000
0.737500
0.708333
0.708333
0.729167
0.675000
0.791667
0.687500
0.758333
0.737500
0.720833
0.704167
0.712500
0.729167
0.704167
0.695833
0.704167
0.708333
0.716667
0.700000
0.695833
0.708333
0.708333
0.729167
0.700000
0.700000
0.712500
0.508333
0.895833
0.829167
0.712500
0.741667
0.733333
0.737500
0.404167
0.800000
0.912500
0.741667
0.733333
0.700000
0.700000
0.716667
0.704167
0.716667
0.700000
0.695833
0.616667
0.841667
0.716667
0.712500
0.733333
0.545833
0.895833
0.770833
0.737500
0.729167
0.733333
0.729167
0.704167
0.708333
0.729167
0.737500
0.733333
0.708333
0.733333
0.737500
0.750000
0.720833
0.720833
0.741667
0.679167
0.795833
0.729167
0.745833
0.745833
0.758333
0.725000
0.750000
0.758333
0.387500
1.125000
0.745833
0.729167
0.416667
1.033333
0.725000
0.687500
0.700000
0.708333
0.454167
0.816667
0.795833
0.650000
0.658333
0.662500
0.654167
0.683333
0.408333
0.833333
0.800000
0.654167
0.666667
0.670833
0.687500
0.670833
0.662500
0.670833
0.700000
0.679167
0.683333
0.562500
0.812500
0.687500
0.720833
0.691667
0.683333
0.695833
0.687500
0.700000
0.691667
0.683333
0.679167
0.683333
0.687500
0.675000
0.691667
0.533333
0.858333
0.695833
0.687500
0.683333
0.687500
0.670833
0.666667
0.679167
0.670833
0.666667
0.691667
0.666667
0.679167
0.670833
0.691667
0.670833
0.720833
0.670833
0.670833
0.679167
0.683333
0.691667
0.675000
0.675000
0.695833
0.675000
0.695833
0.675000
0.687500
0.670833
0.712500
0.662500
0.666667
0.666667
0.670833
0.666667
0.608333
0.754167
0.662500
0.691667
0.675000
0.670833
0.666667
0.670833
0.675000
0.683333
0.670833
0.670833
0.670833
0.704167
0.670833
0.679167
0.670833
0.670833
0.679167
0.383333
0.979167
0.691667
0.658333
0.658333
0.662500
0.670833
0.666667
0.662500
0.666667
0.675000
0.675000
0.683333
0.675000
