0.416667
0.391667
0.570833
0.483333
0.362500
0.479167
0.437500
0.570833
0.645833
0.475000
0.475000
0.354167
0.550000
0.462500
0.483333
0.791667
0.975000
0.300000
0.662500
0.462500
0.900000
0.612500
0.529167
0.466667
0.670833
0.466667
1.120833
0.304167
0.600000
0.487500
0.475000
0.408333
1.075000
0.370833
0.487500
0.566667
0.454167
0.487500
0.808333
0.504167
0.479167
0.591667
0.425000
0.408333
0.458333
1.104167
0.291667
0.550000
0.504167
0.995833
0.487500
0.479167
1.216667
0.287500
0.441667
0.512500
0.570833
0.604167
0.791667
0.858333
0.691667
0.758333
1.170833
0.370833
0.508333
0.491667
0.487500
0.650000
0.466667
1.279167
0.262500
0.491667
0.483333
0.375000
0.737500
1.279167
0.791667
0.462500
0.487500
0.650000
0.479167
1.325000
0.295833
0.654167
0.462500
0.679167
1.112500
0.875000
0.508333
0.412500
0.387500
0.433333
0.329167
0.691667
0.958333
0.500000
0.483333
0.675000
0.441667
1.116667
0.762500
0.470833
0.641667
0.487500
0.470833
0.904167
0.954167
0.591667
0.495833
0.487500
0.675000
0.604167
0.216667
0.550000
0.466667
0.512500
0.629167
0.466667
1.095833
0.304167
0.429167
0.500000
0.512500
1.137500
0.308333
0.570833
0.562500
0.466667
1.312500
0.945833
0.475000
0.441667
0.620833
0.450000
0.908333
0.716667
0.333333
0.441667
0.395833
0.404167
0.625000
0.958333
0.275000
0.437500
0.558333
0.470833
1.104167
0.320833
0.550000
0.450000
0.445833
1.150000
0.433333
0.350000
0.433333
0.437500
0.487500
0.537500
0.441667
0.445833
0.800000
0.912500
0.541667
0.495833
0.358333
1.283333
0.300000
0.545833
0.491667
0.487500
0.458333
0.358333
0.479167
0.450000
0.716667
0.237500
0.379167
0.575000
0.425000
0.425000
1.000000
0.312500
0.533333
0.479167
0.479167
0.858333
1.037500
0.408333
0.962500
1.020833
0.775000
0.525000
0.479167
0.616667
1.137500
0.233333
0.941667
0.487500
0.504167
1.079167
0.358333
0.537500
0.512500
0.479167
0.429167
1.091667
0.295833
0.500000
0.466667
0.650000
0.470833
1.137500
0.387500
0.516667
0.495833
0.425000
1.025000
0.470833
0.508333
0.495833
0.458333
0.391667
1.125000
0.775000
0.404167
0.737500
0.620833
1.158333
0.329167
0.495833
0.454167
0.420833
0.395833
0.691667
0.750000
0.441667
0.441667
0.387500
0.395833
0.370833
0.587500
0.466667
0.220833
0.400000
0.358333
0.441667
0.400000
0.400000
1.033333
0.245833
0.433333
0.458333
0.425000
1.066667
0.783333
0.587500
0.458333
0.400000
0.766667
1.341667
0.229167
0.420833
0.400000
0.654167
0.929167
0.354167
0.550000
0.454167
0.291667
1.304167
0.279167
0.337500
0.579167
0.512500
0.500000
1.108333
0.845833
0.883333
1.133333
0.779167
1.175000
0.391667
0.529167
0.487500
0.383333
0.887500
0.491667
0.408333
0.558333
0.470833
0.745833
0.929167
0.575000
0.495833
1.066667
0.308333
0.583333
0.479167
0.420833
0.437500
0.525000
1.175000
0.345833
0.508333
0.491667
0.458333
0.520833
1.145833
0.291667
0.545833
0.570833
0.475000
1.129167
0.925000
0.437500
0.395833
0.616667
0.808333
0.400000
0.420833
0.379167
0.395833
0.416667
0.404167
0.579167
0.670833
0.625000
0.216667
0.608333
0.350000
0.462500
1.066667
0.495833
0.333333
0.458333
0.462500
0.516667
0.120833
0.204167
1.029167
0.445833
0.541667
0.470833
1.079167
0.229167
0.558333
0.475000
0.691667
0.325000
0.437500
1.120833
0.275000
0.562500
0.512500
0.487500
0.404167
1.112500
0.329167
0.491667
0.620833
0.508333
0.350000
0.520833
0.479167
0.245833
0.554167
1.145833
0.341667
0.512500
0.470833
0.450000
0.704167
0.291667
0.600000
0.479167
0.491667
0.350000
0.837500
0.275000
0.895833
0.537500
0.891667
0.520833
0.475000
0.458333
0.479167
0.475000
0.808333
0.929167
0.404167
0.475000
0.454167
0.545833
0.933333
0.425000
0.454167
0.562500
0.450000
0.479167
1.150000
0.279167
0.675000
0.333333
0.608333
0.295833
1.200000
0.454167
0.391667
0.479167
0.487500
0.654167
0.400000
0.445833
1.020833
0.379167
1.058333
0.412500
1.104167
0.808333
0.612500
0.420833
0.566667
1.066667
0.354167
0.450000
0.545833
0.545833
0.458333
1.279167
0.779167
0.445833
0.420833
0.491667
0.358333
0.925000
0.237500
1.020833
0.466667
0.562500
0.225000
0.558333
1.012500
0.791667
0.541667
0.458333
0.437500
0.441667
0.529167
0.408333
0.491667
0.437500
0.883333
0.229167
0.400000
1.300000
0.345833
0.466667
0.445833
0.333333
0.691667
0.670833
0.754167
0.475000
0.583333
0.525000
1.120833
0.250000
0.416667
0.529167
0.516667
0.487500
0.904167
0.466667
0.391667
1.070833
0.304167
0.508333
0.483333
0.500000
1.466667
0.566667
0.512500
0.854167
0.825000
0.458333
0.550000
0.729167
0.266667
0.954167
0.491667
0.500000
0.779167
1.050000
0.500000
0.479167
0.383333
1.095833
0.325000
0.429167
0.433333
0.329167
0.683333
0.387500
0.541667
0.483333
0.537500
0.483333
1.420833
0.483333
0.491667
0.525000
1.058333
0.862500
0.470833
0.412500
0.429167
1.045833
0.433333
0.387500
0.437500
0.545833
0.479167
1.091667
0.254167
0.408333
0.450000
0.662500
0.216667
1.075000
0.270833
0.483333
0.445833
0.545833
1.033333
0.816667
0.500000
0.491667
1.337500
0.616667
0.475000
1.150000
1.333333
1.070833
0.537500
0.537500
1.450000
0.512500
0.483333
0.591667
0.504167
1.129167
0.379167
0.416667
0.458333
0.612500
0.450000
1.116667
0.287500
0.587500
0.487500
0.512500
0.475000
1.125000
0.283333
0.225000
1.166667
0.437500
0.450000
1.112500
0.283333
0.608333
0.470833
0.429167
0.450000
0.520833
0.875000
0.654167
0.495833
0.525000
0.475000
0.479167
0.512500
1.237500
0.808333
0.487500
0.341667
0.704167
0.537500
1.116667
0.304167
0.475000
0.570833
0.550000
0.475000
1.166667
0.395833
0.479167
0.475000
0.491667
0.587500
0.958333
0.475000
0.487500
0.558333
0.558333
1.129167
0.325000
0.466667
0.579167
0.437500
0.479167
1.125000
0.295833
0.445833
1.079167
0.362500
0.562500
0.416667
0.595833
0.454167
0.862500
0.416667
0.412500
0.904167
1.408333
0.462500
0.512500
0.566667
0.520833
1.141667
0.241667
0.383333
0.541667
0.462500
0.437500
1.275000
0.329167
0.879167
0.466667
0.512500
0.895833
0.645833
0.341667
0.408333
0.562500
0.420833
0.870833
0.445833
0.608333
0.962500
0.358333
0.466667
0.441667
1.316667
0.545833
0.450000
0.425000
0.495833
1.129167
0.295833
0.466667
0.487500
0.495833
0.712500
0.758333
0.408333
0.958333
0.479167
1.137500
0.304167
0.433333
0.462500
0.458333
0.691667
0.762500
0.475000
0.395833
0.950000
1.100000
0.304167
0.654167
0.233333
0.645833
0.483333
0.504167
1.470833
0.462500
0.575000
0.545833
0.475000
1.308333
0.633333
0.591667
0.466667
0.454167
0.370833
1.116667
0.283333
0.479167
0.466667
0.483333
1.104167
0.441667
0.387500
0.554167
0.470833
0.475000
1.175000
0.375000
0.533333
0.479167
0.483333
0.504167
0.429167
1.212500
0.320833
0.612500
0.633333
0.333333
0.475000
1.420833
0.441667
0.608333
0.516667
0.479167
0.491667
0.812500
0.408333
0.354167
0.483333
0.483333
0.479167
1.091667
0.295833
0.466667
0.475000
0.566667
0.566667
0.454167
1.229167
0.320833
0.445833
0.508333
0.579167
1.058333
0.500000
1.166667
0.291667
0.587500
0.541667
1.245833
0.545833
0.441667
0.387500
0.400000
0.808333
0.612500
0.754167
0.425000
0.995833
0.837500
0.420833
0.541667
1.087500
0.820833
1.283333
1.420833
0.445833
0.829167
0.479167
0.412500
1.445833
0.495833
0.479167
1.045833
0.283333
0.866667
0.433333
0.233333
1.175000
0.450000
0.404167
0.825000
0.866667
0.512500
0.495833
1.008333
0.458333
0.566667
0.533333
1.100000
0.720833
0.458333
0.487500
0.895833
0.475000
0.454167
0.520833
0.454167
1.337500
0.483333
0.466667
0.454167
0.933333
0.412500
0.395833
0.387500
0.404167
0.962500
0.425000
0.291667
0.391667
0.416667
0.404167
0.941667
0.712500
0.416667
0.879167
0.441667
0.700000
0.204167
0.562500
0.429167
0.433333
0.408333
0.420833
0.691667
0.891667
0.333333
0.445833
0.433333
0.441667
0.441667
0.312500
1.012500
0.579167
0.475000
0.512500
0.470833
0.458333
0.479167
1.116667
0.295833
0.495833
0.487500
0.462500
0.595833
0.679167
0.912500
0.295833
0.504167
0.437500
0.437500
0.495833
1.133333
0.287500
0.620833
0.466667
0.500000
1.254167
0.304167
1.037500
0.516667
0.520833
0.491667
1.154167
0.379167
0.525000
0.466667
0.441667
0.429167
0.704167
0.879167
0.550000
0.470833
0.462500
0.375000
1.212500
0.862500
0.504167
0.520833
0.475000
0.650000
0.512500
0.908333
0.995833
0.483333
0.579167
0.541667
0.479167
1.037500
0.937500
0.554167
0.466667
0.650000
0.341667
0.441667
0.462500
0.504167
0.687500
0.791667
0.479167
0.600000
0.500000
0.479167
0.479167
0.591667
0.454167
0.537500
0.483333
0.470833
0.395833
0.404167
1.079167
0.587500
0.470833
0.562500
0.454167
0.408333
0.470833
0.616667
0.812500
0.425000
0.533333
0.433333
0.437500
0.437500
1.133333
0.404167
0.570833
0.470833
0.566667
0.445833
0.633333
0.825000
1.008333
0.487500
0.920833
1.083333
1.291667
0.579167
0.516667
0.450000
0.412500
0.987500
0.862500
0.454167
0.616667
0.408333
0.850000
0.466667
0.495833
0.516667
0.445833
0.454167
0.479167
0.529167
0.470833
1.141667
0.295833
0.529167
0.541667
1.116667
0.304167
0.466667
0.645833
0.412500
0.991667
0.366667
0.500000
0.420833
0.454167
0.441667
1.062500
0.437500
0.366667
0.445833
0.620833
0.395833
0.466667
0.445833
0.633333
0.770833
0.441667
0.462500
0.458333
0.679167
0.787500
0.462500
0.408333
0.491667
1.025000
0.266667
0.475000
0.483333
0.516667
1.383333
0.445833
0.462500
0.529167
0.470833
1.104167
0.283333
0.475000
0.479167
0.354167
0.433333
0.741667
0.279167
0.479167
0.504167
0.533333
0.483333
1.104167
0.291667
0.475000
0.516667
1.270833
0.420833
0.550000
0.495833
1.087500
0.279167
0.483333
0.529167
0.483333
1.445833
0.508333
0.529167
0.550000
0.704167
0.441667
0.233333
1.150000
0.358333
1.058333
1.291667
0.591667
1.029167
0.320833
0.450000
0.491667
1.133333
0.308333
0.470833
0.500000
