1.029167
1.037500
1.020833
0.954167
0.945833
0.987500
0.954167
0.591667
0.362500
0.279167
0.650000
0.700000
0.420833
0.229167
0.579167
0.841667
0.125000
0.958333
0.483333
0.433333
0.358333
0.570833
0.941667
0.941667
0.887500
0.920833
0.950000
0.950000
0.908333
0.916667
0.933333
0.983333
0.991667
0.283333
0.637500
0.920833
0.820833
0.500000
0.312500
0.312500
0.595833
0.408333
0.600000
0.408333
0.358333
0.133333
0.441667
0.737500
0.245833
0.850000
0.437500
0.445833
0.220833
0.879167
0.341667
0.366667
0.237500
0.558333
0.345833
0.904167
0.320833
0.579167
0.916667
0.945833
0.954167
0.266667
0.716667
0.600000
0.308333
0.345833
0.562500
0.900000
0.216667
0.662500
0.879167
0.933333
0.979167
1.050000
0.987500
0.975000
1.004167
1.020833
1.050000
0.962500
0.975000
1.012500
1.008333
1.008333
1.012500
0.983333
0.970833
1.008333
1.020833
1.020833
1.020833
0.970833
1.012500
1.025000
1.029167
0.995833
0.987500
1.025000
1.025000
1.012500
0.983333
1.029167
1.004167
0.970833
0.920833
1.041667
1.054167
1.016667
0.941667
0.983333
1.058333
1.058333
0.979167
0.916667
1.091667
1.020833
1.020833
1.025000
0.908333
1.079167
1.029167
1.029167
1.004167
1.008333
1.037500
1.029167
0.979167
0.995833
1.037500
1.037500
0.987500
0.916667
1.091667
1.029167
0.987500
0.916667
1.087500
1.025000
1.016667
0.920833
1.070833
1.033333
1.025000
0.975000
1.025000
1.012500
0.991667
1.016667
0.637500
0.354167
1.020833
0.954167
0.933333
0.995833
0.787500
0.250000
0.983333
0.266667
0.712500
1.012500
1.008333
0.983333
0.716667
0.395833
0.183333
0.345833
0.795833
0.508333
0.533333
0.258333
1.170833
0.779167
0.220833
0.583333
0.341667
0.929167
0.204167
0.700000
1.891667
0.920833
0.904167
0.937500
0.983333
0.958333
1.000000
0.962500
0.933333
1.058333
0.987500
0.945833
0.962500
1.016667
1.037500
1.008333
1.012500
0.350000
0.616667
0.187500
0.808333
0.637500
0.291667
0.416667
0.195833
0.520833
1.025000
1.033333
0.754167
1.300000
1.025000
1.000000
1.012500
1.037500
1.029167
1.033333
1.037500
1.000000
1.000000
1.029167
1.025000
1.020833
0.904167
1.054167
1.025000
1.029167
1.020833
1.008333
0.979167
0.412500
0.520833
0.633333
1.354167
0.979167
0.970833
1.016667
1.041667
1.045833
0.975000
0.933333
1.008333
1.075000
1.033333
1.037500
1.004167
1.012500
1.029167
1.029167
0.287500
0.708333
0.354167
0.612500
0.962500
1.012500
1.112500
1.000000
1.012500
1.012500
0.941667
1.083333
1.029167
1.025000
0.979167
1.012500
1.041667
1.033333
1.000000
0.991667
1.025000
1.033333
1.033333
0.991667
1.004167
1.029167
1.033333
1.004167
0.987500
1.004167
0.958333
0.962500
1.020833
0.966667
0.995833
1.000000
0.966667
0.987500
0.950000
0.937500
0.979167
0.983333
1.054167
0.966667
1.004167
1.029167
1.058333
0.966667
0.995833
0.979167
0.975000
0.987500
0.966667
0.679167
1.345833
1.012500
1.029167
0.933333
0.966667
0.958333
0.966667
0.962500
0.970833
0.995833
0.983333
0.995833
1.004167
1.025000
1.029167
0.950000
0.945833
0.975000
0.983333
0.991667
0.958333
0.975000
1.000000
1.020833
1.008333
0.991667
0.962500
0.533333
0.033333
0.258333
1.033333
0.962500
0.966667
0.945833
0.975000
1.037500
1.054167
1.029167
0.991667
0.962500
0.975000
1.008333
1.020833
1.058333
0.979167
0.991667
1.029167
1.033333
1.037500
1.012500
0.983333
1.020833
1.033333
1.037500
1.016667
0.983333
1.025000
1.033333
1.037500
0.991667
0.991667
1.020833
1.016667
1.058333
0.979167
1.008333
1.037500
1.041667
1.033333
0.987500
1.012500
1.041667
1.037500
0.983333
0.912500
1.075000
1.029167
1.025000
0.987500
0.970833
0.970833
0.995833
1.033333
1.008333
0.995833
1.062500
1.029167
1.004167
0.912500
1.033333
0.966667
0.979167
0.920833
0.941667
0.966667
0.966667
0.945833
0.916667
0.929167
0.945833
0.962500
0.933333
0.916667
0.966667
0.987500
1.000000
0.979167
0.954167
1.000000
1.033333
1.041667
0.958333
0.925000
0.966667
1.020833
1.033333
0.995833
0.983333
1.070833
1.025000
1.025000
0.979167
1.008333
1.041667
1.033333
0.995833
0.987500
1.025000
1.037500
1.037500
0.979167
1.029167
1.037500
1.029167
0.987500
0.995833
1.037500
1.033333
1.029167
0.983333
1.029167
1.029167
1.029167
0.983333
0.987500
1.033333
1.033333
0.983333
0.979167
1.033333
1.020833
0.975000
0.975000
1.008333
1.016667
0.958333
0.975000
0.975000
0.970833
0.920833
0.929167
1.008333
1.095833
0.991667
0.983333
1.020833
1.029167
0.987500
0.991667
1.020833
1.029167
0.979167
0.979167
1.025000
1.029167
0.962500
0.987500
1.020833
1.045833
1.025000
0.975000
1.008333
1.037500
1.029167
0.995833
0.991667
1.029167
1.025000
1.033333
0.991667
0.995833
1.033333
1.041667
1.037500
0.987500
1.008333
1.041667
1.037500
0.991667
0.916667
1.079167
1.008333
1.020833
0.966667
0.954167
0.991667
1.004167
1.054167
0.970833
1.020833
1.054167
0.987500
0.958333
0.983333
1.008333
1.075000
1.000000
0.991667
1.033333
1.016667
1.020833
0.970833
0.962500
1.058333
1.033333
0.995833
0.979167
1.025000
1.025000
1.020833
0.970833
1.012500
1.025000
1.025000
0.970833
0.991667
1.025000
1.020833
0.979167
0.950000
1.000000
1.000000
1.033333
0.962500
1.037500
1.054167
1.016667
0.970833
0.991667
1.041667
1.045833
0.975000
1.008333
1.033333
1.033333
0.991667
0.983333
1.029167
1.029167
1.004167
0.908333
1.083333
1.029167
1.016667
0.979167
1.012500
1.037500
1.033333
1.000000
0.987500
1.037500
1.033333
1.025000
0.975000
1.033333
1.033333
1.029167
0.975000
1.020833
1.037500
1.025000
0.975000
1.012500
1.033333
1.025000
1.008333
0.970833
1.029167
1.025000
0.987500
0.970833
1.025000
1.025000
1.008333
0.970833
1.025000
1.020833
1.020833
0.975000
1.025000
1.033333
1.033333
0.983333
1.016667
1.045833
1.037500
1.029167
0.983333
1.020833
1.041667
1.012500
0.987500
1.033333
1.029167
0.987500
0.987500
1.033333
1.025000
0.991667
0.987500
1.025000
1.012500
0.975000
1.008333
1.029167
0.970833
0.966667
1.008333
1.012500
0.975000
0.954167
1.000000
1.054167
1.033333
0.970833
0.987500
1.025000
1.020833
0.987500
0.891667
0.979167
0.962500
0.995833
0.995833
0.950000
0.954167
0.929167
0.958333
0.916667
0.937500
0.991667
1.016667
1.020833
1.004167
0.975000
0.975000
0.929167
0.950000
0.962500
0.975000
0.983333
1.004167
1.058333
1.066667
0.987500
