0.554167
0.554167
0.550000
0.554167
0.554167
0.554167
0.545833
0.554167
0.554167
0.495833
0.600000
0.562500
0.550000
0.554167
0.554167
0.550000
0.554167
0.554167
0.545833
0.554167
0.554167
0.545833
0.554167
0.554167
0.554167
0.550000
0.554167
0.554167
0.550000
0.554167
0.550000
0.554167
0.550000
0.554167
0.550000
0.554167
0.550000
0.550000
0.554167
0.550000
0.550000
0.554167
0.550000
0.554167
0.545833
0.554167
0.554167
0.550000
0.550000
0.554167
0.554167
0.550000
0.550000
0.550000
0.554167
0.550000
0.550000
0.554167
0.550000
0.550000
0.550000
0.554167
0.550000
0.554167
0.550000
0.550000
0.554167
0.550000
0.554167
0.550000
0.554167
0.550000
0.554167
0.550000
0.554167
0.554167
0.550000
0.550000
0.554167
0.550000
0.554167
0.554167
0.554167
0.554167
0.550000
0.554167
0.554167
0.554167
0.550000
0.554167
0.554167
0.550000
0.554167
0.554167
0.554167
0.554167
0.554167
0.554167
0.554167
0.554167
0.554167
0.554167
0.554167
0.558333
0.554167
0.554167
0.554167
0.558333
0.554167
0.554167
0.554167
0.558333
0.554167
0.554167
0.554167
0.554167
0.558333
0.558333
0.554167
0.554167
0.558333
0.554167
0.554167
0.550000
0.554167
0.558333
0.554167
0.491667
0.604167
0.558333
0.554167
0.550000
0.558333
0.554167
0.550000
0.550000
0.554167
0.554167
0.550000
0.554167
0.554167
0.554167
0.554167
0.550000
0.550000
0.558333
0.550000
0.550000
0.554167
0.554167
0.550000
0.554167
0.550000
0.554167
0.550000
0.554167
0.550000
0.554167
0.554167
0.550000
0.554167
0.554167
0.545833
0.550000
0.554167
0.554167
0.550000
0.545833
0.554167
0.554167
0.554167
0.545833
0.554167
0.554167
0.550000
0.550000
0.554167
0.554167
0.550000
0.550000
0.550000
0.554167
0.550000
0.550000
0.554167
0.550000
0.550000
0.550000
0.554167
0.550000
0.550000
0.554167
0.470833
0.616667
0.558333
0.550000
0.550000
0.545833
0.550000
0.554167
0.458333
0.625000
0.558333
0.545833
0.550000
0.554167
0.550000
0.550000
0.550000
0.550000
0.550000
0.545833
0.550000
0.550000
0.550000
0.550000
0.545833
0.554167
0.545833
0.550000
0.550000
0.550000
0.545833
0.550000
0.550000
0.545833
0.550000
0.550000
0.545833
0.550000
0.545833
0.545833
0.550000
0.545833
0.545833
0.550000
0.545833
0.550000
0.545833
0.545833
0.550000
0.550000
0.545833
0.545833
0.550000
0.550000
0.545833
0.545833
0.545833
0.550000
0.550000
0.545833
0.554167
0.550000
0.545833
0.554167
0.550000
0.545833
0.554167
0.545833
0.550000
0.550000
0.550000
0.550000
0.550000
0.550000
0.550000
0.550000
0.545833
0.550000
0.550000
0.550000
0.541667
0.554167
0.550000
0.545833
0.550000
0.554167
0.545833
0.550000
0.550000
0.550000
0.545833
0.545833
0.554167
0.545833
0.545833
0.545833
0.550000
0.550000
0.550000
0.545833
0.545833
0.554167
0.545833
0.545833
0.554167
0.545833
0.550000
0.550000
0.550000
0.541667
0.545833
0.554167
0.545833
0.545833
0.545833
0.550000
0.533333
0.445833
0.650000
0.554167
0.550000
0.550000
0.550000
0.545833
0.545833
0.554167
0.545833
0.550000
0.550000
0.545833
0.545833
0.550000
0.545833
0.550000
0.550000
0.550000
0.545833
0.545833
0.550000
0.545833
0.545833
0.550000
0.550000
0.541667
0.550000
0.550000
0.545833
0.545833
0.550000
0.550000
0.550000
0.545833
0.550000
0.550000
0.550000
0.545833
0.545833
0.550000
0.550000
0.550000
0.541667
0.550000
0.554167
0.545833
0.545833
0.550000
0.554167
0.545833
0.550000
0.550000
0.550000
0.545833
0.545833
0.550000
0.550000
0.545833
0.550000
0.550000
0.550000
0.545833
0.550000
0.550000
0.550000
0.545833
0.550000
0.550000
0.545833
0.550000
0.550000
0.550000
0.550000
0.550000
0.550000
0.550000
0.545833
0.554167
0.545833
0.550000
0.550000
0.550000
0.550000
0.550000
0.550000
0.550000
0.550000
0.550000
0.550000
0.545833
0.550000
0.550000
0.550000
0.550000
0.550000
0.550000
0.550000
0.550000
0.550000
0.550000
0.550000
0.550000
0.550000
0.550000
0.550000
0.550000
0.550000
0.550000
0.550000
0.550000
0.545833
0.550000
0.550000
0.550000
0.550000
0.545833
0.550000
0.550000
0.550000
0.550000
0.554167
0.550000
0.550000
0.545833
0.554167
0.550000
0.550000
0.550000
0.550000
0.554167
0.550000
0.550000
0.554167
0.550000
0.550000
0.554167
0.550000
0.554167
0.554167
0.550000
0.554167
0.550000
0.554167
0.554167
0.550000
0.554167
0.554167
0.550000
0.554167
0.554167
0.554167
0.550000
0.554167
0.554167
0.554167
0.550000
0.554167
0.554167
0.554167
0.554167
0.554167
0.554167
0.550000
0.554167
0.554167
0.554167
0.550000
0.554167
0.554167
0.554167
0.554167
0.554167
0.554167
0.550000
0.554167
0.554167
0.554167
0.550000
0.554167
0.554167
0.550000
0.554167
0.550000
0.554167
0.554167
0.550000
0.550000
0.554167
0.550000
0.554167
0.550000
0.554167
0.550000
0.550000
0.554167
0.550000
0.554167
0.550000
0.550000
0.554167
0.550000
0.554167
0.550000
0.554167
0.554167
0.550000
0.554167
0.550000
0.554167
0.554167
0.554167
0.550000
0.558333
0.550000
0.554167
0.554167
0.554167
0.554167
0.554167
0.554167
0.554167
0.550000
0.558333
0.550000
0.554167
0.558333
0.550000
0.554167
0.558333
0.554167
0.554167
0.554167
0.558333
0.554167
0.554167
0.554167
0.554167
0.558333
0.550000
0.558333
0.554167
0.554167
0.554167
0.558333
0.554167
0.554167
0.554167
0.554167
0.554167
0.554167
0.554167
0.554167
0.554167
0.554167
0.554167
0.554167
0.554167
0.554167
0.554167
0.550000
0.554167
0.558333
0.550000
0.554167
0.554167
0.554167
0.554167
0.554167
0.554167
0.554167
0.554167
0.554167
0.554167
0.554167
0.554167
0.554167
0.554167
0.554167
0.554167
0.554167
0.554167
0.554167
0.554167
0.554167
0.554167
0.554167
0.554167
0.554167
0.550000
0.554167
0.550000
0.554167
0.554167
0.554167
0.550000
0.554167
0.550000
0.554167
0.550000
0.554167
0.554167
0.550000
0.554167
0.554167
0.554167
0.550000
0.554167
0.554167
0.554167
0.554167
0.408333
0.662500
0.579167
0.566667
0.562500
0.558333
0.558333
0.558333
0.558333
0.554167
0.554167
0.554167
0.558333
0.554167
0.554167
0.554167
0.554167
0.554167
0.554167
0.554167
0.554167
0.558333
0.554167
0.554167
0.554167
0.558333
0.554167
0.554167
0.558333
0.554167
0.554167
0.554167
0.558333
0.554167
0.554167
0.554167
0.554167
0.558333
0.550000
0.558333
0.554167
0.554167
0.554167
0.554167
0.558333
0.550000
0.558333
0.554167
0.554167
0.554167
0.554167
0.558333
0.554167
0.554167
0.558333
0.554167
0.554167
0.558333
0.554167
0.554167
0.554167
0.558333
0.554167
0.558333
0.554167
0.558333
0.554167
0.554167
0.558333
0.554167
0.558333
0.554167
0.554167
0.558333
0.554167
0.554167
0.554167
0.554167
0.554167
0.558333
0.554167
0.554167
0.554167
0.554167
0.554167
0.554167
0.554167
0.554167
0.554167
0.554167
0.558333
0.554167
0.554167
0.554167
0.554167
0.558333
0.554167
0.554167
0.554167
0.554167
0.550000
0.558333
0.550000
0.554167
0.554167
0.554167
0.550000
0.558333
0.550000
0.554167
0.554167
0.554167
0.550000
0.554167
0.554167
0.554167
0.550000
0.554167
0.554167
0.554167
0.550000
0.554167
0.554167
0.550000
0.554167
0.550000
0.554167
0.554167
0.554167
0.550000
0.554167
0.554167
0.554167
0.554167
0.550000
0.554167
0.554167
0.554167
0.554167
0.550000
0.554167
0.554167
0.554167
0.550000
0.554167
0.554167
0.550000
0.554167
0.554167
0.550000
0.554167
0.550000
0.554167
0.550000
0.554167
0.554167
0.550000
0.554167
0.554167
0.554167
0.554167
0.554167
0.554167
0.550000
0.554167
0.554167
0.554167
0.545833
0.558333
0.554167
0.554167
0.541667
0.558333
0.554167
0.554167
0.550000
0.550000
0.558333
0.554167
0.550000
0.545833
0.558333
0.554167
0.550000
0.550000
0.554167
0.558333
0.554167
0.550000
0.550000
0.554167
0.554167
0.550000
0.558333
0.554167
0.554167
0.550000
0.554167
0.558333
0.554167
0.550000
0.554167
0.554167
0.550000
0.558333
0.554167
0.554167
0.545833
0.558333
0.554167
0.550000
0.554167
0.554167
0.554167
0.550000
0.554167
0.550000
0.558333
0.550000
0.554167
0.550000
0.554167
0.550000
0.554167
0.550000
0.554167
0.554167
0.550000
0.554167
0.554167
0.550000
0.554167
0.554167
0.554167
0.554167
0.554167
0.550000
0.554167
0.554167
0.554167
0.550000
0.554167
0.554167
0.554167
0.533333
0.570833
0.558333
0.550000
0.554167
0.554167
0.554167
0.554167
0.550000
0.554167
0.554167
0.554167
0.550000
0.554167
0.554167
0.554167
0.550000
0.554167
0.554167
0.554167
0.550000
0.554167
0.554167
0.554167
0.550000
0.554167
0.554167
0.554167
0.550000
0.554167
0.554167
0.554167
0.554167
0.554167
0.550000
0.554167
0.554167
0.550000
0.554167
0.554167
0.550000
0.554167
0.554167
0.550000
0.554167
0.550000
0.554167
0.550000
0.558333
0.550000
0.554167
0.550000
0.554167
0.554167
0.550000
0.550000
0.554167
0.550000
0.554167
0.550000
0.554167
0.550000
0.554167
0.550000
0.550000
0.554167
0.550000
0.554167
0.550000
0.554167
0.550000
0.554167
0.554167
0.550000
0.550000
0.554167
0.554167
0.554167
0.550000
0.550000
0.554167
0.554167
0.545833
0.554167
0.554167
0.550000
0.550000
0.554167
0.554167
0.550000
0.554167
0.554167
0.554167
0.550000
0.550000
0.554167
0.554167
0.554167
0.550000
0.550000
0.554167
0.554167
0.550000
0.554167
0.554167
0.550000
0.554167
0.554167
0.554167
0.550000
0.554167
0.554167
0.554167
0.550000
0.554167
0.554167
0.550000
0.554167
0.554167
0.554167
0.550000
0.554167
0.554167
0.554167
0.550000
0.558333
0.554167
0.550000
0.554167
0.554167
0.554167
0.554167
0.558333
0.554167
0.554167
0.550000
0.554167
0.554167
0.554167
0.550000
0.554167
0.554167
0.554167
0.554167
0.554167
0.554167
0.554167
0.554167
0.550000
0.554167
0.554167
0.554167
0.550000
0.558333
0.550000
0.554167
0.554167
0.554167
0.554167
0.554167
0.554167
0.554167
0.554167
0.554167
0.554167
0.554167
0.554167
0.554167
0.554167
0.558333
0.550000
0.558333
0.554167
0.554167
0.554167
0.554167
0.554167
0.554167
0.554167
0.554167
0.558333
0.554167
0.550000
0.558333
0.554167
0.554167
0.554167
0.554167
0.554167
0.554167
0.558333
0.554167
0.554167
0.554167
0.554167
0.554167
0.558333
0.550000
0.558333
0.554167
0.554167
0.554167
0.554167
0.554167
0.558333
0.550000
0.554167
0.558333
0.554167
0.554167
0.554167
0.554167
0.554167
0.554167
0.558333
0.554167
0.554167
0.554167
0.558333
0.554167
0.550000
0.558333
0.554167
0.554167
0.554167
0.554167
0.554167
0.554167
0.554167
0.554167
0.554167
0.554167
0.558333
0.554167
0.554167
0.554167
0.554167
0.554167
0.554167
0.554167
0.554167
0.554167
0.554167
0.554167
0.554167
0.554167
0.554167
0.554167
0.554167
0.554167
0.558333
0.554167
0.554167
0.554167
0.554167
0.554167
0.558333
0.550000
0.554167
0.558333
0.550000
0.558333
0.554167
0.554167
0.554167
