1.062500
1.070833
1.037500
2.000000
1.062500
1.066667
1.045833
1.995833
1.083333
1.050000
1.045833
1.991667
1.083333
1.041667
1.045833
1.983333
1.075000
1.045833
1.062500
1.041667
1.979167
1.095833
1.070833
1.054167
1.979167
1.087500
1.045833
1.041667
1.975000
1.087500
1.062500
1.062500
1.041667
1.975000
1.112500
1.054167
1.066667
1.066667
1.975000
1.120833
1.054167
1.025000
1.975000
1.087500
1.075000
1.045833
1.975000
1.091667
1.037500
1.041667
1.975000
1.091667
1.025000
1.029167
1.975000
1.079167
1.066667
1.041667
1.970833
1.087500
1.062500
1.045833
1.970833
1.108333
1.054167
1.045833
1.962500
1.104167
1.079167
1.050000
1.962500
1.141667
1.066667
1.058333
1.079167
1.966667
1.120833
1.079167
1.054167
1.958333
1.150000
1.066667
1.054167
1.958333
1.141667
1.062500
1.045833
1.954167
1.141667
1.066667
1.058333
1.075000
1.962500
1.133333
1.075000
1.050000
1.958333
1.120833
1.058333
1.062500
1.958333
1.129167
1.070833
1.066667
1.050000
1.962500
1.116667
1.058333
1.058333
1.958333
1.133333
1.079167
1.045833
1.962500
1.112500
1.062500
1.037500
1.962500
1.104167
1.054167
1.054167
1.962500
1.112500
1.075000
1.045833
1.962500
1.112500
1.050000
1.045833
1.962500
1.133333
1.062500
1.066667
1.075000
1.966667
1.125000
1.075000
1.050000
1.966667
1.133333
1.058333
1.045833
1.962500
1.120833
1.058333
1.054167
1.962500
1.120833
1.075000
1.041667
1.966667
1.112500
1.054167
1.037500
1.962500
1.104167
1.062500
1.058333
1.966667
1.125000
1.070833
1.079167
1.050000
1.970833
1.125000
1.050000
1.041667
1.970833
1.112500
1.058333
1.054167
1.966667
1.112500
1.058333
1.058333
1.970833
1.104167
1.062500
1.050000
1.966667
1.129167
1.070833
1.070833
1.054167
1.975000
1.145833
1.070833
1.062500
1.075000
1.979167
1.125000
1.083333
1.045833
1.975000
1.116667
1.058333
1.050000
1.975000
1.104167
1.062500
1.066667
1.045833
1.979167
1.120833
1.062500
1.054167
1.970833
1.116667
1.058333
1.058333
1.970833
1.129167
1.079167
1.075000
1.054167
1.979167
1.141667
1.066667
1.054167
1.970833
1.104167
1.058333
1.058333
1.975000
1.129167
1.075000
1.054167
1.975000
1.141667
1.079167
1.062500
1.075000
1.983333
1.120833
1.070833
1.054167
1.975000
1.137500
1.058333
1.050000
1.970833
1.108333
1.062500
1.062500
1.062500
1.979167
1.108333
1.066667
1.045833
1.966667
1.104167
1.054167
1.058333
1.975000
1.108333
1.058333
1.045833
1.975000
1.108333
1.062500
1.075000
1.054167
1.979167
1.125000
1.058333
1.050000
1.975000
1.120833
1.075000
1.075000
1.050000
1.979167
1.120833
1.066667
1.050000
1.975000
1.116667
1.062500
1.050000
1.975000
1.108333
1.079167
1.050000
1.979167
1.133333
1.058333
1.037500
1.970833
1.112500
1.062500
1.066667
1.070833
1.975000
1.145833
1.062500
1.050000
1.062500
1.979167
1.125000
1.079167
1.079167
1.058333
1.983333
1.145833
1.066667
1.066667
1.062500
1.979167
1.133333
1.083333
1.079167
1.058333
1.979167
1.170833
1.066667
1.058333
1.062500
1.979167
1.120833
1.066667
1.062500
1.045833
1.979167
1.120833
1.054167
1.041667
1.908333
1.200000
1.054167
1.054167
1.037500
1.979167
1.100000
1.054167
1.058333
1.979167
1.095833
1.075000
1.045833
1.983333
1.095833
1.058333
1.054167
1.979167
1.087500
1.062500
1.037500
1.970833
1.091667
1.054167
1.062500
1.066667
1.983333
1.116667
1.070833
1.054167
1.066667
1.983333
1.108333
1.066667
1.045833
1.983333
1.104167
1.066667
1.062500
1.066667
1.987500
1.125000
1.079167
1.058333
1.054167
1.987500
1.116667
1.070833
1.079167
1.045833
1.983333
1.116667
1.062500
1.054167
1.979167
1.112500
1.062500
1.070833
1.045833
1.983333
1.116667
1.054167
1.045833
1.975000
1.112500
1.058333
1.058333
1.066667
1.979167
1.141667
1.083333
1.062500
1.070833
1.058333
1.983333
1.129167
1.070833
1.054167
1.066667
1.983333
1.112500
1.079167
1.058333
1.058333
1.983333
1.154167
1.091667
1.075000
1.062500
1.983333
1.129167
1.066667
1.058333
1.075000
1.050000
1.983333
1.133333
1.079167
1.070833
1.041667
1.979167
1.087500
1.041667
1.012500
1.966667
1.016667
1.050000
1.983333
1.083333
1.070833
1.070833
1.050000
1.983333
1.125000
1.070833
1.054167
1.983333
1.108333
1.054167
1.058333
1.983333
1.104167
1.054167
1.058333
1.983333
1.095833
1.045833
1.054167
1.975000
1.116667
1.079167
1.062500
1.062500
1.975000
1.137500
1.075000
1.079167
1.058333
1.970833
1.129167
1.070833
1.054167
1.966667
1.125000
1.066667
1.054167
1.075000
1.970833
1.120833
1.070833
1.054167
1.966667
1.129167
1.062500
1.054167
1.962500
1.120833
1.062500
1.062500
1.045833
1.970833
