0.970833
1.058333
1.095833
0.991667
1.020833
0.987500
1.008333
0.991667
0.933333
0.962500
1.041667
0.958333
1.062500
1.104167
0.966667
0.987500
1.054167
0.970833
1.175000
1.150000
1.020833
1.145833
1.200000
1.045833
1.145833
1.087500
1.000000
1.162500
1.112500
1.020833
1.354167
1.279167
1.291667
1.275000
1.254167
1.112500
1.025000
1.025000
0.908333
0.920833
1.054167
0.995833
1.333333
1.258333
1.270833
1.250000
1.275000
1.250000
1.241667
1.270833
1.237500
1.066667
0.987500
1.004167
0.891667
0.945833
1.087500
1.079167
0.970833
1.087500
1.129167
1.025000
1.116667
1.083333
0.945833
0.937500
0.979167
0.887500
0.791667
0.858333
1.300000
1.279167
0.995833
0.825000
0.837500
0.970833
1.308333
1.291667
1.245833
1.241667
1.266667
1.241667
1.204167
1.170833
0.762500
0.795833
1.304167
1.095833
0.750000
0.770833
0.850000
0.716667
0.737500
0.770833
0.779167
0.762500
0.829167
0.858333
0.766667
1.316667
1.237500
1.216667
1.029167
1.150000
0.883333
0.841667
0.800000
0.829167
0.829167
1.329167
1.275000
1.241667
1.254167
1.066667
0.962500
0.966667
1.020833
0.941667
1.016667
1.062500
0.900000
0.904167
0.929167
0.958333
0.866667
0.900000
0.954167
0.854167
0.900000
0.737500
0.708333
0.733333
1.329167
0.795833
0.729167
0.725000
1.341667
1.266667
1.070833
0.816667
0.837500
0.804167
0.962500
0.966667
0.966667
1.354167
1.300000
1.237500
1.062500
0.966667
0.987500
1.000000
0.979167
1.016667
0.958333
1.016667
1.020833
0.962500
1.016667
0.941667
0.945833
0.929167
0.904167
0.983333
0.954167
0.904167
0.908333
0.929167
0.862500
0.858333
0.970833
0.895833
0.954167
1.033333
0.925000
1.025000
1.004167
0.941667
1.054167
1.050000
0.912500
0.904167
0.900000
0.875000
0.870833
0.858333
0.820833
0.800000
0.787500
0.800000
0.858333
0.833333
0.720833
0.745833
1.387500
1.233333
1.000000
0.941667
0.908333
0.887500
0.995833
1.012500
1.008333
0.958333
1.016667
1.025000
0.962500
1.037500
1.037500
0.983333
1.012500
1.041667
0.983333
1.016667
1.050000
0.975000
1.033333
1.095833
1.004167
1.070833
1.079167
0.995833
1.070833
1.075000
0.966667
1.033333
1.029167
0.945833
1.041667
1.058333
0.962500
1.033333
1.045833
0.925000
0.945833
1.020833
0.991667
1.062500
0.958333
0.991667
1.000000
0.966667
1.050000
1.095833
1.008333
1.070833
1.075000
1.000000
1.020833
1.016667
0.958333
1.125000
1.095833
0.958333
0.941667
0.887500
0.941667
1.083333
1.025000
0.987500
1.054167
0.991667
0.941667
1.062500
1.062500
0.958333
1.054167
1.091667
0.991667
1.112500
1.141667
1.091667
1.112500
0.983333
0.950000
0.966667
1.087500
1.120833
0.995833
1.408333
1.329167
1.333333
1.195833
1.020833
1.075000
1.054167
0.983333
1.066667
1.091667
1.008333
1.129167
1.029167
0.966667
1.091667
1.083333
0.983333
1.004167
0.958333
1.066667
1.070833
0.991667
1.233333
1.154167
0.995833
1.112500
1.112500
0.979167
1.116667
1.087500
0.979167
1.058333
1.062500
0.979167
0.970833
0.975000
1.000000
1.137500
1.100000
1.025000
1.195833
1.379167
1.341667
1.312500
1.229167
1.175000
1.175000
0.979167
0.933333
1.054167
1.108333
0.979167
1.066667
1.125000
0.991667
1.100000
1.066667
0.979167
0.979167
0.991667
0.970833
1.125000
1.066667
1.012500
1.137500
1.141667
1.037500
1.179167
1.204167
1.062500
1.208333
1.141667
1.012500
1.366667
1.287500
1.304167
1.270833
1.283333
1.262500
1.262500
1.266667
1.262500
1.250000
1.241667
1.245833
1.262500
0.966667
0.754167
1.308333
1.279167
1.233333
1.254167
1.166667
0.758333
0.741667
0.704167
0.712500
0.900000
1.333333
1.241667
0.841667
0.733333
0.679167
0.679167
0.679167
0.687500
0.683333
0.675000
0.654167
0.645833
0.662500
0.712500
0.808333
0.779167
0.825000
0.820833
0.833333
0.800000
0.908333
1.258333
0.912500
0.883333
0.837500
0.866667
0.791667
0.937500
0.970833
0.916667
0.858333
0.825000
0.866667
0.833333
1.012500
1.400000
0.891667
0.891667
1.354167
0.858333
0.758333
0.733333
0.758333
0.750000
1.341667
1.020833
0.925000
0.854167
0.837500
0.845833
0.920833
0.937500
0.920833
0.891667
0.962500
1.025000
0.950000
1.070833
1.058333
0.954167
1.045833
1.070833
0.966667
1.070833
1.062500
0.966667
1.100000
1.070833
0.991667
1.070833
1.091667
0.970833
1.054167
1.012500
0.933333
0.966667
1.029167
0.962500
1.104167
1.037500
0.933333
0.975000
1.000000
0.908333
0.920833
0.933333
0.912500
1.020833
1.066667
0.962500
1.079167
1.125000
0.983333
1.058333
1.037500
0.933333
1.016667
0.995833
0.900000
0.916667
0.979167
0.970833
1.137500
1.112500
0.979167
1.125000
1.133333
1.004167
1.112500
1.166667
1.012500
1.100000
1.087500
0.979167
1.075000
1.104167
0.958333
1.083333
1.058333
0.958333
1.041667
0.983333
0.900000
0.979167
1.108333
1.004167
1.170833
1.100000
0.987500
1.195833
1.145833
0.991667
1.108333
1.104167
0.987500
1.091667
1.116667
0.979167
1.033333
1.100000
0.954167
0.966667
0.929167
0.925000
1.045833
1.137500
0.983333
1.075000
1.208333
1.037500
1.429167
1.345833
1.212500
1.141667
1.004167
1.025000
0.970833
0.950000
1.095833
1.041667
1.000000
0.929167
0.883333
0.775000
1.383333
1.300000
1.162500
1.066667
0.954167
1.104167
1.058333
0.962500
1.120833
1.150000
1.037500
0.920833
0.912500
1.045833
1.145833
1.020833
1.391667
1.308333
1.337500
1.300000
1.312500
1.220833
1.020833
0.950000
1.079167
1.075000
0.979167
1.100000
1.087500
0.970833
1.116667
1.137500
1.008333
1.125000
1.179167
1.058333
1.083333
1.045833
1.120833
1.175000
1.145833
1.262500
1.108333
0.866667
0.775000
1.400000
1.287500
1.316667
1.270833
1.304167
1.000000
0.791667
0.912500
0.779167
0.762500
1.362500
1.275000
1.191667
0.904167
0.733333
0.845833
1.345833
1.258333
1.104167
0.912500
