0.670833
0.666667
0.670833
0.675000
0.675000
0.679167
1.341667
0.675000
0.675000
0.670833
0.666667
0.666667
0.666667
0.662500
0.662500
0.666667
0.670833
0.666667
1.325000
0.687500
0.670833
0.666667
0.666667
0.670833
0.675000
0.679167
0.687500
0.687500
0.683333
0.679167
0.683333
0.683333
0.679167
0.683333
0.675000
0.675000
0.679167
0.675000
0.683333
0.687500
0.695833
0.687500
0.683333
0.633333
0.725000
0.691667
0.687500
0.691667
0.687500
0.683333
0.683333
0.679167
0.683333
0.687500
0.687500
0.691667
0.687500
0.683333
0.687500
0.691667
0.595833
0.825000
0.695833
0.691667
0.691667
0.691667
0.700000
0.695833
0.691667
0.687500
0.683333
0.687500
0.691667
0.691667
0.695833
1.379167
0.691667
0.695833
0.700000
0.708333
0.712500
0.712500
0.695833
0.687500
0.695833
0.700000
0.700000
0.704167
0.691667
0.683333
0.691667
0.687500
0.691667
0.708333
0.700000
0.687500
0.683333
0.537500
0.941667
0.837500
0.787500
0.737500
0.708333
0.695833
0.691667
0.695833
0.691667
0.695833
0.687500
0.491667
0.912500
0.812500
0.787500
0.754167
0.720833
0.695833
0.691667
0.695833
0.695833
0.695833
0.708333
0.700000
0.562500
0.808333
0.691667
0.687500
0.687500
0.695833
0.687500
0.691667
0.691667
0.695833
0.708333
0.704167
0.712500
0.712500
0.695833
0.691667
1.350000
0.666667
0.666667
0.679167
0.675000
1.362500
0.695833
0.691667
0.704167
0.691667
0.687500
0.683333
0.691667
0.691667
0.700000
0.704167
0.695833
0.687500
0.695833
0.691667
0.691667
0.695833
0.704167
0.695833
0.695833
0.695833
0.700000
0.700000
1.400000
0.712500
0.704167
0.700000
0.695833
0.704167
0.700000
0.700000
0.704167
0.712500
0.712500
0.716667
0.704167
0.695833
0.691667
0.695833
1.400000
0.712500
0.691667
0.691667
0.691667
0.695833
0.700000
0.704167
0.712500
0.700000
0.700000
0.687500
0.695833
0.695833
0.700000
0.708333
0.695833
0.691667
0.695833
0.687500
0.687500
0.695833
0.704167
0.708333
0.708333
0.695833
0.687500
0.691667
0.695833
0.704167
0.704167
0.704167
1.387500
0.700000
0.704167
0.716667
0.708333
0.708333
0.691667
0.691667
0.700000
0.691667
0.695833
0.700000
0.695833
0.700000
0.687500
0.683333
0.691667
0.687500
0.687500
0.695833
0.695833
0.550000
0.966667
0.479167
0.925000
0.800000
0.741667
0.712500
0.695833
0.687500
0.687500
0.683333
0.683333
0.687500
0.675000
0.683333
0.675000
0.670833
0.679167
0.679167
0.687500
0.691667
0.695833
0.687500
0.683333
0.691667
1.383333
0.712500
0.687500
0.695833
0.683333
0.683333
0.683333
0.691667
0.695833
0.645833
0.729167
0.687500
0.687500
0.691667
0.695833
0.687500
0.691667
0.683333
0.683333
0.679167
0.679167
0.683333
0.691667
0.570833
0.900000
0.787500
0.737500
1.433333
0.533333
0.862500
0.495833
0.733333
0.933333
0.779167
0.720833
0.691667
0.683333
0.670833
0.550000
0.950000
0.833333
0.775000
0.741667
0.712500
0.712500
0.708333
0.700000
0.695833
0.687500
0.554167
0.854167
0.712500
0.687500
0.687500
0.683333
0.670833
0.675000
0.670833
0.675000
0.679167
0.675000
0.679167
0.675000
1.341667
0.675000
1.350000
0.683333
0.683333
0.675000
0.670833
0.675000
0.675000
0.683333
1.258333
0.883333
0.516667
0.929167
0.808333
0.766667
0.725000
0.704167
0.491667
0.941667
1.600000
0.737500
1.333333
1.512500
1.300000
1.425000
0.620833
0.670833
0.687500
0.679167
0.679167
1.358333
0.691667
0.687500
0.695833
0.683333
0.679167
0.691667
0.691667
0.687500
0.687500
0.691667
0.683333
0.691667
0.687500
0.691667
0.695833
0.700000
0.708333
0.708333
0.679167
0.712500
0.700000
0.691667
0.695833
0.695833
0.700000
0.700000
0.691667
0.691667
0.700000
0.704167
0.712500
0.720833
0.716667
0.708333
0.708333
1.400000
0.708333
0.704167
0.704167
0.712500
0.700000
0.691667
0.691667
0.691667
0.691667
0.691667
0.700000
0.600000
0.779167
0.695833
0.695833
0.704167
1.400000
0.700000
0.679167
0.683333
0.679167
0.683333
0.687500
0.687500
0.683333
0.683333
0.675000
0.683333
0.679167
0.687500
0.695833
0.687500
0.687500
0.683333
0.675000
0.683333
0.687500
0.687500
0.691667
0.683333
0.683333
0.625000
0.758333
0.700000
0.704167
0.708333
0.695833
0.687500
0.579167
1.495833
0.700000
0.691667
1.387500
0.691667
0.683333
0.687500
0.695833
0.691667
0.695833
1.350000
0.683333
0.675000
0.691667
0.691667
0.695833
0.683333
0.679167
0.687500
0.687500
0.695833
0.716667
0.725000
0.725000
0.716667
0.708333
0.695833
0.687500
0.687500
0.691667
0.695833
0.691667
0.679167
0.687500
0.675000
0.679167
0.683333
0.695833
0.666667
0.725000
0.691667
0.687500
0.675000
0.679167
0.683333
0.683333
0.691667
0.687500
0.529167
0.908333
0.791667
0.758333
0.725000
0.708333
0.695833
0.683333
0.679167
0.504167
0.941667
0.829167
0.791667
0.754167
0.708333
0.708333
0.687500
0.679167
0.662500
0.704167
0.700000
0.700000
0.700000
0.691667
0.691667
0.691667
0.700000
0.704167
0.716667
0.720833
0.712500
0.700000
0.691667
0.570833
0.987500
0.883333
0.833333
0.754167
0.454167
0.925000
0.804167
0.758333
0.729167
0.500000
0.925000
0.783333
0.729167
0.708333
0.691667
0.687500
0.683333
0.670833
0.679167
0.679167
0.679167
0.691667
0.687500
0.475000
0.920833
0.791667
0.758333
0.737500
0.716667
0.712500
0.700000
0.687500
0.679167
0.683333
0.679167
0.683333
0.683333
0.683333
0.675000
0.675000
0.675000
1.341667
0.704167
0.683333
0.683333
0.679167
0.683333
0.687500
0.691667
0.700000
0.687500
0.691667
0.558333
0.654167
0.916667
0.775000
0.725000
0.708333
0.687500
0.583333
0.850000
0.729167
0.708333
0.716667
0.500000
0.937500
0.833333
0.800000
0.758333
0.729167
0.712500
0.712500
0.708333
0.720833
0.708333
0.712500
0.700000
0.704167
0.708333
0.716667
0.720833
0.620833
0.770833
0.695833
0.700000
0.708333
0.704167
0.691667
0.687500
0.683333
0.687500
0.691667
0.695833
0.695833
0.704167
0.695833
0.687500
0.683333
0.691667
0.700000
0.704167
0.700000
0.695833
0.458333
0.950000
0.829167
0.800000
1.483333
0.700000
0.700000
0.695833
0.700000
0.704167
0.704167
0.641667
0.725000
0.683333
0.604167
0.462500
0.904167
0.804167
0.766667
0.729167
0.708333
0.720833
0.704167
0.700000
0.700000
0.695833
0.687500
0.691667
0.695833
0.708333
0.720833
0.712500
0.720833
0.716667
0.708333
0.716667
0.725000
0.725000
0.725000
0.483333
3.108333
0.645833
1.370833
0.687500
0.687500
0.683333
0.687500
0.691667
0.700000
0.700000
0.695833
0.691667
0.687500
0.683333
0.691667
0.704167
0.704167
0.700000
0.691667
0.566667
0.920833
1.633333
0.750000
0.716667
0.716667
0.704167
0.708333
0.716667
0.720833
0.641667
0.770833
0.700000
0.683333
0.687500
0.695833
0.695833
1.395833
0.704167
0.695833
0.708333
0.716667
0.716667
0.712500
0.725000
0.716667
0.704167
0.695833
0.691667
0.695833
0.695833
0.695833
0.691667
0.683333
1.366667
0.704167
0.704167
0.700000
0.691667
0.683333
0.683333
1.375000
0.700000
0.687500
0.687500
0.683333
0.683333
0.687500
0.700000
0.704167
0.704167
0.708333
0.700000
0.695833
0.695833
0.695833
0.700000
0.712500
0.708333
0.720833
0.558333
0.937500
0.691667
0.979167
0.820833
0.766667
0.737500
0.491667
0.991667
0.850000
0.812500
0.779167
0.737500
0.712500
0.691667
0.700000
0.700000
0.700000
0.708333
0.704167
0.691667
0.691667
0.683333
0.679167
0.687500
0.695833
0.700000
0.704167
0.691667
0.683333
0.691667
0.695833
0.700000
0.708333
0.695833
0.687500
0.687500
0.687500
0.687500
0.691667
0.695833
0.683333
0.683333
0.675000
0.679167
0.679167
0.687500
0.687500
0.683333
0.675000
0.675000
0.683333
0.679167
0.687500
0.695833
0.691667
0.687500
0.691667
0.695833
0.700000
0.687500
0.679167
0.687500
0.679167
0.687500
0.687500
0.675000
0.675000
0.670833
0.675000
0.675000
0.670833
0.662500
0.666667
0.666667
0.675000
0.675000
0.679167
0.683333
0.683333
0.575000
0.795833
0.700000
0.687500
0.687500
0.687500
0.687500
0.700000
0.691667
0.687500
0.683333
1.354167
0.695833
0.687500
0.683333
0.691667
1.366667
0.687500
0.687500
0.691667
0.691667
0.687500
0.687500
0.683333
0.683333
0.683333
0.650000
0.729167
0.691667
0.683333
0.679167
