0.595833
0.595833
0.595833
0.600000
0.595833
0.595833
0.600000
0.604167
0.600000
0.600000
0.600000
0.604167
0.600000
0.600000
0.600000
0.600000
0.600000
0.600000
0.600000
0.600000
0.600000
0.462500
0.695833
0.604167
0.600000
0.600000
0.604167
0.604167
0.604167
0.604167
0.604167
0.454167
0.704167
0.608333
0.600000
0.600000
0.600000
0.595833
0.604167
0.462500
0.691667
0.600000
0.600000
0.600000
0.600000
0.600000
0.441667
0.716667
0.608333
0.604167
0.608333
0.608333
0.600000
0.604167
0.600000
0.462500
0.700000
0.608333
0.600000
0.604167
0.604167
0.600000
0.604167
0.600000
0.600000
0.604167
0.608333
0.608333
0.604167
0.470833
0.704167
0.612500
0.600000
0.608333
0.600000
0.600000
0.600000
0.600000
0.600000
0.458333
0.695833
0.600000
0.604167
0.600000
0.600000
0.600000
0.437500
0.708333
0.608333
0.604167
0.600000
0.604167
0.600000
0.608333
0.600000
0.445833
0.708333
0.604167
0.604167
0.600000
0.600000
0.595833
0.595833
0.591667
0.591667
0.591667
0.591667
0.600000
0.600000
0.608333
0.608333
0.608333
0.612500
0.612500
0.462500
0.712500
0.616667
0.612500
0.612500
0.612500
0.612500
0.612500
0.612500
0.433333
0.729167
0.479167
0.708333
0.616667
0.612500
0.612500
0.608333
0.612500
0.608333
0.445833
0.716667
0.616667
0.604167
0.608333
0.608333
0.612500
0.425000
0.737500
0.616667
0.612500
0.612500
0.608333
0.608333
0.608333
0.604167
0.608333
0.608333
0.604167
0.604167
0.608333
0.604167
0.604167
0.604167
0.433333
0.720833
0.612500
0.604167
0.604167
0.612500
0.608333
0.608333
0.612500
0.612500
0.608333
0.608333
0.612500
0.604167
0.608333
0.608333
0.604167
0.604167
0.608333
0.600000
0.445833
0.716667
0.612500
0.604167
0.604167
0.608333
0.604167
0.604167
0.612500
0.608333
0.608333
0.445833
0.716667
0.616667
0.608333
0.604167
0.612500
0.608333
0.604167
0.604167
0.604167
0.608333
0.608333
0.604167
0.608333
0.604167
0.604167
0.608333
0.612500
0.612500
0.612500
0.608333
0.441667
0.725000
0.612500
0.608333
0.604167
0.608333
0.604167
0.604167
0.600000
0.458333
0.704167
0.504167
0.675000
0.608333
0.604167
0.604167
0.604167
0.604167
0.608333
0.608333
0.608333
0.608333
0.608333
0.604167
0.612500
0.608333
0.458333
0.708333
0.612500
0.600000
0.600000
0.608333
0.595833
0.600000
0.445833
0.712500
0.620833
0.604167
0.612500
0.608333
0.604167
0.604167
0.445833
0.716667
0.487500
0.687500
0.612500
0.600000
0.600000
0.604167
0.608333
0.600000
0.604167
0.437500
0.716667
0.495833
0.687500
0.612500
0.608333
0.604167
0.604167
0.600000
0.604167
0.600000
0.600000
0.604167
0.604167
0.600000
0.600000
0.604167
0.600000
0.600000
0.462500
0.704167
0.508333
0.687500
0.612500
0.608333
0.433333
0.729167
0.616667
0.604167
0.608333
0.604167
0.604167
0.604167
0.608333
0.608333
0.604167
0.608333
0.604167
0.604167
0.604167
0.604167
0.604167
0.604167
0.612500
0.608333
0.612500
0.608333
0.608333
0.437500
0.729167
0.487500
0.700000
0.616667
0.608333
0.608333
0.608333
0.608333
0.604167
0.604167
0.441667
0.716667
0.491667
0.691667
0.612500
0.604167
0.608333
0.608333
0.608333
0.612500
0.608333
0.612500
0.441667
0.725000
0.616667
0.616667
0.608333
0.608333
0.612500
0.604167
0.441667
0.716667
0.491667
0.687500
0.608333
0.604167
0.604167
0.604167
0.604167
0.608333
0.429167
0.725000
0.616667
0.608333
0.608333
0.612500
0.604167
0.608333
0.604167
0.445833
0.712500
0.608333
0.608333
0.604167
0.608333
0.604167
0.612500
0.604167
0.608333
0.612500
0.437500
0.729167
0.491667
0.700000
0.616667
0.612500
0.608333
0.608333
0.608333
0.433333
0.725000
0.608333
0.604167
0.600000
0.595833
0.591667
0.600000
0.441667
0.720833
0.616667
0.612500
0.616667
0.616667
0.620833
0.616667
0.616667
0.620833
0.445833
0.733333
0.625000
0.616667
0.616667
0.616667
0.620833
0.620833
0.616667
0.616667
0.458333
0.725000
0.625000
0.616667
0.620833
0.616667
0.620833
0.433333
0.737500
0.620833
0.620833
0.616667
0.616667
0.612500
0.616667
0.612500
0.612500
0.616667
0.616667
0.616667
0.458333
0.720833
0.625000
0.616667
0.616667
0.616667
0.433333
0.737500
0.620833
0.616667
0.612500
0.612500
0.608333
0.612500
0.608333
0.608333
0.608333
0.608333
0.612500
0.616667
0.441667
0.729167
0.625000
0.612500
0.616667
0.612500
0.454167
0.720833
0.616667
0.612500
0.608333
0.612500
0.608333
0.608333
0.608333
0.608333
0.604167
0.441667
0.716667
0.612500
0.604167
0.608333
0.608333
0.612500
0.608333
0.608333
0.612500
0.608333
0.437500
0.729167
0.500000
0.687500
0.612500
0.608333
0.608333
0.604167
0.604167
0.608333
0.604167
0.612500
0.612500
0.608333
0.612500
0.445833
0.725000
0.616667
0.608333
0.608333
0.608333
0.604167
0.604167
0.608333
0.604167
0.612500
0.612500
0.612500
0.612500
0.608333
0.612500
0.612500
0.608333
0.612500
0.608333
0.608333
0.612500
0.608333
0.604167
0.441667
0.720833
0.612500
0.608333
0.612500
0.612500
0.604167
0.612500
0.608333
0.608333
0.604167
0.604167
0.604167
0.604167
0.608333
0.600000
0.604167
0.604167
0.604167
0.604167
0.604167
0.604167
0.600000
0.600000
0.604167
0.604167
0.604167
0.450000
0.716667
0.616667
0.608333
0.608333
0.604167
0.608333
0.462500
0.708333
0.608333
0.600000
0.604167
0.604167
0.604167
0.608333
0.608333
0.604167
0.608333
0.612500
0.604167
0.612500
0.612500
0.612500
0.450000
0.729167
0.620833
0.616667
0.616667
0.608333
0.608333
0.608333
0.608333
0.608333
0.604167
0.450000
0.716667
0.612500
0.604167
0.608333
0.608333
0.604167
0.604167
0.604167
0.608333
0.604167
0.608333
0.462500
0.704167
0.608333
0.608333
0.604167
0.604167
0.608333
0.612500
0.612500
0.608333
0.458333
0.725000
0.616667
0.612500
0.608333
0.608333
0.608333
0.608333
0.608333
0.612500
0.608333
0.608333
0.437500
0.725000
0.612500
0.608333
0.612500
0.612500
0.612500
0.612500
0.441667
0.733333
0.479167
0.704167
0.616667
0.608333
0.608333
0.608333
0.604167
0.608333
0.608333
0.604167
0.604167
0.441667
0.716667
0.612500
0.604167
0.612500
0.612500
0.612500
0.612500
0.612500
0.612500
0.612500
0.466667
0.712500
0.616667
0.608333
0.604167
0.608333
0.612500
0.608333
0.608333
0.604167
0.604167
0.604167
0.591667
0.604167
0.595833
0.600000
0.600000
0.608333
0.604167
0.612500
0.612500
0.616667
0.612500
0.616667
0.616667
0.450000
0.716667
0.633333
0.616667
0.616667
0.612500
0.612500
0.429167
0.733333
0.620833
0.608333
0.612500
0.608333
0.608333
0.608333
0.604167
0.441667
0.716667
0.612500
0.608333
0.604167
0.608333
0.604167
0.604167
0.604167
0.437500
0.720833
0.491667
0.695833
0.612500
0.608333
0.604167
0.608333
0.604167
0.608333
0.441667
0.716667
0.612500
0.604167
0.608333
0.604167
0.608333
0.604167
0.604167
0.450000
0.712500
0.612500
0.608333
0.608333
0.608333
0.604167
0.608333
0.608333
0.608333
0.608333
0.441667
0.704167
0.525000
0.683333
0.612500
0.608333
0.450000
0.712500
0.479167
0.704167
0.612500
0.608333
0.608333
0.608333
0.608333
0.608333
0.608333
0.608333
0.466667
0.704167
0.612500
0.604167
0.608333
0.608333
0.608333
0.604167
0.433333
0.720833
0.616667
0.608333
0.608333
0.608333
0.604167
0.608333
0.458333
0.708333
0.616667
0.604167
0.608333
0.608333
0.608333
0.608333
0.437500
0.720833
0.616667
0.608333
0.608333
0.608333
0.604167
0.608333
0.608333
0.604167
0.608333
0.604167
0.604167
0.608333
0.608333
0.608333
0.450000
0.691667
0.629167
0.608333
0.608333
0.608333
0.608333
0.608333
0.608333
0.608333
0.612500
0.608333
0.441667
0.720833
0.612500
0.608333
0.608333
0.608333
0.608333
0.608333
0.604167
0.608333
0.608333
0.604167
0.608333
0.604167
0.608333
0.604167
0.604167
0.608333
0.604167
0.429167
0.700000
0.629167
0.604167
0.600000
0.600000
0.604167
0.600000
0.604167
0.600000
0.600000
0.604167
0.604167
0.604167
0.604167
0.604167
0.608333
0.604167
0.445833
0.716667
0.616667
0.600000
0.608333
0.604167
0.608333
0.604167
0.612500
0.608333
0.608333
0.450000
0.716667
0.483333
0.695833
0.616667
0.604167
0.608333
0.604167
0.608333
0.608333
0.437500
0.716667
0.620833
0.604167
0.612500
0.608333
0.608333
0.604167
0.616667
0.458333
0.712500
0.616667
0.608333
0.612500
0.608333
0.608333
0.458333
0.712500
0.616667
0.608333
0.612500
0.604167
0.604167
0.608333
0.604167
0.604167
0.458333
0.708333
0.616667
0.604167
0.608333
0.604167
0.600000
0.608333
0.604167
0.604167
0.604167
0.604167
0.604167
0.458333
0.712500
0.612500
0.604167
0.608333
0.608333
0.604167
0.600000
0.604167
0.595833
0.604167
0.595833
0.595833
0.595833
0.600000
0.604167
0.608333
0.608333
0.612500
0.612500
0.616667
0.616667
0.616667
0.616667
0.616667
0.612500
0.616667
0.612500
0.612500
0.441667
0.729167
0.620833
0.616667
0.612500
0.612500
0.608333
0.608333
0.612500
0.608333
0.608333
0.604167
0.608333
0.608333
0.608333
0.608333
0.604167
0.612500
0.608333
0.475000
0.700000
0.612500
0.608333
0.608333
0.608333
0.608333
0.608333
0.416667
0.733333
0.620833
0.608333
0.608333
0.608333
0.612500
0.608333
0.608333
0.608333
0.608333
0.612500
0.608333
0.458333
0.716667
0.616667
0.608333
0.608333
0.608333
0.612500
0.425000
0.733333
0.616667
0.612500
0.608333
0.612500
0.454167
0.716667
0.487500
0.700000
0.616667
0.608333
0.608333
0.608333
0.612500
0.612500
0.608333
0.608333
0.612500
0.608333
0.608333
0.608333
0.608333
0.458333
0.708333
0.616667
0.604167
0.608333
0.612500
0.608333
0.608333
0.608333
0.604167
0.612500
0.604167
0.608333
0.454167
0.716667
0.612500
0.616667
0.608333
0.608333
0.608333
0.608333
0.612500
0.612500
0.608333
0.458333
0.712500
0.379167
0.733333
0.629167
0.616667
0.429167
0.737500
0.475000
0.708333
0.616667
0.616667
0.612500
0.612500
0.612500
0.608333
0.429167
0.733333
0.620833
0.608333
0.612500
0.608333
