0.754167
0.754167
0.758333
0.750000
0.750000
0.754167
0.750000
0.754167
0.750000
0.750000
0.745833
0.741667
0.737500
0.729167
0.741667
0.741667
0.741667
0.733333
0.729167
0.733333
0.737500
0.733333
0.737500
0.741667
0.733333
0.733333
0.729167
0.729167
0.729167
0.720833
0.720833
0.725000
0.741667
0.741667
0.737500
0.733333
0.725000
0.716667
0.729167
0.733333
0.737500
0.741667
0.729167
0.729167
0.737500
0.737500
0.745833
0.733333
0.737500
0.745833
0.741667
0.745833
0.733333
0.729167
0.741667
0.737500
0.741667
0.737500
0.733333
0.512500
0.854167
0.787500
0.775000
0.758333
0.745833
0.745833
0.745833
0.741667
0.737500
0.729167
0.720833
0.729167
0.733333
0.737500
0.720833
0.729167
0.725000
0.729167
0.737500
0.733333
0.733333
0.725000
0.729167
0.733333
0.729167
0.733333
0.729167
0.725000
0.737500
0.733333
0.737500
0.729167
2.041667
0.829167
0.770833
0.758333
0.750000
0.737500
0.745833
0.741667
0.737500
0.733333
0.729167
0.729167
0.725000
0.729167
0.729167
0.554167
0.833333
0.737500
0.720833
0.687500
0.695833
0.695833
0.708333
0.712500
0.716667
0.720833
0.716667
0.725000
0.725000
0.729167
0.725000
0.729167
0.725000
0.720833
0.716667
0.716667
0.716667
0.720833
0.720833
0.716667
0.708333
0.712500
0.704167
0.712500
0.720833
0.716667
0.716667
0.720833
0.712500
0.708333
0.704167
0.700000
0.708333
0.712500
0.700000
0.704167
0.700000
0.700000
0.704167
0.704167
0.704167
0.700000
0.695833
0.687500
0.687500
0.700000
0.691667
0.683333
0.695833
0.695833
0.691667
0.704167
0.700000
0.700000
0.691667
0.700000
0.700000
0.700000
0.700000
0.695833
0.700000
0.650000
0.745833
0.695833
0.691667
0.687500
0.675000
0.691667
0.704167
1.425000
0.712500
0.716667
0.716667
0.716667
0.712500
0.708333
0.716667
0.716667
0.708333
0.712500
0.712500
0.700000
0.712500
0.700000
0.704167
0.695833
0.691667
0.700000
0.695833
0.695833
0.691667
0.695833
0.695833
0.687500
0.695833
0.695833
0.691667
0.695833
0.687500
0.691667
0.691667
0.691667
0.687500
0.691667
0.695833
0.695833
0.691667
0.691667
0.687500
0.695833
0.700000
0.700000
0.695833
0.700000
0.695833
0.708333
0.708333
0.712500
0.712500
0.716667
0.712500
0.712500
0.716667
0.720833
0.716667
0.716667
0.716667
0.720833
0.725000
0.720833
0.725000
0.716667
0.720833
0.729167
0.729167
0.729167
0.725000
0.725000
0.729167
0.733333
0.733333
0.491667
0.916667
0.766667
0.758333
0.741667
0.445833
0.858333
0.783333
0.770833
0.762500
0.750000
0.745833
0.745833
0.745833
0.737500
0.737500
0.741667
0.725000
0.725000
0.725000
0.720833
0.716667
0.729167
0.733333
0.725000
0.729167
0.729167
0.612500
0.858333
0.758333
0.750000
0.475000
0.845833
0.775000
0.758333
0.750000
0.745833
0.741667
0.733333
0.737500
0.733333
0.729167
0.733333
0.750000
0.758333
0.754167
0.754167
0.745833
0.745833
0.762500
0.754167
0.762500
0.758333
0.745833
0.745833
0.758333
0.758333
0.750000
0.750000
0.750000
0.750000
0.750000
0.729167
0.733333
0.733333
0.712500
0.729167
0.733333
0.733333
0.741667
0.766667
0.770833
0.783333
0.779167
0.775000
0.779167
0.683333
0.891667
0.783333
0.766667
0.762500
0.766667
0.758333
0.754167
0.745833
0.737500
0.745833
0.750000
0.745833
0.754167
0.750000
0.754167
0.512500
0.887500
0.829167
0.820833
0.520833
0.887500
0.520833
0.908333
0.845833
0.812500
0.812500
0.816667
0.800000
0.787500
0.779167
0.791667
0.787500
0.783333
0.775000
0.783333
0.787500
0.787500
0.791667
0.791667
0.775000
0.783333
0.787500
0.791667
0.791667
0.779167
0.587500
0.954167
0.820833
0.808333
0.779167
0.775000
0.775000
0.775000
0.775000
0.766667
0.758333
0.762500
0.766667
0.762500
0.770833
0.766667
0.754167
0.754167
0.766667
0.766667
0.770833
0.766667
0.758333
0.758333
0.770833
0.770833
0.770833
0.762500
0.754167
0.762500
0.770833
0.766667
0.766667
0.733333
0.779167
0.745833
0.758333
0.758333
0.762500
0.758333
0.762500
0.762500
0.766667
0.770833
0.775000
0.770833
0.762500
0.779167
0.775000
0.766667
0.754167
0.533333
0.891667
0.795833
0.775000
0.762500
0.758333
0.762500
0.754167
0.754167
0.741667
0.741667
0.750000
0.745833
0.737500
0.741667
0.754167
0.758333
0.750000
0.729167
0.775000
0.745833
0.750000
0.741667
0.737500
0.741667
0.737500
0.733333
0.729167
0.741667
0.737500
0.741667
0.741667
0.745833
0.745833
0.737500
0.754167
0.758333
0.750000
0.754167
0.750000
0.737500
0.745833
0.750000
0.745833
0.750000
0.741667
0.741667
0.750000
0.754167
0.762500
0.758333
0.750000
0.754167
0.762500
0.762500
0.770833
0.754167
0.758333
0.545833
0.937500
0.795833
1.562500
0.754167
0.770833
0.766667
0.766667
0.754167
0.745833
0.529167
0.937500
0.791667
0.783333
0.775000
0.762500
0.770833
0.775000
0.770833
0.766667
0.762500
0.758333
1.537500
0.762500
0.570833
0.862500
0.783333
0.779167
0.770833
0.770833
0.758333
0.754167
0.758333
0.758333
0.766667
0.750000
0.745833
0.750000
0.754167
0.750000
0.750000
0.754167
0.741667
0.741667
0.754167
0.758333
0.745833
0.741667
0.741667
0.562500
0.866667
0.791667
0.787500
0.779167
0.758333
0.758333
0.762500
0.766667
0.762500
0.750000
0.745833
0.754167
0.750000
0.750000
0.754167
0.741667
0.750000
0.754167
0.762500
0.758333
0.745833
0.741667
0.750000
0.754167
0.745833
0.750000
0.737500
0.733333
0.754167
0.741667
0.745833
0.733333
0.737500
0.733333
0.741667
0.737500
0.741667
0.745833
0.745833
0.750000
0.766667
0.762500
1.562500
0.745833
0.770833
0.770833
0.766667
0.762500
0.770833
0.770833
0.766667
0.762500
0.754167
0.758333
0.770833
0.766667
0.758333
0.754167
0.754167
0.758333
0.762500
0.754167
0.750000
0.754167
0.758333
0.754167
0.745833
0.737500
0.750000
0.754167
0.754167
0.750000
0.741667
0.750000
0.762500
0.775000
0.766667
0.762500
0.766667
0.754167
0.766667
0.762500
0.750000
0.745833
0.745833
0.750000
0.745833
0.754167
0.745833
0.741667
0.729167
0.737500
0.750000
0.750000
0.754167
0.754167
0.737500
0.741667
0.741667
0.750000
0.745833
0.741667
0.729167
0.737500
1.491667
0.745833
0.745833
0.729167
0.733333
0.737500
0.729167
0.720833
0.716667
0.720833
0.729167
0.733333
0.725000
0.725000
0.725000
0.729167
0.737500
0.733333
0.733333
0.729167
0.733333
0.741667
0.741667
0.729167
0.729167
0.729167
0.733333
0.737500
0.737500
0.733333
0.729167
0.733333
0.741667
0.741667
0.737500
0.737500
0.729167
0.733333
0.733333
0.737500
0.733333
0.725000
0.725000
0.720833
0.725000
0.729167
0.720833
0.720833
0.716667
0.712500
0.729167
0.729167
0.733333
0.729167
0.725000
0.725000
0.729167
0.737500
0.733333
0.725000
0.716667
0.716667
0.720833
0.720833
0.729167
0.716667
0.712500
0.712500
0.716667
0.716667
0.716667
0.708333
0.708333
0.704167
0.716667
1.425000
0.691667
0.695833
0.687500
0.587500
0.779167
0.725000
0.716667
0.712500
0.716667
0.708333
0.712500
0.716667
0.716667
0.720833
0.716667
0.704167
0.708333
0.712500
0.704167
0.708333
0.700000
0.700000
0.695833
0.708333
0.708333
0.704167
0.712500
0.704167
0.704167
0.712500
0.708333
0.712500
0.708333
0.704167
0.704167
0.712500
0.708333
0.716667
0.712500
0.708333
0.708333
0.716667
0.716667
0.716667
0.708333
0.712500
0.712500
0.716667
0.716667
0.716667
0.720833
0.562500
0.841667
0.754167
0.745833
0.745833
0.737500
0.733333
0.729167
0.745833
0.741667
0.750000
0.741667
0.737500
0.750000
0.745833
0.750000
0.750000
0.741667
0.745833
0.750000
0.762500
0.754167
0.754167
0.754167
0.745833
0.754167
0.750000
0.750000
0.745833
0.745833
0.591667
0.845833
0.766667
0.766667
0.754167
0.754167
0.741667
0.745833
0.600000
0.891667
0.787500
0.770833
0.758333
0.754167
1.529167
0.754167
0.754167
0.766667
0.750000
0.762500
0.770833
0.762500
0.762500
0.745833
0.750000
0.758333
0.754167
0.758333
0.750000
0.750000
0.750000
0.762500
0.762500
0.762500
0.754167
0.745833
0.741667
0.750000
0.745833
0.758333
