0.895833
0.895833
0.908333
0.904167
0.895833
0.883333
0.891667
0.891667
0.895833
0.879167
0.879167
0.883333
0.887500
0.895833
0.904167
0.895833
0.891667
0.891667
0.895833
0.900000
0.904167
0.808333
0.979167
0.891667
0.895833
0.891667
0.891667
0.895833
0.904167
0.904167
0.895833
0.891667
0.895833
0.900000
0.908333
0.904167
0.900000
0.895833
0.900000
0.908333
0.908333
0.904167
0.895833
0.900000
0.900000
0.904167
0.895833
0.887500
0.887500
0.900000
0.904167
0.900000
0.887500
0.883333
0.887500
0.891667
0.891667
0.891667
0.887500
0.887500
0.891667
0.895833
0.895833
0.895833
0.895833
0.891667
0.895833
0.900000
0.883333
0.879167
0.866667
0.870833
0.866667
0.866667
0.854167
0.841667
0.845833
0.850000
0.858333
0.854167
0.837500
0.841667
0.841667
0.845833
0.850000
0.850000
0.850000
0.850000
0.858333
0.866667
0.866667
0.866667
0.866667
0.870833
0.870833
0.879167
0.879167
0.879167
0.875000
0.875000
0.883333
0.891667
0.883333
0.883333
0.887500
0.887500
0.879167
0.883333
0.879167
0.887500
0.883333
0.887500
0.891667
0.891667
0.883333
0.883333
0.883333
0.900000
0.891667
0.883333
0.883333
0.883333
0.879167
0.883333
0.879167
0.866667
0.866667
0.866667
0.875000
0.879167
0.879167
0.870833
0.875000
0.879167
0.891667
0.891667
0.883333
0.887500
0.891667
0.891667
0.895833
0.891667
0.891667
0.883333
0.887500
0.887500
0.895833
0.895833
0.887500
0.887500
0.891667
0.895833
0.904167
0.895833
0.891667
0.883333
0.887500
0.900000
0.895833
0.891667
0.891667
0.895833
0.904167
0.904167
0.891667
0.895833
0.900000
0.904167
0.895833
0.883333
0.875000
0.866667
0.870833
0.862500
0.858333
0.841667
0.841667
0.837500
0.837500
0.841667
0.850000
0.845833
0.845833
0.845833
0.854167
0.854167
0.862500
0.862500
0.862500
0.866667
0.875000
0.870833
0.870833
0.875000
0.866667
0.866667
0.866667
0.870833
0.862500
0.745833
0.966667
0.866667
0.870833
0.875000
0.866667
0.866667
0.650000
1.012500
0.666667
1.012500
0.879167
0.883333
0.883333
0.887500
0.883333
0.879167
0.870833
0.875000
0.879167
0.883333
0.879167
0.875000
0.879167
0.879167
0.883333
0.883333
0.883333
0.870833
0.875000
0.870833
0.883333
0.883333
0.879167
0.879167
0.887500
0.887500
0.895833
0.887500
0.662500
1.020833
0.891667
0.883333
0.875000
0.866667
0.862500
0.875000
0.875000
0.879167
0.883333
0.875000
0.870833
0.879167
0.891667
0.891667
0.887500
0.883333
0.883333
0.879167
0.891667
0.895833
0.883333
0.883333
0.887500
0.891667
0.895833
0.887500
0.883333
0.883333
0.895833
0.891667
0.891667
0.891667
0.891667
0.891667
0.904167
0.887500
0.875000
0.866667
0.862500
0.862500
0.862500
0.858333
0.845833
0.854167
0.841667
0.854167
0.862500
0.858333
0.850000
0.850000
0.862500
0.862500
0.862500
0.862500
0.866667
0.866667
0.879167
0.875000
0.883333
0.875000
0.875000
0.879167
0.887500
0.883333
0.875000
0.875000
0.875000
0.883333
0.887500
0.887500
0.883333
0.879167
0.879167
0.883333
0.875000
0.870833
0.866667
0.858333
0.816667
0.916667
0.862500
0.862500
0.858333
0.866667
0.866667
0.866667
0.879167
0.870833
0.870833
0.875000
0.879167
0.891667
0.883333
0.883333
0.887500
0.883333
0.891667
0.895833
0.883333
0.879167
0.879167
0.879167
0.875000
0.879167
0.870833
0.633333
1.008333
0.875000
0.875000
0.875000
0.862500
0.866667
0.866667
0.875000
0.875000
0.883333
0.875000
0.875000
0.879167
0.883333
0.879167
0.883333
0.875000
0.866667
0.862500
0.862500
0.850000
0.850000
0.850000
0.837500
0.837500
0.837500
0.833333
0.837500
0.837500
0.833333
0.829167
0.833333
0.833333
0.837500
0.837500
0.833333
0.833333
0.829167
0.833333
0.837500
0.837500
0.829167
0.833333
0.833333
0.837500
0.837500
0.845833
0.841667
0.837500
0.841667
0.841667
0.841667
0.845833
0.845833
0.837500
0.841667
0.837500
0.837500
0.845833
0.841667
0.837500
0.841667
0.837500
0.845833
0.654167
0.975000
0.629167
0.975000
0.733333
0.950000
0.850000
0.841667
0.845833
0.841667
0.841667
0.641667
0.983333
0.845833
0.845833
0.850000
0.841667
0.850000
0.845833
0.845833
0.841667
0.845833
0.850000
0.850000
0.845833
0.845833
0.845833
0.845833
0.845833
0.858333
0.850000
0.850000
0.850000
0.850000
0.854167
0.854167
0.850000
0.845833
0.845833
0.845833
0.850000
0.850000
0.845833
0.845833
0.850000
0.854167
0.854167
0.858333
0.850000
0.850000
0.662500
0.995833
0.612500
0.995833
0.662500
0.991667
0.862500
0.858333
0.858333
0.858333
0.850000
0.716667
0.975000
0.862500
0.858333
0.862500
0.858333
0.862500
0.862500
0.866667
0.695833
0.995833
0.866667
0.862500
0.858333
0.862500
0.866667
0.862500
0.858333
0.862500
0.862500
0.862500
0.866667
0.858333
0.858333
0.850000
0.858333
0.866667
0.858333
0.854167
0.858333
0.858333
0.858333
0.866667
0.862500
0.858333
0.862500
0.858333
0.862500
0.866667
0.858333
0.858333
0.858333
0.858333
0.866667
0.866667
0.866667
0.862500
0.862500
0.862500
0.862500
0.862500
0.875000
0.862500
0.862500
0.745833
0.966667
0.858333
0.862500
0.858333
0.850000
0.850000
0.700000
0.979167
0.850000
0.845833
0.845833
0.841667
0.841667
0.845833
0.845833
0.841667
0.837500
0.837500
0.837500
0.837500
0.833333
0.845833
0.837500
0.837500
0.833333
0.837500
0.837500
0.841667
0.841667
0.837500
0.833333
0.837500
0.837500
0.841667
0.837500
0.837500
0.833333
0.837500
0.833333
0.833333
0.837500
0.608333
0.950000
0.858333
0.829167
0.833333
0.841667
0.829167
0.833333
0.829167
0.829167
0.829167
0.829167
0.833333
0.829167
0.829167
0.829167
0.829167
0.833333
0.837500
0.829167
0.833333
0.829167
0.762500
0.912500
0.841667
0.837500
0.833333
0.770833
0.520833
0.945833
0.854167
0.841667
0.837500
0.837500
0.837500
0.841667
0.841667
0.841667
0.837500
0.837500
0.833333
0.837500
0.837500
0.845833
0.841667
0.837500
0.841667
0.841667
0.850000
0.850000
0.841667
0.841667
0.845833
0.841667
0.845833
0.854167
0.841667
0.845833
0.845833
0.845833
0.654167
0.991667
0.858333
0.854167
0.854167
0.854167
0.858333
0.858333
0.850000
0.854167
0.850000
0.854167
0.854167
0.854167
0.854167
0.845833
0.850000
0.850000
0.854167
0.854167
0.850000
0.854167
0.845833
0.850000
0.858333
0.850000
0.616667
0.983333
0.850000
0.854167
0.854167
0.854167
0.845833
0.850000
0.845833
0.850000
0.850000
0.845833
0.720833
0.950000
0.837500
0.845833
0.841667
0.837500
0.837500
0.833333
0.833333
0.837500
0.833333
0.833333
0.829167
0.829167
0.829167
0.833333
0.650000
0.995833
0.858333
0.829167
0.829167
0.833333
0.841667
0.837500
0.833333
0.833333
0.833333
0.829167
0.845833
0.845833
0.837500
0.833333
0.833333
0.833333
0.833333
0.829167
0.837500
0.787500
0.870833
0.829167
0.829167
0.829167
0.833333
0.837500
0.833333
0.829167
0.708333
0.941667
0.829167
0.837500
0.837500
0.829167
0.829167
0.758333
0.908333
0.829167
0.837500
0.829167
0.829167
0.829167
