0.700000
0.700000
0.704167
0.695833
0.704167
0.700000
0.704167
0.700000
0.700000
0.695833
0.700000
0.700000
0.700000
0.700000
0.700000
0.704167
0.700000
0.708333
0.708333
0.712500
0.712500
0.720833
0.720833
0.729167
0.725000
0.725000
0.720833
0.716667
0.712500
0.708333
0.708333
0.500000
0.904167
0.704167
0.700000
0.695833
0.695833
0.695833
0.691667
0.691667
0.687500
0.695833
0.691667
0.691667
0.687500
0.691667
0.691667
0.687500
0.687500
0.687500
0.687500
0.687500
0.695833
0.691667
0.700000
0.704167
0.512500
0.887500
0.712500
0.550000
0.829167
0.716667
0.708333
0.700000
0.704167
0.700000
0.704167
0.504167
0.891667
0.708333
0.704167
0.700000
0.695833
0.700000
0.700000
0.700000
0.700000
0.695833
0.704167
0.704167
0.708333
0.708333
0.712500
0.712500
0.712500
0.712500
0.708333
0.704167
0.708333
0.700000
0.708333
0.704167
0.704167
0.704167
0.708333
0.704167
0.708333
0.704167
0.712500
0.708333
0.708333
0.708333
0.708333
0.704167
0.708333
0.704167
0.704167
0.712500
0.708333
0.704167
0.708333
0.712500
0.708333
0.712500
0.716667
0.716667
0.712500
0.716667
0.720833
0.708333
0.712500
0.708333
0.712500
0.708333
0.708333
0.704167
0.704167
0.700000
0.700000
0.695833
0.695833
0.691667
0.687500
0.691667
0.695833
0.691667
0.700000
0.700000
0.700000
0.704167
0.704167
0.625000
0.779167
0.716667
0.708333
0.708333
0.704167
0.704167
0.704167
0.695833
0.700000
0.704167
0.700000
0.704167
0.700000
0.700000
0.700000
0.704167
0.512500
0.887500
0.700000
0.700000
0.700000
0.695833
0.695833
0.695833
0.695833
0.695833
0.700000
0.516667
0.841667
0.708333
0.695833
0.700000
0.700000
0.700000
0.695833
0.700000
0.695833
0.700000
0.700000
0.704167
0.708333
0.700000
0.704167
0.708333
0.700000
0.704167
0.695833
0.700000
0.704167
0.700000
0.704167
0.700000
0.704167
0.704167
0.700000
0.700000
0.695833
0.700000
0.695833
0.695833
0.704167
0.691667
0.700000
0.691667
0.691667
0.691667
0.691667
0.687500
0.683333
0.683333
0.679167
0.679167
0.679167
0.679167
0.675000
0.679167
0.679167
0.683333
0.683333
0.691667
0.695833
0.691667
0.700000
0.704167
0.704167
0.704167
0.708333
0.704167
0.708333
0.700000
0.700000
0.708333
0.700000
0.704167
0.700000
0.704167
0.704167
0.700000
0.700000
0.695833
0.700000
0.700000
0.704167
0.700000
0.704167
0.704167
0.708333
0.704167
0.708333
0.712500
0.708333
0.712500
0.708333
0.716667
0.708333
0.708333
0.716667
0.712500
0.712500
0.562500
0.825000
0.729167
0.716667
0.716667
0.716667
0.712500
0.712500
0.712500
0.708333
0.708333
0.704167
0.708333
0.712500
0.708333
0.708333
0.712500
0.495833
0.933333
0.716667
0.716667
0.712500
0.712500
0.704167
0.704167
0.704167
0.704167
0.695833
0.695833
0.700000
0.695833
0.700000
0.695833
0.695833
0.700000
0.700000
0.700000
0.700000
0.700000
0.704167
0.700000
0.704167
0.704167
0.708333
0.704167
0.708333
0.704167
0.700000
0.704167
0.700000
0.700000
0.700000
0.691667
0.695833
0.700000
0.695833
0.691667
0.695833
0.700000
0.695833
0.695833
0.695833
0.700000
0.695833
0.700000
0.695833
0.695833
0.700000
0.695833
0.695833
0.704167
0.695833
0.700000
0.695833
0.700000
0.700000
0.700000
0.700000
0.700000
0.700000
0.700000
0.700000
0.695833
0.704167
0.704167
0.708333
0.712500
0.700000
0.704167
0.704167
0.700000
0.700000
0.700000
0.700000
0.700000
0.700000
0.695833
0.700000
0.700000
0.695833
0.695833
0.695833
0.695833
0.695833
0.704167
0.700000
0.700000
0.704167
0.704167
0.712500
0.708333
0.712500
0.708333
0.716667
0.508333
0.916667
0.716667
0.708333
0.708333
0.704167
0.700000
0.704167
0.704167
0.708333
0.704167
0.708333
0.712500
0.712500
0.712500
0.716667
0.716667
0.716667
0.712500
0.712500
0.716667
0.708333
0.708333
0.708333
0.708333
0.712500
0.712500
0.708333
0.712500
0.708333
0.712500
0.716667
0.712500
0.708333
0.712500
0.712500
0.712500
0.708333
0.704167
0.708333
0.708333
0.708333
0.704167
0.712500
0.712500
0.704167
0.712500
0.708333
0.712500
0.708333
0.704167
0.708333
0.704167
0.712500
0.704167
0.704167
0.712500
0.708333
0.708333
0.712500
0.708333
0.716667
0.708333
0.716667
0.708333
0.704167
0.708333
0.704167
0.704167
0.712500
0.704167
0.704167
0.708333
0.704167
0.704167
0.704167
0.704167
0.704167
0.704167
0.704167
0.704167
0.708333
0.704167
0.708333
0.708333
0.708333
0.704167
0.704167
0.704167
0.708333
0.708333
0.708333
0.708333
0.708333
0.712500
0.716667
0.712500
0.716667
0.712500
0.708333
0.708333
0.704167
0.704167
0.700000
0.700000
0.704167
0.700000
0.700000
0.700000
0.695833
0.700000
0.695833
0.691667
0.691667
0.691667
0.683333
0.687500
0.683333
0.683333
0.687500
0.687500
0.687500
0.687500
0.687500
0.691667
0.687500
0.691667
0.687500
0.691667
0.687500
0.691667
0.691667
0.687500
0.691667
0.687500
0.695833
0.691667
0.695833
0.695833
0.695833
0.700000
0.700000
0.700000
0.704167
0.570833
0.812500
0.712500
0.712500
0.712500
0.708333
0.712500
0.708333
0.708333
0.704167
0.700000
0.704167
0.704167
0.704167
0.700000
0.708333
0.704167
0.704167
0.704167
0.700000
0.708333
0.700000
0.700000
0.700000
0.700000
0.704167
0.704167
0.704167
0.704167
0.700000
0.700000
0.695833
0.691667
0.695833
0.691667
0.691667
0.691667
0.695833
0.691667
0.691667
0.691667
0.691667
0.700000
0.695833
0.695833
0.695833
0.695833
0.704167
0.704167
0.704167
0.700000
0.704167
0.700000
0.704167
0.700000
0.700000
0.700000
0.691667
0.700000
0.695833
0.695833
0.695833
0.695833
0.700000
0.700000
0.700000
0.700000
0.700000
0.695833
0.704167
0.704167
0.704167
0.704167
0.700000
0.704167
0.704167
0.695833
0.704167
0.700000
0.704167
0.695833
0.695833
0.695833
0.691667
0.691667
0.691667
0.691667
0.691667
0.691667
0.687500
0.691667
0.700000
0.695833
0.695833
0.700000
0.700000
0.700000
0.708333
0.704167
0.704167
0.704167
0.704167
0.708333
0.704167
0.704167
0.704167
0.704167
0.704167
0.704167
0.700000
0.695833
0.695833
0.695833
0.695833
0.691667
0.691667
0.691667
0.687500
0.687500
0.683333
0.683333
0.683333
0.683333
0.687500
0.683333
0.687500
0.683333
0.683333
0.683333
0.691667
0.687500
0.691667
0.695833
0.695833
0.700000
0.700000
0.708333
0.708333
0.700000
0.704167
0.704167
0.700000
0.695833
0.695833
0.691667
0.691667
0.691667
0.691667
0.687500
0.691667
0.687500
0.691667
0.691667
0.691667
0.691667
0.691667
0.700000
0.695833
0.704167
0.708333
0.704167
0.700000
0.487500
0.904167
0.704167
0.700000
0.700000
0.700000
0.700000
0.704167
0.695833
0.695833
0.700000
0.695833
0.695833
0.691667
0.695833
0.687500
0.691667
0.691667
0.691667
0.687500
0.691667
0.683333
0.691667
0.687500
0.691667
0.691667
0.687500
0.687500
0.687500
0.687500
0.687500
0.691667
0.687500
0.687500
0.691667
0.695833
0.691667
0.691667
0.695833
0.695833
0.500000
0.904167
0.700000
0.700000
0.545833
0.829167
0.716667
0.712500
0.716667
0.716667
0.720833
0.712500
0.716667
0.712500
0.708333
0.704167
0.545833
0.812500
0.708333
0.704167
0.695833
0.695833
0.695833
0.700000
0.700000
0.704167
0.700000
0.708333
0.708333
0.708333
0.712500
0.579167
0.820833
0.720833
0.716667
0.720833
0.716667
0.712500
0.716667
0.716667
0.716667
0.712500
0.712500
0.712500
0.708333
0.708333
0.704167
0.704167
0.695833
0.695833
0.695833
0.695833
0.691667
0.700000
0.695833
0.700000
0.704167
0.704167
0.700000
0.700000
0.700000
0.700000
0.695833
0.700000
0.695833
0.691667
0.695833
0.695833
0.700000
0.700000
0.695833
0.700000
0.695833
0.695833
0.704167
0.700000
0.704167
0.704167
0.708333
0.716667
0.712500
0.712500
0.712500
0.708333
0.712500
0.708333
0.704167
0.704167
0.704167
0.704167
0.704167
0.700000
0.704167
0.700000
0.700000
0.700000
0.700000
0.695833
0.695833
0.695833
0.700000
0.700000
0.695833
0.700000
0.700000
0.695833
0.704167
0.691667
0.695833
0.695833
0.695833
0.695833
0.695833
0.691667
0.691667
0.691667
0.691667
0.695833
0.691667
0.695833
0.691667
0.687500
0.695833
0.691667
0.704167
0.695833
0.700000
0.700000
0.704167
0.700000
0.708333
0.708333
0.708333
0.708333
0.712500
0.708333
0.708333
0.454167
0.700000
0.700000
0.704167
0.695833
0.700000
0.700000
0.695833
0.700000
0.700000
0.695833
0.695833
0.695833
0.695833
0.691667
0.695833
0.700000
0.695833
0.704167
0.695833
0.704167
0.704167
0.700000
0.700000
0.700000
0.700000
0.700000
0.704167
0.700000
0.700000
0.708333
