0.854167
0.862500
0.858333
0.858333
0.858333
0.683333
1.054167
0.862500
0.612500
1.125000
0.862500
0.591667
1.145833
0.862500
0.575000
1.158333
0.850000
0.608333
1.112500
0.850000
0.641667
1.075000
0.845833
0.591667
1.112500
0.845833
0.595833
1.104167
0.845833
0.650000
1.050000
0.845833
0.591667
1.120833
0.850000
0.850000
0.850000
0.845833
0.854167
0.633333
1.083333
0.850000
0.858333
0.850000
0.854167
0.854167
0.854167
0.850000
0.862500
0.616667
1.112500
0.858333
0.854167
0.854167
0.858333
0.854167
0.858333
0.862500
0.862500
0.662500
1.066667
0.858333
0.858333
0.858333
0.854167
0.850000
0.845833
0.854167
0.854167
0.645833
1.075000
0.858333
0.854167
0.850000
0.854167
0.858333
0.675000
1.037500
0.854167
0.854167
0.858333
0.858333
0.854167
0.858333
0.858333
0.858333
0.854167
0.854167
0.858333
0.612500
1.108333
0.858333
0.858333
0.858333
0.858333
0.683333
1.054167
0.862500
0.858333
0.854167
0.850000
0.854167
0.633333
1.083333
0.841667
0.845833
0.850000
0.845833
0.845833
0.841667
0.854167
0.850000
0.633333
1.075000
0.854167
0.854167
0.850000
0.854167
0.845833
0.850000
0.845833
0.850000
0.641667
1.075000
0.845833
0.850000
0.845833
0.854167
0.854167
0.858333
0.854167
0.858333
0.854167
0.858333
0.854167
0.854167
0.858333
0.858333
0.854167
0.854167
0.854167
0.850000
0.854167
0.850000
0.858333
0.850000
0.850000
0.850000
0.854167
0.633333
1.083333
0.854167
0.641667
1.066667
0.850000
0.654167
1.062500
0.854167
0.575000
1.129167
0.850000
0.620833
1.091667
0.854167
0.566667
1.145833
0.845833
0.850000
0.850000
0.558333
1.145833
0.850000
0.612500
1.091667
0.845833
0.662500
1.045833
0.845833
0.579167
1.129167
0.850000
0.675000
1.037500
0.854167
0.637500
1.075000
0.854167
0.641667
1.066667
0.850000
0.645833
1.066667
0.858333
0.625000
1.083333
0.858333
0.608333
1.108333
0.854167
0.612500
1.091667
0.850000
0.679167
1.029167
0.850000
0.608333
1.104167
0.854167
0.670833
1.041667
0.854167
0.600000
1.112500
0.858333
0.858333
0.862500
0.858333
0.862500
0.862500
0.862500
0.862500
0.637500
1.095833
0.858333
0.866667
0.870833
0.870833
0.862500
0.866667
0.866667
0.862500
0.858333
0.866667
0.862500
0.862500
0.870833
0.870833
0.870833
0.875000
0.875000
0.870833
0.875000
0.866667
0.875000
0.870833
0.875000
0.879167
0.875000
0.875000
0.758333
1.004167
0.875000
0.883333
0.883333
0.883333
0.879167
0.870833
0.870833
0.883333
0.875000
0.870833
0.870833
0.625000
1.120833
0.870833
0.870833
0.862500
0.870833
0.875000
0.879167
0.875000
0.875000
0.875000
0.875000
0.870833
0.875000
0.875000
0.875000
0.875000
0.875000
0.866667
0.870833
0.879167
0.866667
0.866667
0.866667
0.866667
0.862500
0.866667
0.866667
0.866667
0.870833
0.866667
0.862500
0.875000
0.866667
0.866667
0.866667
0.870833
0.608333
1.133333
0.862500
0.858333
0.854167
0.858333
0.854167
0.854167
0.850000
0.854167
0.591667
1.129167
0.862500
0.854167
0.854167
0.858333
0.854167
0.854167
0.854167
0.854167
0.850000
0.850000
0.604167
1.112500
0.850000
0.845833
0.850000
0.845833
0.845833
0.854167
0.841667
0.845833
0.595833
1.100000
0.850000
0.850000
0.845833
0.854167
0.850000
0.850000
0.845833
0.841667
0.845833
0.845833
0.845833
0.841667
0.841667
0.841667
0.604167
1.091667
0.850000
0.845833
0.841667
0.845833
0.845833
0.845833
0.854167
0.854167
0.854167
0.854167
0.858333
0.858333
0.854167
0.862500
0.575000
1.145833
0.858333
0.595833
1.129167
0.816667
0.900000
0.854167
0.854167
0.858333
0.858333
0.737500
0.983333
0.854167
0.675000
1.054167
0.858333
0.600000
1.125000
0.854167
0.608333
1.116667
0.850000
0.579167
1.145833
0.850000
0.854167
0.854167
0.554167
1.158333
0.850000
0.841667
0.845833
0.850000
0.845833
0.579167
1.112500
0.845833
0.687500
0.500000
0.541667
0.812500
0.837500
0.641667
1.037500
0.837500
0.633333
1.037500
0.837500
0.637500
1.037500
0.841667
0.666667
1.025000
0.845833
0.633333
1.070833
0.845833
0.850000
0.850000
0.845833
0.850000
0.641667
1.070833
0.695833
0.387500
0.691667
0.783333
0.850000
0.850000
0.741667
0.970833
0.850000
0.850000
0.858333
0.850000
0.854167
0.683333
1.029167
0.850000
0.850000
0.858333
0.850000
0.854167
0.725000
0.987500
0.854167
0.858333
0.850000
0.854167
0.850000
0.854167
0.850000
0.858333
0.850000
0.854167
0.854167
0.854167
0.854167
0.854167
0.850000
0.850000
0.850000
0.845833
0.845833
0.845833
0.837500
0.833333
0.841667
0.841667
0.850000
0.850000
0.845833
0.854167
0.854167
0.858333
0.862500
0.866667
0.862500
0.866667
0.870833
0.875000
0.866667
0.683333
1.058333
0.862500
0.862500
0.858333
0.862500
0.870833
0.862500
0.862500
0.862500
0.666667
1.062500
0.866667
0.858333
0.862500
0.862500
0.858333
0.862500
0.854167
0.862500
0.858333
0.854167
0.858333
0.629167
1.083333
0.850000
0.850000
0.858333
0.854167
0.858333
0.850000
0.862500
0.858333
0.854167
0.858333
0.862500
0.604167
1.108333
0.862500
0.858333
0.858333
0.866667
0.866667
0.862500
0.862500
0.866667
0.866667
0.866667
0.862500
0.866667
0.866667
0.866667
0.862500
0.875000
0.866667
0.870833
0.854167
0.854167
0.604167
1.120833
0.854167
0.858333
0.858333
0.862500
0.854167
0.858333
0.862500
0.862500
0.862500
0.858333
0.620833
1.120833
0.862500
0.866667
0.858333
0.862500
0.858333
0.862500
0.858333
0.854167
0.858333
0.854167
0.862500
0.854167
0.854167
0.858333
0.858333
0.858333
0.858333
0.862500
0.854167
0.854167
0.845833
0.850000
0.591667
1.104167
0.708333
0.370833
0.612500
0.850000
0.845833
0.845833
0.850000
0.854167
0.850000
0.854167
0.858333
0.850000
0.850000
0.850000
0.845833
0.850000
0.845833
0.850000
0.845833
0.850000
0.850000
0.854167
0.850000
0.854167
0.850000
0.845833
0.620833
1.100000
0.854167
0.850000
0.854167
0.850000
0.858333
0.850000
0.858333
0.858333
0.858333
0.862500
0.862500
0.870833
0.862500
0.866667
0.858333
0.862500
0.858333
0.854167
0.862500
0.854167
0.862500
0.862500
0.862500
0.870833
0.866667
0.870833
0.870833
0.862500
0.862500
0.862500
0.862500
0.858333
0.854167
0.854167
0.858333
0.854167
0.854167
0.854167
0.858333
0.854167
0.858333
0.850000
0.862500
0.858333
0.854167
0.850000
0.854167
0.854167
0.854167
0.854167
0.854167
0.858333
0.854167
0.858333
0.862500
0.850000
0.854167
0.845833
0.854167
0.850000
0.854167
0.854167
0.854167
0.854167
0.854167
0.858333
0.858333
0.858333
0.645833
1.091667
0.862500
0.562500
1.187500
0.862500
0.858333
0.858333
0.858333
0.854167
0.858333
0.850000
0.854167
0.854167
0.854167
0.858333
0.854167
0.854167
0.850000
0.858333
0.854167
0.858333
0.850000
0.858333
0.858333
0.858333
0.858333
0.862500
0.866667
0.566667
1.175000
0.866667
0.579167
1.150000
0.866667
0.541667
1.183333
0.854167
0.566667
1.150000
0.858333
0.620833
1.087500
0.850000
0.600000
1.112500
0.858333
0.570833
1.154167
0.858333
0.595833
1.129167
0.858333
