0.741667
0.745833
0.737500
0.745833
0.716667
0.737500
0.758333
0.754167
0.745833
0.741667
0.720833
0.729167
0.758333
0.745833
0.737500
0.720833
0.725000
0.725000
0.758333
0.737500
0.737500
0.720833
0.725000
0.725000
0.754167
0.745833
0.733333
0.729167
0.733333
0.733333
0.762500
0.750000
0.745833
0.720833
0.725000
0.720833
0.733333
0.745833
0.725000
0.708333
0.712500
0.737500
0.729167
0.729167
0.725000
0.708333
0.708333
0.733333
0.725000
0.720833
0.716667
0.695833
0.704167
0.729167
0.720833
0.716667
0.716667
0.712500
0.712500
0.716667
0.725000
0.720833
0.725000
0.712500
0.720833
0.725000
0.737500
0.729167
0.725000
0.729167
0.708333
0.737500
0.787500
0.662500
0.720833
0.720833
0.704167
0.704167
0.720833
0.712500
0.708333
0.675000
0.704167
0.708333
0.695833
0.670833
0.700000
0.695833
0.687500
0.679167
0.679167
0.691667
0.695833
0.679167
0.691667
0.675000
0.687500
0.708333
0.695833
0.687500
0.700000
0.691667
0.720833
0.712500
0.708333
0.695833
0.691667
0.695833
0.708333
0.720833
0.700000
0.691667
0.704167
0.712500
0.716667
0.700000
0.704167
0.700000
0.720833
0.700000
0.683333
0.691667
0.716667
0.712500
0.687500
0.687500
0.716667
0.716667
0.704167
0.704167
0.683333
0.695833
0.716667
0.708333
0.704167
0.687500
0.716667
0.712500
0.700000
0.679167
0.687500
0.712500
0.700000
0.691667
0.687500
0.695833
0.700000
0.691667
0.695833
0.691667
0.708333
0.704167
0.695833
0.695833
0.704167
0.700000
0.687500
0.695833
0.695833
0.691667
0.687500
0.679167
0.691667
0.683333
0.675000
0.687500
0.679167
0.370833
1.070833
0.583333
0.233333
0.450000
0.683333
0.675000
0.675000
0.675000
0.687500
0.675000
0.683333
0.662500
0.675000
0.687500
0.687500
0.687500
0.683333
0.675000
0.691667
0.687500
0.700000
0.687500
0.683333
0.683333
0.704167
0.691667
0.695833
0.687500
0.691667
0.700000
0.704167
0.700000
0.683333
0.704167
0.691667
0.700000
0.691667
0.683333
0.687500
0.700000
0.537500
0.154167
0.687500
0.687500
0.687500
0.704167
0.691667
0.695833
0.691667
0.704167
0.704167
0.704167
0.704167
0.708333
0.700000
0.720833
0.712500
0.712500
0.712500
0.704167
0.716667
0.704167
0.716667
0.708333
0.716667
0.716667
0.704167
0.712500
0.704167
0.708333
1.383333
0.700000
0.704167
0.695833
0.683333
0.687500
1.104167
0.270833
0.700000
0.683333
0.683333
0.687500
0.704167
0.695833
0.683333
0.704167
0.691667
0.700000
0.704167
0.695833
0.700000
0.691667
0.700000
0.691667
0.712500
0.700000
0.704167
0.691667
0.708333
0.708333
0.704167
0.704167
0.704167
0.695833
0.712500
0.708333
0.700000
0.695833
0.704167
0.712500
0.700000
0.700000
0.562500
0.833333
0.700000
0.700000
0.695833
0.691667
0.691667
0.670833
0.691667
0.679167
0.691667
0.683333
0.683333
0.683333
0.687500
0.695833
0.695833
0.691667
0.691667
0.700000
0.700000
0.695833
0.700000
0.691667
0.695833
0.695833
0.691667
0.675000
0.691667
0.704167
0.691667
0.687500
0.695833
0.700000
0.695833
0.695833
0.691667
0.700000
0.708333
0.708333
0.700000
0.704167
0.708333
0.704167
0.700000
0.700000
0.695833
0.708333
0.704167
0.704167
0.704167
0.700000
0.712500
0.708333
0.704167
0.708333
0.695833
0.700000
0.691667
0.700000
0.691667
0.695833
0.695833
0.708333
0.704167
0.704167
0.708333
0.708333
0.712500
0.712500
0.708333
0.712500
0.708333
0.712500
0.708333
0.716667
0.708333
0.708333
0.716667
0.716667
0.712500
0.712500
0.729167
0.716667
0.720833
0.708333
0.716667
0.716667
0.712500
0.704167
0.712500
0.708333
0.708333
0.716667
0.716667
0.708333
0.712500
0.704167
0.716667
0.970833
0.450000
0.712500
0.716667
0.700000
0.691667
0.712500
0.695833
0.683333
0.704167
0.695833
0.683333
0.687500
0.687500
0.687500
0.679167
0.679167
0.679167
0.679167
0.683333
0.675000
0.675000
0.675000
0.683333
0.683333
0.683333
0.679167
0.679167
0.683333
0.675000
0.683333
0.679167
0.679167
0.670833
0.683333
0.683333
0.679167
0.670833
0.683333
0.529167
0.829167
0.675000
0.666667
0.675000
0.675000
0.670833
0.662500
0.675000
0.670833
0.662500
0.666667
0.666667
0.670833
0.666667
0.666667
0.679167
0.670833
0.662500
0.670833
0.225000
0.450000
0.670833
0.675000
0.225000
0.454167
0.458333
0.679167
0.620833
0.262500
0.679167
0.270833
0.408333
0.675000
0.666667
0.670833
0.658333
0.670833
0.666667
0.670833
0.658333
0.666667
0.512500
0.812500
0.666667
0.658333
0.662500
0.666667
0.666667
0.658333
0.662500
0.675000
0.675000
0.670833
0.679167
0.683333
0.691667
0.687500
0.687500
0.687500
0.687500
0.691667
0.687500
0.691667
0.687500
0.691667
0.687500
0.691667
0.691667
0.695833
0.695833
0.700000
0.700000
0.700000
0.700000
0.708333
0.708333
0.704167
0.704167
0.704167
0.700000
0.700000
0.708333
0.708333
0.700000
0.704167
0.704167
0.712500
0.712500
0.708333
0.708333
0.716667
0.712500
0.712500
0.708333
0.716667
0.716667
0.712500
0.712500
0.716667
0.716667
0.712500
0.712500
0.712500
0.716667
0.716667
0.720833
0.716667
0.729167
0.720833
0.716667
0.720833
0.725000
0.716667
0.720833
0.720833
0.720833
0.720833
0.720833
0.720833
0.720833
0.716667
0.720833
0.712500
0.712500
0.716667
0.712500
0.720833
0.716667
0.712500
0.716667
0.720833
0.716667
0.712500
0.708333
0.720833
0.712500
0.712500
0.712500
0.716667
0.716667
0.716667
0.712500
0.716667
0.712500
0.720833
0.716667
0.712500
0.716667
0.708333
0.720833
0.716667
0.716667
0.712500
0.712500
0.720833
0.716667
0.716667
0.712500
0.700000
0.716667
0.712500
0.695833
0.675000
0.679167
0.700000
0.687500
0.675000
0.675000
0.691667
0.670833
0.679167
0.662500
0.666667
0.679167
0.679167
0.670833
0.662500
0.645833
0.483333
0.858333
0.662500
0.675000
0.654167
0.812500
0.491667
0.354167
0.783333
0.212500
0.658333
0.637500
0.670833
0.666667
0.645833
0.670833
0.675000
0.670833
0.675000
0.670833
0.679167
0.687500
0.691667
0.691667
0.691667
0.687500
0.695833
0.704167
0.700000
0.695833
0.695833
0.695833
0.704167
0.700000
0.708333
0.700000
0.704167
0.708333
0.704167
0.704167
0.700000
0.708333
0.712500
0.708333
0.708333
0.708333
0.704167
0.712500
0.716667
0.712500
0.708333
0.720833
0.720833
0.704167
0.712500
0.708333
0.720833
0.704167
0.716667
0.704167
0.716667
0.704167
0.716667
0.700000
0.716667
0.716667
0.720833
0.716667
0.716667
0.700000
0.725000
0.704167
0.733333
0.720833
0.725000
0.725000
0.725000
0.720833
0.733333
0.729167
0.729167
0.729167
0.725000
0.737500
0.733333
0.733333
0.729167
0.729167
0.720833
0.741667
0.733333
0.729167
0.729167
0.712500
0.741667
0.733333
0.733333
0.720833
0.712500
0.720833
0.745833
0.725000
0.733333
0.708333
0.716667
0.745833
0.733333
0.716667
0.733333
0.720833
0.729167
0.720833
0.737500
0.733333
0.729167
0.708333
0.712500
0.741667
0.720833
0.737500
0.720833
0.729167
0.708333
0.733333
0.733333
0.716667
0.725000
0.716667
0.716667
0.733333
0.720833
0.733333
0.716667
0.729167
0.704167
0.720833
0.750000
0.733333
0.737500
0.729167
0.712500
0.720833
0.750000
0.720833
0.733333
0.708333
0.720833
0.720833
0.745833
0.720833
0.737500
0.708333
0.716667
0.745833
0.725000
0.733333
0.720833
0.716667
0.741667
0.725000
0.733333
0.733333
0.708333
0.720833
0.729167
0.745833
0.725000
0.716667
0.720833
0.725000
0.733333
0.733333
0.725000
0.737500
0.712500
0.720833
0.750000
0.725000
0.737500
0.708333
0.716667
0.716667
0.741667
0.729167
0.725000
0.725000
0.712500
0.720833
0.725000
0.733333
0.729167
0.729167
0.708333
0.720833
0.729167
0.737500
0.725000
0.704167
0.708333
0.720833
0.737500
0.716667
0.708333
0.708333
0.712500
0.737500
0.720833
0.720833
0.704167
0.712500
0.737500
0.733333
0.725000
0.733333
0.708333
0.720833
0.741667
0.725000
0.725000
0.720833
0.712500
0.716667
0.741667
0.729167
0.720833
0.712500
0.712500
0.733333
0.729167
0.733333
0.733333
0.704167
0.720833
0.737500
0.737500
0.725000
0.729167
0.700000
0.733333
0.733333
0.729167
0.733333
0.720833
0.712500
0.720833
0.741667
0.720833
0.725000
0.708333
0.712500
0.716667
0.741667
0.725000
0.725000
0.725000
0.704167
0.720833
0.741667
0.733333
0.725000
0.729167
0.729167
0.716667
0.725000
0.729167
0.745833
0.729167
0.716667
0.716667
0.716667
0.725000
0.733333
0.720833
0.704167
0.704167
0.712500
0.741667
0.720833
0.716667
0.704167
0.708333
0.733333
0.725000
0.729167
0.712500
0.708333
0.708333
0.733333
0.733333
0.716667
0.720833
0.704167
