1.408333
1.400000
1.450000
1.437500
1.416667
1.420833
1.429167
0.404167
2.554167
2.216667
2.291667
2.162500
2.750000
1.441667
0.725000
0.850000
0.591667
0.850000
0.550000
0.891667
0.720833
0.725000
0.716667
0.591667
0.716667
0.729167
0.850000
0.720833
0.720833
0.533333
0.891667
0.725000
0.716667
0.704167
0.725000
0.716667
0.712500
0.729167
0.716667
0.533333
0.891667
0.716667
0.654167
0.733333
0.595833
0.854167
0.712500
0.691667
0.729167
0.558333
0.850000
1.295833
0.700000
1.425000
0.858333
0.525000
0.879167
0.716667
0.712500
0.704167
0.729167
0.570833
0.808333
0.758333
0.558333
0.720833
0.695833
0.687500
0.695833
0.904167
0.708333
0.662500
0.758333
0.575000
0.845833
0.570833
0.725000
0.708333
0.687500
0.866667
0.725000
0.570833
0.850000
0.575000
0.866667
0.579167
0.866667
0.487500
0.912500
0.583333
0.862500
0.575000
0.712500
0.854167
0.541667
0.862500
0.545833
0.883333
0.716667
0.720833
0.687500
0.737500
0.566667
0.862500
0.575000
0.862500
0.591667
0.725000
0.716667
0.725000
0.683333
0.895833
0.720833
0.720833
0.708333
0.591667
0.854167
0.712500
0.587500
0.683333
0.879167
0.729167
0.712500
0.712500
0.716667
0.716667
0.704167
0.720833
0.545833
0.883333
0.695833
0.695833
0.725000
0.712500
0.691667
0.708333
0.691667
0.725000
0.520833
0.891667
0.691667
0.720833
0.691667
0.733333
0.550000
0.875000
0.550000
1.433333
0.845833
0.691667
0.595833
0.700000
0.725000
0.712500
0.679167
0.870833
0.570833
0.687500
0.866667
0.725000
0.712500
0.658333
0.750000
0.570833
0.712500
0.858333
0.537500
0.862500
0.537500
0.716667
0.625000
0.958333
1.258333
1.445833
1.408333
1.412500
1.404167
1.420833
1.412500
1.387500
1.450000
1.412500
1.570833
1.262500
1.112500
1.687500
0.766667
0.683333
0.854167
0.258333
0.991667
0.675000
0.770833
0.858333
0.729167
0.587500
0.800000
0.758333
0.583333
0.862500
0.570833
0.875000
0.708333
0.737500
0.712500
0.733333
0.566667
0.870833
0.570833
0.695833
0.620833
0.979167
0.575000
0.866667
0.575000
0.862500
0.575000
0.695833
0.875000
0.729167
0.583333
0.858333
0.600000
0.662500
0.883333
0.591667
0.866667
0.575000
1.429167
0.841667
0.712500
0.737500
0.566667
0.858333
0.579167
0.854167
0.591667
0.729167
0.716667
0.720833
0.691667
0.883333
0.716667
0.729167
0.708333
0.729167
0.729167
0.704167
0.591667
0.725000
0.716667
0.720833
0.712500
0.683333
0.716667
0.895833
0.725000
0.583333
0.858333
0.725000
0.716667
0.716667
0.591667
0.841667
0.558333
0.883333
0.712500
0.720833
0.720833
0.704167
0.725000
0.712500
0.720833
0.679167
0.591667
0.854167
0.525000
0.608333
0.804167
0.900000
0.704167
0.729167
0.570833
0.733333
1.441667
0.716667
0.725000
0.712500
0.733333
0.708333
0.875000
0.566667
0.733333
0.720833
0.637500
0.645833
0.991667
0.720833
0.591667
0.795833
0.754167
0.587500
0.858333
0.562500
0.691667
0.870833
0.712500
0.583333
0.858333
0.595833
0.675000
0.741667
0.670833
0.900000
0.704167
0.716667
0.695833
0.733333
0.562500
1.420833
0.716667
0.675000
0.900000
0.708333
0.679167
0.741667
0.570833
0.850000
0.570833
0.875000
0.566667
0.725000
0.708333
1.441667
0.695833
0.866667
0.737500
0.708333
0.725000
0.566667
0.875000
0.566667
0.729167
0.716667
0.720833
0.666667
0.887500
0.708333
0.725000
0.725000
0.716667
0.595833
0.666667
0.875000
0.579167
0.691667
0.866667
0.729167
0.483333
0.808333
0.733333
0.679167
0.745833
0.708333
1.441667
0.866667
0.566667
0.866667
0.570833
1.395833
0.895833
0.708333
0.716667
0.583333
0.858333
0.720833
0.720833
0.579167
0.725000
1.437500
1.429167
1.437500
1.425000
0.729167
0.691667
1.579167
1.300000
1.579167
0.633333
0.762500
1.254167
1.595833
1.266667
1.425000
1.437500
1.445833
1.583333
1.291667
1.441667
1.429167
1.412500
1.466667
1.441667
1.441667
1.437500
1.583333
1.291667
1.441667
1.445833
0.716667
0.733333
0.716667
0.875000
0.579167
0.870833
0.575000
0.866667
0.591667
0.733333
0.716667
0.870833
0.712500
0.741667
0.583333
0.879167
0.570833
0.875000
0.575000
0.729167
0.712500
0.695833
1.475000
0.720833
0.825000
0.616667
0.725000
0.866667
0.566667
0.870833
0.537500
0.908333
0.725000
0.729167
0.566667
0.862500
0.579167
0.862500
0.570833
0.691667
0.712500
0.912500
0.716667
0.725000
0.604167
0.658333
0.895833
0.587500
0.691667
0.879167
0.737500
0.720833
0.683333
0.758333
0.575000
0.866667
0.575000
0.875000
0.566667
0.870833
0.579167
0.862500
0.579167
0.733333
0.720833
0.691667
0.704167
0.912500
0.720833
0.733333
0.712500
0.741667
0.579167
0.725000
0.716667
0.733333
0.712500
0.695833
0.666667
0.937500
0.591667
0.866667
0.712500
0.733333
0.570833
0.862500
0.554167
0.895833
0.720833
0.725000
0.591667
0.854167
0.558333
0.883333
0.591667
0.858333
0.550000
0.908333
0.720833
0.720833
0.712500
0.720833
0.587500
0.875000
0.566667
1.583333
0.720833
0.725000
0.712500
0.612500
0.670833
0.875000
0.583333
0.858333
0.587500
0.862500
0.608333
0.733333
0.729167
0.704167
0.891667
0.587500
0.729167
0.637500
0.812500
0.854167
0.600000
0.725000
0.720833
0.729167
0.720833
0.729167
0.850000
0.600000
0.858333
0.733333
0.554167
0.895833
0.729167
0.583333
0.725000
0.854167
0.595833
0.716667
0.729167
0.716667
0.862500
0.550000
0.883333
0.729167
0.716667
0.579167
0.858333
0.591667
0.854167
0.720833
0.725000
0.587500
0.854167
0.662500
0.754167
0.562500
0.725000
0.670833
0.720833
0.875000
0.729167
0.566667
0.862500
0.570833
0.862500
0.541667
0.891667
0.725000
0.725000
0.579167
0.804167
0.741667
0.583333
0.862500
0.550000
0.895833
0.704167
0.733333
0.562500
0.875000
0.575000
0.600000
0.958333
0.533333
0.904167
0.725000
0.683333
0.733333
0.583333
0.854167
0.600000
0.658333
0.612500
0.816667
0.895833
0.579167
0.862500
0.729167
0.687500
0.741667
0.570833
0.729167
0.712500
0.733333
0.708333
0.641667
0.812500
1.445833
1.441667
1.429167
0.745833
0.666667
1.495833
1.437500
1.437500
1.433333
1.375000
0.833333
0.700000
1.458333
1.441667
1.445833
1.450000
1.445833
1.450000
1.458333
1.450000
1.425000
1.462500
1.416667
1.466667
2.004167
1.008333
0.529167
0.754167
0.904167
0.587500
0.658333
0.783333
0.866667
0.729167
0.733333
0.587500
0.737500
0.720833
0.887500
0.579167
0.870833
0.720833
0.733333
0.591667
0.866667
0.591667
0.875000
0.591667
0.741667
0.725000
0.883333
0.579167
0.745833
0.720833
0.862500
0.558333
0.908333
0.725000
0.729167
0.587500
0.870833
0.587500
0.866667
0.583333
0.733333
0.679167
0.908333
0.725000
0.591667
1.450000
0.708333
1.450000
0.733333
1.583333
0.687500
0.733333
0.725000
0.725000
0.587500
0.729167
0.729167
0.729167
0.725000
0.725000
0.716667
0.729167
0.691667
1.495833
0.858333
0.720833
0.600000
0.729167
0.729167
0.695833
0.900000
0.729167
0.587500
0.725000
0.729167
0.725000
0.725000
0.729167
0.858333
0.587500
0.683333
0.891667
0.720833
0.712500
0.716667
0.600000
1.437500
0.854167
0.587500
0.716667
0.845833
0.570833
0.725000
0.666667
0.883333
0.695833
0.725000
0.695833
0.591667
0.700000
0.720833
0.704167
0.691667
0.700000
0.895833
0.712500
0.687500
0.725000
0.566667
0.866667
0.529167
0.904167
0.562500
0.858333
0.579167
0.845833
0.579167
0.870833
0.566667
0.691667
0.875000
0.720833
0.729167
0.683333
0.733333
