0.683333
0.683333
0.679167
0.687500
0.683333
0.679167
0.679167
0.687500
0.679167
0.683333
0.683333
0.683333
0.679167
0.679167
0.687500
0.679167
0.683333
0.683333
0.683333
0.679167
0.675000
0.687500
0.683333
0.683333
0.258333
0.308333
0.554167
0.241667
0.412500
0.266667
0.258333
0.520833
0.575000
0.804167
0.554167
0.679167
0.679167
0.679167
0.670833
0.687500
0.683333
0.675000
0.683333
0.554167
0.129167
0.208333
0.470833
0.679167
0.687500
0.687500
0.679167
0.679167
0.687500
0.683333
0.683333
0.687500
0.679167
0.683333
0.687500
0.679167
0.683333
0.679167
0.683333
0.679167
0.683333
0.679167
0.679167
0.683333
0.683333
0.675000
0.683333
0.679167
0.679167
0.683333
0.679167
0.679167
0.683333
0.683333
0.679167
0.683333
0.683333
0.679167
0.683333
0.683333
0.675000
0.683333
0.683333
0.683333
0.679167
0.683333
0.683333
0.679167
0.687500
0.683333
0.679167
0.675000
0.691667
0.687500
0.683333
0.687500
0.683333
0.683333
0.683333
0.687500
0.687500
0.683333
0.691667
0.683333
0.683333
0.679167
0.695833
0.687500
0.683333
0.691667
0.687500
0.687500
0.679167
0.691667
0.687500
0.683333
0.691667
0.687500
0.687500
0.679167
0.691667
0.687500
0.683333
0.691667
0.687500
0.687500
0.679167
0.691667
0.687500
0.679167
0.687500
0.687500
0.683333
0.687500
0.683333
0.683333
0.687500
0.683333
0.687500
0.675000
0.691667
0.683333
0.683333
0.691667
0.687500
0.679167
0.679167
0.691667
0.683333
0.683333
0.683333
0.687500
0.683333
0.670833
0.691667
0.687500
0.679167
0.687500
0.683333
0.683333
0.683333
0.683333
0.683333
0.683333
0.683333
0.683333
0.683333
0.679167
0.683333
0.679167
0.683333
0.679167
0.679167
0.683333
0.683333
0.679167
0.675000
0.687500
0.683333
0.679167
0.683333
0.683333
0.679167
0.679167
0.687500
0.683333
0.679167
0.687500
0.679167
0.683333
0.675000
0.691667
0.683333
0.679167
0.687500
0.687500
0.683333
0.670833
0.695833
0.683333
0.683333
0.687500
0.687500
0.683333
0.683333
0.687500
0.683333
0.683333
0.687500
0.683333
0.683333
0.679167
0.691667
0.687500
0.683333
0.687500
0.687500
0.687500
0.679167
0.691667
0.687500
0.683333
0.687500
0.687500
0.683333
0.679167
0.695833
0.687500
0.679167
0.695833
0.687500
0.683333
0.683333
0.691667
0.683333
0.683333
0.691667
0.683333
0.683333
0.683333
0.687500
0.683333
0.675000
0.691667
0.683333
0.683333
0.683333
0.687500
0.683333
0.679167
0.683333
0.683333
0.679167
0.679167
0.683333
0.679167
0.679167
0.683333
0.679167
0.679167
0.675000
0.683333
0.679167
0.679167
0.683333
0.683333
0.679167
0.675000
0.687500
0.679167
0.679167
0.683333
0.687500
0.679167
0.670833
0.687500
0.687500
0.679167
0.687500
0.683333
0.679167
0.683333
0.683333
0.679167
0.675000
0.687500
0.683333
0.675000
0.683333
0.679167
0.679167
0.670833
0.687500
0.679167
0.679167
0.683333
0.679167
0.679167
0.683333
0.679167
0.679167
0.683333
0.679167
0.679167
0.679167
0.683333
0.679167
0.670833
0.687500
0.683333
0.679167
0.683333
0.683333
0.679167
0.679167
0.679167
0.679167
0.683333
0.679167
0.679167
0.679167
0.679167
0.683333
0.683333
0.679167
0.683333
0.683333
0.679167
0.675000
0.687500
0.683333
0.679167
0.687500
0.687500
0.683333
0.679167
0.683333
0.683333
0.679167
0.683333
0.687500
0.679167
0.683333
0.254167
0.425000
0.683333
0.270833
0.416667
0.679167
0.679167
0.679167
0.675000
0.687500
0.679167
0.675000
0.691667
0.683333
0.683333
0.679167
0.687500
0.679167
0.679167
1.366667
0.675000
1.366667
0.679167
0.670833
0.687500
0.683333
0.679167
0.687500
0.675000
1.358333
0.679167
0.395833
0.283333
0.675000
0.679167
0.675000
1.345833
0.675000
1.112500
0.904167
0.670833
0.670833
0.675000
0.670833
0.670833
0.670833
1.341667
0.670833
0.675000
1.333333
0.320833
0.350000
0.675000
0.666667
0.425000
0.245833
0.670833
0.666667
0.670833
0.666667
0.400000
0.275000
0.666667
0.662500
0.670833
0.666667
0.670833
0.666667
0.675000
1.337500
0.670833
0.666667
0.662500
0.666667
0.670833
0.662500
0.662500
1.329167
0.666667
0.662500
0.662500
0.658333
0.666667
0.658333
0.662500
0.662500
0.662500
0.658333
0.662500
0.658333
0.658333
0.658333
0.658333
0.654167
0.658333
0.658333
0.654167
0.662500
0.658333
0.658333
0.654167
0.658333
0.654167
0.654167
0.658333
0.654167
0.654167
0.654167
0.654167
0.654167
0.658333
0.654167
0.654167
0.658333
0.654167
0.654167
0.658333
0.662500
0.658333
0.658333
0.658333
0.658333
0.662500
0.658333
0.662500
0.658333
0.216667
0.441667
0.458333
0.208333
0.658333
0.662500
0.658333
0.662500
0.662500
0.750000
0.575000
0.662500
0.662500
0.662500
0.658333
0.545833
0.787500
0.662500
0.662500
1.337500
0.662500
0.662500
0.670833
0.662500
0.779167
0.550000
0.670833
0.670833
0.658333
0.670833
0.662500
0.666667
0.662500
0.662500
0.662500
1.329167
0.779167
0.550000
0.654167
0.662500
0.662500
1.325000
0.658333
1.325000
0.658333
0.662500
0.658333
0.662500
0.658333
0.658333
0.662500
0.662500
0.658333
0.662500
0.658333
0.662500
0.662500
0.662500
0.662500
0.658333
0.662500
0.662500
0.662500
0.662500
0.662500
0.662500
0.666667
0.666667
0.662500
0.662500
0.662500
0.666667
0.662500
0.666667
0.662500
0.662500
0.666667
0.666667
0.662500
0.666667
0.662500
0.666667
0.666667
0.666667
0.662500
0.666667
0.666667
0.666667
0.662500
0.666667
0.666667
0.666667
0.662500
0.666667
0.666667
0.670833
0.662500
0.666667
0.666667
0.666667
0.666667
0.662500
0.666667
0.666667
0.666667
0.666667
0.662500
0.670833
0.666667
0.525000
0.808333
0.666667
0.670833
0.666667
0.670833
0.666667
0.670833
0.670833
0.666667
0.291667
0.379167
0.354167
0.312500
0.675000
0.670833
0.666667
0.666667
0.270833
0.520833
0.550000
0.662500
0.533333
0.141667
0.445833
0.883333
0.658333
0.679167
0.666667
0.666667
0.666667
0.662500
0.666667
0.662500
0.666667
0.662500
0.666667
0.662500
0.662500
0.662500
0.662500
0.662500
0.662500
0.666667
0.662500
0.662500
0.658333
0.662500
0.658333
0.666667
0.662500
0.658333
0.608333
0.716667
0.662500
0.654167
0.670833
0.658333
0.658333
0.658333
0.666667
0.658333
0.662500
0.658333
0.662500
0.658333
0.658333
0.666667
0.654167
0.658333
0.666667
0.654167
0.662500
0.658333
0.658333
0.662500
0.658333
0.658333
0.654167
0.662500
0.654167
0.658333
0.658333
0.658333
0.654167
0.654167
0.654167
0.654167
0.650000
0.654167
0.650000
0.650000
0.654167
0.654167
0.650000
0.654167
0.650000
0.654167
0.654167
0.654167
0.654167
0.654167
0.658333
0.654167
0.654167
0.654167
0.654167
0.654167
0.654167
0.658333
0.654167
0.654167
0.654167
0.654167
0.654167
0.654167
0.654167
0.650000
0.658333
0.650000
0.658333
0.654167
0.654167
0.658333
0.654167
0.650000
0.654167
0.658333
0.658333
0.654167
0.650000
0.662500
0.658333
0.654167
0.654167
0.658333
0.654167
0.658333
0.654167
0.654167
0.654167
0.262500
0.391667
0.654167
0.650000
0.654167
0.650000
0.654167
0.650000
0.650000
0.650000
0.650000
0.650000
0.645833
0.641667
0.645833
0.645833
0.645833
0.645833
0.641667
0.650000
0.645833
0.645833
0.645833
0.645833
0.645833
0.645833
0.645833
0.650000
0.645833
0.650000
0.645833
0.650000
0.650000
0.645833
0.650000
0.650000
0.650000
0.650000
0.650000
0.650000
0.654167
0.650000
0.654167
0.654167
0.654167
0.658333
0.654167
0.654167
0.654167
0.658333
0.654167
0.658333
0.654167
0.525000
0.787500
0.445833
0.208333
0.658333
0.658333
0.658333
1.312500
0.654167
0.658333
0.658333
0.658333
0.650000
0.658333
0.654167
0.658333
0.662500
0.650000
0.658333
0.658333
0.650000
0.658333
0.654167
0.654167
0.658333
0.658333
0.654167
0.654167
0.654167
0.654167
0.658333
0.654167
0.654167
0.654167
0.654167
0.654167
0.654167
0.650000
0.654167
0.658333
0.650000
0.654167
0.654167
0.650000
0.654167
0.654167
0.654167
0.645833
0.654167
0.650000
0.650000
0.654167
0.650000
0.650000
0.654167
0.650000
0.650000
0.654167
0.654167
0.650000
0.650000
0.650000
0.650000
0.650000
0.645833
0.654167
0.645833
0.650000
0.650000
0.650000
0.650000
0.645833
0.650000
0.645833
0.654167
0.650000
0.645833
0.650000
0.650000
0.645833
0.654167
0.645833
0.654167
0.645833
0.654167
0.650000
0.650000
0.645833
0.650000
0.650000
0.645833
0.650000
0.650000
0.650000
0.645833
0.654167
0.645833
0.650000
0.650000
0.650000
0.650000
0.650000
0.654167
0.645833
0.650000
0.654167
0.654167
0.645833
0.662500
0.654167
0.654167
0.658333
0.654167
0.654167
0.654167
0.650000
0.654167
0.658333
0.654167
0.654167
0.654167
0.658333
0.654167
0.654167
0.654167
0.658333
0.658333
0.658333
0.654167
0.658333
0.654167
0.662500
0.658333
0.654167
0.658333
0.537500
0.120833
0.200000
0.458333
0.658333
0.662500
0.658333
0.383333
0.275000
0.662500
0.658333
0.658333
0.429167
0.233333
1.316667
0.658333
0.658333
1.320833
1.316667
0.658333
0.662500
0.654167
0.654167
0.658333
0.658333
0.654167
0.654167
0.570833
0.733333
0.658333
