0.620833
0.629167
0.625000
0.620833
0.616667
0.625000
0.625000
0.620833
0.625000
0.620833
0.620833
0.620833
0.625000
0.625000
0.620833
0.616667
0.629167
0.633333
0.620833
0.620833
0.629167
0.637500
0.625000
0.625000
0.629167
0.637500
0.629167
0.625000
0.629167
0.633333
0.629167
0.625000
0.629167
0.629167
0.625000
0.625000
0.629167
0.629167
0.629167
0.629167
0.641667
0.637500
0.633333
0.641667
0.637500
0.637500
0.475000
0.808333
0.645833
0.641667
0.650000
0.641667
0.641667
0.645833
0.645833
0.641667
0.633333
0.654167
0.645833
0.637500
0.650000
0.641667
0.645833
0.645833
0.645833
0.641667
0.654167
0.641667
0.641667
0.645833
0.637500
0.637500
0.641667
0.641667
0.633333
0.637500
0.641667
0.633333
0.629167
0.633333
0.629167
0.629167
0.625000
0.633333
0.625000
0.625000
0.625000
0.625000
0.629167
0.620833
0.620833
0.629167
0.620833
0.612500
0.620833
0.620833
0.616667
0.616667
0.620833
0.620833
0.620833
0.616667
0.616667
0.625000
0.620833
0.616667
0.620833
0.616667
0.625000
0.620833
0.616667
0.616667
0.620833
0.620833
0.625000
0.620833
0.616667
0.620833
0.625000
0.620833
0.620833
0.620833
0.620833
0.633333
0.625000
0.620833
0.620833
0.633333
0.625000
0.629167
0.620833
0.633333
0.625000
0.625000
0.620833
0.633333
0.625000
0.620833
0.620833
0.629167
0.620833
0.620833
0.616667
0.225000
0.400000
0.625000
0.620833
0.620833
0.616667
0.620833
0.629167
0.620833
0.620833
0.616667
0.625000
0.625000
0.620833
0.625000
0.625000
0.629167
0.633333
0.629167
0.625000
0.633333
0.629167
0.625000
0.633333
0.633333
0.625000
0.633333
0.629167
0.625000
0.625000
0.633333
0.625000
0.625000
0.629167
0.629167
0.633333
0.629167
0.625000
0.629167
0.633333
0.629167
0.620833
0.629167
0.633333
0.629167
0.625000
0.633333
0.637500
0.629167
0.629167
0.641667
0.629167
0.633333
0.633333
0.641667
0.633333
0.633333
0.641667
0.637500
0.633333
0.637500
0.641667
0.633333
0.629167
0.637500
0.633333
0.633333
0.633333
0.637500
0.641667
0.637500
0.637500
0.633333
0.637500
0.641667
0.637500
0.637500
0.633333
0.645833
0.633333
0.633333
0.629167
0.645833
0.633333
0.629167
0.629167
0.641667
0.633333
0.637500
0.633333
0.641667
0.633333
0.633333
0.637500
0.637500
0.633333
0.629167
0.637500
0.633333
0.625000
0.633333
0.633333
0.625000
0.625000
0.629167
0.633333
0.625000
0.629167
0.633333
0.629167
0.625000
0.625000
0.633333
0.625000
0.620833
0.629167
0.629167
0.625000
0.625000
0.625000
0.629167
0.625000
0.620833
0.620833
0.625000
0.629167
0.620833
0.616667
0.616667
0.625000
0.620833
0.612500
0.616667
0.625000
0.625000
0.616667
0.620833
0.616667
0.629167
0.616667
0.620833
0.616667
0.620833
0.620833
0.620833
0.616667
0.616667
0.620833
0.620833
0.616667
0.620833
0.620833
0.620833
0.629167
0.620833
0.616667
0.620833
0.620833
0.625000
0.616667
0.616667
0.616667
0.625000
0.616667
0.616667
0.620833
0.616667
0.625000
0.616667
0.620833
0.612500
0.625000
0.629167
0.620833
0.616667
0.629167
0.629167
0.629167
0.625000
0.625000
0.629167
0.633333
0.629167
0.625000
0.625000
0.633333
0.629167
0.629167
0.633333
0.620833
0.629167
0.625000
0.620833
0.633333
0.633333
0.625000
0.620833
0.625000
0.625000
0.625000
0.620833
0.620833
0.616667
0.629167
0.616667
0.620833
0.620833
0.616667
0.620833
0.616667
0.612500
0.616667
0.616667
0.620833
0.620833
0.616667
0.612500
0.620833
0.620833
0.620833
0.616667
0.620833
0.629167
0.616667
0.620833
0.620833
0.616667
0.625000
0.620833
0.620833
0.620833
0.620833
0.625000
0.620833
0.616667
0.625000
0.620833
0.620833
0.629167
0.620833
0.620833
0.616667
0.625000
0.620833
0.616667
0.620833
0.366667
0.879167
0.362500
0.254167
0.620833
0.620833
0.383333
0.241667
0.620833
0.620833
0.625000
0.616667
0.625000
0.625000
0.620833
0.616667
0.629167
0.620833
0.620833
0.620833
0.620833
0.629167
0.625000
0.625000
0.620833
0.629167
0.625000
0.625000
0.616667
0.625000
0.287500
0.341667
0.712500
0.304167
0.229167
0.616667
0.629167
0.616667
0.620833
0.383333
0.866667
0.629167
0.625000
0.625000
0.620833
0.625000
0.629167
0.616667
0.625000
0.620833
0.620833
0.625000
0.620833
0.616667
0.620833
0.620833
0.625000
0.504167
0.737500
0.620833
0.625000
0.629167
0.625000
0.625000
0.620833
0.625000
0.629167
0.620833
0.620833
0.620833
0.620833
0.625000
0.620833
0.620833
0.620833
0.783333
0.466667
0.620833
0.625000
0.625000
0.625000
0.629167
0.629167
0.629167
0.620833
0.620833
0.620833
0.625000
0.625000
0.629167
0.625000
0.625000
0.616667
0.629167
0.620833
0.625000
0.620833
0.620833
0.629167
0.620833
0.625000
0.616667
0.620833
0.625000
0.616667
0.620833
0.612500
0.616667
0.620833
0.612500
0.612500
0.616667
0.620833
0.616667
0.612500
0.620833
0.620833
0.620833
0.620833
0.616667
0.616667
0.625000
0.620833
0.620833
0.616667
0.625000
0.620833
0.620833
0.616667
0.620833
0.620833
0.625000
0.616667
0.620833
0.620833
0.620833
0.512500
0.729167
0.316667
0.308333
0.620833
0.625000
0.620833
0.620833
0.616667
0.625000
0.620833
0.616667
0.620833
0.620833
0.625000
0.216667
0.404167
0.625000
0.620833
0.629167
0.629167
0.625000
0.620833
0.625000
0.633333
0.625000
0.629167
0.620833
0.629167
0.633333
0.625000
0.625000
0.625000
0.629167
0.625000
0.625000
0.625000
0.620833
0.629167
0.620833
0.620833
0.625000
0.625000
0.625000
0.620833
0.620833
0.629167
0.629167
0.625000
0.625000
0.625000
0.629167
0.625000
0.625000
0.625000
0.629167
0.620833
0.625000
0.625000
0.625000
0.629167
0.766667
0.483333
0.625000
0.629167
0.625000
0.620833
0.633333
0.625000
0.641667
0.620833
0.625000
0.629167
0.633333
0.629167
0.629167
0.625000
0.633333
0.629167
0.625000
0.629167
0.625000
0.629167
0.629167
0.629167
0.625000
0.620833
0.629167
0.625000
0.620833
0.620833
0.616667
0.629167
0.620833
0.616667
0.620833
0.620833
0.616667
0.620833
0.620833
0.625000
0.629167
0.620833
0.620833
0.625000
0.625000
0.625000
0.625000
0.620833
0.225000
0.400000
0.629167
0.620833
0.408333
0.216667
0.620833
0.620833
0.629167
0.620833
0.620833
0.616667
0.625000
0.625000
0.620833
0.620833
0.620833
0.625000
0.620833
0.616667
0.620833
0.616667
0.625000
0.616667
0.616667
0.616667
0.616667
0.620833
0.620833
0.212500
0.404167
0.620833
0.616667
0.620833
0.625000
0.616667
0.620833
0.616667
0.629167
0.616667
0.620833
0.620833
0.616667
0.629167
0.616667
0.620833
0.616667
0.616667
0.625000
0.620833
0.616667
0.616667
0.620833
0.625000
0.625000
0.620833
0.620833
0.625000
0.629167
0.620833
0.620833
0.625000
0.625000
0.625000
0.620833
0.620833
0.625000
0.629167
0.620833
0.625000
0.616667
0.625000
0.625000
0.620833
0.616667
0.616667
0.620833
0.629167
0.620833
0.620833
0.616667
0.629167
0.620833
0.616667
0.237500
0.383333
0.295833
0.325000
0.629167
0.620833
0.420833
0.200000
0.612500
0.625000
0.616667
0.612500
0.612500
0.625000
0.616667
0.612500
0.616667
0.612500
0.620833
0.616667
0.620833
0.616667
0.620833
0.625000
0.616667
0.620833
0.620833
0.616667
0.629167
0.616667
0.620833
0.616667
0.625000
0.625000
0.620833
0.620833
0.620833
0.625000
0.620833
0.620833
0.620833
0.620833
0.625000
0.620833
0.620833
0.620833
0.616667
0.625000
0.620833
0.616667
0.616667
0.616667
0.625000
0.616667
0.616667
0.616667
0.620833
0.620833
0.616667
0.616667
0.616667
0.616667
0.625000
0.616667
0.625000
0.620833
0.625000
0.629167
0.625000
0.625000
0.404167
0.220833
0.587500
0.662500
0.629167
0.625000
0.620833
0.625000
0.620833
0.633333
0.620833
0.625000
0.620833
0.625000
0.625000
0.625000
0.620833
0.625000
0.629167
0.620833
0.625000
0.620833
0.629167
0.625000
0.625000
0.629167
0.625000
0.633333
0.629167
0.625000
0.620833
0.629167
0.625000
0.620833
0.620833
0.625000
0.625000
0.620833
0.616667
0.625000
0.620833
0.620833
0.537500
0.708333
0.625000
0.620833
0.620833
0.620833
0.620833
0.620833
0.620833
0.620833
0.620833
0.629167
0.620833
0.620833
0.620833
0.625000
0.400000
0.225000
0.616667
0.662500
0.325000
0.254167
0.370833
0.616667
0.254167
0.616667
0.800000
0.287500
0.779167
0.616667
0.620833
0.625000
0.616667
0.616667
0.620833
0.616667
0.616667
0.608333
0.620833
0.612500
0.612500
0.608333
0.616667
0.612500
0.608333
0.612500
0.608333
0.612500
0.612500
0.608333
0.608333
0.604167
0.616667
0.612500
0.608333
0.608333
0.608333
0.616667
0.608333
0.608333
0.612500
0.608333
0.616667
0.612500
0.612500
0.620833
0.616667
0.612500
0.620833
0.616667
0.225000
0.387500
0.620833
0.612500
0.616667
0.620833
0.620833
0.270833
0.337500
0.620833
0.212500
0.404167
0.612500
0.620833
0.620833
0.612500
0.620833
0.625000
0.620833
0.612500
0.625000
0.616667
0.616667
0.612500
0.620833
0.616667
0.612500
0.612500
0.620833
0.595833
0.633333
0.608333
0.616667
0.612500
0.616667
0.604167
0.620833
0.612500
0.612500
0.612500
0.604167
0.620833
0.612500
0.612500
0.608333
0.612500
0.616667
0.612500
0.608333
0.608333
0.616667
0.612500
0.616667
0.612500
0.366667
0.245833
0.608333
0.616667
0.620833
0.612500
0.616667
0.612500
0.612500
0.612500
0.625000
0.612500
0.395833
0.208333
0.620833
0.616667
0.612500
0.616667
0.616667
0.612500
0.625000
0.612500
0.616667
0.283333
0.329167
0.612500
0.616667
0.620833
0.608333
0.608333
0.612500
0.620833
0.612500
0.612500
0.425000
0.804167
0.620833
0.612500
0.620833
0.612500
0.616667
0.616667
0.620833
0.620833
0.616667
0.625000
0.616667
0.633333
0.625000
0.620833
0.625000
0.625000
0.633333
0.616667
0.625000
0.625000
0.629167
0.629167
0.625000
0.625000
0.625000
0.633333
0.629167
0.625000
0.625000
0.625000
0.625000
0.629167
0.345833
0.283333
0.625000
