2.066667
1.404167
3.108333
2.037500
1.520833
1.541667
2.375000
0.304167
2.154167
1.920833
1.512500
1.983333
0.325000
2.179167
2.487500
1.254167
1.604167
1.533333
1.495833
2.445833
1.370833
1.183333
4.154167
1.487500
1.275000
1.483333
2.004167
0.350000
1.000000
6.287500
2.741667
1.362500
1.970833
1.425000
1.650000
1.450000
2.200000
1.441667
2.166667
2.137500
1.637500
2.112500
1.629167
1.654167
2.141667
1.633333
2.129167
1.687500
1.775000
2.516667
1.595833
1.933333
1.650000
2.091667
2.500000
2.525000
2.016667
0.887500
1.304167
2.491667
2.529167
0.887500
1.600000
0.887500
1.620833
2.504167
2.500000
3.200000
0.437500
0.887500
1.604167
1.612500
1.575000
1.987500
1.533333
1.662500
1.937500
1.545833
1.537500
1.479167
1.920833
1.475000
2.308333
1.204167
3.350000
1.562500
1.558333
1.291667
0.920833
3.312500
6.233333
1.479167
1.629167
1.579167
1.587500
1.570833
1.570833
1.558333
2.804167
1.950000
1.566667
1.562500
1.525000
1.533333
1.537500
1.195833
1.633333
1.379167
1.054167
2.454167
1.583333
2.375000
1.358333
1.054167
4.475000
6.129167
1.658333
1.600000
1.612500
1.579167
1.575000
1.529167
1.954167
1.525000
1.508333
1.466667
1.483333
1.437500
1.283333
1.470833
1.470833
1.462500
1.475000
1.454167
1.479167
1.450000
1.458333
1.454167
1.458333
1.437500
1.458333
1.420833
0.337500
1.945833
2.325000
0.287500
1.329167
0.633333
2.154167
1.487500
0.337500
0.962500
1.475000
1.487500
0.337500
2.879167
0.412500
1.275000
1.479167
1.495833
0.337500
1.954167
1.187500
4.150000
11.829167
4.454167
12.383333
5.395833
6.695833
0.441667
1.550000
0.720833
2.595833
0.458333
1.025000
0.870833
0.558333
0.495833
0.758333
0.454167
0.862500
0.758333
0.450000
0.483333
0.925000
1.570833
0.466667
0.262500
0.733333
0.279167
0.616667
0.320833
0.437500
0.683333
0.629167
0.616667
0.950000
0.950000
0.466667
0.658333
1.404167
0.233333
1.145833
0.462500
0.925000
0.229167
0.950000
0.504167
0.470833
0.941667
0.470833
0.883333
0.950000
0.683333
0.300000
1.145833
0.279167
0.475000
0.666667
0.450000
0.729167
0.458333
0.466667
0.466667
0.925000
0.925000
0.220833
0.916667
0.725000
0.658333
0.287500
0.641667
0.483333
0.470833
0.708333
0.695833
0.445833
0.525000
0.466667
0.887500
0.512500
0.283333
0.416667
0.462500
0.675000
0.450000
0.516667
0.745833
0.425000
0.687500
0.466667
0.237500
0.695833
0.241667
0.466667
0.475000
0.466667
0.475000
0.687500
0.283333
0.412500
0.233333
0.229167
0.233333
0.462500
0.475000
0.229167
0.475000
0.520833
0.475000
0.412500
0.700000
0.462500
0.466667
0.470833
0.470833
0.233333
0.712500
0.470833
0.466667
0.466667
0.462500
0.520833
0.541667
0.508333
0.954167
0.512500
0.462500
0.470833
0.441667
0.520833
0.470833
0.462500
0.462500
0.466667
0.295833
0.616667
0.479167
0.470833
0.458333
0.466667
0.925000
0.470833
0.233333
0.475000
0.704167
0.466667
0.462500
0.466667
0.470833
0.458333
0.475000
0.229167
0.529167
0.420833
0.704167
0.412500
0.370833
0.583333
0.475000
0.254167
0.216667
0.470833
0.283333
0.433333
0.462500
0.512500
0.654167
0.462500
0.462500
0.933333
0.475000
0.475000
0.233333
0.525000
0.479167
0.466667
0.641667
0.466667
0.595833
0.495833
0.491667
0.504167
0.458333
0.504167
0.470833
0.458333
0.279167
0.416667
0.695833
0.233333
0.233333
0.470833
0.300000
0.408333
0.704167
0.295833
0.633333
0.233333
0.695833
0.462500
0.437500
0.495833
0.245833
1.175000
0.937500
0.466667
0.462500
0.237500
0.691667
0.466667
0.233333
0.241667
0.287500
0.475000
0.437500
0.679167
0.470833
0.462500
0.587500
0.700000
0.804167
0.487500
0.475000
0.462500
0.462500
0.470833
0.229167
0.237500
0.475000
0.470833
0.454167
0.458333
0.470833
0.462500
0.495833
0.525000
0.508333
1.012500
0.466667
0.479167
0.466667
0.975000
0.983333
0.533333
0.483333
0.354167
0.595833
0.475000
0.937500
0.466667
0.529167
0.991667
0.495833
0.333333
0.645833
0.954167
0.287500
0.175000
0.925000
0.229167
0.712500
0.291667
0.645833
0.279167
0.470833
0.470833
0.641667
0.237500
0.695833
0.245833
0.225000
0.475000
0.241667
0.466667
0.512500
0.466667
0.470833
0.650000
0.466667
0.237500
0.479167
0.704167
0.291667
0.645833
0.933333
0.925000
0.920833
0.495833
0.241667
0.516667
0.425000
0.466667
0.925000
0.237500
0.937500
0.233333
0.687500
0.262500
1.129167
0.787500
0.937500
0.820833
0.475000
1.045833
1.108333
0.233333
0.812500
1.195833
1.425000
0.841667
0.450000
0.491667
0.420833
0.666667
0.770833
0.575000
1.791667
0.733333
0.995833
0.491667
1.329167
0.200000
1.175000
0.637500
0.895833
1.425000
1.608333
1.583333
0.512500
1.216667
1.504167
2.066667
0.437500
0.916667
1.475000
1.637500
0.412500
0.533333
1.575000
0.850000
1.583333
0.908333
0.837500
1.262500
1.008333
1.354167
1.391667
1.929167
0.675000
0.212500
0.591667
0.970833
1.700000
0.508333
0.341667
0.800000
0.891667
0.587500
0.991667
1.204167
1.191667
0.825000
0.370833
1.800000
0.420833
0.508333
0.754167
0.391667
0.325000
1.237500
1.050000
0.325000
1.075000
0.979167
1.370833
1.300000
1.100000
0.925000
0.245833
1.254167
1.487500
0.895833
1.520833
0.775000
0.704167
0.883333
1.516667
0.729167
0.750000
0.891667
1.495833
0.595833
0.545833
0.383333
0.962500
0.808333
0.529167
1.108333
0.791667
0.387500
0.316667
0.350000
0.804167
0.350000
0.345833
0.775000
0.816667
0.450000
0.562500
0.429167
0.850000
0.450000
0.550000
1.420833
0.837500
0.504167
1.179167
0.850000
0.979167
0.379167
0.575000
0.795833
1.225000
1.600000
1.625000
1.604167
0.670833
0.725000
1.554167
2.479167
1.595833
2.395833
1.591667
0.804167
0.708333
0.887500
0.816667
0.595833
1.950000
1.191667
0.708333
1.245833
1.579167
