0.579167
0.595833
0.579167
0.587500
0.595833
0.445833
0.716667
0.591667
0.583333
0.575000
0.591667
0.570833
0.587500
0.575000
0.583333
0.570833
0.583333
0.570833
0.583333
0.575000
0.570833
0.579167
0.575000
0.570833
0.583333
0.579167
0.575000
0.583333
0.570833
0.583333
0.575000
0.570833
0.583333
0.579167
0.575000
0.583333
0.570833
0.579167
0.575000
0.575000
0.575000
0.583333
0.575000
0.575000
0.583333
0.570833
0.579167
0.575000
0.575000
0.583333
0.570833
0.579167
0.583333
0.566667
0.583333
0.575000
0.566667
0.575000
0.583333
0.570833
0.579167
0.579167
0.570833
0.579167
0.575000
0.575000
0.562500
0.579167
0.570833
0.566667
0.583333
0.566667
0.583333
0.575000
0.570833
0.583333
0.566667
0.570833
0.575000
0.562500
0.579167
0.579167
0.570833
0.566667
0.583333
0.570833
0.583333
0.570833
0.570833
0.575000
0.566667
0.595833
0.570833
0.558333
0.575000
0.570833
0.575000
0.570833
0.566667
0.575000
0.566667
0.579167
0.566667
0.575000
0.583333
0.579167
0.570833
0.583333
0.575000
0.583333
0.583333
0.570833
0.587500
0.575000
0.579167
0.587500
0.575000
0.583333
0.587500
0.583333
0.575000
0.583333
0.583333
0.583333
0.579167
0.587500
0.583333
0.579167
0.587500
0.575000
0.587500
0.579167
0.587500
0.579167
0.587500
0.583333
0.587500
0.587500
0.579167
0.591667
0.579167
0.587500
0.591667
0.579167
0.579167
0.591667
0.587500
0.579167
0.591667
0.579167
0.575000
0.591667
0.575000
0.583333
0.583333
0.579167
0.575000
0.579167
0.575000
0.575000
0.579167
0.575000
0.570833
0.583333
0.570833
0.583333
0.575000
0.575000
0.579167
0.570833
0.583333
0.570833
0.579167
0.570833
0.575000
0.575000
0.579167
0.570833
0.575000
0.566667
0.579167
0.575000
0.566667
0.579167
0.575000
0.570833
0.570833
0.583333
0.566667
0.583333
0.570833
0.579167
0.570833
0.583333
0.570833
0.579167
0.575000
0.579167
0.579167
0.575000
0.583333
0.575000
0.575000
0.591667
0.575000
0.587500
0.579167
0.579167
0.591667
0.583333
0.579167
0.595833
0.579167
0.591667
0.595833
0.579167
0.587500
0.600000
0.587500
0.587500
0.595833
0.583333
0.595833
0.591667
0.587500
0.595833
0.579167
0.591667
0.583333
0.583333
0.587500
0.575000
0.575000
0.587500
0.575000
0.583333
0.579167
0.579167
0.583333
0.579167
0.587500
0.583333
0.579167
0.591667
0.595833
0.579167
0.587500
0.595833
0.579167
0.591667
0.587500
0.583333
0.591667
0.516667
0.654167
0.587500
0.583333
0.566667
0.695833
0.441667
0.133333
0.183333
0.320833
0.587500
0.579167
0.587500
0.570833
0.370833
0.216667
0.575000
0.291667
0.295833
0.566667
0.587500
0.583333
0.570833
0.583333
0.570833
0.579167
0.575000
0.587500
0.575000
0.583333
0.575000
0.587500
0.591667
0.570833
0.583333
0.591667
0.579167
0.583333
0.587500
0.591667
0.579167
0.587500
0.587500
0.575000
0.583333
0.587500
0.575000
0.583333
0.587500
0.575000
0.583333
0.591667
0.575000
0.583333
0.587500
0.579167
0.579167
0.591667
0.591667
0.575000
0.587500
0.591667
0.579167
0.591667
0.579167
0.587500
0.587500
0.583333
0.591667
0.579167
0.595833
0.583333
0.591667
0.583333
0.595833
0.591667
0.583333
0.591667
0.579167
0.591667
0.587500
0.587500
0.595833
0.579167
0.591667
0.591667
0.579167
0.595833
0.583333
0.583333
0.583333
0.587500
0.579167
0.587500
0.583333
0.587500
0.587500
0.570833
0.587500
0.591667
0.579167
0.579167
0.591667
0.575000
0.587500
0.591667
0.583333
0.579167
0.591667
0.587500
0.575000
0.595833
0.570833
0.583333
0.591667
0.575000
0.583333
0.579167
0.587500
0.579167
0.583333
0.587500
0.579167
0.587500
0.583333
0.579167
0.591667
0.579167
0.587500
0.587500
0.587500
0.587500
0.583333
0.587500
0.583333
0.587500
0.583333
0.591667
0.583333
0.579167
0.591667
0.579167
0.587500
0.587500
0.583333
0.579167
0.583333
0.591667
0.579167
0.583333
0.583333
0.583333
0.575000
0.587500
0.570833
0.583333
0.583333
0.575000
0.587500
0.575000
0.587500
0.575000
0.583333
0.583333
0.579167
0.587500
0.587500
0.579167
0.583333
0.579167
0.583333
0.587500
0.575000
0.591667
0.575000
0.583333
0.587500
0.575000
0.587500
0.591667
0.591667
0.579167
0.591667
0.595833
0.579167
0.595833
0.587500
0.587500
0.591667
0.587500
0.600000
0.583333
0.595833
0.604167
0.579167
0.587500
0.600000
0.575000
0.587500
0.591667
0.579167
0.587500
0.579167
0.591667
0.579167
0.587500
0.595833
0.579167
0.587500
0.595833
0.595833
0.587500
0.595833
0.587500
0.587500
0.591667
0.595833
0.587500
0.591667
0.600000
0.587500
0.591667
0.604167
0.583333
0.591667
0.604167
0.587500
0.595833
0.595833
0.608333
0.587500
0.595833
0.600000
0.591667
0.595833
0.587500
0.600000
0.600000
0.587500
0.600000
0.587500
0.591667
0.595833
0.604167
0.587500
0.600000
0.595833
0.587500
0.608333
0.591667
0.591667
0.608333
0.600000
0.600000
0.595833
0.608333
0.591667
0.600000
0.604167
0.591667
0.604167
0.591667
0.604167
0.595833
0.591667
0.600000
0.587500
0.595833
0.595833
0.591667
0.591667
0.595833
0.583333
0.595833
0.579167
0.595833
0.595833
0.587500
0.604167
0.575000
0.591667
0.595833
0.595833
0.583333
0.604167
0.587500
0.591667
0.595833
0.604167
0.583333
0.600000
0.591667
0.600000
0.587500
0.600000
0.587500
0.604167
0.570833
0.595833
0.600000
0.600000
0.600000
0.608333
0.579167
0.600000
0.587500
0.587500
0.600000
0.591667
0.583333
0.600000
0.558333
0.612500
0.583333
0.587500
0.591667
0.579167
0.591667
0.579167
0.579167
0.587500
0.583333
0.579167
0.587500
0.575000
0.587500
0.575000
0.587500
0.587500
0.575000
0.587500
0.579167
0.583333
0.583333
0.583333
0.575000
0.591667
0.570833
0.587500
0.583333
0.570833
0.587500
0.570833
0.587500
0.570833
0.583333
0.575000
0.579167
0.579167
0.566667
0.579167
0.575000
0.575000
0.570833
0.579167
0.575000
0.570833
0.575000
0.575000
0.575000
0.570833
0.579167
0.566667
0.575000
0.566667
0.575000
0.570833
0.575000
0.566667
0.575000
0.579167
0.575000
0.570833
0.583333
0.570833
0.575000
0.579167
0.575000
0.579167
0.570833
0.583333
0.575000
0.579167
0.587500
0.570833
0.587500
0.579167
0.579167
0.583333
0.583333
0.579167
0.579167
0.583333
0.579167
0.595833
0.579167
0.591667
0.595833
0.579167
0.595833
0.587500
0.587500
0.591667
0.587500
0.587500
0.587500
0.600000
0.591667
0.583333
0.595833
0.583333
0.591667
0.583333
0.595833
0.583333
0.591667
0.587500
0.587500
0.600000
0.587500
0.579167
0.595833
0.587500
0.591667
0.595833
0.583333
0.600000
0.587500
0.600000
0.591667
0.591667
0.600000
0.595833
0.587500
0.595833
0.708333
0.475000
0.583333
0.595833
0.583333
0.591667
0.595833
0.591667
0.579167
0.591667
0.587500
0.587500
0.579167
0.595833
0.579167
0.587500
0.595833
0.575000
0.595833
0.591667
0.583333
0.591667
0.587500
0.587500
0.595833
0.591667
0.583333
0.595833
0.591667
0.583333
0.595833
0.600000
0.583333
0.591667
0.591667
0.583333
0.591667
0.591667
0.583333
0.595833
0.583333
0.591667
0.591667
0.579167
0.600000
0.579167
0.591667
0.595833
0.595833
0.566667
0.587500
0.604167
0.575000
0.591667
0.575000
0.583333
0.579167
0.687500
0.479167
0.579167
0.579167
0.579167
0.570833
0.579167
0.575000
0.583333
0.570833
0.587500
0.575000
0.579167
0.583333
0.570833
0.579167
0.583333
0.591667
0.575000
0.575000
0.591667
0.587500
0.575000
0.595833
0.583333
0.579167
0.595833
0.587500
0.579167
0.595833
0.575000
0.595833
0.587500
0.583333
0.583333
0.583333
0.600000
0.583333
0.587500
0.595833
0.583333
0.595833
0.587500
0.583333
0.587500
0.591667
0.579167
0.595833
0.587500
0.587500
0.579167
0.587500
0.579167
0.587500
0.587500
0.570833
0.591667
0.570833
0.587500
0.575000
0.583333
0.575000
0.587500
0.575000
0.583333
0.579167
0.575000
0.579167
0.587500
0.570833
0.583333
0.570833
0.587500
0.570833
0.583333
0.566667
0.587500
0.566667
0.583333
0.562500
0.579167
0.575000
0.575000
0.566667
0.575000
0.566667
0.570833
0.566667
0.575000
0.575000
0.566667
0.579167
0.566667
0.579167
0.570833
0.570833
0.575000
0.579167
0.566667
0.579167
0.575000
0.570833
0.583333
0.570833
0.583333
0.570833
0.587500
0.570833
0.579167
0.570833
0.587500
0.575000
0.579167
0.579167
0.579167
0.587500
0.570833
0.579167
0.591667
0.583333
0.579167
0.583333
0.579167
0.575000
0.587500
0.575000
0.583333
0.579167
0.587500
0.575000
0.579167
0.583333
0.583333
0.579167
0.579167
0.587500
0.575000
0.579167
0.587500
0.570833
0.583333
0.575000
0.583333
0.570833
0.583333
0.570833
0.587500
0.570833
0.587500
0.575000
0.583333
0.583333
0.575000
0.579167
0.575000
0.579167
0.591667
0.570833
0.587500
0.575000
0.575000
0.587500
0.583333
0.575000
0.591667
0.575000
0.587500
0.579167
0.583333
0.587500
0.579167
0.583333
0.595833
0.579167
0.591667
0.583333
0.583333
0.695833
0.483333
0.583333
0.600000
0.579167
0.591667
0.595833
0.583333
0.595833
0.579167
0.587500
0.591667
0.583333
0.583333
0.591667
0.583333
0.583333
0.579167
0.595833
0.575000
0.583333
0.587500
0.583333
0.583333
0.579167
0.583333
0.579167
0.591667
0.575000
0.587500
0.583333
0.575000
0.591667
0.575000
0.591667
0.583333
0.583333
0.587500
0.583333
0.583333
0.583333
0.583333
0.583333
0.591667
0.587500
0.583333
0.583333
0.583333
0.579167
0.591667
0.579167
0.583333
0.591667
0.579167
0.587500
0.583333
0.591667
0.579167
0.575000
0.587500
0.583333
0.575000
0.591667
0.575000
0.591667
0.579167
0.591667
0.583333
0.591667
0.583333
0.591667
0.595833
0.587500
0.579167
0.600000
0.579167
0.583333
0.600000
0.575000
0.583333
0.595833
0.579167
0.591667
0.587500
0.587500
0.579167
0.591667
0.579167
0.583333
0.595833
0.575000
0.579167
0.587500
0.587500
0.591667
0.579167
0.591667
0.579167
0.591667
0.595833
0.591667
0.579167
0.595833
0.579167
0.595833
0.587500
0.583333
0.595833
0.575000
0.591667
0.587500
0.579167
0.595833
0.579167
0.587500
0.591667
0.579167
0.591667
0.579167
0.595833
0.575000
0.591667
0.579167
0.595833
0.579167
0.591667
0.579167
0.591667
0.583333
0.583333
0.600000
0.575000
0.587500
0.591667
0.579167
0.587500
0.587500
0.579167
0.591667
0.583333
0.583333
0.591667
0.579167
0.591667
0.583333
0.583333
0.583333
0.583333
0.587500
0.583333
0.587500
