0.529167
0.625000
0.558333
0.591667
0.562500
0.575000
0.591667
0.554167
0.591667
0.558333
0.587500
0.558333
0.591667
0.554167
0.587500
0.558333
0.587500
0.550000
0.587500
0.550000
0.579167
0.533333
0.600000
0.570833
0.566667
0.550000
0.575000
0.545833
0.579167
0.545833
0.433333
0.658333
0.550000
0.570833
0.566667
0.541667
0.570833
0.541667
0.575000
0.541667
0.575000
0.541667
0.570833
0.541667
0.570833
0.541667
0.445833
0.650000
0.550000
0.575000
0.541667
0.541667
0.579167
0.579167
0.545833
0.579167
0.550000
0.579167
0.550000
0.579167
0.458333
0.650000
0.554167
0.583333
0.554167
0.545833
0.587500
0.587500
0.554167
0.566667
0.591667
0.554167
0.587500
0.554167
0.591667
0.562500
0.591667
0.537500
0.612500
0.558333
0.591667
0.558333
0.591667
0.558333
0.591667
0.558333
0.562500
0.583333
0.445833
0.683333
0.587500
0.558333
0.583333
0.558333
0.583333
0.533333
0.608333
0.554167
0.579167
0.575000
0.570833
0.550000
0.579167
0.570833
0.570833
0.508333
0.625000
0.566667
0.566667
0.566667
0.566667
0.562500
0.566667
0.566667
0.566667
0.570833
0.566667
0.566667
0.566667
0.566667
0.566667
0.570833
0.570833
0.570833
0.570833
0.575000
0.550000
0.583333
0.575000
0.441667
0.666667
0.554167
0.583333
0.575000
0.500000
0.625000
0.575000
0.575000
0.570833
0.545833
0.595833
0.570833
0.575000
0.575000
0.570833
0.575000
0.570833
0.575000
0.508333
0.620833
0.579167
0.575000
0.570833
0.575000
0.575000
0.525000
0.616667
0.583333
0.575000
0.575000
0.579167
0.583333
0.529167
0.487500
0.512500
0.691667
0.587500
0.579167
0.579167
0.579167
0.575000
0.579167
0.575000
0.570833
0.579167
0.575000
0.575000
0.575000
0.575000
0.570833
0.570833
0.575000
0.570833
0.570833
0.575000
0.566667
0.570833
0.570833
0.570833
0.570833
0.570833
0.570833
0.570833
1.141667
0.570833
0.570833
0.566667
0.445833
0.658333
0.579167
1.137500
0.500000
0.620833
0.570833
0.570833
0.566667
0.554167
0.579167
0.570833
0.566667
0.566667
0.566667
0.566667
0.570833
0.566667
0.566667
0.566667
0.570833
0.566667
0.570833
0.570833
0.575000
0.541667
0.600000
0.570833
0.570833
0.575000
0.570833
0.575000
0.570833
0.570833
0.575000
0.570833
0.575000
0.575000
0.579167
0.487500
0.633333
0.583333
0.570833
0.575000
0.525000
0.620833
0.575000
0.579167
0.579167
0.512500
0.625000
0.579167
0.583333
0.575000
0.512500
0.625000
0.579167
0.575000
0.575000
0.525000
0.612500
0.575000
0.575000
0.570833
0.570833
0.570833
0.570833
0.575000
0.570833
0.575000
0.575000
0.575000
0.570833
0.575000
0.575000
0.575000
0.570833
0.570833
0.566667
0.570833
0.570833
0.575000
0.566667
0.575000
0.566667
0.570833
0.570833
0.495833
0.625000
0.575000
0.570833
0.570833
0.562500
0.579167
0.575000
0.566667
0.570833
0.575000
0.570833
0.575000
0.570833
0.570833
0.570833
0.570833
0.458333
0.583333
0.400000
0.708333
0.591667
0.575000
0.570833
0.566667
0.566667
0.562500
0.570833
0.566667
0.566667
0.566667
0.566667
0.566667
0.570833
0.570833
0.570833
0.570833
0.570833
0.570833
0.566667
0.570833
0.575000
0.570833
0.570833
0.575000
0.570833
0.570833
0.570833
0.575000
0.570833
0.575000
0.575000
0.575000
0.575000
0.575000
0.575000
0.575000
0.575000
0.575000
0.575000
0.575000
0.575000
0.570833
0.454167
0.662500
0.579167
0.579167
0.575000
0.450000
0.625000
0.608333
0.575000
0.575000
0.445833
0.658333
0.583333
0.570833
0.579167
0.570833
0.575000
0.579167
0.570833
0.575000
0.466667
0.654167
0.579167
0.575000
0.575000
0.458333
0.654167
0.579167
0.575000
0.570833
0.491667
0.633333
0.575000
0.575000
0.570833
0.566667
0.570833
0.433333
0.666667
0.583333
0.570833
0.570833
0.570833
0.575000
0.533333
0.604167
0.570833
0.570833
0.570833
0.570833
0.566667
0.550000
0.587500
0.566667
0.570833
0.570833
0.570833
0.570833
0.566667
0.570833
0.562500
0.575000
0.487500
0.625000
0.570833
0.575000
0.570833
0.570833
0.570833
0.491667
0.629167
0.575000
0.575000
0.570833
0.462500
0.650000
0.579167
0.575000
0.570833
0.575000
0.575000
0.575000
0.575000
0.575000
0.575000
0.575000
1.100000
0.608333
0.575000
0.575000
0.575000
0.491667
1.050000
0.729167
0.579167
0.508333
0.625000
0.579167
0.575000
0.579167
0.508333
0.629167
0.579167
0.575000
0.579167
0.520833
0.620833
0.583333
0.579167
0.579167
0.554167
0.608333
0.579167
0.579167
0.579167
0.579167
0.579167
0.575000
0.579167
0.529167
1.187500
0.579167
0.570833
0.579167
0.579167
0.541667
0.608333
0.575000
0.579167
0.579167
0.579167
0.575000
0.575000
0.575000
0.575000
0.579167
0.575000
0.575000
0.575000
0.520833
0.616667
0.575000
0.575000
0.570833
0.508333
0.620833
0.575000
0.570833
0.570833
0.495833
0.625000
0.570833
0.570833
0.566667
0.479167
0.637500
0.575000
0.570833
0.570833
0.470833
0.645833
0.579167
0.579167
0.579167
0.450000
0.658333
0.591667
0.583333
0.575000
0.454167
0.662500
0.587500
0.579167
0.579167
0.458333
0.662500
0.587500
0.583333
0.579167
0.479167
0.512500
0.458333
0.712500
0.600000
0.587500
0.579167
0.579167
0.579167
0.579167
0.579167
0.575000
0.579167
0.575000
0.579167
0.575000
0.579167
0.579167
0.579167
0.583333
0.579167
0.583333
0.579167
0.504167
0.637500
0.583333
0.579167
0.575000
0.558333
0.591667
0.575000
0.575000
0.575000
0.575000
0.579167
0.579167
0.575000
0.575000
0.579167
0.575000
0.570833
0.575000
0.475000
0.645833
0.579167
0.575000
0.579167
0.470833
0.645833
0.583333
0.579167
0.575000
0.458333
0.654167
0.579167
0.575000
0.575000
0.479167
0.637500
0.575000
0.575000
0.575000
0.500000
0.629167
0.583333
0.575000
0.579167
0.512500
0.629167
0.579167
0.579167
0.579167
0.541667
0.612500
0.579167
0.579167
0.579167
0.579167
0.579167
0.487500
0.495833
0.679167
0.587500
0.579167
0.579167
0.575000
0.579167
0.570833
0.575000
0.579167
0.575000
0.575000
0.575000
0.575000
0.570833
0.575000
0.570833
0.575000
0.575000
0.575000
0.575000
0.579167
0.575000
0.575000
0.579167
0.579167
0.583333
0.579167
0.579167
0.579167
0.583333
0.583333
0.579167
0.579167
0.454167
0.662500
0.587500
0.579167
0.583333
0.579167
0.579167
0.579167
0.583333
0.583333
0.583333
0.579167
0.583333
0.579167
0.575000
0.579167
0.579167
0.575000
0.579167
0.575000
0.575000
0.570833
0.575000
0.437500
0.670833
0.583333
0.579167
0.575000
0.575000
0.579167
0.579167
0.575000
0.579167
0.579167
0.579167
0.579167
0.575000
0.491667
0.641667
0.583333
0.579167
0.579167
0.579167
0.579167
0.583333
0.579167
0.575000
0.579167
0.575000
0.575000
0.575000
0.458333
0.662500
0.583333
0.579167
0.575000
0.508333
0.629167
0.583333
0.579167
0.583333
0.579167
0.575000
0.579167
0.579167
0.575000
0.575000
0.575000
0.566667
0.570833
0.570833
0.445833
0.654167
0.579167
0.570833
0.570833
0.520833
0.612500
0.575000
0.575000
0.570833
0.541667
0.608333
0.575000
0.575000
0.579167
0.575000
0.579167
0.579167
0.579167
0.575000
0.575000
0.579167
0.579167
0.579167
0.575000
0.579167
0.579167
0.579167
0.579167
0.575000
0.579167
0.579167
0.579167
0.579167
0.579167
0.575000
0.575000
0.579167
0.579167
0.575000
0.575000
0.575000
0.583333
0.579167
0.575000
0.579167
0.575000
0.579167
0.466667
0.650000
0.583333
0.579167
0.575000
0.575000
0.579167
0.579167
0.575000
0.583333
0.583333
0.583333
0.583333
0.587500
0.583333
0.587500
0.587500
0.587500
0.587500
0.591667
0.587500
0.587500
0.587500
0.587500
0.587500
0.583333
0.587500
0.583333
0.570833
0.591667
0.466667
0.658333
0.587500
0.575000
0.579167
0.579167
0.579167
0.579167
0.579167
0.579167
0.579167
0.583333
0.579167
0.579167
1.162500
0.579167
0.579167
0.579167
0.583333
0.583333
0.583333
0.583333
0.583333
0.583333
0.583333
0.583333
0.579167
0.579167
0.579167
0.583333
0.579167
0.583333
0.579167
0.583333
0.579167
0.587500
0.583333
0.583333
0.587500
0.583333
0.587500
0.587500
0.583333
0.583333
0.583333
0.579167
0.583333
0.583333
0.579167
0.583333
0.579167
0.583333
0.579167
0.579167
0.583333
0.579167
0.579167
0.579167
0.583333
0.583333
0.579167
0.583333
0.579167
0.583333
0.583333
0.583333
0.587500
0.583333
0.587500
0.583333
0.587500
0.591667
0.591667
0.587500
0.591667
0.587500
0.591667
0.587500
0.587500
0.591667
0.587500
0.587500
0.591667
0.587500
0.591667
0.591667
0.587500
0.591667
0.587500
0.587500
0.591667
0.587500
0.591667
0.587500
0.587500
0.587500
0.591667
0.587500
1.166667
0.587500
0.583333
0.587500
0.583333
0.583333
0.583333
0.579167
0.583333
0.583333
0.583333
0.579167
0.583333
0.579167
0.587500
0.583333
0.583333
0.583333
0.583333
0.579167
0.587500
0.591667
0.587500
0.587500
0.591667
0.587500
0.591667
0.587500
0.591667
0.591667
0.587500
0.587500
0.454167
0.691667
0.604167
0.591667
0.595833
0.591667
0.591667
0.600000
0.595833
0.595833
0.591667
0.595833
0.595833
0.591667
0.595833
0.595833
0.591667
0.587500
0.591667
0.591667
0.587500
0.587500
0.587500
0.583333
0.587500
0.591667
0.587500
0.591667
0.587500
0.583333
0.587500
0.587500
0.587500
0.583333
0.587500
0.583333
0.583333
0.583333
0.587500
0.583333
0.587500
0.583333
0.579167
0.583333
0.583333
0.579167
0.583333
0.575000
0.579167
0.579167
0.579167
0.579167
0.575000
0.579167
0.575000
0.583333
0.579167
0.583333
0.579167
0.579167
0.583333
0.579167
0.583333
0.583333
0.583333
0.587500
0.583333
0.587500
0.583333
0.583333
0.583333
0.583333
0.583333
0.583333
0.579167
0.579167
0.579167
1.158333
0.579167
0.575000
0.579167
0.583333
0.583333
0.579167
0.587500
0.579167
0.583333
0.583333
0.583333
0.579167
0.583333
0.579167
0.579167
0.583333
0.583333
0.583333
0.583333
0.583333
0.583333
0.583333
0.587500
0.583333
0.583333
0.583333
0.579167
0.583333
0.587500
0.587500
0.587500
0.591667
0.583333
0.587500
0.587500
0.591667
0.583333
0.587500
0.587500
0.583333
0.583333
0.587500
0.587500
0.587500
0.587500
0.591667
0.587500
0.587500
0.595833
0.591667
0.591667
0.591667
0.591667
0.591667
0.587500
0.591667
0.587500
0.583333
0.587500
0.587500
0.587500
0.583333
0.587500
0.587500
0.587500
0.587500
0.583333
0.583333
0.583333
0.583333
0.587500
0.579167
0.583333
0.579167
0.579167
0.579167
0.579167
0.575000
0.579167
