0.341667
0.625000
0.620833
0.308333
0.587500
0.458333
0.504167
0.625000
0.616667
0.616667
0.358333
0.270833
0.616667
0.616667
0.620833
0.620833
0.620833
0.233333
0.391667
0.625000
0.441667
0.808333
0.700000
0.379167
0.908333
0.404167
0.558333
0.395833
0.404167
0.625000
0.625000
0.320833
0.270833
0.450000
0.491667
0.325000
0.462500
0.225000
0.658333
0.337500
0.412500
0.337500
0.129167
0.537500
0.629167
0.395833
0.516667
0.566667
0.383333
0.979167
0.279167
0.370833
0.691667
0.925000
0.450000
0.550000
0.800000
0.637500
1.262500
0.629167
1.100000
1.437500
0.895833
1.454167
0.833333
1.916667
1.912500
1.308333
0.666667
0.637500
0.645833
0.304167
0.279167
0.275000
0.445833
0.529167
0.445833
0.350000
0.454167
0.654167
0.166667
0.650000
0.641667
0.641667
0.633333
0.645833
0.429167
0.208333
0.637500
0.637500
0.629167
0.637500
0.641667
0.641667
0.633333
0.283333
0.354167
0.479167
0.795833
0.125000
0.304167
0.212500
0.345833
0.300000
0.633333
0.633333
0.637500
0.637500
0.637500
0.637500
0.641667
0.641667
0.641667
0.641667
0.637500
0.641667
0.641667
0.645833
0.641667
1.287500
0.241667
0.404167
0.641667
0.641667
0.637500
0.658333
0.616667
0.633333
0.629167
0.633333
0.350000
0.279167
0.629167
0.629167
0.625000
0.629167
0.633333
0.629167
0.625000
0.625000
0.629167
0.633333
0.629167
0.625000
0.625000
0.629167
0.629167
0.625000
0.625000
0.791667
0.575000
0.516667
0.620833
0.616667
0.620833
0.625000
0.533333
0.270833
0.687500
0.362500
0.362500
0.266667
0.320833
0.295833
0.625000
0.616667
0.350000
0.275000
0.625000
0.545833
0.691667
0.616667
0.566667
0.450000
1.458333
0.620833
0.633333
0.608333
0.616667
0.358333
0.266667
0.620833
0.620833
0.616667
0.625000
0.620833
0.616667
0.216667
0.395833
0.625000
1.037500
0.204167
0.625000
0.620833
0.625000
0.625000
0.629167
0.629167
0.629167
0.633333
0.629167
0.633333
0.633333
0.633333
0.633333
0.637500
0.629167
0.633333
0.637500
0.633333
0.633333
0.633333
0.633333
0.629167
0.629167
0.633333
0.633333
0.629167
0.629167
0.629167
0.625000
1.262500
0.629167
0.629167
0.637500
0.625000
0.633333
0.504167
0.316667
0.316667
0.487500
0.208333
0.683333
0.625000
0.770833
1.133333
0.937500
0.325000
0.633333
0.812500
0.437500
0.300000
0.333333
0.629167
0.625000
0.625000
0.620833
1.245833
0.625000
1.250000
0.616667
0.620833
0.625000
0.625000
0.620833
0.620833
0.620833
0.625000
0.620833
0.625000
0.625000
0.625000
0.625000
0.225000
0.400000
0.625000
0.391667
0.237500
0.879167
1.016667
0.629167
0.629167
1.100000
0.279167
0.587500
0.575000
0.637500
0.320833
0.320833
0.387500
0.245833
0.329167
0.579167
0.362500
0.087500
0.454167
0.737500
0.637500
0.637500
0.641667
0.350000
0.283333
0.225000
0.412500
0.891667
0.383333
0.212500
0.425000
0.637500
0.637500
0.637500
0.633333
0.633333
0.629167
0.258333
0.375000
0.079167
0.554167
0.629167
0.629167
0.629167
0.629167
0.633333
0.637500
0.637500
0.637500
0.637500
0.637500
0.641667
0.279167
0.362500
0.341667
0.162500
0.320833
0.512500
0.295833
0.195833
0.245833
0.441667
0.641667
0.629167
0.625000
0.350000
0.279167
0.625000
0.229167
0.395833
0.629167
0.454167
0.454167
0.341667
0.625000
0.391667
0.233333
0.620833
0.629167
0.629167
0.633333
0.629167
0.620833
0.370833
0.262500
0.304167
0.316667
0.629167
0.629167
0.837500
0.412500
0.275000
0.354167
0.629167
0.625000
0.254167
0.712500
0.920833
1.087500
0.291667
0.504167
1.258333
0.625000
0.625000
0.629167
0.625000
0.629167
0.191667
0.429167
0.629167
0.616667
0.633333
0.504167
0.125000
0.629167
0.633333
0.629167
0.633333
0.408333
0.179167
0.458333
0.654167
0.891667
0.650000
0.675000
0.629167
0.650000
0.412500
0.370833
0.512500
0.645833
0.645833
0.787500
0.500000
0.225000
1.041667
0.633333
0.270833
0.245833
0.283333
0.479167
0.241667
0.295833
0.400000
0.241667
0.912500
0.483333
0.420833
0.258333
0.595833
0.433333
0.587500
0.308333
0.779167
0.891667
0.791667
1.079167
0.600000
0.304167
0.491667
0.333333
0.633333
0.400000
0.679167
1.379167
0.508333
0.808333
0.687500
0.541667
0.412500
1.079167
0.683333
1.366667
0.687500
1.370833
0.691667
0.691667
0.695833
0.704167
0.708333
0.291667
0.420833
0.700000
0.695833
1.066667
0.570833
0.441667
0.670833
0.420833
0.425000
0.479167
0.379167
0.433333
0.500000
0.400000
0.300000
0.666667
0.208333
0.483333
0.675000
0.283333
0.395833
0.304167
0.512500
0.508333
0.687500
0.670833
0.237500
0.312500
0.425000
0.350000
0.658333
0.650000
0.270833
0.400000
0.654167
0.400000
0.250000
0.058333
0.591667
0.641667
0.645833
0.637500
0.375000
0.258333
0.641667
0.633333
0.254167
0.379167
0.470833
0.370833
0.425000
0.637500
0.633333
0.637500
0.404167
0.862500
0.633333
0.629167
0.633333
0.633333
0.629167
0.366667
0.266667
0.358333
0.275000
0.325000
0.308333
0.637500
0.633333
0.633333
0.629167
0.629167
0.279167
0.433333
0.354167
0.812500
0.625000
0.625000
0.300000
0.662500
0.291667
0.391667
0.337500
0.162500
0.354167
0.237500
0.270833
0.470833
0.208333
0.691667
0.254167
0.995833
0.620833
0.625000
1.091667
0.766667
0.625000
1.237500
0.616667
0.616667
1.237500
0.204167
1.025000
0.616667
0.412500
0.683333
0.541667
1.075000
0.520833
0.429167
0.258333
0.395833
0.250000
0.370833
0.337500
0.891667
0.425000
0.808333
0.162500
0.454167
0.158333
0.308333
0.429167
0.570833
0.329167
0.483333
0.787500
1.845833
1.233333
1.241667
0.683333
1.166667
0.733333
0.279167
0.225000
1.229167
0.479167
0.229167
0.241667
0.704167
0.508333
0.670833
0.312500
0.554167
0.804167
0.495833
0.833333
0.912500
1.225000
1.237500
0.866667
0.983333
0.625000
0.620833
0.620833
0.612500
0.616667
0.770833
0.137500
1.720833
0.450000
0.612500
0.608333
0.375000
0.787500
0.579167
0.725000
0.608333
0.375000
0.637500
0.225000
0.616667
0.358333
0.250000
0.375000
0.250000
0.612500
0.458333
0.379167
0.416667
0.908333
0.591667
0.145833
0.816667
0.754167
1.125000
0.641667
0.641667
0.645833
1.287500
0.641667
0.637500
0.629167
0.220833
0.416667
0.629167
0.633333
0.629167
0.629167
0.350000
0.279167
0.625000
1.254167
0.483333
0.762500
0.620833
0.620833
0.620833
0.612500
0.620833
0.304167
0.291667
0.304167
0.325000
0.483333
0.137500
0.612500
0.616667
0.612500
0.250000
0.366667
0.608333
0.612500
0.416667
0.287500
0.475000
1.895833
0.620833
0.616667
0.608333
0.620833
0.620833
0.520833
0.295833
0.416667
0.620833
0.608333
0.616667
1.083333
0.750000
0.620833
0.270833
0.445833
0.616667
0.583333
0.529167
1.108333
0.287500
1.054167
0.608333
1.225000
0.441667
0.108333
0.670833
0.470833
0.429167
0.329167
0.787500
1.041667
0.616667
0.608333
0.608333
0.620833
0.612500
0.608333
0.616667
0.612500
0.612500
0.612500
0.612500
0.612500
0.612500
0.612500
0.612500
0.616667
0.370833
0.241667
0.612500
0.883333
0.133333
0.675000
0.425000
0.358333
0.675000
0.566667
0.616667
0.237500
0.583333
0.420833
1.070833
0.795833
0.620833
0.541667
0.708333
0.620833
0.625000
0.625000
0.629167
0.733333
0.437500
0.304167
0.412500
0.625000
0.629167
0.700000
0.562500
0.629167
0.495833
0.300000
0.433333
0.670833
0.295833
0.754167
0.287500
0.287500
0.262500
0.312500
0.445833
0.575000
0.729167
0.441667
0.629167
0.691667
0.245833
0.312500
0.612500
0.379167
0.254167
0.366667
0.258333
0.625000
0.625000
0.625000
0.625000
0.629167
0.629167
0.625000
0.629167
0.695833
1.325000
0.462500
0.962500
0.829167
0.158333
0.629167
1.258333
0.379167
0.645833
0.870833
0.629167
0.450000
0.820833
0.275000
0.816667
0.804167
0.691667
0.287500
0.458333
0.454167
0.341667
0.912500
0.341667
0.291667
0.454167
0.612500
0.300000
0.300000
0.454167
0.375000
0.633333
0.629167
1.137500
0.650000
0.737500
1.270833
1.266667
0.633333
0.637500
0.633333
0.795833
0.750000
0.370833
0.266667
0.354167
1.266667
1.258333
1.095833
0.366667
0.725000
0.462500
0.425000
0.604167
0.970833
0.379167
0.329167
0.712500
0.970833
1.279167
1.266667
1.266667
0.633333
0.633333
0.629167
0.629167
0.633333
0.629167
0.629167
0.625000
0.625000
0.625000
0.620833
0.625000
0.625000
0.625000
0.620833
0.362500
0.258333
0.629167
0.316667
0.304167
0.625000
0.625000
0.625000
0.287500
0.341667
0.295833
0.325000
0.629167
0.625000
0.629167
0.625000
0.629167
0.629167
0.770833
0.783333
0.341667
0.637500
0.633333
0.633333
0.633333
0.633333
0.637500
0.637500
0.633333
0.633333
0.641667
0.637500
0.633333
0.225000
0.412500
0.400000
0.237500
0.637500
0.633333
0.766667
0.504167
0.416667
0.216667
0.320833
0.316667
0.633333
0.629167
0.633333
0.287500
0.341667
0.362500
0.270833
0.629167
0.625000
0.637500
0.629167
0.629167
0.629167
0.625000
0.337500
0.412500
0.341667
0.166667
0.483333
0.150000
0.287500
0.608333
0.358333
0.633333
0.625000
0.620833
0.637500
0.629167
0.629167
0.754167
1.366667
0.629167
0.383333
0.629167
0.629167
0.100000
0.525000
0.629167
0.191667
0.429167
0.629167
0.629167
0.625000
0.633333
0.620833
0.629167
0.629167
0.625000
0.629167
1.150000
0.741667
0.762500
0.487500
0.629167
0.625000
0.625000
0.629167
0.625000
0.620833
0.629167
0.233333
0.391667
0.600000
0.654167
0.620833
0.625000
0.625000
0.625000
0.620833
0.625000
0.629167
0.620833
0.625000
0.629167
0.241667
0.383333
0.625000
0.141667
0.487500
0.500000
0.125000
0.225000
0.404167
0.308333
0.554167
0.395833
0.200000
0.429167
0.620833
0.633333
0.629167
0.625000
0.629167
0.629167
0.629167
0.633333
0.633333
0.629167
0.704167
0.558333
0.629167
0.637500
0.237500
0.395833
0.625000
0.462500
0.808333
0.275000
0.354167
0.629167
0.637500
0.625000
0.629167
0.633333
0.625000
0.629167
0.629167
0.625000
0.633333
0.291667
0.333333
0.629167
0.620833
0.629167
0.629167
0.725000
0.291667
0.437500
0.412500
0.325000
0.345833
0.575000
0.620833
0.220833
0.404167
0.620833
0.620833
0.616667
0.625000
0.625000
0.537500
0.554167
0.166667
0.620833
0.620833
0.629167
0.120833
0.937500
0.825000
0.625000
0.441667
0.816667
0.287500
0.120833
0.429167
0.425000
0.629167
0.216667
0.412500
0.479167
0.595833
0.554167
0.279167
0.854167
0.300000
0.420833
0.862500
1.395833
0.666667
0.625000
1.187500
0.370833
0.716667
0.350000
0.620833
0.441667
0.204167
0.641667
0.637500
0.291667
0.337500
0.937500
0.716667
0.904167
0.633333
