0.750000
0.750000
0.750000
0.754167
0.750000
0.750000
0.745833
0.754167
0.750000
0.750000
0.750000
0.754167
0.750000
0.750000
0.750000
0.754167
0.750000
0.754167
0.750000
0.758333
0.750000
0.750000
0.750000
0.754167
0.754167
0.750000
0.754167
0.754167
0.750000
0.754167
0.750000
0.754167
0.750000
0.762500
0.754167
0.754167
0.750000
0.754167
0.750000
0.754167
0.754167
0.750000
0.754167
0.754167
0.750000
0.754167
0.750000
0.754167
0.750000
0.754167
0.750000
0.754167
0.750000
0.750000
0.750000
0.754167
0.750000
0.750000
0.745833
0.754167
0.750000
0.750000
0.750000
0.754167
0.750000
0.750000
0.754167
0.750000
0.754167
0.750000
0.754167
0.750000
0.754167
0.750000
0.750000
0.750000
0.750000
0.745833
0.745833
0.750000
0.745833
0.745833
0.741667
0.750000
0.741667
0.741667
0.741667
0.745833
0.745833
0.741667
0.741667
0.750000
0.741667
0.745833
0.745833
0.745833
0.745833
0.745833
0.745833
0.750000
0.745833
0.750000
0.745833
0.750000
0.745833
0.750000
0.745833
0.750000
0.750000
0.750000
0.745833
0.750000
0.750000
0.750000
0.750000
0.750000
0.750000
0.750000
0.750000
0.750000
0.750000
0.750000
0.754167
0.754167
0.750000
0.754167
0.750000
0.754167
0.754167
0.754167
0.754167
0.754167
0.754167
0.754167
0.754167
0.754167
0.758333
0.754167
0.754167
0.758333
0.754167
0.758333
0.758333
0.758333
0.754167
0.758333
0.758333
0.762500
0.754167
0.758333
0.762500
0.758333
0.758333
0.758333
0.762500
0.758333
0.758333
0.762500
0.758333
0.762500
0.758333
0.762500
0.762500
0.758333
0.762500
0.758333
0.766667
0.758333
0.762500
0.762500
0.762500
0.762500
0.762500
0.758333
0.766667
0.762500
0.762500
0.762500
0.766667
0.762500
0.762500
0.762500
0.770833
0.762500
0.762500
0.766667
0.766667
0.762500
0.766667
0.766667
0.766667
0.766667
0.762500
0.766667
0.766667
0.766667
0.766667
0.766667
0.766667
0.762500
0.766667
0.766667
0.766667
0.762500
0.766667
0.766667
0.766667
0.766667
0.762500
0.770833
0.766667
0.762500
0.766667
0.766667
0.766667
0.766667
0.766667
0.766667
0.766667
0.766667
0.766667
0.770833
0.766667
0.762500
0.766667
0.775000
0.762500
0.770833
0.766667
0.770833
0.766667
0.766667
0.770833
0.770833
0.766667
0.766667
0.770833
0.770833
0.766667
0.770833
0.770833
0.770833
0.766667
0.766667
0.770833
0.770833
0.766667
0.766667
0.770833
0.770833
0.766667
0.766667
0.770833
0.770833
0.766667
0.770833
0.770833
0.766667
0.766667
0.770833
0.770833
0.766667
0.770833
0.766667
0.775000
0.766667
0.770833
0.770833
0.770833
0.770833
0.770833
0.770833
0.775000
0.766667
0.770833
0.775000
0.770833
0.770833
0.770833
0.775000
0.770833
0.770833
0.775000
0.775000
0.770833
0.770833
0.770833
0.775000
0.770833
0.775000
0.770833
0.770833
0.770833
0.770833
0.770833
0.775000
0.766667
0.770833
0.770833
0.775000
0.766667
0.770833
0.766667
0.770833
0.766667
0.766667
0.770833
0.766667
0.766667
0.762500
0.766667
0.770833
0.762500
0.766667
0.762500
0.766667
0.766667
0.762500
0.766667
0.762500
0.766667
0.762500
0.762500
0.766667
0.762500
0.762500
0.766667
0.762500
0.762500
0.762500
0.762500
0.762500
0.762500
0.758333
0.762500
0.758333
0.758333
0.758333
0.575000
0.887500
0.775000
0.762500
0.766667
0.762500
0.758333
0.758333
0.758333
0.758333
0.754167
0.754167
0.758333
0.754167
0.750000
0.754167
0.754167
0.754167
0.750000
0.754167
0.754167
0.750000
0.754167
0.750000
0.754167
0.754167
0.754167
0.637500
0.850000
0.750000
0.758333
0.754167
0.758333
0.462500
0.887500
0.775000
0.770833
0.758333
0.762500
0.758333
0.758333
0.754167
0.758333
0.754167
0.754167
0.754167
0.754167
0.754167
0.754167
0.750000
0.754167
0.750000
0.754167
0.750000
0.754167
0.750000
0.754167
0.750000
0.754167
0.750000
0.754167
0.750000
0.750000
0.750000
0.754167
0.750000
0.745833
0.750000
0.754167
0.745833
0.629167
0.854167
0.754167
0.616667
0.866667
0.750000
0.758333
0.754167
0.754167
0.750000
0.754167
0.750000
0.750000
0.754167
0.750000
0.750000
0.750000
0.754167
0.750000
0.754167
0.750000
0.750000
0.754167
0.750000
0.750000
0.750000
0.754167
0.750000
0.750000
0.754167
0.750000
0.750000
0.750000
0.750000
0.750000
0.750000
0.750000
0.750000
0.750000
0.745833
0.750000
0.745833
0.750000
0.745833
0.750000
0.745833
0.745833
0.745833
0.750000
0.745833
0.745833
0.745833
0.745833
0.745833
0.745833
0.745833
0.745833
0.745833
0.745833
0.745833
0.745833
0.745833
0.745833
0.745833
0.745833
0.745833
0.745833
0.750000
0.741667
0.745833
0.745833
0.745833
0.741667
0.745833
0.741667
0.745833
0.741667
0.741667
0.737500
0.741667
0.741667
0.741667
0.733333
0.745833
0.741667
0.737500
0.737500
0.745833
0.737500
0.741667
0.737500
0.741667
0.741667
0.741667
0.737500
0.741667
0.741667
0.741667
0.737500
0.745833
0.737500
0.741667
0.737500
0.741667
0.741667
0.741667
0.737500
0.741667
0.737500
0.741667
0.737500
0.541667
0.862500
0.758333
0.745833
0.750000
0.741667
0.741667
0.741667
0.741667
0.741667
0.737500
0.741667
0.741667
0.737500
0.741667
0.737500
0.741667
0.737500
0.741667
0.604167
0.845833
0.745833
0.741667
0.745833
0.741667
0.741667
0.600000
0.854167
0.750000
0.620833
0.850000
0.745833
0.745833
0.745833
0.745833
0.741667
0.741667
0.745833
0.745833
0.741667
0.741667
0.745833
0.741667
0.741667
0.741667
0.608333
0.854167
0.750000
0.750000
0.750000
0.745833
0.745833
0.745833
0.608333
0.862500
0.745833
0.750000
0.750000
0.745833
0.750000
0.745833
0.745833
0.745833
0.745833
0.745833
0.745833
0.745833
0.745833
0.741667
0.745833
0.741667
0.745833
0.741667
0.745833
0.741667
0.741667
0.745833
0.745833
0.741667
0.741667
0.741667
0.745833
0.745833
0.741667
0.741667
0.745833
0.741667
0.741667
0.741667
0.745833
0.745833
0.741667
0.741667
0.745833
0.741667
0.741667
0.616667
0.845833
0.745833
0.745833
0.616667
0.850000
0.745833
0.741667
0.745833
0.745833
0.745833
0.741667
0.737500
0.745833
0.741667
0.737500
0.737500
0.741667
0.741667
0.737500
0.741667
0.741667
0.737500
0.741667
0.741667
0.737500
0.741667
0.741667
0.741667
0.741667
0.741667
0.741667
0.741667
0.741667
0.741667
0.745833
0.741667
0.741667
0.745833
0.741667
0.741667
0.745833
0.741667
0.745833
0.454167
0.287500
0.604167
0.141667
0.745833
0.741667
0.745833
0.741667
0.745833
0.745833
0.745833
0.741667
0.745833
0.745833
0.745833
0.741667
0.750000
0.741667
0.745833
0.745833
0.745833
0.741667
0.745833
0.741667
0.745833
0.741667
0.741667
0.745833
0.741667
0.741667
0.741667
0.741667
0.745833
0.741667
0.741667
0.741667
0.745833
0.741667
0.741667
0.741667
0.745833
0.741667
0.741667
0.741667
0.745833
0.741667
0.741667
0.741667
0.745833
0.741667
0.741667
0.741667
0.741667
0.741667
0.737500
0.741667
0.741667
0.737500
0.741667
0.737500
0.745833
0.737500
0.741667
0.737500
0.741667
0.741667
0.741667
0.737500
0.741667
0.741667
0.741667
0.741667
0.741667
0.741667
0.737500
0.741667
0.745833
0.741667
0.741667
0.741667
0.741667
0.745833
0.550000
0.870833
0.758333
0.691667
0.804167
0.750000
0.750000
0.745833
0.750000
0.745833
0.745833
0.745833
0.745833
0.745833
0.745833
0.745833
0.741667
0.745833
0.745833
0.745833
0.745833
0.745833
0.745833
0.745833
0.745833
0.745833
0.745833
0.745833
0.750000
0.745833
0.745833
0.750000
0.750000
0.750000
0.750000
0.750000
0.750000
0.745833
0.750000
0.750000
0.754167
0.750000
0.741667
0.754167
0.750000
0.750000
0.745833
0.750000
0.750000
0.754167
0.745833
0.754167
0.750000
0.750000
0.750000
0.754167
0.750000
0.754167
0.750000
0.750000
0.754167
0.687500
0.804167
0.750000
0.750000
0.754167
0.750000
0.750000
0.750000
0.745833
0.750000
0.750000
0.745833
0.754167
0.745833
0.750000
0.750000
0.750000
0.745833
0.750000
0.750000
0.745833
0.750000
0.750000
0.745833
0.750000
0.750000
0.750000
0.750000
0.750000
0.750000
