1.020833
0.966667
1.004167
1.012500
0.958333
0.995833
1.008333
0.966667
1.016667
1.000000
0.966667
1.008333
0.995833
0.954167
0.991667
1.020833
0.970833
1.000000
1.008333
0.958333
1.000000
1.000000
0.970833
1.029167
1.041667
0.991667
1.041667
0.995833
0.983333
1.041667
1.004167
0.966667
0.995833
0.995833
0.945833
1.041667
0.995833
0.970833
1.000000
1.008333
0.950000
1.004167
0.995833
0.941667
0.991667
0.979167
0.900000
0.920833
0.933333
0.895833
0.950000
0.900000
0.987500
0.995833
0.962500
1.041667
0.991667
1.087500
1.041667
1.033333
1.050000
1.000000
1.070833
1.008333
0.979167
1.037500
0.966667
1.029167
0.987500
0.954167
1.016667
0.987500
0.929167
1.012500
0.966667
0.950000
0.991667
0.966667
0.941667
0.991667
0.954167
0.912500
0.987500
0.975000
0.937500
0.983333
0.975000
0.933333
1.000000
0.962500
0.941667
1.000000
0.970833
0.937500
0.991667
0.975000
0.950000
1.016667
0.958333
0.933333
1.000000
0.945833
0.983333
0.987500
0.941667
1.000000
0.966667
0.954167
0.904167
1.625000
1.245833
0.858333
0.787500
0.854167
0.900000
0.841667
0.995833
0.929167
0.862500
1.370833
1.075000
0.941667
0.937500
0.916667
0.966667
0.950000
0.929167
0.966667
0.941667
0.991667
1.000000
0.945833
1.004167
0.941667
0.995833
0.975000
0.941667
1.008333
0.983333
0.937500
1.008333
0.966667
0.929167
0.987500
0.975000
0.933333
0.950000
0.966667
0.916667
0.987500
0.966667
0.929167
0.991667
0.925000
0.983333
0.958333
0.954167
1.016667
0.950000
1.008333
1.008333
0.962500
1.020833
0.983333
0.950000
1.012500
0.966667
0.941667
0.995833
0.966667
0.945833
1.012500
0.983333
0.937500
1.004167
0.975000
0.941667
1.004167
0.966667
0.933333
0.995833
0.950000
0.916667
0.987500
0.958333
0.920833
1.000000
0.941667
0.991667
0.991667
0.950000
0.991667
0.954167
0.991667
0.970833
0.937500
0.991667
0.937500
1.012500
0.975000
0.941667
0.991667
0.958333
0.945833
1.008333
0.979167
0.945833
1.012500
0.970833
0.912500
0.987500
0.970833
0.916667
0.983333
0.970833
0.929167
0.991667
0.975000
0.916667
0.966667
0.908333
0.975000
1.000000
0.941667
1.058333
1.000000
0.954167
1.033333
0.995833
0.970833
1.016667
1.004167
0.958333
1.012500
0.995833
0.958333
1.008333
1.000000
0.966667
1.029167
0.983333
0.958333
1.045833
1.004167
0.945833
0.995833
0.950000
0.966667
1.004167
0.937500
0.983333
0.983333
0.929167
0.975000
0.966667
0.941667
0.983333
0.941667
1.000000
0.995833
0.950000
1.004167
0.995833
0.941667
1.000000
0.937500
0.900000
0.850000
0.725000
0.741667
0.833333
0.725000
0.675000
0.683333
0.683333
0.670833
0.654167
0.633333
0.641667
0.666667
0.675000
0.658333
0.662500
0.316667
0.429167
0.604167
0.683333
0.683333
0.683333
0.704167
0.708333
0.725000
0.745833
0.712500
0.725000
0.720833
0.745833
0.720833
0.762500
0.800000
0.866667
0.783333
0.537500
0.275000
0.795833
0.825000
0.787500
0.812500
0.858333
0.862500
0.804167
0.825000
0.845833
0.791667
0.816667
0.833333
0.883333
1.591667
0.945833
0.912500
0.816667
0.795833
0.845833
0.870833
0.920833
0.908333
0.816667
0.887500
0.929167
0.908333
0.820833
0.812500
0.800000
0.791667
0.766667
0.800000
0.916667
0.916667
0.862500
1.345833
1.025000
0.895833
0.870833
0.870833
0.837500
0.895833
0.900000
0.879167
0.916667
0.950000
0.900000
0.937500
0.945833
0.887500
0.908333
0.912500
0.862500
0.825000
0.770833
0.712500
0.712500
0.266667
0.462500
0.570833
0.162500
0.400000
0.333333
0.254167
0.183333
0.662500
0.254167
0.604167
0.475000
0.308333
0.750000
0.670833
0.758333
0.704167
0.104167
0.325000
0.420833
0.791667
0.600000
0.350000
0.545833
0.470833
0.279167
1.016667
0.262500
0.266667
0.616667
0.412500
0.220833
0.062500
0.358333
0.295833
0.458333
0.575000
0.595833
0.679167
0.666667
0.666667
0.679167
0.270833
1.154167
0.745833
1.029167
1.379167
0.450000
0.737500
0.708333
0.716667
1.475000
0.741667
0.716667
0.729167
0.733333
0.737500
1.450000
1.454167
0.725000
1.158333
0.266667
0.720833
1.441667
1.366667
0.775000
0.670833
0.037500
0.725000
0.716667
1.445833
1.179167
0.287500
0.745833
1.191667
0.945833
0.720833
0.733333
0.708333
0.720833
0.729167
0.733333
0.925000
0.525000
1.441667
0.720833
0.725000
1.420833
0.708333
0.725000
0.708333
0.712500
0.266667
1.337500
0.491667
0.704167
0.954167
0.458333
1.091667
0.304167
0.683333
0.708333
0.700000
0.679167
0.541667
0.775000
0.983333
0.412500
0.425000
0.137500
0.654167
0.629167
0.666667
0.312500
0.337500
0.658333
0.679167
0.329167
0.345833
0.670833
0.679167
0.783333
0.220833
0.220833
0.779167
0.654167
1.329167
0.658333
0.883333
0.429167
0.625000
0.616667
1.241667
0.637500
1.379167
0.212500
0.341667
0.608333
0.591667
0.216667
0.541667
0.487500
0.562500
0.666667
0.320833
0.783333
0.779167
0.625000
0.608333
0.620833
0.620833
0.620833
1.229167
0.620833
1.245833
1.095833
1.266667
1.583333
1.387500
1.116667
0.462500
0.241667
0.395833
0.645833
0.212500
0.441667
0.795833
0.620833
0.666667
0.854167
0.275000
0.666667
1.316667
0.658333
0.666667
0.241667
0.420833
0.675000
1.345833
0.229167
0.433333
1.050000
0.295833
0.687500
0.687500
0.337500
0.333333
0.337500
0.458333
0.545833
0.679167
0.220833
0.662500
0.554167
0.566667
0.670833
0.370833
0.291667
0.683333
0.675000
0.387500
0.275000
0.129167
0.533333
0.666667
0.683333
0.670833
0.683333
0.675000
0.670833
0.687500
1.370833
0.666667
1.383333
0.687500
0.708333
1.166667
0.204167
1.412500
0.729167
0.712500
0.708333
0.720833
0.729167
0.733333
0.583333
0.837500
1.454167
0.737500
0.458333
0.258333
0.275000
0.491667
0.675000
0.729167
0.745833
0.716667
1.237500
0.208333
0.720833
0.729167
0.716667
1.429167
0.729167
0.733333
0.712500
0.733333
0.729167
0.745833
0.716667
0.233333
0.450000
0.700000
0.550000
0.116667
0.670833
0.645833
0.633333
1.250000
0.629167
0.629167
1.266667
0.654167
0.637500
0.629167
0.641667
0.633333
0.604167
0.637500
1.266667
0.633333
0.633333
0.633333
0.654167
0.662500
0.658333
0.333333
0.312500
0.400000
0.241667
0.250000
0.391667
0.570833
0.254167
0.379167
0.691667
0.325000
0.308333
0.458333
0.191667
0.558333
0.283333
0.433333
0.383333
0.275000
0.341667
0.295833
0.466667
0.304167
0.529167
0.650000
0.650000
0.141667
0.520833
0.637500
0.654167
0.558333
0.779167
0.666667
0.229167
0.425000
0.200000
0.462500
0.520833
0.362500
0.487500
0.516667
0.633333
0.220833
0.683333
0.695833
0.383333
0.329167
0.712500
0.683333
0.679167
0.220833
0.466667
0.420833
0.283333
0.704167
0.500000
0.187500
0.237500
0.450000
0.475000
0.220833
0.683333
0.237500
0.466667
0.679167
0.291667
0.370833
0.216667
0.691667
0.341667
0.829167
0.237500
0.433333
0.437500
0.250000
0.233333
0.695833
0.429167
0.679167
0.275000
0.400000
0.175000
0.491667
0.220833
0.445833
0.212500
0.487500
0.683333
0.816667
0.529167
0.670833
0.666667
0.670833
0.375000
0.300000
1.045833
0.804167
0.862500
1.245833
0.825000
0.683333
1.420833
0.529167
1.558333
0.716667
0.362500
0.325000
0.312500
0.375000
0.554167
0.112500
0.679167
0.675000
0.629167
0.650000
0.662500
0.645833
0.358333
0.329167
0.666667
0.462500
0.879167
0.679167
1.333333
0.637500
1.062500
0.112500
0.837500
0.716667
0.595833
0.658333
0.300000
1.000000
0.662500
0.245833
0.354167
0.587500
1.004167
0.395833
0.233333
1.058333
0.250000
0.508333
0.508333
0.641667
0.604167
1.333333
0.820833
0.466667
0.558333
0.758333
1.316667
0.958333
0.370833
0.662500
0.637500
0.645833
0.462500
0.825000
0.645833
0.645833
0.820833
0.458333
0.633333
0.691667
0.250000
0.937500
0.633333
0.862500
0.400000
0.625000
0.633333
1.250000
0.325000
0.300000
0.616667
0.291667
0.958333
1.062500
0.195833
0.616667
0.829167
1.012500
0.795833
0.387500
