0.595833
0.595833
0.587500
0.595833
0.591667
0.591667
0.587500
0.600000
0.591667
0.591667
0.595833
0.591667
0.591667
0.595833
0.591667
0.587500
0.600000
0.591667
0.591667
0.591667
0.591667
0.595833
0.591667
0.587500
0.595833
0.591667
0.591667
0.587500
0.591667
0.591667
0.587500
0.591667
0.587500
0.162500
0.425000
0.591667
0.454167
0.720833
0.583333
0.200000
0.387500
0.245833
0.337500
0.587500
0.587500
0.583333
0.587500
0.583333
0.587500
0.587500
0.587500
0.583333
0.583333
0.583333
0.287500
0.383333
0.720833
0.504167
0.216667
0.216667
0.579167
0.579167
0.579167
0.579167
0.583333
0.579167
0.587500
0.583333
0.587500
0.583333
0.454167
0.337500
0.375000
0.891667
0.275000
0.583333
0.583333
0.583333
0.579167
0.587500
0.583333
0.583333
0.579167
0.583333
0.583333
0.587500
0.579167
0.587500
0.587500
0.587500
0.583333
1.170833
0.583333
0.587500
0.583333
0.587500
0.587500
0.583333
0.587500
0.587500
0.583333
0.587500
0.587500
0.587500
0.583333
0.587500
0.587500
0.583333
0.587500
0.587500
0.587500
0.587500
0.583333
0.587500
0.587500
0.587500
0.583333
0.583333
0.591667
0.583333
0.587500
0.587500
0.587500
0.583333
0.583333
0.595833
0.591667
0.587500
0.587500
0.591667
0.587500
0.587500
0.591667
0.591667
0.591667
0.591667
0.591667
0.591667
0.587500
0.587500
0.595833
0.591667
0.587500
0.583333
0.600000
0.591667
0.591667
0.583333
0.595833
0.591667
0.591667
0.579167
0.600000
0.591667
0.587500
0.591667
0.587500
0.591667
0.591667
0.587500
0.591667
0.587500
0.587500
0.587500
0.587500
0.583333
0.587500
0.587500
0.583333
0.591667
0.583333
0.587500
0.583333
0.587500
0.583333
0.587500
0.583333
0.583333
0.587500
0.579167
0.591667
0.583333
0.583333
0.583333
0.716667
0.450000
0.583333
0.583333
0.583333
0.583333
0.587500
0.583333
0.587500
0.579167
0.583333
0.579167
0.583333
0.587500
0.579167
0.583333
0.579167
0.583333
0.583333
0.575000
0.583333
1.158333
0.583333
0.579167
0.579167
0.579167
0.579167
0.579167
0.579167
0.579167
0.583333
0.587500
0.579167
0.583333
0.579167
0.583333
0.579167
0.583333
0.583333
0.579167
0.583333
0.583333
0.579167
0.587500
0.579167
0.583333
0.583333
0.583333
0.583333
0.583333
0.579167
0.583333
0.587500
0.583333
0.579167
0.583333
0.587500
0.583333
0.587500
0.591667
0.587500
0.587500
0.587500
0.587500
0.583333
0.587500
0.583333
0.587500
0.587500
0.583333
0.587500
0.587500
0.587500
0.587500
0.583333
0.587500
0.587500
0.587500
0.587500
0.587500
0.587500
0.583333
0.587500
0.591667
0.587500
0.587500
0.591667
0.587500
0.587500
0.583333
0.583333
0.587500
0.587500
0.587500
0.587500
0.587500
0.587500
0.591667
0.583333
0.587500
0.591667
0.587500
0.583333
0.591667
0.595833
0.587500
0.591667
0.583333
0.595833
0.591667
0.591667
0.591667
0.591667
0.591667
0.587500
0.595833
0.595833
0.591667
0.583333
0.600000
0.595833
0.591667
0.595833
0.595833
0.591667
0.591667
0.595833
0.595833
0.591667
0.591667
0.595833
0.591667
0.587500
0.595833
0.591667
0.591667
0.595833
0.591667
0.591667
0.591667
0.595833
0.587500
0.595833
0.591667
0.591667
0.587500
0.595833
0.591667
0.591667
0.591667
0.595833
0.587500
0.595833
0.591667
0.591667
0.591667
0.595833
0.591667
0.579167
0.600000
0.595833
0.591667
0.591667
0.595833
0.591667
0.591667
0.591667
0.587500
0.587500
0.595833
0.587500
0.591667
0.591667
0.591667
0.587500
0.591667
0.587500
0.583333
0.591667
0.595833
0.587500
0.579167
0.595833
0.595833
0.587500
0.583333
0.600000
0.591667
0.587500
0.587500
0.595833
0.591667
0.583333
0.600000
0.591667
0.591667
0.579167
0.600000
0.591667
0.591667
0.591667
0.587500
0.591667
0.591667
0.591667
0.587500
0.591667
0.591667
0.591667
0.591667
0.587500
0.595833
0.591667
0.591667
0.591667
0.595833
0.587500
0.587500
0.600000
0.591667
0.587500
0.587500
0.600000
0.591667
0.591667
0.591667
0.600000
0.591667
0.587500
0.595833
0.595833
0.587500
0.591667
0.595833
0.587500
0.591667
0.591667
0.591667
0.587500
0.595833
0.595833
0.587500
0.587500
0.595833
0.595833
0.591667
0.587500
0.595833
0.591667
0.587500
0.591667
0.591667
0.591667
0.591667
0.591667
0.587500
0.591667
0.591667
0.591667
0.591667
0.587500
0.591667
0.587500
0.591667
0.587500
0.587500
0.591667
0.587500
0.587500
0.591667
0.587500
0.587500
0.591667
0.587500
0.591667
0.587500
0.591667
0.591667
0.587500
0.591667
0.587500
0.591667
0.591667
0.587500
0.591667
0.591667
0.587500
0.591667
0.595833
0.587500
0.591667
0.591667
0.591667
0.587500
0.591667
0.595833
0.587500
0.591667
0.591667
0.591667
0.591667
0.591667
0.595833
0.591667
0.583333
0.595833
0.591667
0.591667
0.591667
0.591667
0.587500
0.587500
0.600000
0.591667
0.591667
0.583333
0.600000
0.595833
0.591667
0.591667
0.600000
0.591667
0.595833
0.591667
0.600000
0.591667
0.595833
0.595833
0.595833
0.595833
0.595833
0.591667
0.595833
0.600000
0.591667
0.595833
0.595833
0.595833
0.595833
0.600000
0.591667
0.595833
0.595833
0.595833
0.595833
0.600000
0.591667
0.595833
0.600000
0.591667
0.591667
0.595833
0.595833
0.595833
0.595833
0.591667
0.595833
0.591667
0.595833
0.587500
0.595833
0.600000
0.591667
0.591667
0.595833
0.591667
0.591667
0.595833
0.591667
0.591667
0.595833
0.591667
0.591667
0.595833
0.591667
0.587500
0.600000
0.595833
0.591667
0.587500
0.600000
0.600000
0.591667
0.591667
0.595833
0.600000
0.591667
0.591667
0.600000
0.600000
0.591667
0.595833
0.595833
0.595833
0.512500
0.658333
0.595833
0.595833
0.591667
0.587500
0.600000
0.591667
0.595833
0.591667
0.595833
0.591667
0.583333
0.604167
0.595833
0.595833
0.600000
0.591667
0.595833
0.587500
0.604167
0.595833
0.591667
0.604167
0.595833
0.595833
0.595833
0.595833
0.595833
0.591667
0.595833
0.595833
0.595833
0.595833
0.595833
0.591667
0.595833
0.595833
0.591667
0.595833
0.595833
0.591667
0.604167
0.595833
0.595833
0.595833
0.600000
0.595833
0.591667
0.600000
0.600000
0.600000
0.591667
0.600000
0.595833
0.591667
0.600000
0.600000
0.591667
0.600000
0.595833
0.595833
0.595833
0.600000
0.591667
0.591667
0.600000
0.591667
0.595833
0.591667
0.600000
0.595833
0.595833
0.595833
0.566667
0.625000
0.595833
0.595833
0.591667
0.591667
0.595833
0.591667
0.587500
0.595833
0.591667
0.587500
0.595833
0.591667
0.591667
0.591667
0.591667
0.587500
0.595833
0.591667
0.587500
0.595833
0.591667
0.587500
0.587500
0.600000
0.595833
0.591667
0.591667
0.600000
0.595833
0.587500
0.595833
0.591667
0.591667
0.591667
0.595833
0.591667
0.591667
0.591667
0.591667
0.587500
0.591667
0.591667
0.591667
0.591667
0.591667
0.591667
0.587500
0.595833
0.595833
0.591667
0.583333
0.595833
0.595833
0.591667
0.595833
0.591667
0.591667
0.591667
0.595833
0.595833
0.591667
0.587500
0.600000
0.595833
0.591667
0.591667
0.595833
0.591667
0.595833
0.595833
0.595833
0.591667
0.591667
0.595833
0.591667
0.591667
0.595833
0.595833
0.591667
0.595833
0.591667
0.591667
0.595833
0.600000
0.595833
0.591667
0.600000
0.595833
0.595833
0.595833
0.600000
0.595833
0.591667
0.600000
0.595833
0.595833
0.595833
0.595833
0.600000
0.591667
0.595833
0.595833
0.600000
0.591667
0.595833
0.600000
0.595833
0.595833
0.595833
0.595833
0.600000
0.595833
0.591667
0.600000
0.595833
0.595833
0.595833
0.600000
0.595833
0.595833
0.595833
0.595833
0.595833
0.591667
0.600000
0.595833
0.591667
0.604167
0.600000
0.595833
0.591667
0.600000
0.604167
0.595833
0.595833
0.604167
0.604167
0.595833
0.595833
0.604167
0.604167
0.600000
0.595833
0.604167
0.604167
0.604167
0.595833
0.608333
0.604167
0.600000
0.600000
0.608333
0.600000
0.604167
0.600000
0.604167
0.604167
0.604167
0.591667
0.608333
0.600000
0.604167
0.591667
0.608333
0.600000
0.600000
0.600000
0.600000
0.600000
0.595833
0.600000
0.600000
0.591667
0.604167
0.595833
0.600000
0.595833
0.595833
0.600000
0.591667
0.600000
0.600000
0.591667
0.591667
0.595833
0.595833
0.591667
0.595833
0.591667
0.591667
0.591667
0.591667
0.591667
0.591667
0.591667
0.583333
0.595833
0.591667
0.591667
0.591667
0.591667
0.587500
0.591667
0.591667
0.595833
0.591667
0.587500
0.595833
0.591667
0.587500
0.591667
0.595833
0.591667
0.591667
0.595833
0.595833
0.591667
0.591667
0.595833
0.591667
0.587500
0.591667
0.591667
0.587500
0.591667
0.587500
0.587500
0.591667
0.587500
0.587500
0.587500
0.587500
0.591667
0.587500
0.587500
0.587500
0.591667
0.583333
0.587500
0.587500
0.587500
0.583333
0.587500
0.587500
0.591667
0.583333
0.591667
0.591667
0.587500
0.587500
0.591667
0.591667
0.587500
0.583333
0.595833
0.587500
0.587500
0.591667
0.591667
0.587500
0.591667
0.591667
0.595833
0.587500
0.591667
0.591667
0.591667
0.591667
0.591667
0.591667
0.591667
0.595833
0.587500
0.591667
0.595833
0.595833
0.591667
0.591667
0.595833
0.595833
0.591667
0.591667
0.595833
0.595833
0.591667
0.591667
0.595833
0.595833
0.595833
0.587500
0.600000
0.595833
0.591667
0.600000
0.591667
0.591667
0.595833
0.600000
0.595833
0.591667
0.595833
0.595833
0.591667
0.591667
0.600000
0.595833
0.591667
0.595833
0.595833
0.591667
0.595833
0.595833
0.595833
0.591667
0.591667
0.600000
0.591667
0.591667
0.600000
0.600000
0.595833
0.591667
0.600000
0.591667
0.591667
0.600000
0.595833
0.591667
0.595833
0.595833
0.587500
0.595833
0.595833
0.595833
0.591667
0.587500
0.595833
0.595833
0.595833
0.591667
0.595833
0.587500
0.591667
0.595833
0.591667
0.591667
0.595833
0.591667
0.587500
0.600000
0.591667
0.591667
0.587500
0.600000
0.595833
0.591667
0.595833
0.595833
0.591667
0.595833
0.595833
0.591667
0.591667
0.591667
0.595833
0.591667
0.595833
0.595833
0.595833
0.591667
0.591667
0.600000
0.595833
0.591667
0.591667
0.375000
0.700000
0.625000
0.608333
0.604167
0.604167
0.600000
0.591667
0.604167
0.600000
0.595833
0.587500
0.600000
0.600000
0.591667
0.591667
0.600000
0.600000
0.595833
0.583333
0.604167
0.595833
0.591667
0.587500
0.595833
0.587500
0.591667
0.591667
0.591667
0.587500
