1.291667
1.316667
1.275000
1.312500
1.308333
1.320833
1.333333
1.329167
1.354167
1.362500
1.370833
1.308333
2.654167
1.320833
1.320833
1.283333
1.329167
1.337500
1.308333
1.333333
1.266667
1.241667
1.258333
1.162500
1.191667
1.345833
1.258333
1.245833
1.187500
1.262500
1.312500
1.241667
1.370833
1.266667
1.254167
1.354167
1.162500
1.316667
1.304167
1.329167
1.333333
1.370833
1.341667
1.275000
1.300000
1.300000
1.300000
1.312500
1.283333
1.266667
1.333333
1.270833
1.270833
1.383333
1.304167
1.316667
1.283333
1.320833
1.320833
1.058333
0.187500
1.258333
1.266667
1.245833
1.383333
1.366667
1.354167
1.320833
1.258333
1.379167
1.370833
1.345833
1.341667
1.308333
1.300000
1.366667
1.258333
1.312500
1.320833
1.225000
1.320833
1.283333
1.279167
1.320833
1.237500
1.283333
1.241667
1.183333
1.216667
1.283333
1.241667
1.316667
1.279167
0.345833
0.954167
0.287500
0.937500
0.883333
0.329167
0.370833
0.779167
1.312500
1.262500
1.333333
1.345833
1.316667
1.279167
1.329167
1.445833
1.150000
1.487500
1.366667
1.429167
1.329167
1.404167
1.341667
1.375000
1.408333
1.354167
2.537500
0.220833
1.387500
1.400000
1.370833
1.391667
1.408333
1.350000
0.741667
0.658333
1.375000
1.379167
1.400000
1.375000
2.104167
0.533333
0.104167
0.387500
0.920833
1.333333
1.270833
1.237500
1.212500
1.333333
1.341667
1.304167
1.358333
1.341667
1.333333
1.383333
1.295833
1.370833
1.358333
1.254167
1.275000
1.262500
1.245833
1.275000
1.279167
1.304167
1.358333
1.358333
1.416667
1.375000
1.316667
1.366667
1.341667
1.291667
1.012500
0.275000
1.245833
0.795833
0.483333
0.629167
0.337500
0.337500
0.316667
0.929167
1.316667
1.329167
0.895833
0.433333
1.337500
1.316667
1.320833
1.354167
1.358333
1.312500
1.350000
0.725000
0.608333
0.245833
0.837500
0.245833
1.358333
1.316667
0.770833
0.487500
1.404167
1.320833
1.404167
1.350000
1.333333
1.333333
1.354167
1.362500
1.362500
1.362500
1.354167
2.154167
0.600000
1.416667
1.370833
1.350000
1.320833
1.375000
1.316667
1.312500
1.370833
1.316667
1.300000
1.316667
1.316667
1.325000
1.275000
1.391667
1.354167
1.308333
1.308333
1.295833
1.312500
1.820833
0.754167
1.270833
1.233333
1.258333
1.345833
1.350000
1.350000
0.525000
0.833333
0.416667
0.962500
1.304167
0.829167
0.441667
0.387500
0.891667
0.520833
0.775000
0.837500
0.466667
1.312500
1.162500
0.129167
0.729167
0.487500
0.345833
0.912500
1.287500
0.712500
0.575000
1.283333
1.325000
1.287500
0.904167
0.408333
0.870833
0.466667
1.320833
1.620833
0.912500
1.258333
1.291667
1.295833
0.516667
0.754167
1.287500
1.300000
1.279167
1.337500
1.316667
1.250000
1.175000
1.254167
1.262500
1.312500
1.295833
1.316667
1.283333
1.308333
1.300000
1.325000
1.333333
1.316667
1.258333
0.520833
0.783333
0.833333
0.450000
0.141667
0.375000
0.725000
0.970833
0.604167
0.520833
0.458333
0.483333
0.812500
1.295833
1.312500
1.070833
0.266667
1.341667
1.341667
1.312500
1.312500
1.316667
1.287500
1.283333
1.275000
1.262500
1.308333
1.270833
1.287500
1.270833
1.241667
1.262500
1.250000
1.270833
1.283333
1.245833
1.233333
1.258333
1.220833
1.212500
0.979167
0.254167
1.216667
1.254167
1.283333
1.245833
1.233333
1.229167
1.233333
1.225000
1.245833
1.225000
1.258333
1.275000
1.262500
1.250000
1.266667
1.270833
1.262500
1.229167
1.270833
1.287500
1.270833
1.266667
1.312500
1.300000
1.295833
1.241667
1.304167
1.283333
1.245833
1.229167
1.241667
1.295833
1.308333
1.345833
1.270833
1.275000
1.295833
1.270833
1.250000
1.250000
1.250000
1.229167
1.266667
1.308333
1.250000
1.266667
1.279167
1.237500
1.220833
1.241667
0.408333
0.812500
1.237500
1.254167
1.241667
1.220833
1.245833
1.237500
1.225000
1.141667
1.183333
1.162500
1.191667
1.254167
1.262500
1.283333
1.266667
1.329167
1.279167
1.370833
1.329167
1.354167
0.341667
0.241667
0.745833
2.162500
0.387500
1.262500
1.308333
1.295833
1.308333
1.366667
1.379167
1.337500
1.370833
1.350000
1.404167
1.329167
1.291667
1.366667
1.316667
1.320833
1.350000
1.308333
1.362500
1.304167
1.387500
1.391667
1.337500
1.420833
1.325000
1.345833
1.379167
1.350000
0.520833
0.787500
1.287500
1.300000
1.300000
1.308333
1.354167
1.312500
1.350000
1.341667
1.270833
1.325000
1.287500
1.341667
1.333333
1.262500
1.295833
1.304167
2.416667
0.229167
1.262500
1.329167
1.279167
1.279167
1.320833
2.633333
1.387500
0.554167
0.791667
1.316667
1.491667
1.204167
1.304167
1.312500
1.291667
1.245833
1.304167
1.291667
1.283333
1.287500
1.275000
1.316667
1.250000
0.937500
0.354167
1.283333
1.250000
1.258333
1.245833
1.287500
1.258333
1.262500
0.270833
1.004167
1.208333
1.145833
1.208333
1.187500
0.341667
0.395833
0.520833
1.283333
1.275000
1.300000
1.308333
1.350000
1.333333
1.304167
1.333333
1.350000
1.266667
1.275000
1.320833
1.304167
1.316667
1.300000
1.337500
1.400000
1.341667
1.333333
1.312500
1.304167
1.170833
1.154167
1.183333
