0.504167
0.733333
0.662500
0.658333
0.650000
0.637500
0.575000
0.704167
0.654167
0.654167
0.645833
0.504167
0.729167
0.666667
0.650000
0.470833
0.695833
0.737500
0.666667
0.650000
0.654167
1.241667
0.666667
0.666667
0.429167
0.875000
0.441667
0.837500
0.495833
0.825000
1.162500
0.741667
0.666667
0.445833
0.862500
0.462500
0.750000
0.708333
0.658333
0.654167
0.645833
1.250000
0.662500
0.658333
0.433333
0.862500
0.458333
0.820833
0.654167
0.654167
0.433333
0.733333
0.725000
0.662500
0.650000
0.654167
0.550000
0.704167
0.654167
0.658333
0.658333
0.537500
0.720833
0.658333
0.658333
0.662500
0.537500
0.725000
0.658333
0.654167
0.458333
0.729167
0.733333
0.666667
0.650000
0.662500
1.258333
0.666667
0.654167
0.645833
0.650000
0.487500
0.804167
0.654167
0.645833
0.641667
0.520833
0.725000
0.658333
0.654167
0.650000
0.650000
0.575000
0.695833
0.658333
0.658333
0.645833
0.512500
0.733333
0.666667
0.662500
0.462500
0.708333
0.741667
0.666667
0.666667
0.658333
1.237500
0.658333
0.662500
0.425000
0.741667
0.745833
0.654167
0.658333
0.658333
0.550000
0.720833
0.654167
0.658333
0.491667
0.679167
0.741667
0.666667
0.650000
0.662500
1.241667
0.675000
0.662500
0.650000
0.662500
0.470833
0.829167
1.325000
0.658333
0.662500
0.541667
0.733333
0.670833
0.658333
0.662500
0.658333
0.545833
0.729167
0.666667
0.650000
1.312500
0.491667
0.787500
0.654167
0.650000
0.425000
0.875000
0.512500
0.791667
0.200000
0.291667
0.816667
0.645833
0.520833
0.725000
0.200000
0.462500
0.658333
0.650000
0.641667
0.608333
0.675000
0.658333
0.658333
0.654167
0.254167
0.279167
0.720833
0.666667
0.658333
0.458333
0.733333
0.720833
0.500000
0.812500
0.654167
0.479167
0.800000
0.662500
0.654167
0.441667
0.766667
0.720833
0.662500
0.654167
0.650000
0.558333
0.716667
0.658333
0.662500
0.654167
0.566667
0.712500
0.662500
0.658333
0.658333
0.566667
0.712500
0.658333
0.654167
1.204167
0.716667
0.662500
0.658333
0.654167
0.479167
0.820833
1.304167
0.645833
0.554167
0.708333
0.658333
0.654167
0.650000
0.641667
0.654167
0.654167
0.658333
0.537500
0.720833
0.650000
0.658333
0.462500
0.737500
0.725000
0.654167
0.658333
0.654167
0.466667
0.795833
0.666667
0.650000
0.433333
0.837500
0.479167
0.870833
0.466667
0.850000
0.554167
0.716667
0.650000
0.658333
0.658333
0.616667
0.508333
0.829167
0.645833
0.533333
0.733333
0.666667
0.666667
0.650000
0.504167
0.737500
0.504167
0.820833
0.495833
0.804167
0.654167
0.654167
0.658333
0.650000
0.487500
0.725000
0.700000
0.650000
0.650000
0.637500
0.500000
0.779167
0.658333
0.654167
0.445833
0.858333
0.450000
0.858333
0.495833
0.795833
0.654167
0.658333
0.654167
0.537500
0.729167
0.662500
0.650000
0.658333
0.550000
0.716667
0.666667
0.654167
0.650000
0.620833
0.683333
0.662500
0.662500
0.654167
0.520833
0.737500
0.666667
0.666667
0.662500
0.508333
0.741667
0.662500
0.666667
0.475000
0.695833
0.729167
0.666667
0.658333
0.654167
1.258333
0.662500
0.654167
0.425000
0.754167
0.725000
0.662500
0.662500
0.658333
0.462500
0.795833
0.658333
0.658333
0.420833
0.791667
0.725000
0.654167
0.658333
0.658333
0.562500
0.720833
0.658333
0.650000
0.658333
0.587500
0.708333
0.658333
0.654167
0.654167
0.658333
0.658333
1.300000
0.466667
0.812500
0.666667
0.658333
0.437500
0.800000
0.512500
0.858333
1.304167
0.583333
0.704167
0.529167
0.779167
0.570833
0.720833
0.654167
0.654167
0.425000
0.870833
0.466667
0.825000
0.537500
0.770833
0.654167
0.641667
0.441667
0.816667
0.500000
0.804167
0.650000
0.520833
0.720833
0.658333
0.650000
0.650000
0.562500
0.695833
0.658333
0.654167
0.654167
0.658333
0.654167
0.645833
0.654167
0.462500
0.850000
0.662500
0.650000
0.650000
0.654167
0.425000
0.887500
0.458333
0.816667
0.654167
0.654167
0.433333
0.875000
0.458333
0.841667
0.654167
0.608333
0.679167
0.654167
0.650000
0.650000
0.562500
0.704167
0.658333
0.654167
0.650000
0.591667
0.691667
0.658333
0.658333
0.470833
0.829167
0.537500
0.775000
0.516667
0.737500
0.508333
0.800000
0.566667
0.608333
0.729167
0.666667
0.650000
0.658333
1.270833
0.666667
0.662500
0.429167
0.791667
0.716667
0.662500
0.662500
0.650000
1.270833
0.662500
0.658333
0.425000
0.879167
1.304167
0.533333
0.670833
0.720833
0.650000
0.654167
0.658333
0.570833
0.708333
0.658333
0.650000
0.654167
0.591667
0.704167
0.662500
0.437500
0.879167
0.658333
0.658333
0.658333
0.600000
0.683333
0.658333
0.654167
0.658333
0.495833
0.787500
0.645833
0.658333
0.420833
0.779167
0.725000
0.662500
0.645833
0.658333
0.654167
0.654167
0.654167
0.541667
0.720833
0.662500
0.654167
0.470833
0.704167
0.733333
0.662500
0.658333
0.658333
1.254167
0.658333
0.654167
0.425000
0.766667
0.729167
0.662500
0.650000
0.658333
0.608333
0.687500
0.658333
0.654167
0.645833
0.545833
0.725000
0.662500
0.658333
0.654167
0.487500
0.791667
0.658333
0.654167
0.425000
0.800000
0.700000
0.650000
0.654167
0.570833
0.704167
0.650000
0.658333
0.466667
0.837500
0.654167
0.658333
0.645833
0.554167
0.716667
0.662500
0.662500
0.650000
0.558333
0.716667
0.537500
0.783333
0.537500
0.766667
0.641667
0.654167
0.425000
0.887500
0.654167
0.645833
0.570833
0.708333
0.533333
0.775000
0.570833
0.725000
0.650000
0.650000
0.429167
0.875000
0.470833
0.816667
0.650000
0.650000
0.445833
0.850000
0.466667
0.833333
0.650000
0.575000
0.691667
0.645833
0.654167
1.262500
0.662500
0.645833
0.654167
0.541667
0.725000
0.662500
0.650000
0.645833
0.529167
0.770833
0.650000
0.650000
0.437500
0.841667
1.295833
0.583333
0.695833
0.645833
0.641667
0.650000
0.650000
0.654167
0.654167
0.641667
0.520833
0.725000
0.420833
0.891667
0.437500
0.754167
0.712500
0.650000
0.650000
0.508333
0.725000
0.645833
0.654167
0.483333
0.700000
0.720833
0.654167
0.654167
0.650000
0.483333
0.791667
0.654167
0.650000
0.441667
0.845833
0.466667
0.841667
0.516667
0.783333
0.654167
0.650000
0.654167
0.541667
0.716667
0.650000
0.645833
0.654167
0.537500
0.725000
0.658333
0.641667
0.654167
0.566667
0.704167
0.658333
0.650000
0.641667
0.487500
0.812500
0.654167
0.645833
0.641667
0.645833
0.491667
0.687500
0.720833
0.654167
0.645833
0.650000
0.550000
0.708333
0.654167
0.645833
0.641667
0.650000
0.654167
0.654167
0.429167
0.745833
0.725000
0.658333
0.654167
0.654167
0.570833
0.695833
0.662500
0.658333
0.504167
0.775000
0.679167
0.645833
0.658333
0.591667
0.700000
0.662500
0.654167
0.466667
0.762500
0.708333
0.662500
0.662500
0.654167
1.316667
0.500000
0.737500
0.666667
0.662500
0.433333
0.741667
0.737500
0.666667
0.433333
0.870833
0.462500
0.808333
0.666667
0.658333
0.429167
0.758333
0.725000
0.662500
0.658333
0.654167
0.575000
0.695833
0.662500
0.654167
0.504167
0.783333
0.570833
0.737500
0.658333
0.545833
0.725000
0.654167
0.658333
0.658333
0.654167
0.658333
0.450000
0.854167
0.462500
0.804167
0.666667
0.662500
0.654167
0.645833
0.495833
0.795833
0.658333
0.658333
0.420833
0.870833
0.466667
0.845833
1.283333
0.662500
0.650000
0.650000
0.504167
0.725000
0.645833
0.654167
0.654167
0.654167
0.658333
0.658333
0.650000
0.516667
0.737500
0.670833
0.666667
0.658333
0.508333
0.745833
0.670833
0.670833
0.662500
0.533333
0.737500
0.675000
0.670833
0.670833
0.525000
0.733333
0.675000
0.670833
0.445833
0.766667
0.737500
0.658333
0.662500
0.666667
0.470833
0.833333
0.658333
0.654167
0.662500
0.541667
0.725000
0.666667
0.662500
0.658333
0.658333
0.658333
0.645833
0.650000
0.512500
0.737500
0.666667
0.654167
0.425000
0.800000
0.708333
0.662500
0.658333
0.650000
0.545833
0.720833
0.662500
0.658333
0.500000
0.704167
0.712500
0.662500
0.429167
0.891667
0.445833
0.854167
0.487500
0.787500
0.679167
0.658333
0.654167
0.650000
0.487500
0.795833
0.666667
0.658333
0.429167
0.820833
0.504167
0.837500
0.508333
0.712500
0.725000
0.666667
0.666667
0.658333
0.545833
0.729167
0.662500
0.662500
0.495833
0.820833
0.508333
0.812500
0.650000
0.520833
0.741667
0.675000
0.666667
0.658333
0.658333
0.658333
0.658333
0.662500
0.662500
0.650000
0.554167
0.720833
0.666667
0.666667
0.658333
0.650000
0.662500
0.662500
0.658333
0.579167
0.704167
0.654167
0.658333
0.658333
0.608333
0.687500
0.650000
0.658333
0.654167
0.654167
0.654167
0.654167
0.533333
0.720833
0.662500
0.658333
0.458333
0.729167
0.725000
0.658333
0.658333
0.658333
0.483333
0.800000
0.650000
0.658333
0.425000
0.887500
0.454167
0.845833
0.537500
0.754167
0.654167
0.650000
1.270833
0.491667
0.816667
0.650000
0.562500
0.700000
0.650000
0.658333
0.533333
0.725000
0.666667
0.650000
0.654167
0.545833
0.725000
0.529167
0.791667
0.554167
0.754167
0.654167
0.658333
0.425000
0.791667
0.687500
0.654167
0.650000
0.516667
0.720833
0.650000
0.650000
0.650000
0.554167
0.704167
0.654167
0.645833
1.266667
0.666667
0.654167
