1.379167
1.379167
1.370833
1.375000
1.320833
1.333333
1.370833
1.345833
1.341667
1.350000
1.337500
1.354167
1.387500
1.354167
1.400000
1.354167
1.383333
1.395833
1.366667
1.354167
1.379167
1.354167
1.370833
1.404167
1.358333
1.379167
1.395833
1.362500
1.379167
1.420833
1.395833
1.337500
1.350000
1.329167
1.316667
1.325000
1.308333
1.333333
1.329167
1.329167
1.350000
1.420833
1.316667
1.412500
1.366667
1.337500
1.362500
1.337500
1.345833
1.391667
1.391667
1.370833
1.375000
1.350000
1.329167
1.354167
1.345833
1.295833
1.333333
1.354167
1.354167
1.429167
1.395833
1.362500
1.404167
1.408333
1.362500
1.391667
1.370833
1.320833
1.350000
1.316667
1.266667
1.300000
1.308333
1.295833
1.350000
1.362500
1.345833
1.350000
1.304167
1.337500
1.316667
1.312500
1.333333
1.316667
1.316667
1.333333
1.316667
1.316667
1.316667
1.300000
1.325000
1.329167
1.308333
1.358333
1.329167
1.320833
1.341667
1.341667
1.337500
1.345833
1.341667
1.354167
1.375000
1.395833
1.325000
1.358333
1.379167
1.354167
1.370833
1.379167
1.370833
1.387500
1.379167
1.337500
1.366667
1.375000
1.291667
1.325000
1.329167
1.300000
1.345833
1.295833
1.266667
1.170833
1.204167
1.262500
1.300000
1.300000
1.387500
1.387500
1.358333
1.408333
1.383333
1.391667
1.379167
1.341667
1.387500
1.391667
1.375000
1.375000
1.358333
1.362500
1.391667
1.408333
1.404167
1.420833
1.404167
1.454167
1.420833
1.400000
1.387500
1.391667
1.400000
1.433333
1.404167
1.391667
1.391667
1.329167
1.300000
1.362500
1.362500
1.308333
1.337500
1.325000
1.270833
1.329167
1.295833
1.350000
1.345833
1.337500
1.370833
1.350000
1.370833
1.395833
1.370833
1.383333
1.366667
1.325000
1.366667
1.370833
1.400000
1.412500
1.341667
1.316667
0.341667
0.270833
0.366667
0.320833
1.287500
1.283333
1.254167
1.308333
1.595833
0.433333
0.954167
0.425000
0.208333
0.266667
1.150000
1.483333
1.341667
1.333333
1.362500
0.595833
0.741667
0.333333
0.983333
0.233333
0.304167
0.800000
0.333333
0.962500
1.337500
0.591667
0.345833
0.350000
0.287500
0.337500
0.466667
0.216667
0.387500
0.445833
0.475000
0.762500
0.500000
0.475000
0.745833
0.650000
0.575000
1.233333
1.225000
1.262500
1.241667
1.283333
1.291667
1.304167
1.333333
1.295833
1.308333
1.283333
1.304167
1.354167
1.358333
1.362500
1.379167
1.329167
1.291667
1.454167
1.412500
1.366667
1.375000
1.370833
1.379167
1.358333
1.304167
1.312500
1.295833
1.345833
1.370833
1.329167
1.354167
1.329167
1.312500
1.304167
0.608333
0.691667
1.329167
0.941667
1.245833
1.100000
1.366667
1.183333
0.666667
0.525000
1.187500
1.216667
1.204167
1.204167
1.200000
1.179167
1.200000
1.229167
1.229167
1.220833
1.275000
1.300000
1.316667
1.325000
1.316667
1.320833
1.345833
1.304167
1.312500
1.341667
1.275000
1.316667
1.408333
1.258333
1.283333
1.300000
1.279167
1.291667
1.316667
1.250000
1.304167
1.316667
1.237500
1.283333
1.341667
1.316667
1.308333
1.254167
1.283333
1.379167
1.320833
1.283333
1.475000
1.354167
1.354167
1.341667
1.358333
1.391667
1.366667
1.366667
1.379167
1.441667
1.420833
1.429167
1.366667
1.450000
1.433333
1.400000
1.312500
1.325000
1.362500
1.287500
1.366667
1.387500
1.375000
1.395833
1.345833
1.370833
1.362500
1.354167
1.362500
1.366667
1.333333
1.312500
1.345833
1.341667
1.350000
1.362500
1.333333
1.345833
1.375000
1.304167
1.295833
1.337500
1.300000
1.275000
1.416667
1.370833
1.387500
1.354167
1.420833
1.420833
1.412500
1.395833
1.341667
1.370833
1.358333
1.354167
1.366667
1.329167
1.291667
1.325000
1.300000
1.270833
1.320833
1.304167
1.237500
1.379167
1.375000
1.320833
1.345833
1.387500
1.370833
1.366667
1.354167
1.316667
1.441667
1.408333
1.412500
1.391667
1.358333
1.329167
1.350000
1.358333
1.358333
1.370833
1.366667
1.358333
1.395833
1.408333
1.325000
1.362500
1.350000
1.383333
1.291667
1.287500
1.300000
1.270833
1.300000
1.345833
1.287500
1.316667
1.316667
1.275000
1.254167
1.179167
1.270833
1.283333
1.375000
1.387500
1.283333
1.350000
1.512500
1.470833
1.433333
1.441667
1.450000
1.445833
1.445833
1.487500
1.512500
1.458333
1.433333
1.479167
1.429167
1.358333
1.379167
1.341667
1.329167
1.375000
1.433333
1.395833
1.412500
1.437500
1.304167
1.333333
1.437500
1.395833
1.350000
1.366667
1.379167
1.291667
1.404167
1.412500
1.341667
1.433333
1.416667
1.362500
1.466667
1.416667
1.370833
1.375000
1.362500
1.341667
1.400000
1.387500
1.370833
1.420833
1.400000
1.295833
1.379167
1.391667
1.337500
1.379167
1.354167
1.329167
1.416667
1.375000
1.379167
1.408333
