0.866667
0.862500
0.866667
0.862500
0.866667
0.575000
1.187500
0.875000
0.650000
1.112500
0.870833
0.604167
1.154167
0.875000
0.866667
0.862500
0.862500
0.554167
1.191667
0.866667
0.591667
1.150000
0.862500
0.616667
1.129167
0.858333
0.575000
1.166667
0.862500
0.858333
0.854167
0.591667
1.137500
0.854167
0.608333
1.095833
0.841667
0.608333
1.087500
0.841667
0.608333
1.091667
0.837500
0.616667
1.083333
0.850000
0.845833
0.645833
1.075000
0.850000
0.612500
1.100000
0.845833
0.845833
0.845833
0.845833
0.850000
0.854167
0.600000
1.129167
0.854167
0.854167
0.854167
0.858333
0.854167
0.854167
0.850000
0.850000
0.608333
1.108333
0.850000
0.845833
0.841667
0.841667
0.850000
0.662500
1.037500
0.845833
0.845833
0.845833
0.850000
0.845833
0.850000
0.854167
0.737500
0.983333
0.862500
0.854167
0.854167
0.862500
0.854167
0.858333
0.854167
0.845833
0.845833
0.850000
0.841667
0.666667
1.029167
0.841667
0.841667
0.850000
0.850000
0.845833
0.858333
0.854167
0.850000
0.850000
0.712500
1.008333
0.854167
0.854167
0.850000
0.858333
0.854167
0.858333
0.850000
0.695833
1.016667
0.850000
0.845833
0.845833
0.845833
0.841667
0.629167
1.066667
0.837500
0.837500
0.837500
0.837500
0.837500
0.675000
1.016667
0.841667
0.841667
0.850000
0.845833
0.854167
0.654167
1.070833
0.858333
0.854167
0.850000
0.850000
0.850000
0.850000
0.854167
0.633333
1.075000
0.850000
0.858333
0.858333
0.854167
0.858333
0.858333
0.862500
0.633333
1.120833
0.870833
0.650000
1.108333
0.875000
0.604167
1.158333
0.870833
0.870833
0.862500
0.562500
1.191667
0.866667
0.612500
1.137500
0.862500
0.587500
1.154167
0.862500
0.862500
0.854167
0.858333
0.858333
0.854167
0.858333
0.858333
0.862500
0.858333
0.854167
0.854167
0.858333
0.862500
0.862500
0.858333
0.862500
0.866667
0.866667
0.870833
0.866667
0.866667
0.866667
0.858333
0.866667
0.862500
0.862500
0.862500
0.608333
1.133333
0.858333
0.858333
0.858333
0.858333
0.854167
0.854167
0.858333
0.862500
0.866667
0.866667
0.870833
0.866667
0.866667
0.862500
0.866667
0.854167
0.862500
0.862500
0.858333
0.862500
0.858333
0.858333
0.862500
0.629167
1.112500
0.787500
0.941667
0.858333
0.858333
0.725000
1.012500
0.858333
0.862500
0.862500
0.862500
0.862500
0.858333
0.862500
0.862500
0.862500
0.862500
0.858333
0.858333
0.854167
0.858333
0.612500
1.120833
0.850000
0.679167
1.045833
0.858333
0.629167
1.104167
0.862500
0.575000
1.170833
0.866667
0.858333
0.858333
0.558333
1.183333
0.862500
0.591667
1.150000
0.708333
1.020833
0.858333
0.854167
0.850000
0.854167
0.854167
0.845833
0.845833
0.625000
1.091667
0.854167
0.850000
0.854167
0.858333
0.854167
0.858333
0.858333
0.666667
1.079167
0.858333
0.700000
1.029167
0.850000
0.637500
1.091667
0.854167
0.595833
1.120833
0.854167
0.620833
1.083333
0.845833
0.595833
1.116667
0.845833
0.629167
1.079167
0.858333
0.591667
1.137500
0.854167
0.645833
1.083333
0.850000
0.604167
1.129167
0.854167
0.604167
1.116667
0.854167
0.850000
0.600000
1.129167
0.858333
0.850000
0.854167
0.850000
0.858333
0.591667
1.141667
0.858333
0.858333
0.854167
0.858333
0.858333
0.633333
1.112500
0.862500
0.858333
0.858333
0.862500
0.866667
0.870833
0.604167
1.154167
0.737500
1.016667
0.862500
0.858333
0.866667
0.583333
1.170833
0.862500
0.858333
0.858333
0.858333
0.862500
0.862500
0.629167
1.116667
0.875000
0.866667
0.870833
0.875000
0.875000
0.883333
0.875000
0.875000
0.875000
0.870833
0.870833
0.866667
0.862500
0.866667
0.858333
0.858333
0.854167
0.862500
0.850000
0.854167
0.654167
1.079167
0.854167
0.850000
0.862500
0.862500
0.862500
0.862500
0.862500
0.858333
0.858333
0.866667
0.650000
1.091667
0.775000
0.950000
0.862500
0.866667
0.862500
0.870833
0.866667
0.570833
1.187500
0.870833
0.620833
1.125000
0.870833
0.570833
1.179167
0.870833
0.866667
0.866667
0.570833
1.175000
0.870833
0.604167
1.141667
0.858333
0.858333
0.854167
0.866667
0.858333
0.862500
0.862500
0.858333
0.854167
0.858333
0.858333
0.862500
0.620833
1.120833
0.750000
0.379167
1.462500
0.479167
1.275000
0.495833
1.254167
0.483333
1.275000
0.470833
1.287500
0.466667
1.283333
0.862500
0.845833
0.841667
0.850000
0.850000
0.845833
0.558333
1.145833
0.845833
0.845833
0.670833
1.029167
0.841667
0.637500
1.070833
0.845833
0.850000
0.625000
1.104167
0.858333
0.854167
0.850000
0.845833
0.650000
1.066667
0.850000
0.654167
1.045833
0.841667
0.758333
0.937500
0.841667
0.637500
1.070833
0.841667
0.666667
1.033333
0.845833
0.604167
1.091667
0.841667
0.708333
0.991667
0.845833
0.641667
1.058333
0.845833
0.616667
1.087500
0.841667
0.775000
0.925000
0.845833
0.662500
1.041667
0.845833
0.670833
1.025000
0.837500
0.829167
0.841667
0.837500
0.837500
0.837500
0.837500
0.837500
0.845833
0.850000
0.841667
0.850000
0.850000
0.850000
0.850000
0.854167
0.854167
0.854167
0.850000
0.850000
0.854167
0.858333
0.862500
0.862500
0.858333
0.854167
0.858333
0.858333
0.862500
0.862500
0.858333
0.854167
0.858333
0.850000
0.854167
0.850000
0.845833
0.841667
0.850000
0.854167
0.845833
0.845833
0.841667
0.850000
0.845833
0.854167
0.845833
0.845833
0.845833
0.845833
0.845833
0.837500
0.841667
0.845833
0.845833
0.841667
0.845833
0.845833
0.850000
0.845833
0.854167
0.845833
0.662500
1.050000
0.845833
0.841667
0.850000
0.845833
0.841667
0.841667
0.812500
0.383333
0.562500
0.779167
0.841667
0.704167
0.983333
0.833333
0.833333
0.833333
0.833333
0.841667
0.841667
0.833333
0.837500
0.641667
1.041667
0.837500
0.837500
0.837500
0.841667
0.837500
0.679167
1.016667
0.725000
0.370833
0.591667
0.854167
0.845833
0.841667
0.620833
1.070833
0.845833
0.841667
0.637500
1.054167
0.833333
0.837500
0.833333
0.837500
0.837500
0.612500
1.075000
0.837500
0.833333
0.837500
0.837500
0.837500
0.645833
1.045833
0.833333
0.837500
0.837500
0.837500
0.833333
0.833333
0.712500
0.962500
0.833333
0.837500
0.841667
0.837500
0.845833
0.625000
1.083333
0.845833
0.850000
0.845833
0.841667
0.837500
0.837500
0.837500
0.833333
0.845833
0.841667
0.841667
0.666667
1.037500
0.841667
0.841667
0.841667
0.841667
0.837500
0.833333
0.837500
0.687500
1.004167
0.837500
0.837500
0.841667
0.841667
0.841667
0.837500
0.841667
0.841667
0.729167
0.958333
0.837500
0.841667
0.833333
0.837500
0.841667
0.841667
0.837500
0.837500
0.837500
0.837500
0.837500
0.833333
0.833333
0.837500
0.833333
0.833333
0.675000
1.012500
0.837500
0.829167
0.833333
0.833333
0.837500
0.616667
1.062500
0.833333
0.829167
0.829167
0.833333
0.833333
0.591667
1.083333
0.833333
0.829167
0.841667
0.837500
0.833333
0.833333
0.837500
0.837500
0.637500
1.058333
0.841667
0.841667
0.837500
0.841667
0.841667
0.845833
0.845833
0.595833
1.108333
0.841667
0.841667
0.841667
0.841667
0.837500
0.837500
0.833333
0.833333
0.833333
0.837500
0.833333
0.658333
