0.687500
0.691667
0.687500
0.687500
0.695833
0.691667
0.687500
0.687500
0.691667
0.691667
0.687500
0.695833
0.691667
0.691667
0.687500
0.691667
0.691667
0.687500
0.695833
0.691667
0.691667
0.691667
0.691667
0.695833
0.687500
0.695833
0.695833
0.691667
0.687500
0.695833
0.695833
0.687500
0.695833
0.695833
0.691667
0.691667
0.691667
0.691667
0.687500
0.695833
0.691667
0.687500
0.691667
0.691667
0.691667
0.683333
0.695833
0.691667
0.687500
0.691667
0.691667
0.691667
0.683333
0.695833
0.687500
0.687500
0.691667
0.691667
0.687500
0.687500
0.691667
0.687500
0.687500
0.695833
0.691667
0.687500
0.683333
0.691667
0.691667
0.683333
0.695833
0.691667
0.687500
0.683333
0.695833
0.687500
0.687500
0.691667
0.691667
0.687500
0.687500
0.687500
0.691667
0.683333
0.691667
0.687500
0.687500
0.683333
0.687500
0.687500
0.687500
0.691667
0.687500
0.687500
0.683333
0.691667
0.687500
0.687500
0.691667
0.687500
0.687500
0.687500
0.687500
0.691667
0.683333
0.691667
0.687500
0.691667
0.691667
0.687500
0.691667
0.683333
0.691667
0.687500
0.687500
0.687500
0.687500
0.687500
0.683333
0.691667
0.687500
0.687500
0.687500
0.687500
0.691667
0.683333
0.691667
0.687500
0.691667
0.687500
0.687500
0.691667
0.683333
0.695833
0.687500
0.687500
0.691667
0.691667
0.687500
0.687500
0.691667
0.691667
0.691667
0.691667
0.691667
0.691667
0.691667
0.691667
0.695833
0.687500
0.695833
0.691667
0.691667
0.687500
0.695833
0.691667
0.691667
0.695833
0.691667
0.691667
0.687500
0.695833
0.691667
0.691667
0.695833
0.691667
0.691667
0.687500
0.695833
0.691667
0.691667
0.695833
0.695833
0.691667
0.687500
0.695833
0.691667
0.687500
0.700000
0.695833
0.691667
0.687500
0.691667
0.695833
0.683333
0.691667
0.691667
0.687500
0.683333
0.687500
0.687500
0.683333
0.691667
0.687500
0.687500
0.687500
0.683333
0.687500
0.679167
0.691667
0.683333
0.687500
0.683333
0.687500
0.683333
0.683333
0.687500
0.687500
0.683333
0.687500
0.687500
0.687500
0.683333
0.691667
0.687500
0.687500
0.683333
0.691667
0.687500
0.683333
0.691667
0.687500
0.687500
0.691667
0.687500
0.691667
0.683333
0.695833
0.687500
0.691667
0.687500
0.691667
0.691667
0.679167
0.700000
0.691667
0.691667
0.687500
0.695833
0.687500
0.687500
0.695833
0.691667
0.691667
0.687500
0.695833
0.687500
0.687500
0.695833
0.691667
0.687500
0.691667
0.691667
0.691667
0.683333
0.695833
0.691667
0.687500
0.695833
0.687500
0.691667
0.683333
0.695833
0.687500
0.687500
0.691667
0.691667
0.687500
0.687500
0.691667
0.687500
0.533333
0.816667
0.704167
0.691667
0.691667
0.691667
0.691667
0.687500
0.695833
0.520833
0.837500
0.700000
0.695833
0.691667
0.687500
0.700000
0.691667
0.691667
0.687500
0.691667
0.691667
0.687500
0.695833
0.695833
0.691667
0.691667
0.695833
0.691667
0.691667
0.695833
0.691667
0.695833
0.691667
0.695833
0.695833
0.687500
0.700000
0.691667
0.695833
0.695833
0.695833
0.691667
0.687500
0.700000
0.691667
0.691667
0.700000
0.691667
0.695833
0.687500
0.695833
0.695833
0.687500
0.700000
0.691667
0.691667
0.683333
0.704167
0.691667
0.691667
0.695833
0.695833
0.691667
0.691667
0.691667
0.695833
0.541667
0.820833
0.700000
0.691667
0.691667
0.695833
0.691667
0.691667
0.695833
0.695833
0.691667
0.695833
0.691667
0.691667
1.383333
0.691667
0.691667
0.479167
0.212500
0.695833
0.691667
0.691667
0.691667
0.687500
0.691667
0.691667
0.691667
1.120833
0.258333
0.695833
0.275000
1.108333
0.691667
0.691667
0.691667
0.683333
0.691667
0.691667
0.691667
0.691667
0.691667
0.691667
0.683333
0.691667
0.691667
0.562500
0.358333
0.454167
0.241667
0.445833
0.450000
0.233333
0.679167
0.687500
0.683333
0.679167
0.683333
0.683333
0.679167
0.679167
0.683333
0.683333
0.683333
0.683333
0.687500
0.679167
0.683333
0.683333
0.687500
0.679167
0.687500
0.687500
0.683333
0.683333
0.687500
0.687500
0.683333
0.687500
0.683333
0.687500
0.679167
0.691667
0.683333
0.687500
0.687500
0.687500
0.683333
0.683333
0.691667
0.683333
0.683333
0.691667
0.687500
0.687500
0.683333
0.691667
0.687500
0.683333
0.691667
0.687500
0.683333
0.687500
0.687500
0.687500
0.687500
0.687500
0.687500
0.687500
0.683333
0.687500
0.691667
0.683333
0.687500
0.687500
0.683333
0.683333
0.691667
0.687500
0.683333
0.691667
0.687500
0.683333
0.695833
0.687500
0.691667
0.687500
0.691667
0.691667
0.687500
0.691667
0.691667
0.691667
0.687500
0.691667
0.691667
0.683333
0.695833
0.695833
0.687500
0.691667
0.691667
0.691667
0.683333
0.695833
0.691667
0.687500
0.687500
0.691667
0.687500
0.683333
0.687500
0.691667
0.683333
0.691667
0.687500
0.687500
0.683333
0.691667
0.687500
0.683333
0.691667
0.687500
0.683333
0.679167
0.691667
0.683333
0.683333
0.687500
0.500000
0.183333
0.683333
0.675000
0.687500
0.679167
0.675000
0.883333
0.470833
0.679167
0.666667
0.679167
0.508333
0.612500
0.225000
0.320833
0.358333
0.675000
0.675000
0.670833
0.679167
0.675000
0.675000
0.675000
0.675000
0.679167
0.670833
0.679167
0.679167
0.675000
0.679167
0.679167
0.675000
0.670833
0.687500
0.679167
0.675000
0.679167
0.679167
0.679167
0.670833
0.683333
0.679167
0.679167
0.675000
0.683333
0.675000
0.675000
0.679167
0.675000
0.675000
0.675000
0.675000
0.679167
0.679167
0.675000
0.670833
0.679167
0.679167
0.675000
0.679167
0.679167
0.675000
0.670833
0.683333
0.679167
0.679167
0.679167
0.679167
0.679167
0.675000
0.679167
0.679167
0.675000
0.679167
0.683333
0.679167
0.670833
0.687500
0.679167
0.683333
0.679167
0.683333
0.679167
0.679167
0.683333
0.683333
0.683333
0.675000
0.683333
0.675000
0.679167
0.675000
0.679167
0.675000
0.687500
0.679167
0.683333
0.683333
0.687500
0.679167
0.679167
0.691667
0.683333
0.687500
0.679167
0.270833
0.412500
0.683333
0.679167
0.683333
0.679167
0.675000
0.683333
0.675000
0.679167
0.675000
0.679167
0.679167
0.675000
0.675000
0.679167
0.670833
0.675000
0.679167
0.670833
0.675000
0.679167
0.675000
0.675000
0.675000
0.670833
0.670833
0.683333
0.675000
0.675000
0.679167
0.675000
0.675000
0.675000
0.679167
0.679167
0.675000
0.679167
1.354167
0.675000
0.675000
0.675000
0.670833
0.670833
0.675000
0.675000
0.670833
0.679167
0.675000
0.679167
0.670833
0.675000
0.679167
0.675000
0.675000
0.675000
0.675000
0.670833
0.679167
0.675000
0.675000
0.675000
0.675000
0.670833
0.670833
0.675000
0.675000
0.670833
0.675000
0.670833
0.670833
0.670833
0.675000
0.670833
0.670833
0.670833
0.670833
0.670833
0.670833
0.670833
0.675000
0.670833
0.666667
0.675000
0.670833
0.670833
0.670833
0.675000
0.670833
0.666667
0.679167
0.675000
0.675000
0.670833
0.675000
0.679167
0.666667
0.679167
0.675000
0.675000
0.675000
0.675000
0.675000
0.675000
0.679167
0.675000
0.670833
0.670833
0.675000
0.675000
0.670833
0.675000
0.670833
0.666667
0.670833
0.670833
0.670833
0.666667
0.670833
0.670833
0.666667
0.670833
0.670833
0.670833
0.666667
0.666667
0.670833
0.670833
0.666667
0.670833
0.670833
0.666667
0.666667
0.670833
0.666667
0.666667
0.666667
0.666667
0.666667
0.662500
0.670833
0.662500
0.666667
0.662500
0.666667
0.575000
0.737500
0.666667
0.666667
0.662500
0.658333
0.666667
0.662500
0.662500
0.662500
0.666667
0.662500
0.662500
0.666667
0.666667
0.662500
0.662500
0.666667
0.666667
0.662500
0.666667
0.666667
0.666667
0.662500
0.666667
0.670833
0.662500
0.670833
0.666667
0.666667
0.666667
0.670833
0.666667
0.666667
0.666667
0.670833
0.666667
0.666667
0.670833
0.670833
0.666667
0.666667
0.670833
0.666667
0.670833
0.666667
0.670833
0.670833
0.662500
0.675000
0.670833
0.666667
0.666667
0.670833
0.670833
0.670833
0.670833
0.675000
0.670833
0.662500
0.675000
0.675000
0.670833
0.670833
0.670833
0.670833
0.666667
0.679167
0.670833
0.670833
0.670833
0.670833
0.670833
0.670833
0.670833
0.675000
0.670833
0.666667
0.670833
0.670833
0.670833
0.670833
0.670833
0.670833
0.666667
0.670833
0.670833
0.670833
0.670833
0.670833
0.670833
0.666667
0.675000
0.670833
0.670833
0.670833
0.670833
0.670833
0.666667
0.675000
0.670833
0.670833
0.666667
0.675000
0.670833
0.670833
0.670833
0.670833
0.670833
0.670833
0.675000
0.670833
0.670833
0.670833
0.675000
0.670833
0.670833
0.675000
0.670833
0.670833
0.675000
0.670833
0.670833
0.670833
0.679167
0.670833
0.670833
0.670833
0.675000
0.675000
0.670833
0.675000
0.675000
0.670833
0.670833
0.679167
0.675000
0.675000
0.675000
0.675000
0.675000
0.670833
0.679167
0.675000
0.675000
0.670833
0.675000
0.675000
0.670833
0.679167
0.675000
0.670833
0.675000
0.675000
0.675000
0.675000
0.679167
0.675000
0.675000
0.670833
0.679167
0.675000
0.675000
0.679167
0.679167
