0.712500
0.708333
0.712500
0.708333
0.704167
0.704167
0.704167
0.700000
0.704167
0.700000
0.566667
0.833333
0.712500
0.695833
0.700000
0.704167
0.708333
0.700000
0.704167
0.712500
0.712500
0.708333
0.579167
0.845833
0.720833
0.704167
0.425000
0.987500
0.733333
0.700000
0.712500
0.729167
0.729167
0.729167
0.733333
0.758333
0.562500
0.416667
0.604167
0.675000
0.737500
0.741667
0.750000
0.733333
0.554167
0.912500
0.737500
0.720833
0.720833
0.720833
0.708333
0.587500
0.379167
0.570833
0.620833
0.700000
0.716667
0.720833
0.712500
0.725000
0.733333
0.725000
0.733333
0.741667
0.754167
0.570833
0.912500
0.770833
0.762500
0.508333
1.016667
0.779167
0.758333
0.770833
0.775000
0.750000
0.762500
0.766667
0.787500
0.770833
0.500000
1.037500
0.791667
0.758333
0.766667
0.787500
0.762500
0.762500
0.758333
0.754167
0.754167
0.750000
0.750000
0.741667
0.745833
0.725000
0.733333
0.741667
0.725000
0.741667
0.758333
0.741667
0.754167
0.766667
0.779167
0.616667
0.475000
0.541667
0.670833
0.545833
0.950000
0.766667
0.566667
0.916667
0.754167
0.745833
0.750000
0.733333
0.745833
0.754167
0.762500
0.608333
0.891667
0.754167
0.758333
0.750000
0.741667
0.754167
0.766667
0.766667
0.745833
0.554167
0.383333
0.670833
0.700000
0.741667
0.537500
0.479167
0.629167
0.700000
0.737500
0.766667
0.779167
0.775000
0.758333
0.770833
0.787500
0.762500
0.775000
0.787500
0.779167
0.750000
0.579167
0.945833
0.766667
0.754167
0.766667
0.770833
0.529167
0.970833
0.775000
0.775000
0.600000
0.925000
0.783333
0.604167
0.429167
0.595833
0.679167
0.754167
0.762500
0.741667
0.566667
0.445833
0.570833
0.658333
0.704167
0.525000
0.925000
0.729167
0.733333
0.733333
0.725000
0.745833
0.750000
0.725000
0.741667
0.745833
0.754167
0.733333
0.745833
0.616667
0.887500
0.758333
0.750000
0.766667
0.741667
0.758333
0.770833
0.766667
0.537500
0.970833
0.770833
0.766667
0.750000
0.762500
0.754167
0.741667
0.745833
0.762500
0.750000
0.725000
0.629167
0.875000
0.758333
0.741667
0.750000
0.758333
0.766667
0.754167
0.758333
0.770833
0.770833
0.741667
0.762500
0.775000
0.783333
0.762500
0.779167
0.783333
0.770833
0.766667
0.500000
1.054167
0.791667
0.762500
0.766667
0.762500
0.737500
0.741667
0.745833
0.729167
0.737500
0.750000
0.729167
0.741667
0.754167
0.729167
0.741667
0.754167
0.729167
0.616667
0.883333
0.762500
0.754167
0.575000
0.487500
0.570833
0.675000
0.737500
0.762500
0.775000
0.600000
0.916667
0.766667
0.779167
0.745833
0.754167
0.779167
0.775000
0.791667
0.783333
0.766667
0.758333
0.550000
0.958333
0.754167
0.754167
0.608333
0.879167
0.745833
0.745833
0.725000
0.737500
0.762500
0.750000
0.733333
0.745833
0.758333
0.745833
0.579167
0.445833
0.554167
0.641667
0.708333
0.729167
0.720833
0.712500
0.720833
0.708333
0.716667
0.725000
0.720833
0.725000
0.729167
0.745833
0.733333
0.741667
0.750000
0.754167
0.741667
0.750000
0.775000
0.783333
0.758333
0.762500
0.770833
0.779167
0.625000
0.391667
0.600000
0.679167
0.750000
0.575000
0.900000
0.754167
0.733333
0.737500
0.741667
0.754167
0.745833
0.733333
0.741667
0.741667
0.716667
0.737500
0.745833
0.745833
0.737500
0.529167
0.966667
0.745833
0.591667
0.900000
0.754167
0.725000
0.733333
0.745833
0.741667
0.725000
0.737500
0.750000
0.741667
0.725000
0.733333
0.745833
0.558333
0.891667
0.741667
0.612500
0.854167
0.733333
0.741667
0.754167
0.741667
0.737500
0.745833
0.758333
0.762500
0.737500
0.754167
0.537500
0.391667
0.708333
0.700000
0.745833
0.754167
0.729167
0.733333
0.741667
0.583333
0.879167
0.750000
0.733333
0.741667
0.620833
0.887500
0.741667
0.762500
0.766667
0.775000
0.766667
0.750000
0.758333
0.770833
0.741667
0.662500
0.841667
0.737500
0.508333
0.975000
0.595833
0.879167
0.741667
0.741667
0.729167
0.620833
0.850000
0.766667
0.579167
0.412500
0.612500
0.670833
0.587500
0.395833
0.570833
0.633333
0.704167
0.708333
0.708333
0.720833
0.583333
0.854167
0.729167
0.716667
0.720833
0.729167
0.733333
0.720833
0.725000
0.737500
0.716667
0.733333
0.741667
0.745833
0.737500
0.750000
0.762500
0.733333
0.750000
0.758333
0.779167
0.762500
0.754167
0.754167
0.745833
0.741667
0.583333
0.916667
0.737500
0.733333
0.733333
0.545833
0.445833
0.570833
0.625000
0.704167
0.708333
0.570833
0.858333
0.712500
0.712500
0.720833
0.575000
0.858333
0.716667
0.725000
0.725000
0.720833
0.725000
0.729167
0.716667
0.716667
0.712500
0.712500
0.587500
0.854167
0.787500
0.729167
0.729167
0.562500
0.470833
0.550000
0.600000
0.704167
0.729167
0.595833
0.845833
0.741667
0.704167
0.720833
0.712500
0.712500
0.483333
0.187500
0.766667
0.670833
0.395833
0.500000
0.612500
0.700000
0.716667
0.725000
0.579167
0.366667
0.587500
0.633333
0.704167
0.712500
0.591667
0.816667
0.716667
0.704167
0.345833
0.237500
0.841667
0.720833
0.725000
0.720833
0.725000
0.229167
0.500000
0.579167
0.866667
0.729167
0.725000
0.729167
0.733333
0.570833
0.550000
0.308333
0.729167
0.712500
0.712500
0.708333
0.708333
0.712500
0.612500
0.808333
0.720833
0.712500
0.720833
0.729167
0.716667
0.558333
0.366667
0.625000
0.662500
0.716667
0.729167
0.725000
0.725000
0.737500
0.733333
0.729167
0.729167
0.737500
0.725000
0.733333
0.741667
0.729167
0.733333
0.733333
0.575000
0.641667
0.354167
0.629167
0.716667
0.737500
0.720833
0.554167
0.904167
0.725000
0.729167
0.729167
0.729167
0.729167
0.725000
0.729167
0.737500
0.729167
0.491667
0.995833
0.745833
0.741667
0.754167
0.733333
0.858333
0.770833
0.750000
0.762500
0.741667
0.741667
0.733333
0.741667
0.758333
0.737500
0.741667
0.745833
0.658333
0.820833
0.729167
0.733333
0.750000
0.583333
0.445833
0.537500
0.675000
0.720833
0.737500
0.725000
0.729167
0.716667
0.729167
0.725000
0.720833
0.720833
0.733333
0.720833
0.729167
0.729167
0.720833
0.725000
0.733333
0.733333
0.729167
0.541667
0.437500
0.600000
0.633333
0.716667
0.729167
0.595833
0.854167
0.725000
0.558333
0.862500
0.720833
0.704167
0.566667
0.841667
0.712500
0.695833
0.704167
0.716667
0.708333
0.712500
0.716667
0.716667
0.500000
0.908333
0.704167
0.695833
0.695833
0.687500
0.687500
0.541667
0.829167
0.691667
0.691667
0.683333
0.570833
0.412500
0.533333
0.562500
0.666667
0.683333
0.554167
0.437500
0.508333
0.587500
0.675000
0.683333
0.687500
0.712500
0.691667
0.695833
0.695833
0.695833
0.695833
0.695833
0.700000
0.704167
0.695833
0.708333
0.708333
0.708333
0.712500
0.720833
0.708333
0.712500
0.725000
0.708333
0.720833
0.725000
0.720833
0.716667
0.720833
0.554167
0.866667
0.712500
0.704167
0.816667
0.733333
0.720833
1.537500
0.641667
0.716667
0.712500
0.720833
0.712500
0.725000
0.550000
0.504167
0.529167
0.604167
0.700000
0.620833
0.804167
0.716667
0.708333
0.708333
0.712500
0.575000
0.841667
0.720833
0.712500
0.712500
0.725000
0.712500
0.725000
0.729167
0.725000
0.729167
0.737500
0.729167
0.741667
0.741667
0.725000
0.737500
0.737500
0.554167
0.904167
0.745833
0.575000
0.879167
0.733333
0.729167
0.725000
0.720833
0.745833
0.604167
0.891667
0.737500
0.754167
0.745833
0.758333
0.437500
1.041667
0.750000
0.687500
0.783333
0.733333
0.725000
0.729167
0.733333
0.725000
0.725000
0.720833
0.733333
0.737500
0.733333
0.737500
0.608333
0.875000
0.737500
0.737500
0.737500
0.733333
0.737500
0.737500
0.725000
0.733333
0.741667
0.729167
0.733333
0.745833
0.566667
0.891667
0.737500
0.729167
0.716667
0.837500
0.716667
0.741667
0.720833
0.729167
0.729167
0.725000
0.720833
0.716667
0.725000
0.587500
0.862500
0.725000
0.720833
0.720833
0.720833
0.708333
0.529167
0.516667
0.541667
0.587500
0.691667
0.708333
0.708333
0.825000
0.641667
0.425000
0.520833
0.595833
0.691667
0.712500
0.716667
0.708333
0.716667
0.508333
0.458333
0.575000
0.625000
0.704167
0.716667
0.570833
0.412500
0.558333
0.604167
0.687500
0.475000
0.920833
0.700000
0.700000
0.695833
0.700000
0.708333
0.695833
0.704167
0.750000
0.720833
0.558333
0.887500
0.733333
0.629167
0.375000
0.545833
0.633333
0.708333
0.716667
0.737500
0.729167
0.720833
0.725000
0.725000
0.720833
0.737500
0.729167
0.554167
0.400000
0.595833
0.637500
0.604167
0.812500
0.720833
0.712500
0.587500
0.491667
0.487500
0.591667
0.683333
0.704167
0.629167
0.795833
0.704167
0.712500
