0.695833
0.695833
0.691667
0.691667
0.683333
0.687500
0.687500
0.687500
0.691667
0.691667
0.695833
0.695833
0.691667
0.695833
0.691667
0.691667
0.687500
0.687500
0.683333
0.683333
1.345833
0.683333
0.679167
0.670833
0.675000
0.679167
0.679167
0.679167
0.679167
0.687500
0.691667
0.687500
0.695833
0.683333
0.683333
0.687500
0.679167
0.679167
0.679167
0.683333
0.675000
0.675000
0.679167
0.670833
0.675000
0.679167
0.675000
0.679167
0.675000
0.670833
0.675000
0.670833
0.679167
0.670833
0.675000
0.670833
0.670833
0.670833
0.670833
0.670833
0.675000
0.675000
1.350000
0.675000
0.670833
0.679167
0.675000
0.675000
0.675000
0.679167
0.670833
0.679167
0.679167
0.679167
0.675000
0.670833
0.670833
0.666667
0.662500
0.666667
0.662500
0.662500
0.666667
0.666667
0.670833
0.670833
0.675000
0.675000
0.675000
0.666667
0.666667
0.670833
0.666667
0.662500
0.666667
0.666667
0.666667
0.670833
0.666667
0.679167
0.666667
0.670833
0.675000
0.666667
0.666667
0.666667
0.662500
0.666667
0.666667
0.666667
0.666667
0.670833
0.666667
0.662500
0.566667
0.775000
0.666667
0.675000
0.666667
0.670833
0.679167
0.679167
0.675000
0.675000
0.675000
0.675000
0.670833
0.670833
0.666667
0.666667
0.670833
0.666667
0.670833
0.666667
0.662500
0.666667
0.666667
0.658333
0.658333
0.662500
0.662500
0.662500
0.662500
0.666667
0.662500
0.658333
0.666667
0.662500
0.662500
0.666667
0.666667
0.670833
0.670833
0.404167
0.266667
0.675000
0.670833
0.675000
0.670833
0.670833
0.679167
0.679167
0.670833
0.670833
0.675000
0.662500
0.675000
0.666667
0.670833
0.666667
0.666667
0.670833
0.670833
0.670833
0.670833
0.670833
0.670833
0.675000
0.666667
0.675000
0.675000
0.670833
0.666667
0.679167
0.666667
0.666667
0.670833
0.662500
0.666667
0.666667
0.666667
0.675000
0.675000
0.670833
0.675000
0.679167
0.675000
0.675000
0.679167
0.675000
0.670833
0.675000
0.675000
0.675000
0.666667
0.662500
0.670833
0.662500
0.662500
0.666667
0.662500
0.662500
0.658333
0.666667
0.662500
0.670833
0.670833
0.662500
0.666667
0.666667
0.670833
0.666667
0.666667
0.670833
0.670833
0.666667
0.666667
0.662500
0.670833
0.666667
0.662500
0.662500
0.662500
0.666667
0.662500
0.662500
0.666667
0.666667
0.670833
0.670833
0.670833
0.675000
0.675000
0.683333
0.683333
0.675000
0.683333
0.679167
0.679167
0.670833
0.675000
0.675000
0.666667
0.670833
0.675000
0.670833
0.675000
0.675000
0.679167
0.675000
0.675000
0.679167
0.670833
0.675000
0.675000
0.675000
0.675000
0.675000
0.683333
0.679167
0.679167
0.679167
0.679167
0.679167
0.679167
0.679167
0.675000
0.683333
0.670833
0.670833
0.670833
0.675000
0.670833
0.670833
0.675000
0.666667
0.670833
0.662500
0.666667
0.666667
0.662500
0.662500
0.666667
0.666667
0.670833
0.666667
0.675000
0.675000
0.670833
0.670833
0.670833
0.675000
0.679167
0.683333
0.679167
0.675000
0.670833
0.675000
0.670833
0.670833
0.666667
0.662500
0.670833
0.670833
0.666667
0.675000
0.675000
0.679167
0.679167
0.679167
0.670833
0.670833
0.679167
0.675000
0.666667
0.666667
0.666667
0.662500
0.658333
0.662500
0.658333
0.662500
0.658333
0.662500
0.666667
0.666667
0.670833
0.675000
0.675000
0.679167
0.679167
0.679167
0.679167
0.683333
0.675000
0.683333
0.675000
0.679167
0.670833
0.675000
0.675000
0.675000
0.670833
0.670833
0.670833
0.679167
0.670833
0.675000
0.683333
0.679167
0.679167
0.687500
0.687500
0.683333
0.679167
0.683333
0.683333
0.683333
0.675000
0.670833
0.675000
0.675000
0.675000
0.670833
0.670833
0.675000
0.675000
0.675000
0.679167
0.679167
0.679167
0.675000
0.675000
0.679167
0.679167
0.679167
0.679167
0.687500
0.679167
0.679167
0.683333
0.670833
0.675000
0.679167
0.670833
0.670833
0.670833
0.675000
0.679167
0.675000
0.675000
0.670833
0.675000
0.675000
0.670833
0.675000
0.675000
0.670833
0.670833
0.670833
0.670833
0.670833
0.675000
0.670833
0.670833
0.670833
0.679167
0.675000
0.679167
0.670833
0.675000
0.670833
0.679167
0.670833
0.675000
0.679167
0.675000
0.670833
0.675000
0.670833
0.670833
0.670833
0.666667
0.670833
0.666667
0.666667
0.670833
0.670833
0.666667
0.666667
0.666667
0.666667
0.666667
0.662500
0.666667
0.666667
0.666667
0.662500
0.670833
0.670833
0.670833
0.670833
0.666667
0.670833
0.666667
0.670833
0.666667
0.666667
0.675000
0.666667
0.666667
0.666667
0.670833
0.670833
0.666667
0.670833
0.675000
0.670833
0.675000
0.670833
0.675000
0.670833
0.670833
0.675000
0.670833
0.666667
0.670833
0.666667
0.666667
0.666667
0.675000
0.666667
0.670833
0.670833
0.670833
0.666667
0.666667
0.670833
0.670833
0.666667
0.670833
0.666667
0.670833
0.670833
0.670833
0.670833
0.670833
0.670833
0.670833
0.675000
0.670833
0.675000
0.670833
0.679167
0.679167
0.679167
0.675000
0.675000
0.679167
0.675000
0.670833
0.666667
0.666667
0.666667
0.658333
0.666667
0.662500
0.666667
0.666667
0.670833
0.670833
0.675000
0.670833
0.666667
0.670833
0.670833
0.675000
0.675000
0.675000
0.670833
0.675000
0.679167
0.675000
0.670833
0.675000
0.670833
0.666667
0.666667
0.666667
0.666667
0.670833
0.670833
0.279167
0.387500
0.670833
0.675000
0.670833
0.670833
0.675000
0.670833
0.666667
0.666667
0.670833
0.666667
0.662500
0.666667
0.658333
0.662500
0.662500
0.662500
0.658333
0.658333
0.666667
0.666667
0.666667
0.666667
0.670833
0.666667
0.666667
0.662500
0.662500
0.662500
0.654167
0.658333
0.654167
0.650000
0.654167
0.654167
0.658333
0.658333
0.654167
0.654167
0.658333
0.666667
0.662500
0.662500
0.666667
0.670833
0.666667
0.670833
0.662500
0.662500
0.662500
0.654167
0.658333
0.658333
0.662500
0.662500
0.662500
0.658333
0.662500
0.666667
0.662500
0.662500
0.662500
0.662500
0.658333
0.662500
0.658333
0.658333
0.654167
0.662500
0.654167
0.658333
0.658333
0.658333
0.658333
0.662500
0.658333
0.662500
0.658333
0.662500
0.662500
0.658333
0.662500
0.658333
0.662500
0.662500
0.670833
0.666667
0.662500
0.654167
0.658333
0.658333
0.650000
0.650000
0.650000
0.654167
0.650000
0.654167
0.645833
0.654167
0.654167
0.650000
0.650000
0.658333
0.650000
0.662500
0.662500
0.662500
0.658333
0.662500
0.658333
0.662500
0.662500
0.658333
0.654167
0.658333
0.662500
0.658333
0.654167
0.654167
0.658333
0.654167
0.658333
0.654167
0.658333
0.658333
0.654167
0.654167
0.654167
0.650000
0.654167
0.650000
0.654167
0.650000
0.654167
0.654167
0.658333
0.658333
0.654167
0.654167
0.658333
0.662500
0.658333
0.662500
0.658333
0.658333
0.662500
0.662500
0.658333
0.662500
0.662500
0.658333
0.662500
0.666667
0.654167
0.666667
0.662500
0.662500
0.666667
0.675000
0.666667
0.666667
0.670833
0.666667
0.670833
0.675000
0.670833
0.670833
0.670833
0.675000
0.670833
0.670833
0.670833
0.666667
0.679167
0.675000
0.670833
0.662500
0.662500
0.666667
0.662500
0.658333
0.662500
0.658333
0.662500
0.658333
0.662500
0.658333
0.658333
0.666667
0.662500
0.662500
0.666667
0.662500
0.670833
0.666667
0.662500
0.675000
0.666667
0.670833
0.670833
0.670833
0.675000
0.670833
0.675000
0.670833
0.662500
0.666667
0.662500
0.666667
0.658333
0.662500
0.658333
0.658333
0.662500
0.658333
0.658333
0.658333
0.662500
0.662500
0.662500
0.662500
0.666667
0.658333
0.658333
0.662500
0.662500
0.658333
0.658333
0.654167
0.658333
0.658333
0.654167
0.658333
0.658333
0.650000
0.654167
0.654167
0.650000
0.654167
0.650000
0.654167
0.650000
0.650000
0.650000
0.654167
0.650000
0.654167
0.654167
0.654167
0.650000
0.650000
0.654167
0.658333
0.654167
0.662500
0.658333
0.662500
0.662500
0.666667
0.662500
0.658333
0.662500
0.662500
0.658333
0.658333
0.662500
0.662500
0.662500
0.666667
0.670833
0.666667
0.670833
0.666667
0.670833
0.675000
0.675000
0.670833
0.670833
0.670833
0.662500
0.670833
0.666667
0.670833
0.670833
0.675000
0.675000
0.679167
0.666667
0.675000
0.666667
0.670833
0.666667
0.662500
0.666667
0.662500
0.658333
0.662500
0.658333
0.658333
0.662500
0.662500
0.662500
0.658333
0.658333
0.666667
0.658333
0.658333
0.662500
0.662500
0.662500
0.658333
0.662500
0.670833
0.666667
0.670833
0.670833
0.675000
0.679167
0.670833
0.670833
0.670833
0.666667
0.662500
0.662500
0.654167
0.662500
0.662500
0.666667
0.662500
0.666667
0.666667
0.662500
0.670833
0.666667
0.666667
0.662500
0.662500
0.662500
0.662500
0.662500
0.666667
0.666667
0.662500
0.662500
0.662500
0.662500
0.662500
0.666667
0.658333
0.658333
0.658333
0.662500
0.662500
0.658333
0.654167
0.654167
0.654167
0.650000
0.650000
0.645833
0.650000
0.645833
0.645833
0.645833
0.645833
0.650000
0.650000
0.654167
0.650000
0.654167
0.662500
0.662500
0.658333
0.662500
0.662500
0.662500
0.658333
0.654167
0.658333
0.654167
0.650000
0.650000
0.654167
0.645833
0.645833
0.650000
0.650000
0.654167
0.654167
0.650000
0.654167
