1.108333
1.287500
1.250000
1.225000
1.220833
1.233333
1.225000
1.216667
1.237500
1.220833
1.212500
1.237500
1.220833
1.216667
1.229167
1.225000
1.216667
1.233333
1.220833
1.216667
1.241667
1.220833
1.216667
1.137500
1.070833
1.054167
1.008333
1.091667
1.283333
1.250000
1.220833
1.216667
1.233333
1.220833
1.212500
1.229167
1.220833
1.212500
1.237500
1.137500
1.070833
0.991667
1.283333
1.237500
1.191667
1.245833
1.233333
1.095833
1.116667
1.100000
1.012500
1.279167
1.279167
1.250000
1.237500
1.229167
1.241667
1.225000
1.220833
1.241667
1.220833
1.216667
1.237500
1.216667
1.216667
1.237500
1.216667
1.216667
1.237500
1.220833
1.216667
1.229167
1.220833
1.212500
1.237500
1.216667
1.229167
1.216667
1.212500
1.233333
1.220833
1.233333
1.225000
1.216667
1.233333
1.220833
1.237500
1.225000
1.220833
1.237500
1.220833
1.229167
1.225000
1.212500
1.229167
1.220833
1.212500
1.233333
1.220833
1.212500
1.150000
1.120833
1.000000
1.083333
1.120833
1.045833
1.183333
1.166667
1.050000
1.204167
1.300000
1.166667
1.216667
1.133333
1.012500
1.312500
1.254167
1.266667
1.241667
1.237500
1.245833
1.233333
1.245833
1.191667
1.020833
0.991667
1.308333
1.241667
1.250000
1.233333
1.225000
1.250000
1.233333
1.241667
1.233333
1.225000
1.250000
1.233333
1.225000
1.241667
1.229167
1.225000
1.241667
1.229167
1.216667
1.245833
1.233333
1.225000
1.241667
1.237500
1.229167
1.250000
1.229167
1.225000
1.250000
1.237500
1.225000
1.250000
1.233333
1.229167
1.250000
1.237500
1.233333
1.245833
1.233333
1.225000
1.250000
1.229167
1.225000
1.241667
1.229167
1.220833
1.241667
1.229167
1.220833
1.241667
1.225000
1.225000
1.245833
1.233333
1.225000
1.245833
1.233333
1.225000
1.241667
1.233333
1.220833
1.241667
1.229167
1.241667
1.229167
1.225000
1.245833
1.229167
1.237500
1.233333
1.225000
1.245833
1.233333
1.220833
1.241667
1.225000
1.220833
1.241667
1.229167
1.216667
1.241667
1.229167
1.220833
1.237500
1.225000
1.220833
1.241667
1.229167
1.220833
1.237500
1.220833
1.220833
1.237500
1.229167
1.216667
1.233333
1.225000
1.237500
1.225000
1.220833
1.233333
1.225000
1.241667
1.229167
1.225000
1.245833
1.233333
1.229167
1.241667
1.225000
1.220833
1.237500
1.229167
1.220833
1.237500
1.229167
1.254167
1.229167
1.225000
1.250000
1.225000
1.233333
1.229167
1.220833
1.237500
1.225000
1.233333
1.225000
1.216667
1.241667
1.225000
1.216667
1.245833
1.220833
1.233333
1.225000
1.220833
1.233333
1.220833
1.233333
1.225000
1.216667
1.241667
1.229167
1.220833
1.250000
1.229167
1.229167
1.241667
1.233333
1.250000
1.233333
1.229167
1.245833
1.229167
1.225000
1.245833
1.225000
1.237500
1.220833
1.216667
1.241667
1.225000
1.216667
1.237500
1.220833
1.216667
1.237500
1.225000
1.237500
1.225000
1.220833
1.237500
1.225000
1.225000
1.245833
1.229167
1.225000
1.250000
1.233333
1.233333
1.250000
1.237500
1.233333
1.245833
1.237500
1.225000
1.250000
1.237500
1.220833
1.250000
1.233333
1.225000
1.245833
1.233333
1.241667
1.233333
1.225000
1.245833
1.233333
1.225000
1.237500
1.225000
1.220833
1.245833
1.229167
1.225000
1.245833
1.229167
1.220833
1.237500
0.870833
1.287500
1.233333
1.254167
1.229167
1.212500
1.229167
1.212500
1.237500
1.225000
1.208333
1.237500
1.220833
1.233333
1.220833
1.216667
1.237500
1.225000
1.216667
1.245833
1.225000
1.216667
1.241667
1.225000
1.233333
1.225000
1.220833
1.241667
1.225000
1.225000
1.241667
1.229167
1.225000
1.250000
1.229167
1.229167
1.245833
1.233333
1.241667
1.229167
1.220833
1.245833
1.229167
1.225000
1.237500
1.229167
1.241667
1.225000
1.225000
1.245833
1.229167
1.220833
1.241667
1.229167
1.241667
1.233333
1.220833
1.241667
1.229167
1.220833
1.241667
1.229167
1.220833
1.241667
1.229167
1.225000
1.245833
1.229167
1.220833
1.245833
1.229167
1.237500
1.229167
1.220833
1.241667
1.225000
1.237500
1.229167
1.220833
1.241667
1.225000
1.241667
1.225000
1.220833
1.245833
1.229167
1.216667
1.241667
1.225000
1.216667
1.237500
1.225000
1.233333
1.225000
1.216667
1.241667
1.229167
1.225000
1.245833
1.229167
1.220833
1.241667
1.229167
1.220833
1.241667
1.229167
1.237500
1.233333
1.220833
1.250000
1.233333
1.225000
1.245833
1.225000
1.241667
1.229167
1.220833
1.245833
1.233333
1.220833
1.241667
1.225000
1.241667
1.225000
1.225000
1.245833
1.233333
1.220833
1.245833
1.229167
1.241667
1.229167
1.220833
1.241667
1.229167
1.220833
1.245833
1.225000
1.220833
1.241667
1.229167
1.225000
1.245833
1.229167
1.220833
1.245833
1.229167
1.220833
1.250000
1.229167
1.220833
1.241667
1.229167
1.237500
1.229167
1.225000
1.245833
1.233333
1.225000
1.254167
1.237500
1.241667
1.233333
1.220833
1.245833
1.233333
1.220833
1.245833
1.229167
1.220833
1.245833
1.225000
1.225000
