0.350000
0.795833
0.104167
0.391667
0.195833
0.458333
0.645833
0.641667
0.641667
0.650000
0.645833
0.641667
0.637500
0.650000
0.650000
0.637500
0.641667
0.650000
0.641667
0.641667
0.641667
0.650000
0.641667
0.637500
0.645833
0.650000
0.641667
0.641667
0.650000
0.641667
0.645833
0.641667
0.645833
0.650000
0.645833
0.645833
0.641667
0.650000
0.645833
0.645833
0.645833
0.650000
0.650000
0.650000
0.650000
0.650000
0.654167
0.654167
0.650000
0.654167
0.654167
0.654167
0.650000
0.650000
0.654167
0.650000
0.650000
0.650000
0.654167
0.654167
0.641667
0.495833
0.808333
0.279167
0.362500
0.279167
0.362500
0.645833
0.491667
0.420833
0.379167
0.637500
0.650000
0.462500
0.704167
0.458333
0.316667
0.112500
0.512500
0.633333
0.637500
0.645833
0.641667
0.637500
0.633333
0.641667
0.645833
0.637500
0.637500
0.637500
0.645833
0.641667
0.637500
0.637500
0.641667
0.645833
0.637500
0.633333
0.637500
0.645833
0.637500
0.633333
0.637500
0.645833
0.641667
0.637500
0.637500
0.641667
0.637500
0.637500
0.637500
0.641667
0.641667
0.637500
0.637500
0.641667
0.645833
0.637500
0.641667
0.645833
0.641667
0.641667
0.645833
0.637500
0.650000
0.641667
0.641667
0.645833
0.645833
0.650000
0.779167
0.520833
0.220833
0.429167
0.304167
0.354167
0.654167
0.654167
0.654167
0.200000
0.458333
0.325000
0.333333
0.425000
0.225000
0.258333
0.391667
0.662500
0.650000
0.650000
0.654167
0.658333
0.345833
0.304167
0.654167
0.650000
0.662500
0.654167
0.658333
0.658333
0.658333
0.675000
0.662500
0.658333
0.662500
0.200000
0.462500
0.666667
0.662500
0.129167
0.533333
0.670833
0.666667
0.675000
0.666667
0.662500
0.666667
0.675000
0.662500
0.666667
0.666667
0.675000
0.662500
0.666667
0.670833
0.670833
0.662500
0.670833
0.679167
0.666667
0.662500
0.666667
0.666667
0.662500
0.666667
0.662500
0.666667
0.662500
0.662500
0.666667
0.670833
0.666667
0.666667
0.666667
0.670833
0.675000
0.345833
0.329167
0.662500
0.670833
0.675000
0.666667
0.666667
0.670833
0.441667
0.237500
0.666667
0.670833
0.670833
0.670833
0.666667
0.666667
0.670833
0.670833
0.658333
0.666667
0.670833
0.662500
0.662500
0.662500
0.670833
0.662500
0.662500
0.658333
0.670833
0.658333
0.654167
0.658333
0.662500
0.658333
0.654167
0.654167
0.658333
0.662500
0.658333
0.658333
0.254167
0.400000
0.658333
0.658333
0.658333
0.662500
0.654167
0.654167
0.654167
0.654167
0.658333
0.658333
0.654167
0.654167
0.654167
0.658333
0.658333
0.658333
0.658333
0.662500
0.658333
0.662500
0.666667
0.670833
0.662500
0.662500
0.658333
0.666667
0.662500
0.658333
0.658333
0.666667
0.658333
0.658333
0.658333
0.666667
0.662500
0.658333
0.662500
0.662500
0.666667
0.666667
0.408333
0.258333
0.666667
0.666667
0.666667
0.666667
0.662500
0.662500
0.666667
0.345833
0.316667
0.658333
0.587500
0.737500
0.666667
0.658333
0.783333
0.483333
0.225000
0.512500
0.645833
0.333333
0.408333
0.579167
0.658333
0.658333
0.762500
0.550000
0.654167
0.654167
0.662500
0.654167
0.650000
0.654167
0.662500
0.654167
0.654167
0.650000
0.662500
0.662500
0.658333
0.654167
0.662500
0.662500
0.658333
0.658333
0.658333
0.658333
0.658333
0.654167
0.662500
0.662500
0.650000
0.658333
0.408333
0.250000
0.658333
0.662500
0.658333
0.662500
0.662500
0.662500
0.662500
0.858333
0.241667
0.229167
0.662500
0.666667
0.670833
0.666667
0.670833
0.679167
0.670833
0.666667
0.670833
0.675000
0.675000
0.670833
0.683333
0.670833
0.670833
0.675000
0.229167
0.566667
0.550000
0.225000
0.441667
0.425000
0.120833
0.387500
0.404167
0.658333
0.658333
0.658333
0.662500
0.658333
0.654167
0.662500
0.666667
0.658333
0.658333
0.658333
0.666667
0.658333
0.658333
0.658333
0.666667
0.658333
0.654167
0.658333
0.658333
0.658333
0.654167
0.654167
0.654167
0.654167
0.654167
0.654167
0.658333
0.658333
0.662500
0.658333
0.658333
0.654167
0.666667
0.662500
0.275000
0.387500
0.662500
0.662500
0.670833
0.662500
0.662500
0.666667
0.666667
0.670833
0.666667
0.804167
0.525000
0.670833
0.670833
0.662500
0.670833
0.675000
0.666667
0.675000
0.675000
0.670833
0.683333
0.675000
0.679167
0.441667
0.333333
0.575000
0.683333
0.670833
0.670833
0.762500
0.583333
0.587500
0.758333
0.670833
0.666667
0.629167
0.708333
0.666667
0.670833
0.662500
0.662500
0.666667
0.670833
0.666667
0.666667
0.662500
0.670833
0.662500
0.662500
0.662500
0.666667
0.658333
0.658333
0.658333
0.662500
0.666667
0.658333
0.658333
0.470833
0.850000
0.658333
0.654167
0.437500
0.220833
0.654167
0.650000
0.654167
0.658333
0.650000
0.558333
0.541667
0.204167
0.629167
0.691667
0.658333
0.658333
0.658333
0.783333
0.545833
0.662500
0.662500
0.666667
0.670833
0.662500
0.666667
0.670833
0.666667
0.666667
0.666667
0.675000
0.662500
0.662500
0.670833
0.670833
0.662500
0.662500
0.670833
0.662500
0.662500
0.658333
0.662500
0.658333
0.658333
0.658333
0.658333
0.662500
0.658333
0.654167
0.658333
0.666667
0.658333
0.658333
0.662500
0.662500
0.658333
0.570833
0.745833
0.208333
0.450000
0.666667
0.658333
0.654167
0.658333
0.662500
0.654167
0.662500
0.658333
0.658333
0.670833
0.658333
0.662500
0.658333
0.666667
0.658333
0.662500
0.658333
0.662500
0.666667
0.654167
0.658333
0.654167
0.662500
0.662500
0.654167
0.654167
0.658333
0.662500
0.650000
0.654167
0.654167
0.658333
0.654167
0.654167
0.654167
0.654167
0.662500
0.654167
0.654167
0.658333
0.333333
0.320833
0.666667
0.654167
0.658333
0.654167
0.658333
0.658333
0.658333
0.658333
0.658333
0.654167
0.295833
0.375000
0.658333
0.658333
0.654167
0.670833
0.404167
0.495833
0.566667
0.508333
0.658333
0.216667
0.450000
0.275000
0.383333
0.650000
0.670833
0.654167
0.654167
0.650000
0.662500
0.654167
0.650000
0.645833
0.662500
0.654167
0.650000
0.645833
0.662500
0.654167
0.645833
0.650000
0.654167
0.654167
0.650000
0.645833
0.654167
0.658333
0.650000
0.650000
0.645833
0.662500
0.645833
0.650000
0.645833
0.654167
0.650000
0.620833
0.679167
0.650000
0.645833
0.650000
0.645833
0.641667
0.658333
0.650000
0.645833
0.650000
0.645833
0.654167
0.650000
0.650000
0.645833
0.645833
0.662500
0.650000
0.654167
0.658333
0.654167
0.670833
0.658333
0.654167
0.654167
0.666667
0.658333
0.658333
0.650000
0.670833
0.658333
0.662500
0.658333
0.654167
0.670833
0.658333
0.658333
0.662500
0.650000
0.666667
0.662500
0.658333
0.662500
0.670833
0.662500
0.679167
0.675000
0.666667
0.666667
0.675000
0.666667
0.654167
0.662500
0.666667
0.662500
0.654167
0.662500
0.670833
0.658333
0.654167
0.204167
0.450000
0.670833
0.658333
0.658333
0.650000
0.670833
0.654167
0.745833
0.466667
0.766667
0.658333
0.650000
0.658333
0.658333
0.654167
0.645833
0.650000
0.654167
0.387500
0.266667
0.654167
0.645833
0.658333
0.658333
0.654167
0.645833
0.658333
0.650000
0.266667
0.383333
0.650000
0.650000
0.658333
0.650000
0.650000
0.650000
0.654167
0.658333
0.650000
0.654167
0.650000
0.254167
0.412500
0.645833
0.658333
0.658333
0.658333
0.654167
0.737500
0.329167
0.412500
0.512500
0.675000
0.670833
0.125000
0.554167
0.695833
0.687500
0.683333
0.691667
0.683333
0.670833
0.679167
0.679167
0.666667
0.662500
0.666667
0.666667
0.662500
0.650000
0.658333
0.658333
0.650000
0.645833
0.650000
0.262500
0.250000
0.770833
0.641667
0.650000
0.637500
0.633333
0.637500
0.645833
0.637500
0.633333
0.633333
0.641667
0.637500
0.633333
0.629167
0.637500
0.641667
0.633333
0.629167
0.633333
0.637500
0.633333
0.625000
0.633333
0.637500
0.629167
0.625000
0.625000
0.633333
0.637500
0.625000
0.625000
0.633333
0.637500
0.625000
0.625000
0.629167
0.633333
0.629167
0.625000
0.629167
0.625000
0.633333
0.625000
0.625000
0.625000
0.625000
0.637500
0.625000
0.625000
0.625000
0.529167
0.508333
0.229167
0.629167
0.625000
0.629167
0.641667
0.629167
0.629167
0.633333
0.633333
0.641667
0.633333
0.629167
0.637500
0.637500
0.641667
0.633333
0.633333
0.633333
0.641667
0.641667
0.633333
0.637500
0.641667
0.629167
0.650000
0.637500
0.637500
0.641667
0.654167
0.650000
0.654167
0.654167
0.650000
0.650000
0.654167
0.658333
0.654167
0.650000
0.650000
0.658333
0.645833
0.641667
0.650000
0.654167
0.645833
0.637500
0.645833
0.650000
0.641667
0.637500
0.637500
0.637500
0.645833
0.629167
0.633333
0.637500
0.637500
0.633333
0.633333
0.633333
0.637500
0.645833
0.787500
0.483333
0.633333
0.637500
0.637500
0.633333
0.633333
0.629167
0.633333
0.641667
0.629167
0.629167
0.633333
0.637500
0.637500
0.641667
0.637500
0.645833
0.641667
0.641667
0.645833
0.650000
0.645833
0.650000
0.645833
0.650000
0.654167
0.641667
0.645833
0.650000
0.650000
0.645833
0.641667
0.645833
0.654167
0.650000
0.645833
0.645833
0.650000
0.650000
0.645833
0.637500
0.645833
0.645833
0.641667
0.637500
0.637500
0.650000
0.637500
0.633333
0.637500
0.641667
0.637500
0.633333
0.629167
0.637500
0.637500
0.316667
0.316667
0.358333
0.270833
0.629167
0.641667
0.408333
0.070833
0.770833
0.633333
0.275000
0.350000
0.637500
0.629167
0.429167
0.337500
0.491667
0.625000
0.420833
0.387500
0.458333
0.629167
0.629167
0.637500
0.637500
0.633333
0.633333
0.633333
0.637500
0.641667
0.629167
0.241667
0.391667
0.633333
0.637500
0.545833
0.716667
0.625000
0.633333
0.633333
0.625000
0.625000
0.625000
0.633333
0.633333
0.620833
0.625000
0.629167
0.629167
0.629167
0.625000
0.633333
0.633333
0.629167
0.625000
0.629167
0.629167
0.637500
0.625000
0.633333
0.629167
0.633333
0.637500
0.629167
0.704167
0.558333
