0.791667
0.791667
0.795833
0.800000
0.795833
0.804167
0.791667
0.800000
0.804167
0.800000
0.808333
0.804167
0.804167
0.812500
0.804167
0.808333
0.804167
0.795833
0.791667
0.800000
0.808333
0.800000
0.808333
0.800000
0.804167
0.804167
0.804167
0.791667
0.804167
0.808333
0.808333
0.804167
0.800000
0.804167
0.808333
0.812500
0.812500
0.800000
0.800000
0.804167
0.800000
0.262500
0.533333
0.791667
0.791667
0.795833
0.800000
0.791667
0.800000
0.808333
0.804167
0.808333
0.808333
0.804167
0.800000
0.808333
0.800000
0.795833
0.795833
0.795833
0.795833
0.795833
0.787500
0.791667
0.787500
0.795833
0.791667
0.787500
0.787500
0.795833
0.791667
0.791667
0.791667
0.787500
0.791667
0.791667
0.795833
0.795833
0.795833
0.791667
0.795833
0.795833
0.795833
0.791667
0.795833
0.791667
0.795833
0.791667
0.800000
0.787500
0.787500
0.800000
0.791667
0.795833
0.791667
0.787500
0.795833
0.791667
0.795833
0.800000
0.787500
0.791667
0.791667
0.795833
0.795833
0.795833
0.791667
0.783333
0.795833
0.800000
0.791667
0.787500
0.525000
0.262500
0.787500
0.775000
0.787500
0.783333
0.783333
0.775000
0.779167
0.787500
0.791667
0.783333
0.783333
0.791667
0.791667
0.787500
0.783333
0.779167
0.791667
0.787500
0.783333
0.779167
0.787500
0.787500
0.791667
0.791667
0.787500
0.783333
0.791667
0.795833
0.791667
0.800000
0.795833
0.795833
0.791667
0.800000
0.795833
0.795833
0.791667
0.795833
0.791667
0.795833
0.795833
0.791667
0.800000
0.795833
0.800000
0.795833
0.791667
0.795833
0.800000
0.795833
0.787500
0.795833
0.795833
0.795833
0.791667
0.791667
0.791667
0.795833
0.791667
0.791667
0.787500
0.791667
0.791667
0.787500
0.791667
0.787500
0.787500
0.787500
0.787500
0.783333
0.783333
0.783333
0.783333
0.787500
0.783333
0.779167
0.775000
0.783333
0.779167
0.770833
0.775000
0.775000
0.775000
0.779167
0.770833
0.779167
0.783333
0.783333
0.779167
0.775000
0.783333
0.787500
0.787500
0.791667
0.783333
0.787500
0.787500
0.787500
0.787500
0.783333
0.783333
0.783333
0.783333
0.779167
0.779167
0.783333
0.783333
0.783333
0.783333
0.779167
0.783333
0.787500
0.791667
0.787500
0.783333
0.791667
0.787500
0.787500
0.783333
0.779167
0.791667
0.787500
0.787500
0.783333
0.783333
0.770833
0.779167
0.775000
0.766667
0.770833
0.770833
0.770833
0.770833
0.770833
0.775000
0.770833
0.775000
0.770833
0.770833
0.775000
0.779167
0.775000
0.775000
0.775000
0.775000
0.783333
0.779167
0.783333
0.787500
0.779167
0.791667
0.791667
0.795833
0.787500
0.791667
0.787500
0.783333
0.779167
0.783333
0.787500
0.783333
0.783333
0.775000
0.787500
0.787500
0.791667
0.795833
0.783333
0.791667
0.795833
0.795833
0.795833
0.791667
0.795833
0.795833
0.800000
0.800000
0.791667
0.800000
0.791667
0.791667
0.795833
0.791667
0.787500
0.783333
0.791667
0.791667
0.791667
0.791667
0.783333
0.791667
0.787500
0.783333
0.783333
0.783333
0.787500
0.787500
0.783333
0.783333
0.787500
0.787500
0.783333
0.783333
0.787500
0.787500
0.783333
0.787500
0.783333
0.787500
0.783333
0.779167
0.783333
0.779167
0.779167
0.779167
0.783333
0.783333
0.787500
0.783333
0.775000
0.783333
0.783333
0.783333
0.779167
0.779167
0.787500
0.783333
0.783333
0.779167
0.779167
0.787500
0.783333
0.783333
0.783333
0.775000
0.787500
0.787500
0.791667
0.787500
0.783333
0.787500
0.787500
0.791667
0.783333
0.787500
0.787500
0.791667
0.787500
0.783333
0.795833
0.791667
0.787500
0.787500
0.787500
0.791667
0.791667
0.787500
0.783333
0.783333
0.791667
0.783333
0.783333
0.783333
0.791667
0.783333
0.779167
0.779167
0.779167
0.783333
0.779167
0.770833
0.783333
0.779167
0.787500
0.783333
0.779167
0.787500
0.787500
0.787500
0.783333
0.779167
0.783333
0.783333
0.783333
0.779167
0.787500
0.787500
0.783333
0.779167
0.783333
0.787500
0.787500
0.779167
0.779167
0.783333
0.779167
0.787500
0.783333
0.779167
0.783333
0.783333
0.779167
0.775000
0.770833
0.779167
0.775000
0.770833
0.770833
0.779167
0.779167
0.779167
0.770833
0.779167
0.775000
0.775000
0.770833
0.770833
0.775000
0.775000
0.775000
0.770833
0.766667
0.775000
0.770833
0.775000
0.770833
0.775000
0.766667
0.775000
0.775000
0.779167
0.779167
0.775000
0.779167
0.779167
0.787500
0.783333
0.787500
0.783333
0.779167
0.783333
0.775000
0.775000
0.779167
0.775000
0.779167
0.775000
0.779167
0.787500
0.783333
0.787500
0.775000
0.783333
0.783333
0.787500
0.787500
0.791667
0.787500
0.791667
0.795833
0.787500
0.795833
0.783333
0.791667
0.787500
0.787500
0.787500
0.787500
0.791667
0.783333
0.791667
0.783333
0.779167
0.783333
0.787500
0.779167
0.775000
0.783333
0.787500
0.783333
0.775000
0.783333
0.783333
0.775000
0.775000
0.770833
0.779167
0.775000
0.779167
0.770833
0.775000
0.779167
0.775000
0.779167
0.770833
0.779167
0.779167
0.779167
0.783333
0.779167
0.775000
0.783333
0.779167
0.783333
0.783333
0.779167
0.779167
0.783333
0.787500
0.783333
0.783333
0.791667
0.791667
0.795833
0.787500
0.787500
0.787500
0.791667
0.783333
0.779167
0.787500
0.795833
0.791667
0.795833
0.791667
0.791667
0.800000
0.800000
0.791667
0.800000
0.800000
0.795833
0.800000
0.795833
0.791667
0.791667
0.791667
0.787500
0.787500
0.779167
0.787500
0.783333
0.787500
0.783333
0.787500
0.787500
0.787500
0.791667
0.787500
0.779167
0.783333
0.787500
0.783333
0.779167
0.779167
0.783333
0.779167
0.779167
0.770833
0.770833
0.779167
0.775000
0.775000
0.770833
0.775000
0.775000
0.779167
0.779167
0.779167
0.779167
0.779167
0.783333
0.783333
0.779167
0.775000
0.775000
0.779167
0.775000
0.775000
0.770833
0.775000
0.766667
0.770833
0.762500
0.766667
0.766667
0.762500
0.758333
0.762500
0.762500
0.762500
0.762500
0.758333
0.758333
0.762500
0.758333
0.758333
0.762500
0.754167
0.758333
0.758333
0.758333
0.758333
0.754167
0.750000
0.758333
0.758333
0.758333
0.750000
0.754167
0.754167
0.754167
0.758333
0.758333
0.754167
0.758333
0.758333
0.758333
0.762500
0.758333
0.762500
0.762500
0.762500
0.766667
0.766667
0.766667
0.770833
0.775000
0.770833
0.775000
0.770833
0.770833
0.775000
0.775000
0.770833
0.770833
0.770833
0.770833
0.766667
0.762500
0.762500
0.766667
0.758333
0.758333
0.754167
0.758333
0.758333
0.754167
0.758333
0.754167
0.762500
0.762500
0.766667
0.758333
0.762500
0.758333
0.762500
0.762500
0.754167
0.608333
0.466667
0.425000
0.408333
0.345833
0.741667
0.750000
0.408333
0.337500
0.354167
0.383333
0.266667
0.341667
0.137500
0.341667
0.404167
0.216667
0.270833
0.250000
0.729167
0.741667
0.266667
0.283333
0.429167
0.479167
0.737500
0.250000
0.479167
0.729167
0.733333
0.733333
0.729167
0.733333
0.737500
0.733333
0.741667
0.737500
0.741667
0.741667
0.737500
0.754167
0.745833
0.741667
0.666667
0.083333
0.745833
0.445833
0.183333
0.870833
0.283333
0.454167
0.745833
0.750000
0.741667
0.737500
0.750000
0.750000
0.733333
0.741667
0.745833
0.733333
0.745833
0.741667
0.745833
0.454167
0.287500
0.587500
0.141667
0.754167
0.745833
0.737500
0.750000
0.741667
0.745833
0.741667
0.741667
0.441667
0.308333
0.350000
0.391667
0.745833
0.454167
0.279167
0.754167
0.754167
0.745833
0.775000
0.070833
0.491667
0.891667
0.741667
0.737500
0.745833
0.737500
0.750000
0.754167
0.750000
0.741667
0.750000
0.758333
0.745833
0.745833
0.750000
0.741667
0.745833
0.750000
0.737500
0.737500
0.745833
0.850000
0.620833
0.254167
0.504167
0.741667
0.320833
0.316667
0.104167
0.270833
0.475000
0.325000
0.412500
0.750000
0.441667
0.291667
0.220833
0.525000
0.729167
0.741667
0.741667
0.725000
0.733333
0.733333
0.737500
0.733333
0.741667
0.729167
0.745833
0.733333
0.745833
0.745833
0.745833
0.741667
0.745833
0.750000
0.487500
0.258333
0.741667
0.741667
0.754167
0.741667
0.750000
0.754167
0.745833
0.750000
0.754167
0.750000
0.750000
0.754167
0.754167
0.754167
0.766667
