0.333333
0.179167
0.550000
0.291667
0.183333
0.887500
0.591667
0.612500
0.558333
0.395833
0.558333
0.470833
0.479167
0.925000
0.583333
1.266667
0.833333
0.816667
1.087500
0.891667
0.891667
0.941667
0.954167
0.925000
0.933333
0.979167
1.008333
0.954167
0.933333
0.983333
1.050000
0.991667
0.945833
0.995833
1.050000
1.083333
0.987500
1.033333
1.083333
1.062500
1.033333
0.387500
0.608333
1.025000
1.050000
0.754167
0.287500
0.983333
0.962500
1.012500
0.833333
0.212500
0.279167
0.758333
1.012500
0.933333
1.037500
1.066667
1.054167
1.012500
0.991667
1.033333
1.041667
1.045833
1.037500
0.920833
1.100000
1.050000
1.066667
1.058333
1.025000
0.941667
1.137500
1.070833
1.070833
1.070833
0.937500
1.125000
1.070833
1.066667
1.050000
0.937500
1.120833
1.062500
1.045833
0.912500
1.087500
1.050000
0.937500
1.066667
1.045833
1.050000
1.050000
0.925000
1.100000
1.054167
1.050000
0.929167
1.079167
1.054167
1.058333
1.054167
0.929167
1.083333
1.058333
1.054167
1.050000
0.933333
1.091667
1.058333
1.054167
0.941667
1.087500
1.070833
1.062500
0.941667
1.000000
1.016667
1.112500
0.979167
1.104167
0.362500
0.550000
0.995833
0.987500
0.512500
0.245833
0.516667
0.937500
0.633333
0.233333
0.583333
0.433333
0.520833
0.391667
0.162500
0.187500
0.433333
0.404167
0.262500
0.537500
0.216667
0.929167
0.475000
0.550000
0.804167
0.191667
0.787500
0.216667
0.270833
0.779167
1.025000
0.225000
0.779167
0.316667
0.208333
0.500000
0.966667
0.937500
0.995833
1.037500
1.050000
0.979167
0.941667
0.970833
1.079167
1.108333
1.012500
0.929167
1.100000
1.045833
1.029167
0.929167
0.450000
0.491667
0.641667
0.458333
0.612500
0.487500
0.433333
0.491667
0.566667
0.287500
0.216667
0.420833
0.279167
0.329167
0.316667
0.691667
0.350000
0.587500
0.683333
0.291667
0.604167
0.400000
1.058333
0.187500
0.483333
0.350000
0.550000
0.425000
0.379167
0.583333
0.225000
0.633333
0.129167
0.695833
0.316667
0.529167
0.529167
0.958333
0.933333
0.991667
0.175000
1.025000
0.429167
0.604167
0.908333
0.970833
0.929167
0.954167
0.995833
0.966667
0.954167
1.041667
1.062500
1.066667
1.029167
1.012500
0.920833
1.095833
1.037500
1.050000
1.029167
1.008333
1.016667
0.908333
0.983333
0.983333
1.016667
1.008333
0.970833
0.937500
0.970833
1.000000
1.016667
1.004167
0.962500
0.983333
1.062500
1.070833
1.037500
0.975000
0.958333
1.029167
1.079167
1.087500
1.025000
0.962500
1.029167
1.041667
1.037500
1.045833
0.962500
0.950000
0.966667
0.995833
1.016667
0.958333
0.975000
1.041667
1.041667
1.058333
1.075000
0.908333
1.062500
1.054167
1.029167
0.920833
1.079167
1.033333
1.033333
0.995833
0.975000
1.041667
1.091667
1.041667
0.912500
1.091667
0.958333
1.100000
0.916667
1.050000
1.029167
1.029167
1.066667
1.025000
0.920833
1.104167
1.045833
1.033333
1.000000
0.916667
1.012500
1.012500
1.062500
0.983333
0.991667
1.050000
1.058333
1.062500
0.916667
1.025000
0.612500
1.433333
0.975000
0.950000
0.991667
1.041667
1.075000
1.004167
0.983333
1.058333
1.091667
1.058333
0.925000
1.075000
0.979167
1.120833
1.054167
1.033333
0.929167
1.125000
1.054167
1.062500
1.054167
0.929167
1.129167
1.054167
1.058333
1.058333
1.037500
0.925000
1.125000
1.054167
1.050000
1.054167
1.016667
0.929167
1.133333
1.058333
1.050000
1.033333
0.925000
1.137500
1.058333
1.058333
1.041667
0.916667
1.120833
1.062500
1.054167
1.045833
0.920833
1.116667
0.983333
1.104167
0.941667
1.120833
1.066667
1.062500
0.945833
1.016667
1.129167
1.054167
1.058333
0.933333
1.100000
1.054167
1.050000
0.933333
1.087500
1.050000
1.058333
1.033333
0.933333
1.120833
1.058333
1.054167
1.016667
0.941667
1.129167
1.045833
0.929167
1.000000
0.979167
0.983333
0.954167
0.958333
0.954167
0.962500
0.983333
0.945833
0.950000
0.995833
1.041667
1.029167
1.004167
1.012500
0.962500
0.995833
1.008333
0.983333
0.966667
0.970833
0.933333
0.950000
0.966667
0.975000
0.995833
0.658333
0.275000
1.129167
0.816667
0.962500
0.912500
0.933333
0.962500
1.016667
0.995833
1.004167
1.020833
1.025000
0.983333
0.962500
0.783333
0.216667
1.025000
1.008333
1.025000
0.950000
0.950000
0.970833
0.954167
0.962500
0.375000
0.604167
0.066667
0.904167
0.970833
0.966667
1.016667
1.020833
0.958333
0.975000
1.004167
1.012500
1.087500
0.154167
0.650000
0.962500
0.979167
0.966667
0.991667
0.991667
0.987500
0.987500
0.941667
0.966667
0.970833
0.966667
0.987500
1.037500
1.029167
1.037500
1.000000
1.008333
0.995833
1.004167
0.987500
0.987500
1.000000
1.008333
1.016667
1.037500
1.008333
0.950000
0.225000
0.362500
0.366667
0.979167
0.983333
0.966667
0.995833
1.004167
0.975000
0.950000
0.941667
0.954167
0.954167
0.945833
0.925000
0.458333
0.475000
0.937500
0.945833
0.950000
0.950000
0.937500
0.941667
0.945833
0.912500
0.933333
0.958333
0.983333
1.000000
0.925000
0.916667
0.933333
0.925000
0.920833
0.904167
0.925000
0.937500
0.937500
0.933333
0.950000
0.904167
0.916667
0.933333
0.945833
0.937500
1.066667
0.791667
0.929167
0.937500
0.900000
0.916667
0.941667
0.945833
0.975000
0.941667
0.950000
0.945833
0.958333
0.950000
0.966667
0.983333
1.025000
1.004167
0.995833
0.962500
0.958333
0.954167
0.950000
0.945833
0.941667
0.937500
0.945833
0.941667
0.950000
0.920833
0.925000
0.966667
0.950000
0.954167
0.975000
0.979167
0.995833
1.004167
0.966667
0.970833
0.983333
0.975000
0.995833
1.000000
0.966667
0.983333
0.958333
0.962500
0.970833
1.004167
0.975000
0.979167
0.962500
0.983333
1.008333
0.979167
0.958333
0.958333
0.970833
0.937500
0.916667
0.925000
0.929167
0.925000
0.916667
0.891667
0.904167
0.912500
0.920833
0.933333
0.933333
0.925000
0.908333
0.916667
0.920833
0.933333
0.912500
0.925000
0.929167
0.929167
0.916667
0.916667
0.920833
0.916667
0.933333
0.945833
0.937500
0.908333
0.904167
0.908333
0.925000
0.741667
0.187500
0.887500
0.683333
0.212500
0.429167
0.291667
0.195833
0.920833
0.891667
0.887500
0.891667
0.895833
0.904167
0.912500
0.933333
0.941667
0.908333
0.912500
0.920833
0.929167
0.937500
0.937500
0.929167
0.945833
0.933333
0.925000
0.945833
0.945833
0.941667
0.937500
0.954167
0.945833
0.958333
0.358333
0.583333
0.904167
0.925000
0.912500
0.912500
0.937500
0.950000
0.966667
0.933333
0.937500
0.958333
0.966667
0.979167
0.987500
1.016667
0.925000
0.933333
0.933333
0.937500
0.929167
0.954167
1.000000
0.983333
0.354167
0.620833
0.929167
0.929167
0.887500
0.904167
0.887500
0.900000
0.933333
0.941667
0.833333
0.995833
0.925000
0.975000
0.987500
