0.775000
0.783333
0.787500
0.779167
0.783333
0.783333
0.783333
0.779167
0.779167
0.779167
0.795833
0.783333
0.783333
0.779167
0.779167
0.779167
0.787500
0.775000
0.779167
0.779167
0.783333
0.779167
0.779167
0.775000
0.779167
0.787500
0.779167
0.783333
0.783333
0.787500
0.783333
0.787500
0.779167
0.779167
0.787500
0.787500
0.791667
0.795833
0.800000
0.804167
0.795833
0.808333
0.800000
0.795833
0.808333
0.795833
0.787500
0.783333
0.779167
0.783333
0.783333
0.783333
0.775000
0.779167
0.779167
0.770833
0.779167
0.770833
0.770833
0.775000
0.770833
0.775000
0.775000
0.770833
0.770833
0.775000
0.775000
0.770833
0.775000
0.770833
0.779167
0.783333
0.779167
0.787500
0.791667
0.795833
0.800000
0.787500
0.791667
0.795833
0.787500
0.795833
0.787500
0.779167
0.783333
0.775000
0.779167
0.766667
0.770833
0.775000
0.775000
0.537500
1.004167
0.804167
0.795833
0.791667
0.791667
0.791667
0.787500
0.787500
0.787500
0.775000
0.779167
0.766667
0.779167
0.779167
0.770833
0.766667
0.770833
0.762500
0.775000
0.775000
0.779167
0.779167
0.775000
0.783333
0.779167
0.783333
0.779167
0.779167
0.779167
0.775000
0.770833
0.775000
0.775000
0.779167
0.770833
0.775000
0.762500
0.762500
0.758333
0.754167
0.758333
0.758333
0.766667
0.762500
0.750000
0.745833
0.516667
1.000000
0.762500
0.750000
0.587500
0.891667
0.766667
0.762500
0.758333
0.762500
0.762500
0.758333
0.754167
0.758333
0.762500
0.758333
0.766667
0.762500
0.762500
0.766667
0.758333
0.754167
0.754167
0.750000
0.758333
0.754167
0.745833
0.766667
0.754167
0.766667
0.754167
0.754167
0.758333
0.754167
0.758333
0.766667
0.758333
0.754167
0.537500
0.933333
0.779167
0.762500
0.762500
0.762500
0.758333
0.762500
0.758333
0.758333
0.762500
0.754167
0.762500
0.762500
0.762500
0.750000
0.762500
0.766667
0.766667
0.766667
0.762500
0.766667
0.758333
0.762500
0.762500
0.758333
0.758333
0.754167
0.745833
0.754167
0.745833
0.741667
0.758333
0.758333
0.770833
0.758333
0.754167
0.762500
0.766667
0.762500
0.758333
0.766667
0.770833
0.770833
0.770833
0.775000
0.775000
0.775000
0.775000
0.779167
0.766667
0.770833
0.762500
0.758333
0.758333
0.750000
0.754167
0.758333
0.762500
0.775000
0.766667
0.770833
0.766667
0.762500
0.766667
0.762500
0.766667
0.758333
0.658333
0.841667
0.754167
0.750000
0.758333
0.754167
0.758333
0.754167
0.758333
0.758333
0.766667
0.770833
0.775000
0.770833
0.775000
0.775000
0.779167
0.775000
0.783333
0.770833
0.770833
0.758333
0.754167
0.750000
0.754167
0.750000
0.741667
0.741667
0.737500
0.733333
0.733333
0.733333
0.733333
0.725000
0.729167
0.729167
0.725000
0.729167
0.737500
0.725000
0.729167
0.725000
0.729167
0.725000
0.720833
0.729167
0.708333
0.712500
0.720833
0.712500
0.716667
0.262500
0.450000
0.729167
0.716667
0.712500
0.708333
0.720833
0.733333
0.725000
0.720833
0.712500
0.720833
0.733333
0.720833
0.716667
0.716667
0.712500
0.716667
0.712500
0.708333
0.716667
0.708333
0.725000
0.708333
0.708333
0.708333
0.712500
0.716667
0.720833
0.716667
0.716667
0.716667
0.720833
0.716667
0.712500
0.716667
0.712500
0.720833
0.720833
0.712500
0.708333
0.712500
0.725000
0.716667
0.729167
0.725000
0.733333
0.737500
0.733333
0.741667
0.733333
0.745833
0.741667
0.741667
0.745833
0.733333
0.754167
0.750000
0.750000
0.745833
0.750000
0.750000
0.758333
0.750000
0.758333
0.754167
0.754167
0.754167
0.745833
0.745833
0.750000
0.741667
0.741667
0.737500
0.741667
0.737500
0.558333
0.912500
0.745833
0.754167
0.745833
0.762500
0.758333
0.754167
0.783333
0.770833
0.775000
0.770833
0.783333
0.766667
0.762500
0.762500
0.770833
0.770833
0.766667
0.754167
0.766667
0.775000
0.787500
0.783333
0.783333
0.787500
0.783333
0.770833
0.766667
0.758333
0.625000
0.891667
0.762500
0.754167
0.754167
0.750000
0.750000
0.745833
0.741667
0.745833
0.733333
0.725000
0.716667
0.579167
0.850000
0.725000
0.720833
0.716667
0.725000
0.725000
0.729167
0.720833
0.729167
0.729167
0.733333
0.733333
0.733333
0.737500
0.508333
0.954167
0.741667
0.729167
0.733333
0.725000
0.729167
0.737500
0.729167
0.745833
0.737500
0.733333
0.729167
0.725000
0.733333
0.729167
0.729167
0.725000
0.729167
0.729167
0.733333
0.725000
0.725000
0.725000
0.720833
0.720833
0.720833
0.712500
0.716667
0.720833
0.720833
0.725000
0.720833
0.725000
0.737500
0.729167
0.729167
0.725000
0.729167
0.733333
0.733333
0.733333
0.587500
0.870833
0.741667
0.737500
0.733333
0.720833
0.720833
0.729167
0.725000
0.725000
0.729167
0.466667
0.904167
0.754167
0.741667
0.733333
0.733333
0.733333
0.637500
0.812500
0.729167
0.725000
0.716667
0.741667
0.741667
0.620833
0.833333
0.741667
0.637500
0.837500
0.754167
0.745833
0.512500
0.991667
0.758333
0.750000
0.745833
0.745833
0.745833
0.750000
0.741667
0.741667
0.733333
0.725000
0.725000
0.725000
0.725000
0.729167
0.733333
0.733333
0.733333
0.733333
0.729167
0.729167
0.729167
0.725000
0.729167
0.725000
0.733333
0.741667
0.737500
0.737500
0.745833
0.741667
0.737500
0.741667
0.745833
0.758333
0.741667
0.750000
0.620833
0.854167
0.754167
0.741667
0.737500
0.737500
0.737500
0.741667
0.737500
0.737500
0.741667
0.737500
0.745833
0.741667
0.741667
0.737500
0.737500
0.750000
0.745833
0.741667
0.754167
0.745833
0.750000
0.504167
0.983333
0.750000
0.741667
0.741667
0.737500
0.741667
0.729167
0.737500
0.741667
0.737500
0.741667
0.745833
0.741667
0.750000
0.741667
0.737500
0.737500
0.741667
0.750000
0.754167
0.754167
0.758333
0.750000
0.762500
0.754167
0.750000
0.745833
0.745833
0.745833
0.733333
0.733333
0.729167
0.729167
0.725000
0.737500
0.733333
0.745833
0.733333
0.741667
0.745833
0.737500
0.745833
0.745833
0.750000
0.762500
0.750000
0.754167
0.754167
0.758333
0.766667
0.766667
0.766667
0.779167
0.775000
0.779167
0.766667
0.770833
0.637500
0.883333
0.770833
0.758333
0.758333
0.754167
0.741667
0.741667
0.750000
0.741667
0.745833
0.754167
0.745833
0.754167
0.750000
0.745833
0.745833
0.745833
0.750000
0.745833
0.741667
0.741667
0.741667
0.745833
0.750000
0.745833
0.750000
0.741667
0.737500
0.745833
0.737500
0.737500
0.737500
0.725000
0.729167
0.729167
0.729167
0.729167
0.729167
0.737500
0.729167
0.737500
0.733333
0.737500
0.750000
0.750000
0.758333
0.745833
0.754167
0.758333
0.766667
0.766667
0.766667
0.762500
0.766667
0.762500
0.758333
0.754167
0.750000
0.745833
0.737500
0.741667
0.733333
0.733333
0.733333
0.733333
0.750000
0.754167
0.745833
0.754167
0.750000
0.754167
0.754167
0.745833
0.745833
0.741667
0.745833
0.745833
0.741667
0.754167
0.750000
0.758333
0.758333
0.750000
0.766667
0.754167
0.754167
0.666667
0.816667
0.741667
0.737500
0.733333
0.737500
0.733333
0.737500
0.733333
0.754167
0.762500
0.758333
0.758333
0.775000
0.779167
0.775000
0.783333
0.770833
0.770833
0.762500
0.750000
0.762500
0.766667
0.762500
0.758333
0.754167
0.754167
0.720833
0.800000
0.766667
0.766667
0.766667
0.762500
0.766667
0.650000
0.866667
0.762500
0.770833
0.775000
0.766667
0.770833
0.770833
0.766667
0.762500
0.770833
0.762500
0.766667
0.758333
0.758333
0.762500
0.754167
0.745833
0.750000
0.741667
0.745833
0.745833
0.750000
0.762500
0.762500
0.766667
0.770833
0.762500
0.766667
0.762500
0.762500
0.766667
0.775000
0.779167
0.783333
0.775000
0.783333
0.775000
0.766667
0.766667
0.745833
0.745833
0.741667
0.733333
0.741667
0.733333
0.733333
0.725000
0.737500
0.733333
0.750000
0.750000
0.750000
0.766667
0.758333
0.762500
0.762500
0.754167
0.762500
0.762500
0.758333
0.758333
0.762500
0.758333
0.762500
0.762500
0.766667
0.770833
0.770833
0.779167
0.787500
0.766667
0.766667
0.770833
0.762500
0.758333
0.766667
0.758333
0.762500
0.750000
0.750000
0.750000
0.745833
0.762500
0.745833
0.770833
0.641667
