0.725000
0.429167
0.566667
0.745833
0.375000
0.608333
0.570833
0.575000
0.575000
0.579167
0.575000
0.575000
0.575000
0.579167
0.575000
0.570833
0.570833
0.583333
0.570833
0.570833
0.612500
0.625000
0.616667
0.583333
0.583333
0.583333
0.587500
0.583333
0.579167
0.575000
0.575000
0.579167
0.583333
0.333333
0.254167
0.337500
0.245833
0.670833
0.487500
0.587500
0.579167
0.579167
0.591667
0.579167
0.575000
0.579167
0.575000
0.533333
0.270833
0.933333
0.575000
0.583333
0.575000
0.575000
0.575000
0.583333
0.579167
0.579167
0.575000
0.579167
0.579167
1.154167
0.583333
0.583333
0.579167
0.575000
0.583333
0.579167
0.575000
0.575000
0.583333
0.679167
0.695833
0.233333
0.691667
0.579167
0.575000
0.570833
0.616667
0.620833
0.604167
0.575000
0.579167
0.583333
0.579167
0.579167
0.345833
0.229167
0.645833
0.504167
0.566667
0.487500
0.320833
0.333333
0.491667
0.704167
0.529167
0.579167
0.570833
0.579167
0.579167
0.575000
0.616667
0.545833
0.583333
0.579167
0.579167
0.587500
0.579167
0.579167
0.583333
0.579167
0.575000
0.575000
0.579167
0.579167
0.579167
0.575000
0.575000
0.583333
0.579167
0.579167
0.575000
0.575000
0.587500
0.579167
0.579167
0.583333
0.583333
0.579167
0.575000
0.583333
0.583333
0.579167
0.579167
0.575000
0.579167
0.583333
0.570833
0.616667
0.620833
0.541667
0.595833
0.358333
0.320833
0.516667
0.645833
0.520833
0.587500
0.583333
0.587500
0.254167
0.329167
0.587500
0.666667
0.291667
0.208333
0.583333
0.579167
0.579167
0.575000
0.583333
0.579167
0.575000
0.579167
0.579167
0.579167
0.575000
0.604167
0.591667
0.583333
0.204167
0.375000
0.575000
0.583333
0.579167
0.333333
0.250000
0.750000
0.412500
0.279167
0.304167
0.583333
0.579167
0.575000
0.579167
1.100000
0.520833
0.687500
0.575000
0.579167
0.616667
0.625000
0.583333
0.583333
0.583333
0.583333
0.583333
0.583333
0.583333
0.583333
0.587500
0.583333
0.570833
0.575000
0.270833
0.316667
0.587500
0.245833
0.225000
0.691667
0.587500
0.587500
0.583333
0.583333
0.579167
0.583333
0.587500
0.583333
0.579167
0.579167
0.583333
0.587500
0.579167
0.575000
0.579167
0.620833
0.625000
0.595833
0.587500
0.587500
0.695833
0.275000
0.791667
0.587500
0.583333
0.579167
0.575000
0.583333
0.591667
0.587500
0.583333
0.587500
0.591667
0.591667
0.675000
0.820833
0.220833
0.233333
0.200000
0.350000
0.420833
0.587500
0.583333
0.591667
0.583333
0.545833
0.620833
0.379167
0.300000
0.229167
0.525000
0.483333
0.583333
0.429167
0.495833
0.833333
0.391667
0.095833
0.404167
0.450000
0.412500
0.445833
1.025000
0.712500
1.162500
1.562500
0.333333
0.583333
1.579167
1.770833
1.741667
2.325000
1.162500
2.320833
2.308333
0.570833
0.575000
0.579167
0.583333
0.575000
0.575000
0.583333
0.583333
0.579167
0.579167
0.587500
0.583333
0.579167
0.479167
0.100000
0.583333
0.579167
0.579167
0.575000
0.716667
0.275000
0.204167
0.587500
0.579167
0.579167
0.583333
0.583333
0.583333
0.583333
0.583333
0.583333
0.583333
0.579167
0.570833
0.575000
0.575000
0.570833
0.579167
0.583333
0.583333
0.579167
0.579167
0.575000
0.587500
0.579167
0.579167
0.579167
0.587500
0.579167
0.575000
0.583333
0.583333
0.579167
0.579167
0.579167
0.579167
0.579167
0.612500
0.629167
0.608333
0.587500
0.583333
0.583333
0.587500
0.587500
0.587500
0.575000
0.579167
0.583333
0.575000
0.579167
0.583333
0.587500
0.579167
0.583333
0.579167
0.583333
0.583333
0.558333
0.637500
0.591667
0.583333
0.583333
0.579167
0.579167
0.583333
0.579167
0.583333
0.575000
0.579167
0.579167
0.575000
0.575000
0.575000
0.570833
0.570833
0.725000
0.850000
0.320833
0.166667
0.508333
0.300000
0.245833
0.245833
0.670833
0.579167
0.229167
0.608333
0.366667
0.579167
0.579167
0.400000
0.762500
0.579167
0.579167
0.437500
0.720833
0.683333
0.200000
1.037500
0.300000
0.683333
0.579167
0.400000
0.183333
0.583333
0.579167
0.583333
0.579167
0.579167
0.579167
0.583333
0.583333
0.579167
0.583333
0.579167
0.579167
0.579167
0.583333
0.575000
0.579167
0.587500
0.583333
0.583333
0.579167
0.591667
0.766667
0.387500
0.566667
0.329167
0.337500
0.520833
0.583333
0.583333
0.579167
0.579167
0.587500
0.583333
0.583333
0.579167
0.587500
0.587500
0.583333
0.583333
0.583333
0.591667
0.587500
0.583333
0.579167
0.587500
0.587500
0.579167
0.608333
0.625000
0.612500
0.587500
0.583333
0.583333
0.583333
0.583333
0.283333
0.295833
0.554167
0.600000
0.316667
0.254167
0.575000
0.608333
0.583333
0.583333
0.583333
0.583333
0.583333
0.583333
0.583333
0.579167
0.583333
0.583333
0.579167
0.575000
0.570833
0.579167
0.579167
0.575000
0.579167
0.583333
0.583333
0.575000
0.575000
0.575000
0.583333
0.720833
0.429167
0.570833
0.579167
0.579167
0.575000
0.575000
0.575000
0.583333
0.575000
0.575000
0.612500
0.620833
0.579167
0.579167
0.579167
0.579167
0.579167
0.583333
0.579167
0.579167
0.579167
0.583333
0.579167
0.579167
0.579167
0.579167
0.850000
0.645833
0.554167
0.975000
0.233333
0.337500
0.462500
0.583333
0.312500
0.270833
0.312500
0.275000
0.570833
0.583333
0.583333
0.583333
0.575000
0.583333
0.579167
0.579167
0.579167
0.575000
0.579167
0.575000
0.575000
0.575000
0.579167
0.583333
0.579167
0.575000
0.575000
0.579167
0.583333
0.579167
0.579167
0.575000
0.587500
0.583333
0.579167
0.575000
0.583333
0.587500
0.579167
0.579167
0.579167
0.591667
0.583333
0.583333
0.587500
0.587500
0.583333
0.583333
0.591667
0.587500
0.579167
0.579167
0.587500
0.587500
0.583333
0.579167
0.583333
0.587500
0.583333
0.583333
0.579167
0.587500
0.583333
0.579167
0.737500
0.500000
0.225000
0.387500
1.166667
0.462500
0.375000
0.195833
0.579167
0.583333
0.404167
0.754167
0.579167
0.587500
0.579167
0.579167
0.579167
0.583333
0.583333
0.575000
0.579167
0.579167
0.295833
0.625000
1.829167
0.354167
0.975000
0.575000
0.512500
0.520833
0.270833
0.720833
1.000000
0.525000
0.391667
0.670833
0.575000
0.570833
0.575000
0.683333
0.412500
0.829167
0.366667
0.241667
0.270833
0.537500
0.183333
0.483333
0.270833
0.300000
0.604167
0.616667
0.462500
0.641667
0.575000
0.470833
0.679167
0.575000
0.529167
0.612500
0.575000
0.570833
1.145833
0.570833
0.579167
0.579167
0.570833
0.575000
0.583333
0.579167
0.583333
0.579167
0.583333
0.583333
0.575000
0.579167
0.579167
0.575000
0.579167
0.583333
0.570833
0.583333
0.575000
0.579167
0.579167
0.579167
0.558333
0.575000
0.608333
0.583333
0.583333
0.575000
0.587500
0.583333
0.583333
0.583333
0.579167
0.583333
0.591667
0.433333
0.704167
0.575000
0.362500
0.250000
0.425000
0.741667
0.583333
0.587500
0.583333
0.583333
0.587500
0.587500
0.562500
0.570833
0.604167
0.595833
0.587500
0.579167
0.579167
0.587500
0.583333
0.579167
0.770833
0.500000
0.437500
0.504167
0.683333
0.587500
0.575000
0.583333
0.583333
0.583333
0.558333
0.562500
0.575000
0.566667
0.595833
0.608333
0.591667
0.583333
0.575000
0.579167
0.579167
0.583333
0.579167
0.562500
0.566667
0.575000
0.570833
0.570833
0.595833
0.608333
0.587500
0.579167
0.575000
0.579167
0.579167
0.579167
0.570833
0.579167
0.570833
0.562500
0.562500
0.595833
0.591667
0.579167
0.575000
0.575000
0.575000
0.575000
0.570833
0.545833
0.604167
0.641667
0.704167
0.291667
0.658333
0.562500
0.566667
0.575000
0.575000
0.591667
0.591667
0.575000
0.337500
0.566667
0.600000
0.420833
0.441667
0.500000
0.454167
0.683333
0.187500
0.395833
0.575000
0.570833
0.575000
0.575000
0.570833
0.566667
0.570833
0.575000
0.583333
0.579167
0.575000
0.570833
0.579167
0.579167
0.575000
0.575000
0.608333
0.587500
0.583333
0.579167
0.583333
0.583333
0.583333
0.583333
0.583333
0.587500
0.583333
0.583333
0.570833
0.570833
0.575000
0.579167
0.583333
0.575000
0.579167
0.604167
0.608333
0.591667
0.716667
0.445833
0.583333
0.583333
0.579167
0.583333
0.583333
0.575000
0.566667
0.575000
0.570833
0.600000
0.600000
0.583333
0.579167
0.579167
0.579167
0.895833
1.816667
1.558333
0.416667
0.475000
0.716667
0.275000
0.395833
0.320833
0.266667
0.541667
0.420833
0.450000
0.354167
0.733333
0.441667
0.408333
0.091667
0.650000
0.337500
0.412500
0.654167
0.683333
0.495833
0.712500
0.204167
0.329167
0.375000
0.204167
0.737500
0.425000
0.741667
0.600000
0.391667
0.587500
0.583333
0.579167
0.579167
0.587500
0.579167
0.608333
0.604167
0.591667
0.587500
0.583333
0.587500
0.587500
0.587500
0.583333
0.587500
0.583333
0.579167
0.583333
0.583333
0.770833
0.387500
0.583333
0.579167
0.587500
0.587500
0.579167
0.579167
0.583333
0.583333
0.579167
0.579167
0.583333
0.583333
0.579167
0.575000
0.583333
0.504167
0.400000
0.416667
0.412500
0.275000
0.379167
0.504167
0.575000
0.670833
0.391667
0.700000
0.579167
0.583333
0.583333
0.579167
0.579167
0.583333
0.583333
0.583333
0.579167
0.579167
0.579167
0.583333
0.575000
0.575000
0.566667
0.570833
0.591667
0.595833
0.579167
0.579167
0.579167
0.583333
0.579167
0.579167
0.579167
0.570833
0.562500
0.570833
0.587500
0.595833
0.579167
0.579167
0.579167
0.579167
0.575000
0.579167
0.579167
0.575000
1.133333
0.350000
0.945833
0.383333
0.162500
0.233333
0.362500
0.241667
0.495833
0.516667
0.362500
0.208333
0.679167
0.679167
0.212500
0.408333
0.683333
1.141667
0.633333
0.495833
0.337500
0.262500
0.437500
0.716667
0.579167
0.579167
0.575000
0.579167
0.575000
0.583333
0.354167
0.300000
0.250000
0.808333
0.566667
0.591667
0.604167
0.583333
0.583333
0.583333
0.579167
0.579167
0.579167
0.583333
0.562500
0.570833
0.575000
0.600000
0.600000
0.583333
0.583333
0.583333
0.579167
0.583333
0.583333
0.583333
0.562500
0.570833
0.570833
0.600000
0.595833
0.583333
0.291667
0.233333
0.516667
0.391667
0.225000
0.408333
0.591667
0.241667
0.295833
0.279167
0.583333
0.575000
0.566667
0.566667
0.579167
0.583333
0.575000
0.575000
0.604167
0.600000
0.579167
0.816667
2.095833
0.525000
0.387500
0.233333
0.487500
0.670833
0.575000
0.579167
0.579167
0.566667
0.570833
0.575000
0.570833
0.595833
0.583333
0.583333
0.575000
0.579167
0.579167
0.579167
0.579167
0.579167
0.575000
0.583333
0.566667
0.562500
0.600000
0.591667
0.579167
0.579167
0.575000
0.450000
0.300000
0.204167
0.579167
0.395833
0.316667
0.225000
0.229167
0.487500
0.854167
0.575000
1.170833
1.195833
0.583333
0.587500
0.579167
0.583333
0.583333
0.583333
0.570833
