0.608333
0.595833
0.612500
0.587500
0.604167
0.604167
0.591667
0.616667
0.587500
0.608333
0.600000
0.583333
0.612500
0.587500
0.616667
0.579167
0.595833
0.595833
0.587500
0.612500
0.600000
0.575000
0.595833
0.587500
0.608333
0.612500
0.566667
0.604167
0.604167
0.591667
0.583333
0.600000
0.583333
0.600000
0.583333
0.608333
0.591667
0.583333
0.600000
0.583333
0.595833
0.608333
0.583333
0.600000
0.604167
0.587500
0.612500
0.583333
0.612500
0.595833
0.600000
0.612500
0.583333
0.612500
0.587500
0.608333
0.591667
0.600000
0.595833
0.587500
0.595833
0.595833
0.591667
0.595833
0.587500
0.591667
0.591667
0.587500
0.591667
0.591667
0.575000
0.587500
0.600000
0.558333
0.600000
0.575000
0.579167
0.600000
0.579167
0.591667
0.579167
0.575000
0.579167
0.575000
0.587500
0.591667
0.566667
0.595833
0.570833
0.583333
0.570833
0.583333
0.587500
0.570833
0.587500
0.600000
0.579167
0.583333
0.575000
0.595833
0.587500
0.562500
0.591667
0.562500
0.595833
0.604167
0.570833
0.600000
0.575000
0.591667
0.575000
0.591667
0.600000
0.583333
0.575000
0.583333
0.595833
0.579167
1.187500
0.583333
0.595833
0.583333
0.587500
0.575000
0.604167
0.570833
0.583333
0.604167
0.575000
0.608333
0.570833
0.600000
0.583333
0.600000
0.579167
0.600000
0.579167
0.604167
0.570833
0.591667
0.575000
0.595833
0.583333
0.595833
0.595833
0.570833
0.608333
0.570833
0.579167
0.591667
0.583333
0.595833
0.575000
0.583333
0.583333
0.604167
0.687500
0.487500
0.587500
0.579167
0.591667
0.579167
0.583333
0.570833
0.587500
0.591667
0.579167
0.591667
0.575000
0.587500
0.575000
0.587500
0.570833
0.591667
0.575000
0.583333
0.587500
0.566667
0.583333
0.579167
0.575000
0.570833
0.595833
0.579167
0.587500
0.575000
0.570833
0.583333
0.575000
0.579167
0.579167
0.591667
0.566667
0.595833
0.566667
0.587500
0.579167
0.575000
0.575000
0.570833
0.583333
0.570833
0.579167
0.587500
0.575000
0.579167
0.570833
0.587500
0.579167
0.575000
0.566667
0.570833
0.583333
0.575000
0.591667
0.570833
0.587500
0.583333
0.579167
0.583333
0.570833
0.587500
0.575000
0.583333
0.595833
0.566667
0.595833
0.570833
0.587500
0.700000
0.470833
0.575000
0.575000
0.583333
0.608333
0.575000
0.591667
0.591667
0.595833
0.591667
0.595833
0.591667
0.591667
0.604167
0.558333
0.600000
0.600000
0.587500
0.600000
0.595833
0.600000
0.583333
0.608333
0.583333
0.604167
0.595833
0.600000
0.604167
0.583333
0.616667
0.583333
0.608333
0.608333
0.591667
0.608333
0.587500
0.591667
0.612500
0.591667
0.591667
0.608333
0.591667
0.595833
0.604167
0.570833
0.591667
0.583333
0.604167
0.604167
0.583333
0.587500
0.587500
0.616667
0.587500
0.591667
0.587500
0.600000
0.591667
0.600000
0.591667
0.595833
0.575000
0.600000
0.595833
0.587500
0.575000
0.579167
0.583333
0.604167
0.570833
0.595833
0.583333
0.595833
0.591667
0.583333
0.600000
0.570833
0.600000
0.583333
0.591667
0.595833
0.575000
0.600000
0.570833
0.595833
0.595833
0.570833
0.600000
0.587500
0.579167
0.600000
0.579167
0.587500
0.600000
0.570833
0.595833
0.575000
0.587500
0.591667
0.575000
0.595833
0.570833
0.591667
0.579167
0.583333
0.591667
0.575000
0.595833
0.570833
0.587500
0.587500
0.575000
0.595833
0.570833
0.587500
0.591667
0.566667
0.600000
0.570833
0.587500
0.587500
0.566667
0.595833
0.570833
0.587500
0.583333
0.575000
0.579167
0.587500
0.591667
0.579167
0.575000
0.595833
0.583333
0.583333
0.570833
0.600000
0.566667
0.708333
0.479167
0.566667
0.587500
0.579167
0.579167
0.583333
0.579167
0.575000
0.583333
0.591667
0.570833
0.591667
0.595833
0.575000
0.604167
0.579167
0.591667
0.608333
0.575000
0.604167
0.587500
0.595833
0.591667
0.591667
0.591667
0.591667
0.579167
0.595833
0.579167
0.600000
0.579167
0.595833
0.587500
0.587500
0.579167
0.600000
0.579167
0.587500
0.587500
0.587500
0.579167
0.587500
0.583333
0.583333
0.583333
0.583333
0.587500
0.583333
0.570833
0.587500
0.587500
0.575000
0.579167
0.579167
0.579167
0.583333
0.579167
0.579167
0.587500
0.570833
0.591667
0.566667
0.587500
0.579167
0.583333
0.583333
0.579167
0.579167
0.587500
0.583333
0.579167
0.587500
0.283333
0.291667
0.587500
0.579167
0.583333
0.583333
0.583333
0.579167
0.591667
0.570833
0.591667
0.583333
0.595833
0.570833
0.595833
0.583333
0.595833
0.587500
0.587500
0.608333
0.587500
0.587500
0.579167
0.600000
0.579167
0.579167
0.608333
0.575000
0.600000
0.591667
0.583333
0.591667
0.575000
0.587500
0.608333
0.562500
0.612500
0.570833
0.591667
0.604167
0.579167
0.583333
0.591667
0.587500
0.591667
0.583333
0.587500
0.595833
0.279167
0.304167
0.587500
0.595833
0.575000
0.600000
0.583333
0.595833
0.595833
0.587500
0.604167
0.579167
0.608333
0.587500
0.600000
0.612500
0.575000
0.608333
0.595833
0.595833
0.604167
0.587500
0.608333
0.583333
0.600000
0.600000
0.591667
0.608333
0.587500
0.591667
0.595833
0.612500
0.579167
0.587500
0.587500
0.591667
0.600000
0.570833
0.587500
0.583333
0.583333
0.583333
0.587500
0.587500
0.587500
0.570833
0.591667
0.562500
0.587500
0.566667
0.579167
0.591667
0.570833
0.591667
0.566667
0.591667
0.558333
0.575000
0.583333
0.579167
0.579167
0.575000
0.587500
0.575000
0.579167
0.570833
0.570833
0.587500
0.562500
0.575000
0.575000
0.566667
0.575000
0.566667
0.595833
0.579167
0.591667
0.579167
0.579167
0.562500
0.566667
0.583333
0.587500
0.575000
0.570833
0.583333
0.570833
0.579167
0.587500
0.562500
0.583333
0.583333
0.575000
0.566667
0.587500
0.587500
0.562500
0.595833
0.566667
0.583333
0.587500
0.566667
0.591667
0.570833
0.587500
0.587500
0.570833
0.566667
0.570833
0.600000
0.587500
0.575000
0.600000
0.583333
0.579167
0.604167
0.575000
0.583333
0.604167
0.283333
0.291667
0.591667
0.595833
0.575000
0.595833
0.583333
0.575000
0.312500
0.883333
0.579167
0.570833
0.579167
0.575000
0.595833
0.579167
0.587500
0.587500
0.587500
0.579167
0.595833
0.558333
0.587500
0.570833
0.595833
0.575000
0.583333
0.591667
0.579167
0.591667
0.525000
0.650000
0.700000
0.479167
0.591667
0.575000
0.595833
0.595833
0.579167
0.583333
0.570833
0.579167
0.604167
0.587500
0.587500
0.591667
0.575000
0.279167
0.904167
0.570833
0.579167
0.591667
0.604167
0.575000
0.591667
0.575000
0.591667
0.604167
0.575000
0.608333
0.583333
0.604167
0.583333
0.570833
0.579167
0.591667
0.600000
0.595833
0.595833
0.587500
0.212500
0.354167
0.579167
0.600000
0.604167
0.575000
0.595833
0.595833
0.583333
0.600000
0.595833
0.579167
0.600000
0.579167
0.600000
0.595833
0.579167
0.600000
0.579167
0.595833
0.587500
0.579167
0.587500
0.600000
0.579167
0.600000
0.579167
0.591667
0.575000
0.587500
0.591667
0.579167
0.595833
0.570833
0.595833
0.579167
0.595833
0.583333
0.583333
0.587500
0.562500
0.575000
0.583333
0.591667
0.583333
0.583333
0.579167
0.587500
0.570833
0.587500
0.579167
0.587500
0.570833
0.591667
0.570833
0.587500
0.570833
0.591667
0.570833
0.587500
0.579167
0.566667
0.587500
0.575000
0.570833
0.575000
0.587500
0.575000
0.587500
0.566667
0.591667
0.570833
0.583333
0.575000
0.570833
0.587500
0.579167
0.575000
0.591667
0.570833
0.587500
0.579167
0.575000
0.591667
0.566667
0.587500
0.570833
0.583333
0.583333
0.570833
0.591667
0.566667
0.587500
0.583333
0.366667
0.787500
0.579167
0.575000
0.587500
0.575000
0.570833
0.575000
0.570833
0.587500
0.579167
0.566667
0.583333
0.575000
0.570833
0.587500
0.566667
0.570833
0.583333
0.579167
0.570833
0.587500
0.570833
0.579167
0.591667
0.570833
0.587500
0.575000
0.583333
0.591667
0.570833
0.591667
0.562500
0.600000
0.570833
0.587500
0.575000
0.579167
0.583333
0.579167
0.575000
0.587500
0.558333
0.591667
0.566667
0.579167
0.566667
0.566667
0.591667
0.579167
0.583333
0.566667
0.587500
0.558333
0.595833
0.562500
0.591667
0.570833
0.570833
0.591667
0.570833
0.570833
0.587500
0.570833
0.687500
0.483333
0.562500
0.583333
0.600000
0.558333
0.579167
0.583333
0.570833
0.583333
0.570833
0.587500
0.566667
0.591667
0.566667
0.587500
0.570833
0.583333
0.575000
0.583333
0.583333
0.562500
0.591667
0.570833
0.587500
0.575000
0.583333
0.583333
0.575000
0.587500
0.566667
0.595833
0.566667
0.583333
0.579167
0.575000
0.587500
0.566667
0.583333
0.587500
0.566667
0.595833
0.566667
0.587500
0.579167
0.583333
0.591667
0.570833
0.591667
0.570833
0.587500
0.579167
0.583333
0.583333
0.575000
0.595833
0.570833
0.587500
0.575000
0.575000
0.591667
0.566667
0.591667
0.566667
0.583333
0.587500
0.566667
0.583333
0.591667
0.566667
0.583333
0.579167
0.575000
0.595833
0.566667
0.583333
0.579167
0.575000
0.591667
0.562500
0.587500
0.575000
0.583333
0.587500
0.570833
0.587500
0.587500
0.570833
0.587500
0.579167
0.579167
0.591667
0.575000
0.587500
0.583333
0.583333
0.587500
0.570833
0.591667
0.570833
0.587500
0.575000
0.583333
0.579167
0.575000
0.587500
0.570833
0.587500
0.583333
0.570833
0.587500
0.579167
0.591667
0.583333
0.575000
0.583333
0.579167
0.583333
0.570833
0.583333
0.566667
0.575000
0.579167
0.575000
0.579167
0.579167
0.566667
0.583333
0.579167
0.570833
0.587500
0.579167
0.579167
0.587500
0.562500
0.583333
0.583333
0.566667
0.591667
0.566667
0.583333
0.587500
0.566667
0.591667
0.570833
0.587500
0.575000
0.583333
0.587500
0.575000
0.583333
0.575000
0.591667
0.566667
0.591667
0.566667
0.591667
0.558333
0.587500
0.562500
0.575000
0.583333
0.570833
0.583333
0.587500
0.566667
0.591667
0.562500
0.583333
0.575000
0.566667
0.591667
0.566667
0.579167
0.579167
0.575000
0.579167
0.579167
0.570833
0.587500
0.566667
0.579167
0.579167
0.583333
0.562500
0.583333
0.558333
0.575000
0.558333
0.579167
0.558333
0.562500
0.587500
0.558333
0.570833
0.583333
0.570833
0.579167
0.566667
0.566667
0.562500
0.570833
0.579167
0.562500
0.575000
0.591667
0.562500
0.558333
0.579167
0.579167
0.558333
0.591667
0.562500
0.587500
0.583333
0.562500
0.575000
0.566667
0.591667
0.562500
0.587500
0.583333
0.570833
0.587500
0.566667
0.591667
0.562500
0.587500
0.579167
0.579167
0.583333
0.566667
0.591667
0.566667
0.583333
