0.454167
0.737500
0.625000
0.620833
0.616667
0.616667
0.620833
0.616667
0.616667
0.616667
0.616667
0.616667
0.433333
0.733333
0.616667
0.604167
0.612500
0.608333
0.433333
0.737500
0.620833
0.616667
0.616667
0.616667
0.616667
0.616667
0.616667
0.612500
0.612500
0.612500
0.441667
0.695833
0.662500
0.620833
0.620833
0.620833
0.433333
0.750000
0.625000
0.620833
0.620833
0.616667
0.616667
0.616667
0.616667
0.616667
0.612500
0.612500
0.612500
0.608333
0.612500
0.608333
0.612500
0.616667
0.620833
0.441667
0.750000
0.633333
0.620833
0.620833
0.620833
0.433333
0.670833
0.662500
0.645833
0.620833
0.620833
0.429167
0.741667
0.620833
0.616667
0.616667
0.612500
0.425000
0.741667
0.616667
0.616667
0.612500
0.612500
0.433333
0.745833
0.629167
0.620833
0.612500
0.616667
0.616667
0.612500
0.608333
0.608333
0.612500
0.608333
0.604167
0.608333
0.608333
0.604167
0.604167
0.604167
0.612500
0.604167
0.604167
0.608333
0.612500
0.612500
0.608333
0.612500
0.608333
0.608333
0.604167
0.608333
0.445833
0.720833
0.612500
0.604167
0.604167
0.604167
0.429167
0.720833
0.608333
0.600000
0.604167
0.608333
0.429167
0.737500
0.620833
0.612500
0.608333
0.612500
0.608333
0.604167
0.608333
0.608333
0.608333
0.604167
0.600000
0.612500
0.604167
0.604167
0.604167
0.604167
0.437500
0.729167
0.625000
0.616667
0.612500
0.612500
0.391667
0.762500
0.637500
0.608333
0.608333
0.608333
0.433333
0.729167
0.612500
0.604167
0.604167
0.600000
0.433333
0.720833
0.612500
0.604167
0.604167
0.612500
0.429167
0.741667
0.625000
0.620833
0.616667
0.616667
0.612500
0.620833
0.612500
0.612500
0.612500
0.612500
0.612500
0.608333
0.604167
0.608333
0.604167
0.604167
0.433333
0.733333
0.616667
0.604167
0.612500
0.616667
0.620833
0.616667
0.616667
0.612500
0.620833
0.612500
0.429167
0.745833
0.616667
0.608333
0.608333
0.604167
0.441667
0.729167
0.612500
0.616667
0.612500
0.616667
0.437500
0.758333
0.633333
0.625000
0.616667
0.620833
0.620833
0.616667
0.616667
0.616667
0.616667
0.616667
0.616667
0.616667
0.616667
0.616667
0.616667
0.608333
0.445833
0.704167
0.641667
0.625000
0.620833
0.625000
0.433333
0.758333
0.629167
0.625000
0.620833
0.620833
0.616667
0.616667
0.616667
0.612500
0.612500
0.612500
0.433333
0.737500
0.612500
0.612500
0.608333
0.612500
0.437500
0.737500
0.625000
0.620833
0.616667
0.620833
0.429167
0.745833
0.620833
0.612500
0.608333
0.608333
0.604167
0.604167
0.604167
0.604167
0.612500
0.612500
0.616667
0.429167
0.750000
0.629167
0.633333
0.629167
0.625000
0.629167
0.629167
0.625000
0.629167
0.625000
0.625000
0.437500
0.745833
0.625000
0.620833
0.616667
0.616667
0.616667
0.620833
0.620833
0.625000
0.620833
0.316667
0.716667
0.687500
0.625000
0.625000
0.620833
0.437500
0.741667
0.625000
0.616667
0.612500
0.612500
0.612500
0.612500
0.612500
0.616667
0.616667
0.620833
0.450000
0.733333
0.620833
0.616667
0.616667
0.616667
0.612500
0.608333
0.612500
0.608333
0.604167
0.608333
0.425000
0.691667
0.637500
0.604167
0.595833
0.600000
0.595833
0.600000
0.600000
0.608333
0.608333
0.612500
0.604167
0.437500
0.729167
0.616667
0.604167
0.608333
0.600000
0.600000
0.604167
0.600000
0.600000
0.604167
0.600000
0.433333
0.720833
0.604167
0.608333
0.600000
0.608333
0.429167
0.745833
0.625000
0.620833
0.608333
0.616667
0.612500
0.612500
0.612500
0.608333
0.604167
0.608333
0.437500
0.716667
0.612500
0.604167
0.604167
0.604167
0.454167
0.712500
0.612500
0.608333
0.608333
0.608333
0.600000
0.612500
0.608333
0.608333
0.612500
0.616667
0.616667
0.616667
0.616667
0.620833
0.612500
0.612500
0.608333
0.612500
0.608333
0.608333
0.608333
0.429167
0.725000
0.616667
0.608333
0.604167
0.608333
0.429167
0.675000
0.654167
0.608333
0.600000
0.608333
0.604167
0.616667
0.612500
0.616667
0.441667
0.683333
0.662500
0.620833
0.616667
0.616667
0.433333
0.737500
0.620833
0.612500
0.612500
0.612500
0.612500
0.612500
0.604167
0.612500
0.608333
0.612500
0.612500
0.616667
0.616667
0.616667
0.608333
0.616667
0.612500
0.608333
0.608333
0.608333
0.608333
0.608333
0.429167
0.729167
0.608333
0.612500
0.608333
0.604167
0.608333
0.604167
0.608333
0.608333
0.604167
0.604167
0.604167
0.604167
0.608333
0.604167
0.612500
0.616667
0.612500
0.616667
0.608333
0.612500
0.608333
0.616667
0.433333
0.741667
0.620833
0.620833
0.608333
0.616667
0.612500
0.616667
0.612500
0.608333
0.612500
0.612500
0.612500
0.612500
0.616667
0.616667
0.616667
0.616667
0.620833
0.612500
0.612500
0.608333
0.612500
0.608333
0.608333
0.612500
0.612500
0.608333
0.608333
0.612500
0.433333
0.737500
0.620833
0.620833
0.616667
0.616667
0.612500
0.620833
0.612500
0.612500
0.612500
0.612500
0.604167
0.616667
0.608333
0.608333
0.608333
0.608333
0.608333
0.608333
0.608333
0.612500
0.616667
0.616667
0.612500
0.608333
0.604167
0.608333
0.595833
0.600000
0.604167
0.616667
0.616667
0.429167
0.758333
0.633333
0.629167
0.625000
0.625000
0.625000
0.625000
0.620833
0.616667
0.620833
0.616667
0.437500
0.758333
0.637500
0.629167
0.620833
0.625000
0.620833
0.616667
0.616667
0.616667
0.608333
0.612500
0.437500
0.733333
0.616667
0.612500
0.604167
0.608333
0.608333
0.612500
0.612500
0.612500
0.612500
0.612500
0.433333
0.725000
0.625000
0.608333
0.600000
0.604167
0.600000
0.600000
0.600000
0.595833
0.600000
0.595833
0.595833
0.595833
0.600000
0.600000
0.608333
0.608333
0.433333
0.729167
0.608333
0.620833
0.604167
0.604167
0.608333
0.600000
0.604167
0.604167
0.600000
0.604167
0.429167
0.675000
0.645833
0.612500
0.604167
0.604167
0.433333
0.679167
0.641667
0.608333
0.608333
0.612500
0.437500
0.750000
0.625000
0.620833
0.620833
0.620833
0.620833
0.620833
0.616667
0.612500
0.612500
0.612500
0.612500
0.612500
0.608333
0.612500
0.608333
0.612500
0.608333
0.612500
0.608333
0.616667
0.612500
0.612500
0.437500
0.670833
0.658333
0.612500
0.612500
0.612500
0.612500
0.612500
0.612500
0.608333
0.608333
0.608333
0.433333
0.725000
0.616667
0.604167
0.600000
0.604167
0.437500
0.720833
0.612500
0.604167
0.604167
0.604167
0.604167
0.604167
0.608333
0.608333
0.608333
0.608333
0.441667
0.658333
0.650000
0.612500
0.604167
0.608333
0.600000
0.604167
0.604167
0.604167
0.600000
0.604167
0.604167
0.445833
0.716667
0.612500
0.608333
0.604167
0.600000
0.441667
0.658333
0.650000
0.608333
0.604167
0.604167
0.604167
0.600000
0.600000
0.604167
0.600000
0.600000
0.604167
0.604167
0.604167
0.600000
0.604167
0.604167
0.600000
0.604167
0.600000
0.445833
0.708333
0.604167
0.604167
0.600000
0.608333
0.608333
0.441667
0.716667
0.608333
0.608333
0.604167
0.608333
0.462500
0.704167
0.612500
0.604167
0.608333
0.604167
0.454167
0.712500
0.604167
0.608333
0.604167
0.612500
0.612500
0.612500
0.612500
0.612500
0.612500
0.608333
0.433333
0.658333
0.658333
0.612500
0.604167
0.604167
0.604167
0.604167
0.608333
0.604167
0.608333
0.604167
0.604167
0.604167
0.612500
0.441667
0.733333
0.620833
0.616667
0.616667
0.616667
0.612500
0.608333
0.608333
0.612500
0.608333
0.608333
0.604167
0.437500
0.683333
0.645833
0.612500
0.604167
0.612500
0.450000
0.725000
0.620833
0.620833
0.620833
0.620833
0.612500
0.612500
0.612500
0.608333
0.604167
0.604167
0.433333
0.729167
0.620833
0.616667
0.616667
0.616667
0.620833
0.616667
0.616667
0.612500
0.620833
0.620833
0.625000
0.620833
0.625000
0.625000
0.625000
0.320833
0.754167
0.645833
0.620833
0.620833
0.620833
0.620833
0.616667
0.616667
0.620833
0.612500
0.616667
0.425000
0.745833
0.620833
0.612500
0.616667
0.625000
0.620833
0.620833
0.620833
0.625000
0.620833
0.620833
0.429167
0.745833
0.625000
0.616667
0.616667
0.612500
0.616667
0.612500
0.616667
0.612500
0.612500
0.616667
0.437500
0.741667
0.633333
0.620833
0.620833
0.620833
0.620833
0.620833
0.616667
0.616667
0.616667
0.616667
0.616667
0.433333
0.695833
0.654167
0.620833
0.612500
0.616667
0.433333
0.741667
0.625000
0.625000
0.620833
0.620833
0.612500
0.616667
0.612500
0.612500
0.608333
0.608333
0.445833
0.720833
0.616667
0.612500
0.612500
0.612500
0.608333
0.612500
0.612500
0.612500
0.612500
0.616667
0.620833
0.616667
0.616667
0.616667
0.612500
0.612500
0.612500
0.612500
0.612500
0.608333
0.612500
0.612500
0.608333
0.608333
0.608333
0.612500
0.612500
0.616667
0.437500
0.741667
0.625000
0.616667
0.616667
0.616667
0.612500
0.608333
0.608333
0.612500
0.608333
0.612500
0.433333
0.725000
0.608333
0.608333
0.608333
0.604167
0.433333
0.683333
0.650000
0.616667
0.612500
0.616667
0.433333
0.666667
0.666667
0.612500
0.612500
0.608333
0.612500
0.604167
0.604167
0.612500
0.604167
0.604167
0.604167
0.450000
0.708333
0.612500
0.612500
0.616667
0.616667
0.616667
0.608333
0.612500
0.612500
0.608333
0.608333
0.604167
0.608333
0.608333
0.608333
0.604167
0.608333
0.608333
0.604167
0.604167
0.608333
0.608333
0.604167
0.612500
0.433333
0.729167
0.616667
0.616667
0.612500
0.612500
0.433333
0.729167
0.608333
0.608333
0.595833
0.600000
0.441667
0.712500
0.612500
0.612500
0.608333
0.612500
0.433333
0.737500
0.616667
0.616667
0.316667
0.658333
0.708333
0.620833
0.620833
0.620833
0.616667
0.616667
0.616667
0.612500
0.612500
0.608333
0.608333
0.441667
0.716667
0.608333
0.604167
0.600000
0.604167
0.600000
0.600000
0.600000
0.600000
0.600000
0.608333
0.608333
0.608333
0.604167
0.441667
0.725000
0.612500
0.608333
0.604167
0.608333
0.429167
0.729167
0.612500
0.604167
0.604167
0.608333
0.445833
0.712500
0.608333
0.600000
0.604167
0.612500
0.608333
0.612500
0.612500
0.608333
0.608333
0.441667
0.708333
0.629167
0.612500
0.612500
0.608333
