0.908333
0.920833
0.925000
0.929167
0.916667
0.912500
0.908333
0.912500
0.912500
0.916667
0.904167
0.904167
0.904167
0.916667
0.908333
0.908333
0.908333
0.908333
0.908333
0.912500
0.904167
0.900000
0.895833
0.891667
0.895833
0.904167
0.904167
0.895833
0.900000
0.895833
0.900000
0.912500
0.916667
0.912500
0.912500
0.904167
0.912500
0.920833
0.920833
0.908333
0.908333
0.908333
0.912500
0.920833
0.912500
0.912500
0.908333
0.912500
0.916667
0.929167
0.916667
0.912500
0.912500
0.920833
0.925000
0.929167
0.925000
0.920833
0.912500
0.912500
0.920833
0.916667
0.908333
0.900000
0.900000
0.900000
0.908333
0.908333
0.891667
0.895833
0.891667
0.904167
0.904167
0.912500
0.900000
0.904167
0.904167
0.912500
0.912500
0.912500
0.912500
0.908333
0.916667
0.908333
0.912500
0.908333
0.908333
0.916667
0.916667
0.916667
0.912500
0.912500
0.916667
0.916667
0.920833
0.912500
0.908333
0.904167
0.904167
0.916667
0.912500
0.908333
0.904167
0.908333
0.908333
0.912500
0.904167
0.908333
0.900000
0.916667
0.912500
0.908333
0.908333
0.912500
0.916667
0.920833
0.916667
0.904167
0.900000
0.900000
0.904167
0.908333
0.904167
0.900000
0.904167
0.904167
0.908333
0.908333
0.904167
0.900000
0.904167
0.908333
0.908333
0.908333
0.904167
0.904167
0.912500
0.916667
0.812500
1.016667
0.916667
0.908333
0.912500
0.925000
0.920833
0.683333
1.066667
0.920833
0.920833
0.920833
0.916667
0.912500
0.912500
0.912500
0.916667
0.920833
0.916667
0.912500
0.916667
0.920833
0.916667
0.916667
0.916667
0.916667
0.920833
0.933333
0.925000
0.916667
0.916667
0.916667
0.916667
0.912500
0.900000
0.891667
0.891667
0.895833
0.895833
0.887500
0.891667
0.887500
0.895833
0.904167
0.895833
0.900000
0.904167
0.904167
0.916667
0.912500
0.908333
0.904167
0.912500
0.912500
0.916667
0.912500
0.908333
0.916667
0.912500
0.920833
0.912500
0.912500
0.916667
0.920833
0.916667
0.912500
0.912500
0.904167
0.912500
0.916667
0.912500
0.912500
0.904167
0.916667
0.920833
0.916667
0.916667
0.920833
0.920833
0.925000
0.925000
0.920833
0.916667
0.912500
0.925000
0.925000
0.916667
0.908333
0.912500
0.908333
0.920833
0.920833
0.916667
0.525000
1.070833
0.925000
0.925000
0.929167
0.925000
0.920833
0.925000
0.916667
0.916667
0.908333
0.895833
0.891667
0.883333
0.870833
0.858333
0.854167
0.850000
0.850000
0.850000
0.866667
0.858333
0.858333
0.854167
0.862500
0.870833
0.879167
0.875000
0.879167
0.883333
0.891667
0.900000
0.908333
0.904167
0.895833
0.895833
0.900000
0.908333
0.908333
0.904167
0.908333
0.916667
0.920833
0.920833
0.916667
0.908333
0.912500
0.916667
0.912500
0.908333
0.904167
0.904167
0.908333
0.916667
0.912500
0.912500
0.912500
0.912500
0.920833
0.929167
0.916667
0.916667
0.908333
0.912500
0.920833
0.916667
0.908333
0.904167
0.900000
0.908333
0.912500
0.908333
0.912500
0.908333
0.912500
0.920833
0.925000
0.912500
0.908333
0.908333
0.908333
0.916667
0.904167
0.895833
0.891667
0.883333
0.887500
0.895833
0.875000
0.866667
0.866667
0.870833
0.879167
0.887500
0.891667
0.883333
0.891667
0.887500
0.891667
0.904167
0.891667
0.895833
0.895833
0.900000
0.908333
0.904167
0.895833
0.895833
0.887500
1.604167
1.070833
0.883333
0.883333
0.887500
0.812500
0.458333
0.525000
0.895833
0.895833
0.900000
0.900000
0.908333
0.900000
0.900000
0.904167
0.904167
0.904167
0.904167
0.912500
0.908333
0.900000
0.891667
0.887500
0.883333
0.866667
0.862500
0.850000
0.850000
0.841667
0.854167
0.862500
0.862500
0.854167
0.866667
0.875000
0.875000
0.866667
0.875000
0.875000
0.883333
0.883333
0.879167
0.879167
0.879167
0.870833
0.870833
0.866667
0.870833
0.870833
0.870833
0.866667
0.866667
0.870833
0.875000
0.887500
0.883333
0.883333
0.883333
0.887500
0.900000
0.891667
0.887500
0.891667
0.883333
0.891667
0.895833
0.891667
0.887500
0.883333
0.870833
0.591667
1.162500
0.645833
1.079167
0.850000
0.841667
0.850000
0.854167
0.645833
1.054167
0.850000
0.850000
0.858333
0.866667
0.862500
0.600000
1.129167
0.866667
0.879167
0.875000
0.875000
0.625000
1.125000
0.925000
0.900000
0.900000
0.900000
0.900000
0.900000
0.912500
0.912500
0.900000
0.900000
0.900000
0.895833
0.900000
0.900000
0.895833
0.891667
0.900000
0.900000
0.908333
0.920833
0.912500
0.912500
0.908333
0.916667
0.912500
0.912500
0.912500
0.908333
0.908333
0.920833
0.925000
0.929167
0.912500
0.920833
0.925000
0.933333
0.929167
0.929167
0.925000
0.925000
0.929167
0.933333
0.920833
0.916667
0.916667
0.916667
0.916667
0.929167
0.929167
0.920833
0.920833
0.916667
0.920833
0.929167
0.920833
0.912500
0.920833
0.916667
0.920833
0.925000
0.912500
0.912500
0.904167
0.908333
0.908333
0.908333
0.916667
0.912500
0.904167
0.912500
0.916667
0.916667
0.912500
0.904167
0.912500
0.908333
0.920833
0.920833
0.920833
0.916667
0.912500
0.545833
1.262500
0.941667
0.912500
0.912500
0.904167
0.916667
0.916667
0.908333
0.908333
0.900000
0.908333
0.908333
0.912500
0.904167
0.900000
0.895833
0.895833
0.904167
0.904167
0.904167
0.900000
0.904167
0.912500
0.916667
0.904167
0.895833
0.895833
0.895833
0.900000
0.900000
0.891667
0.887500
0.887500
0.887500
0.895833
0.900000
0.895833
0.895833
0.891667
0.908333
0.908333
0.904167
0.904167
0.900000
0.908333
0.370833
0.541667
0.900000
0.900000
0.520833
0.370833
0.904167
0.904167
0.900000
0.904167
0.904167
0.904167
0.904167
0.912500
0.900000
0.895833
0.908333
0.908333
0.916667
0.908333
0.912500
0.908333
0.912500
0.916667
0.833333
0.975000
0.904167
0.904167
0.912500
0.912500
0.912500
0.904167
0.912500
0.920833
0.925000
0.916667
0.791667
1.050000
0.916667
0.912500
0.912500
0.895833
0.887500
0.883333
0.883333
0.875000
0.862500
0.858333
0.858333
0.870833
0.875000
0.875000
0.870833
0.870833
0.875000
0.875000
0.891667
0.883333
0.883333
0.879167
0.887500
0.904167
0.916667
0.908333
0.900000
0.912500
0.904167
0.904167
0.908333
0.895833
0.887500
0.887500
0.875000
0.866667
0.862500
0.858333
0.854167
0.854167
0.866667
0.879167
0.879167
0.866667
0.875000
0.870833
0.883333
0.879167
0.866667
0.875000
0.870833
0.887500
0.895833
0.895833
0.887500
0.887500
0.883333
0.895833
0.904167
0.887500
0.891667
0.895833
0.887500
0.887500
0.887500
0.870833
0.887500
0.887500
0.895833
0.879167
0.870833
0.875000
0.875000
0.883333
0.887500
0.887500
0.875000
0.883333
0.887500
0.887500
0.891667
0.879167
0.870833
0.883333
0.891667
0.891667
0.895833
0.887500
0.891667
0.887500
0.654167
1.050000
0.904167
0.904167
0.900000
0.908333
