0.933333
0.933333
0.929167
0.933333
0.925000
0.900000
0.854167
0.845833
0.837500
0.545833
1.033333
0.925000
0.929167
0.925000
0.925000
0.929167
0.929167
0.933333
0.945833
0.920833
0.866667
0.862500
0.858333
0.845833
0.845833
0.837500
0.837500
0.841667
0.845833
0.845833
0.845833
0.841667
0.845833
0.845833
0.841667
0.845833
0.837500
0.833333
0.833333
0.837500
0.833333
0.837500
0.833333
0.829167
0.833333
0.829167
0.833333
0.829167
0.833333
0.829167
0.829167
0.825000
0.825000
0.829167
0.820833
0.820833
0.816667
0.820833
0.816667
0.812500
0.812500
0.808333
0.800000
0.791667
0.800000
0.791667
0.787500
0.783333
0.783333
0.770833
0.770833
0.770833
0.770833
0.762500
0.766667
0.766667
0.775000
0.770833
0.775000
0.770833
0.770833
0.770833
0.512500
0.895833
0.800000
0.537500
0.879167
0.808333
0.795833
0.795833
0.800000
0.795833
0.800000
0.804167
0.804167
0.804167
0.804167
0.804167
0.804167
0.804167
0.804167
0.808333
0.808333
0.808333
0.812500
0.812500
0.812500
0.612500
0.995833
0.887500
0.854167
0.850000
0.841667
0.837500
0.583333
1.037500
0.920833
0.920833
0.920833
0.916667
0.916667
0.916667
0.916667
0.925000
0.925000
0.937500
0.937500
0.945833
0.945833
0.954167
0.954167
0.958333
0.954167
0.958333
0.958333
0.958333
0.962500
0.950000
0.954167
0.954167
0.950000
0.954167
0.958333
0.950000
0.958333
0.958333
0.958333
0.954167
0.958333
0.958333
0.950000
0.958333
0.950000
0.954167
0.941667
0.941667
0.941667
0.941667
0.937500
0.941667
0.933333
0.937500
0.941667
0.941667
0.941667
0.945833
0.941667
0.941667
0.945833
0.945833
0.950000
0.941667
0.945833
0.941667
0.945833
0.941667
0.933333
0.929167
0.929167
0.920833
0.920833
0.916667
0.908333
0.912500
0.908333
0.916667
0.891667
0.850000
0.862500
0.870833
0.866667
0.875000
0.866667
0.516667
1.054167
0.966667
0.925000
0.895833
0.879167
0.870833
0.875000
0.529167
1.062500
0.954167
0.891667
0.887500
0.875000
0.870833
0.862500
0.858333
0.858333
0.862500
0.854167
0.850000
0.841667
0.525000
1.045833
0.950000
0.895833
0.862500
0.854167
0.841667
0.845833
0.837500
0.833333
0.829167
0.820833
0.816667
0.820833
0.820833
0.816667
0.812500
0.812500
0.804167
0.816667
0.816667
0.820833
0.825000
0.825000
0.825000
0.520833
0.995833
0.866667
0.525000
0.983333
0.875000
0.587500
1.066667
0.908333
0.879167
0.862500
0.854167
0.850000
0.850000
0.841667
0.837500
0.837500
0.837500
0.833333
0.833333
0.837500
0.845833
0.833333
0.850000
0.845833
0.837500
0.833333
0.820833
0.808333
0.808333
0.516667
0.908333
0.837500
0.825000
0.808333
0.816667
0.808333
0.800000
0.620833
0.908333
0.833333
0.529167
0.929167
0.812500
0.804167
0.795833
0.791667
0.787500
0.779167
0.791667
0.816667
0.829167
0.833333
0.833333
0.829167
0.841667
0.858333
0.620833
1.058333
0.929167
0.929167
0.933333
0.925000
0.920833
0.929167
0.508333
1.066667
0.933333
0.929167
0.929167
0.925000
0.920833
0.916667
0.925000
0.920833
0.929167
0.933333
0.933333
0.925000
0.920833
0.925000
0.925000
0.925000
0.920833
0.933333
0.920833
0.504167
1.037500
0.929167
0.933333
0.929167
0.937500
0.945833
0.941667
0.937500
0.941667
0.945833
0.945833
0.525000
1.050000
0.958333
0.954167
0.958333
0.541667
1.050000
0.975000
0.970833
0.966667
0.966667
0.962500
0.966667
0.958333
0.954167
0.954167
0.958333
0.954167
0.950000
0.950000
0.950000
0.950000
0.950000
0.516667
1.058333
0.962500
0.958333
0.954167
0.950000
0.958333
0.950000
0.950000
0.941667
0.937500
0.933333
0.933333
0.925000
0.925000
0.508333
1.029167
0.916667
0.895833
0.875000
0.816667
0.804167
0.800000
0.791667
0.787500
0.787500
0.783333
0.920833
0.654167
0.320833
0.454167
0.775000
0.775000
0.766667
0.766667
0.766667
0.770833
0.766667
0.766667
0.775000
0.775000
0.512500
0.900000
0.820833
0.800000
0.800000
0.804167
0.808333
0.812500
0.812500
0.812500
0.812500
0.808333
0.816667
0.545833
0.941667
0.841667
0.825000
0.829167
0.829167
0.829167
0.825000
0.829167
0.837500
0.841667
0.841667
0.837500
0.833333
0.833333
0.841667
0.841667
0.845833
0.841667
0.841667
0.841667
0.591667
1.050000
0.925000
0.920833
0.916667
0.916667
0.912500
0.916667
0.537500
1.037500
0.925000
0.916667
0.920833
0.916667
0.916667
0.512500
1.041667
0.933333
0.941667
0.929167
0.933333
0.929167
0.925000
0.920833
0.929167
0.916667
0.916667
0.912500
0.920833
0.925000
0.920833
0.920833
0.920833
0.920833
0.912500
0.916667
0.920833
0.920833
0.920833
0.908333
0.916667
0.916667
0.904167
0.912500
0.912500
0.912500
0.908333
0.904167
0.904167
0.904167
0.525000
1.033333
0.912500
0.554167
1.041667
0.583333
1.054167
0.600000
0.537500
1.058333
0.937500
0.937500
0.929167
0.925000
0.495833
1.016667
0.525000
1.054167
0.941667
0.929167
0.925000
0.925000
0.920833
0.920833
0.925000
0.920833
0.933333
0.925000
0.937500
0.937500
0.929167
0.916667
0.916667
0.904167
0.900000
0.900000
0.504167
1.020833
0.566667
0.329167
0.262500
0.633333
0.887500
0.862500
0.854167
0.879167
0.866667
0.866667
1.412500
0.320833
0.850000
0.866667
0.841667
0.837500
0.825000
0.787500
0.775000
0.758333
0.754167
0.758333
0.758333
0.758333
0.770833
0.775000
0.787500
0.795833
0.812500
0.812500
0.816667
0.820833
0.495833
1.008333
0.879167
0.850000
0.504167
1.037500
0.916667
0.920833
0.529167
1.079167
0.525000
1.062500
0.945833
0.937500
0.512500
1.066667
0.945833
0.941667
0.941667
0.929167
0.929167
0.929167
0.929167
0.933333
0.929167
0.933333
0.933333
0.933333
0.570833
1.083333
0.954167
0.937500
0.937500
0.537500
1.066667
0.950000
0.941667
0.933333
0.933333
0.920833
0.916667
0.916667
0.920833
0.912500
0.916667
0.908333
0.912500
0.912500
0.912500
0.916667
0.520833
1.041667
0.925000
0.920833
0.920833
0.912500
0.912500
0.904167
0.912500
0.904167
0.904167
0.900000
0.504167
1.029167
0.912500
0.545833
1.037500
0.920833
0.916667
0.916667
0.908333
0.912500
0.904167
0.504167
1.037500
0.920833
0.916667
0.912500
0.908333
0.904167
0.900000
0.895833
0.904167
0.908333
0.920833
0.912500
0.912500
0.916667
0.916667
0.920833
0.912500
0.912500
0.925000
0.920833
0.916667
0.920833
0.504167
1.037500
0.925000
0.920833
0.912500
0.916667
0.925000
0.925000
0.925000
0.933333
0.920833
0.920833
0.920833
0.920833
0.916667
0.912500
0.912500
0.908333
0.912500
0.912500
0.900000
0.895833
0.516667
1.045833
0.933333
0.929167
0.508333
1.050000
0.933333
0.925000
0.920833
0.912500
0.908333
0.908333
0.908333
0.529167
1.041667
0.925000
0.925000
0.925000
0.929167
0.925000
0.937500
0.929167
0.925000
0.920833
0.916667
0.916667
0.916667
0.916667
0.916667
0.508333
1.050000
0.933333
0.925000
0.929167
0.933333
0.925000
0.520833
1.045833
0.941667
0.929167
0.929167
0.929167
0.925000
0.920833
0.916667
0.912500
