0.770833
0.779167
0.754167
0.766667
0.754167
0.766667
0.770833
0.779167
0.758333
0.750000
0.754167
0.758333
0.758333
0.770833
0.750000
0.754167
0.762500
0.770833
0.766667
0.745833
0.750000
0.766667
0.775000
0.779167
0.791667
0.770833
0.770833
0.779167
0.787500
0.800000
0.804167
0.783333
0.783333
0.779167
0.787500
0.787500
0.791667
0.775000
0.766667
0.783333
0.791667
0.783333
0.787500
0.566667
0.966667
0.770833
0.775000
0.779167
0.770833
0.745833
0.737500
0.741667
0.458333
1.070833
0.754167
0.754167
0.750000
0.608333
0.912500
0.754167
0.754167
0.754167
0.766667
0.770833
0.775000
0.775000
0.758333
0.766667
0.775000
0.783333
0.791667
0.783333
0.766667
0.766667
0.766667
0.779167
0.775000
0.608333
0.929167
0.758333
0.762500
0.766667
0.766667
0.762500
0.741667
0.745833
0.754167
0.762500
0.762500
0.766667
0.758333
0.750000
0.750000
0.762500
0.770833
0.783333
0.770833
0.770833
0.795833
0.795833
0.479167
1.104167
0.770833
0.787500
0.795833
0.804167
0.795833
0.775000
0.775000
0.779167
0.529167
1.041667
0.775000
0.762500
0.754167
0.766667
0.758333
0.762500
0.770833
0.754167
0.754167
0.775000
0.766667
0.766667
0.775000
0.754167
0.766667
0.779167
0.783333
0.783333
0.775000
0.754167
0.770833
0.775000
0.787500
0.787500
0.762500
0.750000
0.762500
0.770833
0.783333
0.791667
0.766667
0.770833
0.758333
0.758333
0.770833
0.775000
0.762500
0.766667
0.787500
0.787500
0.791667
0.787500
0.770833
0.775000
0.787500
0.787500
0.795833
0.800000
0.783333
0.791667
0.554167
1.050000
0.604167
0.979167
0.762500
0.758333
0.775000
0.541667
1.037500
0.758333
0.758333
0.758333
0.754167
0.766667
0.779167
0.766667
0.770833
0.783333
0.795833
0.791667
0.795833
0.779167
0.787500
0.808333
0.812500
0.600000
0.462500
0.600000
0.691667
0.733333
0.758333
0.766667
0.770833
0.766667
0.750000
0.729167
0.741667
0.741667
0.754167
0.754167
0.750000
0.741667
0.737500
0.737500
0.745833
0.750000
0.737500
0.733333
0.733333
0.733333
0.733333
0.737500
0.733333
0.737500
0.745833
0.733333
0.737500
0.737500
0.729167
0.725000
0.716667
0.729167
0.733333
0.745833
0.729167
0.725000
0.729167
0.741667
0.745833
0.750000
0.733333
0.725000
0.745833
0.741667
0.741667
0.745833
0.737500
0.737500
0.745833
0.741667
0.750000
0.750000
0.733333
0.733333
0.745833
0.750000
0.750000
0.750000
0.737500
0.587500
0.900000
0.741667
0.758333
0.758333
0.741667
0.741667
0.750000
0.741667
0.750000
0.758333
0.754167
0.754167
0.766667
0.762500
0.550000
0.979167
0.741667
0.741667
0.750000
0.750000
0.754167
0.758333
0.745833
0.741667
0.758333
0.762500
0.766667
0.775000
0.754167
0.770833
0.783333
0.783333
0.783333
0.787500
0.770833
0.775000
0.791667
0.791667
0.779167
0.495833
1.037500
0.762500
0.587500
0.966667
0.762500
0.745833
0.737500
0.737500
0.745833
0.754167
0.754167
0.737500
0.737500
0.529167
0.933333
0.741667
0.762500
0.766667
0.762500
0.750000
0.762500
0.758333
0.770833
0.779167
0.787500
0.770833
0.529167
1.008333
0.570833
0.958333
0.758333
0.587500
0.916667
0.758333
0.766667
0.762500
0.762500
0.745833
0.758333
0.766667
0.775000
0.775000
0.770833
0.758333
0.754167
0.766667
0.775000
0.787500
0.779167
0.775000
0.775000
0.779167
0.779167
0.783333
0.779167
0.766667
0.591667
0.945833
0.766667
0.770833
0.779167
0.758333
0.758333
0.779167
0.783333
0.783333
0.779167
0.766667
0.766667
0.775000
0.783333
0.775000
0.783333
0.770833
0.762500
0.775000
0.787500
0.779167
0.779167
0.745833
0.754167
0.766667
0.775000
0.783333
0.783333
0.766667
0.758333
0.779167
0.783333
0.787500
0.779167
0.779167
0.791667
0.795833
0.791667
0.783333
0.766667
0.779167
0.795833
0.787500
0.783333
0.775000
0.758333
0.762500
0.770833
0.770833
0.779167
0.750000
0.750000
0.754167
0.762500
0.470833
1.054167
0.491667
0.991667
0.745833
0.700000
0.808333
0.729167
0.733333
0.741667
0.754167
0.762500
0.745833
0.750000
0.725000
0.695833
0.587500
0.616667
0.212500
0.200000
0.537500
0.275000
0.579167
0.083333
0.475000
0.712500
0.695833
0.679167
0.683333
0.679167
0.670833
0.370833
0.304167
0.683333
0.654167
0.666667
0.662500
0.670833
0.666667
0.658333
0.654167
0.662500
0.645833
0.645833
0.641667
0.650000
0.658333
0.658333
0.662500
0.679167
0.670833
0.683333
0.687500
0.691667
0.695833
0.708333
0.712500
0.716667
0.720833
0.729167
0.725000
0.733333
0.741667
0.745833
0.741667
0.754167
0.750000
0.762500
0.766667
0.775000
0.775000
0.783333
0.791667
0.779167
0.787500
0.791667
0.800000
0.787500
0.795833
0.783333
0.783333
0.795833
0.800000
0.800000
0.800000
0.787500
0.791667
0.800000
0.812500
0.800000
0.808333
0.787500
0.787500
0.804167
0.800000
0.791667
0.775000
0.766667
0.770833
0.787500
0.787500
0.787500
0.783333
0.758333
0.762500
0.783333
0.791667
0.791667
0.783333
0.629167
0.912500
0.766667
0.779167
0.779167
0.779167
0.758333
0.775000
0.783333
0.770833
0.762500
0.770833
0.766667
0.762500
0.779167
0.779167
0.766667
0.762500
0.754167
0.504167
1.033333
0.758333
0.625000
0.908333
0.741667
0.750000
0.754167
0.754167
0.745833
0.737500
0.737500
0.741667
0.741667
0.750000
0.754167
0.758333
0.741667
0.750000
0.766667
0.779167
0.779167
0.787500
0.775000
0.766667
0.766667
0.779167
0.783333
0.783333
0.791667
0.775000
0.779167
0.795833
0.791667
0.791667
0.783333
0.783333
0.795833
0.795833
0.791667
0.783333
0.775000
0.779167
0.791667
0.795833
0.787500
0.762500
0.762500
0.770833
0.787500
0.791667
0.800000
0.775000
0.787500
0.783333
0.775000
0.779167
0.762500
0.762500
0.779167
0.770833
0.775000
0.758333
0.583333
0.933333
0.762500
0.779167
0.766667
0.770833
0.762500
0.562500
0.995833
0.775000
0.783333
0.770833
0.766667
0.654167
0.912500
0.608333
0.945833
0.766667
0.787500
0.783333
0.783333
0.766667
0.754167
0.762500
0.775000
0.770833
0.775000
0.766667
0.770833
0.783333
0.770833
0.779167
0.775000
0.762500
0.775000
0.770833
0.770833
0.770833
0.745833
0.754167
0.766667
0.775000
0.770833
0.758333
0.741667
0.745833
0.750000
0.758333
0.758333
0.750000
0.566667
0.916667
0.737500
0.754167
0.758333
0.745833
0.745833
0.745833
0.754167
0.750000
0.750000
0.754167
0.750000
0.758333
0.766667
0.770833
0.766667
0.608333
0.487500
1.191667
0.754167
0.766667
0.766667
0.750000
0.745833
0.754167
0.766667
0.775000
0.770833
0.754167
0.754167
0.750000
0.754167
0.762500
0.766667
0.762500
0.758333
0.770833
0.766667
0.766667
0.766667
0.758333
0.758333
0.775000
0.783333
0.775000
0.766667
0.758333
0.745833
0.758333
0.770833
0.775000
0.783333
0.766667
0.758333
0.754167
0.762500
0.770833
0.779167
0.762500
0.762500
0.775000
0.779167
0.770833
0.770833
0.750000
0.550000
0.983333
0.600000
0.954167
0.775000
0.754167
0.745833
0.745833
0.750000
0.762500
0.766667
0.750000
0.762500
0.779167
0.554167
0.983333
0.741667
0.758333
0.587500
0.950000
0.758333
0.770833
0.754167
0.745833
0.754167
0.770833
0.775000
0.783333
0.766667
0.566667
0.479167
0.583333
0.683333
0.758333
0.750000
0.754167
0.762500
0.770833
0.770833
0.766667
0.745833
0.750000
0.770833
0.770833
0.775000
0.779167
0.758333
0.762500
0.766667
0.770833
0.770833
0.704167
0.833333
0.775000
0.787500
0.787500
0.762500
0.750000
0.754167
0.766667
0.779167
0.779167
0.762500
0.762500
0.766667
0.770833
0.770833
0.779167
0.762500
0.762500
0.779167
0.770833
0.770833
0.758333
0.754167
0.750000
0.766667
0.770833
0.770833
0.750000
0.750000
0.529167
0.987500
0.750000
0.762500
0.754167
0.750000
0.745833
0.758333
0.758333
0.770833
0.762500
0.591667
0.487500
1.216667
0.758333
0.766667
0.770833
0.758333
0.758333
0.766667
0.770833
0.770833
0.766667
0.766667
0.766667
0.791667
0.795833
0.787500
0.791667
0.766667
0.770833
0.779167
0.779167
0.787500
