0.779167
0.441667
1.137500
0.495833
0.775000
0.887500
0.787500
0.783333
0.775000
0.775000
1.387500
0.779167
0.775000
0.779167
0.775000
0.495833
0.887500
0.783333
0.783333
0.779167
0.779167
0.504167
0.887500
0.783333
0.783333
0.504167
0.870833
0.787500
0.791667
0.783333
0.500000
0.854167
0.783333
0.783333
0.787500
0.462500
0.825000
0.883333
0.779167
0.779167
0.787500
0.483333
0.812500
0.883333
0.783333
0.779167
0.787500
0.475000
0.816667
0.887500
0.775000
0.779167
0.787500
0.537500
1.037500
0.512500
0.858333
0.779167
0.787500
0.529167
1.041667
0.766667
0.516667
0.870833
0.779167
0.441667
1.137500
0.504167
1.075000
0.775000
0.529167
0.858333
0.779167
0.441667
1.158333
0.454167
1.116667
0.770833
0.533333
0.820833
0.800000
0.458333
1.129167
0.775000
0.495833
0.854167
0.787500
0.450000
1.133333
0.770833
0.520833
0.854167
0.779167
0.454167
1.129167
0.766667
0.500000
0.854167
0.783333
0.454167
1.125000
0.770833
0.516667
0.850000
0.766667
0.479167
1.100000
0.770833
0.500000
0.858333
0.787500
0.445833
1.158333
0.450000
0.833333
0.900000
1.570833
0.775000
0.770833
0.500000
0.875000
0.775000
0.775000
0.770833
0.770833
0.500000
0.887500
0.779167
0.783333
0.783333
0.787500
0.516667
0.866667
0.779167
0.779167
0.783333
0.779167
1.366667
0.783333
0.787500
0.775000
0.775000
1.400000
0.791667
0.787500
0.779167
0.775000
0.508333
0.908333
0.791667
0.787500
0.783333
0.570833
0.900000
0.787500
0.787500
0.783333
0.787500
1.370833
0.775000
0.783333
0.791667
0.791667
0.450000
0.841667
0.887500
0.787500
0.787500
0.783333
0.445833
0.850000
0.891667
0.779167
0.795833
0.779167
0.766667
0.445833
0.845833
0.887500
0.779167
0.779167
0.775000
0.450000
1.133333
0.475000
0.825000
0.870833
0.775000
0.783333
0.779167
0.445833
0.825000
0.887500
0.779167
0.779167
0.766667
0.770833
1.375000
0.770833
0.770833
0.770833
0.783333
0.445833
0.925000
0.783333
0.779167
0.779167
0.508333
0.850000
0.783333
0.787500
0.775000
1.362500
0.779167
0.770833
0.775000
0.775000
0.491667
0.858333
0.787500
0.770833
0.766667
0.762500
0.525000
0.833333
0.770833
0.770833
0.775000
0.762500
0.500000
0.850000
0.779167
0.766667
0.766667
0.762500
1.358333
0.775000
0.770833
0.766667
0.762500
0.516667
0.862500
0.766667
0.775000
0.495833
1.091667
0.770833
0.537500
0.850000
0.779167
0.425000
1.154167
0.425000
0.879167
0.820833
0.800000
0.770833
0.775000
0.466667
0.812500
0.883333
0.791667
0.791667
0.770833
0.775000
0.450000
0.904167
0.820833
0.783333
0.783333
0.779167
1.375000
0.779167
0.775000
0.779167
0.770833
1.370833
0.779167
0.770833
0.770833
0.770833
1.383333
0.775000
0.770833
0.770833
0.775000
0.508333
0.891667
0.779167
0.775000
0.779167
0.775000
0.495833
0.900000
0.783333
0.779167
0.779167
0.495833
0.879167
0.779167
0.775000
0.775000
0.766667
1.354167
0.779167
0.779167
0.775000
0.766667
0.512500
0.870833
0.787500
0.787500
0.775000
0.779167
1.391667
0.791667
0.787500
0.779167
0.775000
1.387500
0.795833
0.783333
0.783333
0.495833
0.866667
0.787500
0.783333
0.787500
0.775000
0.445833
0.937500
0.775000
0.787500
0.779167
0.770833
0.495833
0.858333
0.783333
0.787500
0.775000
0.770833
0.516667
0.870833
0.783333
0.775000
0.770833
0.775000
0.508333
0.875000
0.779167
0.779167
0.775000
0.770833
1.395833
0.775000
0.775000
0.770833
0.770833
0.500000
0.870833
0.783333
0.775000
0.775000
0.495833
0.891667
0.779167
0.779167
0.775000
0.775000
0.458333
0.829167
0.887500
0.783333
0.770833
0.770833
0.779167
0.479167
0.812500
0.883333
0.775000
0.795833
0.779167
0.775000
0.445833
0.912500
0.783333
0.791667
0.766667
0.770833
0.491667
0.887500
0.783333
0.779167
0.779167
0.500000
0.912500
0.779167
0.783333
0.779167
0.787500
0.445833
1.141667
0.445833
0.891667
0.804167
0.791667
0.783333
0.766667
0.458333
0.833333
0.904167
0.779167
0.770833
0.770833
0.775000
0.487500
0.845833
0.787500
0.775000
0.775000
0.775000
0.487500
0.870833
0.770833
0.779167
0.779167
0.779167
1.383333
0.779167
0.783333
0.779167
0.512500
0.875000
0.791667
0.779167
0.779167
0.491667
0.866667
0.779167
0.791667
0.775000
0.775000
0.441667
0.941667
0.783333
0.791667
0.775000
0.775000
0.466667
0.820833
0.904167
0.779167
0.779167
0.779167
0.775000
0.775000
0.504167
0.875000
0.775000
0.775000
0.775000
0.775000
0.450000
0.825000
0.900000
0.770833
0.779167
0.787500
0.770833
0.450000
0.833333
0.895833
0.783333
0.775000
0.775000
0.783333
0.454167
0.837500
0.887500
0.770833
0.783333
0.779167
0.770833
0.445833
0.854167
0.912500
0.779167
0.779167
0.779167
0.779167
0.495833
0.883333
0.791667
0.787500
0.783333
0.787500
0.441667
0.862500
0.870833
0.770833
0.787500
0.787500
0.770833
0.437500
0.841667
0.866667
0.812500
0.779167
0.783333
0.454167
1.154167
0.433333
0.837500
0.854167
0.804167
0.775000
0.770833
0.766667
0.458333
0.829167
0.833333
0.795833
0.770833
0.775000
0.458333
1.145833
0.441667
0.833333
0.887500
0.783333
0.770833
0.770833
0.770833
0.458333
0.837500
0.845833
0.812500
0.779167
0.783333
0.458333
1.145833
0.445833
0.837500
0.887500
0.787500
0.779167
0.775000
0.770833
1.391667
0.779167
0.779167
0.779167
0.770833
1.383333
0.770833
0.770833
0.770833
0.770833
0.500000
0.875000
0.779167
0.779167
0.779167
0.491667
0.891667
0.783333
0.783333
0.779167
0.779167
0.441667
0.958333
0.783333
0.783333
0.779167
0.779167
1.379167
0.783333
0.783333
0.775000
0.775000
1.383333
0.783333
0.775000
0.775000
0.775000
0.487500
0.879167
0.783333
0.779167
0.779167
0.533333
0.870833
0.787500
0.783333
0.779167
0.775000
1.362500
0.787500
0.783333
0.775000
0.775000
0.500000
0.870833
0.795833
0.783333
0.775000
0.770833
0.504167
0.870833
0.787500
0.787500
0.775000
0.775000
0.491667
0.870833
0.787500
0.791667
0.779167
0.779167
0.512500
0.858333
0.787500
0.787500
0.775000
0.779167
0.491667
0.833333
0.804167
0.783333
0.787500
0.795833
0.470833
0.841667
0.904167
0.795833
0.791667
0.783333
0.783333
0.458333
1.158333
0.445833
1.133333
1.279167
0.841667
0.779167
0.775000
0.775000
0.475000
0.812500
0.820833
0.816667
0.783333
0.779167
0.462500
1.162500
0.454167
1.125000
0.516667
0.787500
0.816667
0.787500
0.458333
1.133333
0.537500
0.737500
0.904167
0.787500
0.783333
0.783333
0.500000
0.783333
0.904167
0.791667
0.783333
0.779167
0.779167
0.516667
0.770833
0.895833
0.783333
0.779167
0.775000
0.775000
0.550000
0.733333
0.887500
0.787500
0.783333
0.775000
0.775000
0.504167
0.841667
0.787500
0.495833
1.091667
0.770833
0.775000
0.500000
0.858333
0.779167
0.791667
0.775000
0.770833
0.495833
0.862500
0.783333
0.795833
0.779167
0.775000
0.504167
0.875000
0.783333
0.787500
0.787500
0.783333
0.491667
0.791667
0.900000
0.787500
0.787500
0.791667
0.779167
1.379167
0.787500
0.787500
0.791667
0.783333
0.504167
0.883333
0.783333
0.787500
0.787500
0.787500
0.491667
0.800000
0.891667
0.787500
0.791667
0.783333
0.787500
0.470833
0.829167
0.900000
0.787500
0.787500
0.795833
0.783333
0.441667
0.841667
0.912500
0.783333
0.791667
0.800000
0.783333
0.783333
0.500000
0.883333
0.795833
0.791667
0.791667
0.800000
0.441667
1.158333
0.437500
0.862500
0.820833
0.829167
0.783333
0.779167
0.466667
1.129167
0.520833
1.083333
0.770833
0.516667
0.812500
0.800000
0.462500
1.137500
0.779167
0.770833
0.504167
0.870833
0.787500
0.791667
0.537500
1.058333
0.779167
0.500000
0.879167
0.787500
0.441667
1.170833
0.441667
1.150000
0.470833
1.125000
0.779167
0.545833
0.879167
0.787500
0.791667
0.787500
0.795833
0.495833
