1.029167
1.045833
1.037500
1.037500
0.970833
1.008333
1.029167
1.066667
0.995833
1.054167
1.045833
1.033333
1.004167
0.975000
1.008333
1.025000
1.008333
0.929167
0.962500
0.979167
0.983333
0.970833
0.937500
0.883333
0.900000
0.912500
0.958333
0.970833
0.954167
0.937500
0.900000
0.929167
0.966667
1.029167
1.037500
1.008333
1.012500
1.008333
1.000000
0.966667
1.012500
1.045833
1.070833
1.100000
1.070833
0.995833
1.037500
1.062500
1.070833
1.012500
1.066667
1.075000
1.083333
1.058333
0.966667
0.975000
1.000000
1.004167
0.929167
0.933333
0.954167
0.975000
0.987500
0.962500
0.950000
0.941667
0.895833
0.929167
0.950000
0.979167
1.029167
1.066667
1.070833
1.045833
1.066667
0.287500
0.820833
1.145833
1.129167
1.062500
1.075000
1.066667
1.033333
0.975000
1.041667
1.033333
1.020833
1.037500
0.962500
1.020833
1.041667
1.058333
1.058333
1.037500
1.091667
1.070833
1.012500
1.091667
1.150000
1.108333
1.045833
1.075000
1.050000
1.045833
1.020833
1.079167
1.108333
1.066667
1.033333
0.979167
0.962500
0.995833
1.004167
0.970833
1.062500
1.108333
1.095833
0.991667
1.033333
1.058333
1.108333
0.983333
0.970833
0.958333
0.945833
0.950000
0.904167
0.933333
0.937500
0.966667
0.970833
0.970833
0.912500
0.966667
0.995833
1.020833
1.020833
0.975000
0.995833
1.012500
1.029167
1.037500
0.970833
1.000000
1.004167
1.025000
1.020833
0.962500
1.045833
1.104167
1.112500
1.058333
0.975000
1.012500
1.045833
1.054167
1.041667
0.991667
0.945833
0.970833
0.995833
1.016667
1.025000
1.020833
1.012500
1.004167
0.979167
0.945833
0.995833
1.012500
1.041667
1.079167
1.054167
0.987500
1.041667
1.066667
1.054167
0.616667
1.316667
0.716667
0.420833
1.091667
0.970833
0.991667
0.987500
0.979167
0.941667
0.900000
0.916667
0.908333
0.912500
0.916667
0.900000
0.875000
0.895833
0.904167
0.925000
0.954167
0.966667
0.962500
0.920833
0.933333
0.950000
0.975000
0.987500
0.945833
0.987500
0.979167
0.983333
0.975000
0.933333
0.970833
0.991667
0.987500
0.479167
0.504167
0.604167
1.170833
1.000000
0.983333
0.916667
0.900000
0.891667
0.879167
0.875000
0.829167
0.845833
0.833333
0.833333
0.841667
0.837500
0.833333
0.833333
0.812500
0.829167
0.820833
0.837500
0.854167
0.875000
0.895833
0.883333
0.904167
0.912500
0.925000
0.941667
0.887500
0.900000
0.916667
0.508333
0.370833
0.491667
0.345833
0.387500
0.454167
0.820833
0.816667
0.812500
0.791667
0.787500
0.779167
0.770833
0.775000
0.770833
0.770833
0.758333
0.737500
0.741667
0.741667
0.720833
0.729167
0.733333
0.737500
0.741667
0.750000
0.750000
0.758333
0.745833
0.741667
0.737500
0.733333
0.750000
0.766667
0.775000
0.762500
0.766667
0.766667
0.770833
0.791667
0.804167
0.804167
0.787500
0.787500
0.783333
0.783333
0.791667
0.800000
0.804167
0.795833
0.787500
0.779167
0.783333
0.783333
0.804167
0.812500
0.812500
0.791667
0.791667
0.400000
0.425000
0.508333
0.225000
0.795833
0.779167
0.770833
0.762500
0.758333
0.758333
0.758333
0.770833
0.775000
0.779167
0.766667
0.775000
0.766667
0.770833
0.779167
0.783333
0.783333
0.770833
0.775000
0.770833
0.766667
0.783333
0.787500
0.770833
0.783333
0.779167
0.791667
0.800000
0.800000
0.795833
0.787500
0.775000
0.770833
0.754167
0.750000
0.750000
0.745833
0.750000
0.758333
0.758333
0.762500
0.766667
0.775000
0.762500
0.808333
0.825000
0.833333
0.854167
0.841667
0.816667
0.825000
0.825000
0.829167
0.841667
0.808333
0.804167
0.808333
0.837500
0.879167
0.854167
0.850000
0.891667
0.937500
0.737500
0.162500
0.341667
0.400000
0.254167
0.425000
0.287500
0.829167
0.020833
0.845833
0.837500
0.804167
0.820833
0.829167
0.870833
0.879167
0.845833
0.870833
0.879167
0.908333
0.933333
0.941667
0.933333
0.891667
0.920833
0.945833
0.983333
1.016667
1.000000
0.954167
1.008333
1.016667
1.012500
1.016667
1.045833
1.083333
1.108333
1.125000
1.045833
1.083333
1.108333
1.108333
1.112500
1.004167
1.033333
1.104167
1.145833
0.308333
0.741667
0.995833
0.920833
0.316667
0.745833
0.991667
1.004167
0.966667
0.937500
0.979167
1.020833
1.037500
1.025000
0.975000
1.037500
1.075000
1.112500
1.112500
1.050000
1.070833
0.487500
0.608333
1.029167
0.987500
1.033333
1.083333
1.104167
1.050000
1.058333
1.070833
1.066667
1.079167
1.095833
1.083333
1.104167
1.083333
1.091667
1.095833
1.112500
1.137500
1.100000
1.150000
1.183333
1.187500
1.091667
1.116667
1.108333
1.095833
1.020833
1.058333
1.050000
1.066667
1.079167
1.066667
1.041667
0.741667
1.029167
1.029167
1.070833
1.087500
1.016667
1.087500
1.112500
1.112500
1.083333
1.141667
1.116667
1.083333
1.004167
1.062500
1.062500
1.083333
1.058333
1.008333
1.058333
1.066667
1.004167
1.075000
1.108333
1.091667
1.050000
0.979167
1.016667
1.016667
1.041667
1.041667
0.979167
1.029167
1.029167
1.041667
1.037500
0.987500
1.041667
1.054167
1.087500
1.145833
1.108333
1.037500
1.091667
1.091667
1.104167
1.133333
1.125000
0.612500
1.375000
1.179167
1.095833
1.166667
1.187500
1.137500
1.037500
1.041667
1.008333
1.029167
0.950000
0.975000
0.983333
0.970833
0.958333
0.920833
0.945833
0.958333
0.970833
0.975000
0.979167
0.991667
0.945833
0.637500
1.300000
1.150000
1.100000
1.012500
1.037500
1.041667
1.033333
1.029167
1.008333
1.054167
1.058333
1.008333
1.087500
1.087500
1.070833
1.029167
1.016667
1.016667
1.029167
1.100000
1.154167
1.062500
0.662500
1.337500
1.216667
1.175000
1.079167
0.995833
0.979167
0.966667
0.966667
0.966667
1.000000
1.025000
1.062500
1.075000
1.083333
1.120833
1.087500
0.650000
1.437500
1.250000
1.270833
1.250000
1.187500
1.133333
1.200000
1.195833
1.137500
1.112500
1.137500
1.166667
1.091667
1.070833
1.133333
1.112500
1.033333
1.104167
1.066667
0.987500
1.004167
1.016667
1.004167
1.008333
0.941667
0.975000
0.987500
1.016667
1.029167
0.962500
0.987500
1.012500
1.020833
1.020833
0.937500
0.958333
0.979167
1.000000
1.012500
0.925000
0.954167
0.958333
0.962500
0.970833
0.954167
0.954167
0.975000
0.983333
0.991667
0.945833
0.991667
0.991667
1.004167
1.041667
0.987500
1.070833
1.075000
1.100000
1.045833
1.266667
1.212500
1.141667
1.083333
1.083333
1.045833
1.033333
1.000000
0.979167
