0.970833
0.966667
0.975000
0.979167
0.983333
0.970833
0.970833
0.970833
0.979167
0.983333
0.979167
0.975000
0.970833
0.975000
0.991667
0.979167
0.975000
0.975000
0.983333
0.987500
0.975000
0.979167
0.979167
0.987500
0.979167
0.970833
0.970833
0.979167
0.979167
0.975000
0.970833
0.966667
0.975000
0.983333
0.970833
0.962500
0.970833
0.970833
0.975000
0.962500
0.966667
0.970833
0.970833
0.979167
0.966667
0.970833
0.979167
0.979167
0.975000
0.970833
0.975000
0.979167
0.983333
0.983333
0.975000
0.970833
0.975000
0.979167
0.983333
0.979167
0.966667
0.970833
0.975000
0.983333
0.979167
0.966667
0.966667
0.970833
0.975000
0.966667
0.962500
0.966667
0.958333
0.970833
0.975000
0.891667
1.050000
0.962500
0.970833
0.975000
0.970833
0.966667
0.966667
0.966667
0.975000
0.975000
0.966667
0.966667
0.958333
0.854167
1.104167
0.970833
0.966667
0.970833
0.662500
1.125000
1.962500
0.975000
0.970833
0.983333
0.983333
0.975000
0.975000
0.975000
0.987500
0.979167
0.970833
0.975000
0.966667
0.975000
0.970833
0.966667
0.962500
0.962500
0.970833
0.975000
0.970833
0.966667
0.970833
0.966667
0.970833
0.970833
0.970833
0.962500
0.966667
0.970833
0.975000
0.975000
0.962500
0.966667
0.970833
0.970833
0.962500
0.958333
0.954167
0.966667
0.958333
0.958333
0.962500
0.950000
0.962500
0.979167
0.962500
0.962500
0.954167
0.966667
0.970833
0.958333
0.958333
0.966667
0.966667
0.708333
1.125000
0.958333
0.950000
0.950000
0.958333
0.954167
0.512500
1.058333
0.950000
0.958333
0.958333
0.954167
0.945833
0.941667
0.945833
0.950000
0.958333
0.954167
0.950000
0.945833
0.945833
0.950000
0.966667
0.958333
0.954167
0.954167
0.958333
0.958333
0.958333
0.950000
0.841667
1.045833
0.950000
0.958333
0.950000
0.950000
0.945833
0.812500
1.079167
0.966667
0.954167
0.950000
0.950000
0.966667
0.962500
0.954167
0.954167
0.966667
0.962500
0.979167
0.970833
0.966667
0.962500
0.966667
0.966667
0.975000
0.966667
0.966667
0.962500
0.975000
0.983333
0.966667
0.975000
0.970833
0.983333
0.983333
0.966667
0.962500
0.962500
0.966667
0.975000
0.983333
0.966667
0.966667
0.958333
0.966667
0.970833
0.970833
0.958333
0.958333
0.962500
0.975000
0.975000
0.962500
0.962500
0.966667
0.979167
0.983333
0.975000
0.979167
0.970833
0.975000
0.975000
0.966667
0.962500
0.962500
0.962500
0.970833
0.962500
0.966667
0.958333
0.729167
0.545833
1.145833
0.987500
0.987500
0.987500
0.991667
0.983333
0.966667
0.966667
0.975000
0.979167
0.975000
0.970833
0.970833
0.983333
0.987500
0.983333
0.979167
0.970833
0.983333
0.975000
0.975000
0.712500
1.133333
0.983333
0.987500
0.983333
0.970833
0.970833
0.975000
0.841667
1.125000
0.966667
0.970833
0.970833
0.966667
0.975000
0.962500
0.958333
0.958333
0.962500
0.958333
0.983333
0.966667
0.966667
0.966667
0.970833
0.975000
0.970833
0.966667
0.966667
0.958333
0.962500
0.970833
0.966667
1.933333
0.966667
0.975000
0.970833
0.970833
0.962500
0.970833
0.979167
0.975000
0.962500
0.970833
0.970833
0.962500
0.958333
0.954167
0.950000
0.958333
0.970833
0.966667
0.962500
0.954167
0.966667
0.966667
0.958333
0.962500
0.962500
0.954167
0.966667
0.966667
0.970833
0.966667
0.958333
0.975000
0.970833
0.966667
0.966667
0.962500
0.966667
0.979167
0.975000
0.966667
0.962500
0.962500
0.975000
0.979167
0.962500
0.962500
0.958333
0.675000
1.116667
0.975000
0.958333
0.954167
0.958333
0.962500
0.966667
0.958333
0.950000
0.958333
0.962500
0.962500
0.958333
0.958333
0.966667
0.975000
0.970833
0.962500
0.958333
0.962500
0.970833
0.970833
0.958333
0.958333
0.962500
0.970833
0.958333
0.962500
0.954167
0.950000
0.970833
0.958333
0.954167
0.954167
0.954167
0.958333
0.962500
0.962500
0.945833
0.941667
0.945833
0.958333
0.958333
0.950000
0.945833
0.712500
1.112500
0.720833
1.116667
0.966667
0.966667
0.958333
0.962500
0.954167
0.954167
0.958333
0.962500
0.962500
0.950000
0.950000
0.958333
0.958333
0.962500
0.950000
0.954167
0.958333
0.962500
0.975000
0.966667
0.962500
0.958333
0.962500
0.966667
0.962500
0.954167
0.954167
0.950000
0.954167
0.966667
0.958333
0.954167
0.954167
0.958333
0.975000
0.958333
0.954167
0.950000
0.954167
0.966667
0.966667
0.958333
0.954167
0.962500
0.966667
0.970833
0.966667
0.975000
0.987500
0.983333
0.970833
0.970833
0.970833
0.975000
0.962500
0.966667
0.962500
0.962500
0.654167
1.125000
0.850000
1.079167
0.958333
0.954167
0.970833
0.962500
0.958333
0.954167
0.958333
0.966667
0.966667
0.958333
0.958333
0.954167
0.962500
0.970833
0.962500
0.958333
0.954167
0.958333
0.975000
0.962500
0.958333
0.954167
0.970833
0.970833
0.962500
0.958333
0.966667
0.966667
0.979167
0.962500
0.958333
0.958333
0.962500
0.970833
0.962500
0.962500
0.962500
0.966667
0.970833
0.966667
0.954167
0.962500
0.920833
1.012500
0.958333
0.954167
0.958333
0.966667
0.958333
0.958333
0.950000
0.820833
1.087500
0.720833
0.233333
0.954167
0.954167
0.954167
0.966667
0.966667
0.958333
0.858333
1.058333
0.966667
0.966667
0.958333
0.958333
0.954167
0.404167
0.554167
0.254167
0.941667
0.112500
0.620833
0.945833
0.941667
0.945833
0.950000
0.962500
0.629167
0.329167
0.950000
0.950000
0.958333
0.962500
0.958333
0.954167
0.958333
0.950000
0.962500
0.966667
0.958333
0.954167
0.958333
0.966667
0.975000
0.958333
0.966667
0.966667
0.970833
0.970833
0.962500
0.958333
0.958333
0.512500
0.304167
1.120833
0.958333
0.958333
0.954167
0.962500
0.970833
0.475000
0.491667
0.637500
0.325000
0.254167
0.700000
0.962500
0.395833
0.570833
0.970833
0.970833
0.962500
0.962500
0.970833
0.979167
0.979167
0.970833
0.962500
0.954167
0.962500
0.966667
0.962500
0.954167
0.733333
1.108333
0.975000
0.962500
0.954167
0.958333
0.954167
0.966667
0.962500
0.958333
0.954167
0.954167
0.958333
0.970833
0.958333
0.958333
0.958333
0.958333
0.966667
0.958333
0.950000
0.945833
0.950000
0.962500
0.970833
0.958333
0.962500
0.783333
1.112500
0.979167
0.975000
0.958333
0.958333
0.958333
0.970833
0.962500
0.950000
0.954167
0.958333
0.958333
0.966667
0.962500
0.954167
0.950000
0.958333
0.962500
0.945833
0.941667
0.929167
0.937500
0.945833
0.933333
