0.691667
0.695833
0.695833
0.700000
0.695833
0.691667
0.695833
0.691667
0.691667
0.695833
0.683333
0.687500
0.687500
0.687500
0.691667
0.508333
0.866667
0.691667
0.687500
0.687500
0.691667
0.683333
0.683333
0.683333
0.679167
0.683333
0.683333
0.683333
0.683333
0.683333
0.683333
0.687500
0.683333
0.687500
0.683333
0.687500
0.683333
0.679167
0.679167
0.679167
0.529167
0.829167
0.683333
0.683333
0.679167
0.683333
0.683333
0.679167
0.683333
0.679167
0.679167
0.679167
0.675000
0.670833
0.679167
0.675000
0.675000
0.679167
0.679167
0.675000
0.679167
0.675000
0.679167
0.679167
0.675000
0.675000
0.675000
0.675000
0.500000
0.854167
0.679167
0.679167
0.675000
0.683333
0.679167
0.679167
0.683333
0.679167
0.683333
0.679167
0.679167
0.679167
0.675000
0.675000
0.675000
0.679167
0.675000
0.679167
0.679167
0.675000
0.679167
0.679167
0.679167
0.679167
0.675000
0.675000
0.679167
0.675000
0.675000
0.679167
0.670833
0.679167
0.675000
0.670833
0.670833
0.675000
0.670833
0.670833
0.675000
0.670833
0.670833
0.670833
0.666667
0.670833
0.666667
0.666667
0.670833
0.666667
0.666667
0.670833
0.666667
0.670833
0.675000
0.679167
0.679167
0.683333
0.683333
0.687500
0.687500
0.687500
0.687500
0.691667
0.687500
0.683333
0.683333
0.679167
0.683333
0.683333
0.675000
0.679167
0.683333
0.679167
0.679167
0.687500
0.683333
0.683333
0.679167
0.495833
0.870833
0.687500
0.687500
0.683333
0.679167
0.683333
0.679167
0.683333
0.683333
0.683333
0.687500
0.691667
0.687500
0.691667
0.691667
0.691667
0.691667
0.695833
0.691667
0.695833
0.695833
0.691667
0.691667
0.691667
0.695833
0.691667
0.687500
0.691667
0.691667
0.687500
0.687500
0.691667
0.687500
0.691667
0.691667
0.687500
0.691667
0.687500
0.687500
0.687500
0.687500
0.520833
0.850000
0.691667
0.687500
0.695833
0.687500
0.700000
0.700000
0.695833
0.704167
0.700000
0.695833
0.704167
0.700000
0.695833
0.700000
0.687500
0.691667
0.679167
0.683333
0.679167
0.679167
0.679167
0.679167
0.679167
0.683333
0.679167
0.683333
0.683333
0.683333
0.683333
0.687500
0.683333
0.691667
0.683333
0.683333
0.679167
0.683333
0.687500
0.687500
0.683333
0.679167
0.687500
0.679167
0.683333
0.679167
0.683333
0.679167
0.687500
0.687500
0.687500
0.691667
0.683333
0.687500
0.691667
0.691667
0.695833
0.695833
0.695833
0.691667
0.495833
0.891667
0.700000
0.695833
0.691667
0.695833
0.691667
0.687500
0.691667
0.687500
0.691667
0.687500
0.687500
0.687500
0.683333
0.679167
0.683333
0.683333
0.687500
0.691667
0.683333
0.641667
0.733333
0.687500
0.687500
0.687500
0.691667
0.687500
0.687500
0.691667
0.687500
0.691667
0.687500
0.687500
0.691667
0.691667
0.687500
0.687500
0.687500
0.687500
0.687500
0.687500
0.683333
0.683333
0.683333
0.683333
0.687500
0.683333
0.683333
0.683333
0.683333
0.504167
0.858333
0.683333
0.675000
0.679167
0.683333
0.683333
0.679167
0.683333
0.679167
0.679167
0.687500
0.679167
0.679167
0.683333
0.679167
0.683333
0.679167
0.683333
0.683333
0.679167
0.679167
0.679167
0.675000
0.679167
0.675000
0.679167
0.679167
0.675000
0.675000
0.683333
0.679167
0.683333
0.679167
0.683333
0.687500
0.687500
0.687500
0.687500
0.691667
0.691667
0.691667
0.691667
0.691667
0.691667
0.700000
0.695833
0.700000
0.695833
0.695833
0.695833
0.691667
0.691667
0.691667
0.687500
0.687500
0.683333
0.683333
0.687500
0.495833
0.866667
0.687500
0.687500
0.687500
0.683333
0.687500
0.687500
0.683333
0.687500
0.687500
0.687500
0.683333
0.683333
0.683333
0.679167
0.683333
0.687500
0.679167
0.687500
0.683333
0.683333
0.687500
0.687500
0.691667
0.695833
0.691667
0.691667
0.504167
0.879167
0.695833
0.654167
0.725000
0.687500
0.687500
0.683333
0.683333
0.679167
0.666667
0.700000
0.679167
0.679167
0.679167
0.683333
0.679167
0.683333
0.679167
0.679167
0.679167
0.679167
0.675000
0.670833
0.666667
0.670833
0.666667
0.666667
0.666667
0.666667
0.666667
0.666667
0.666667
0.666667
0.670833
0.675000
0.670833
0.679167
0.679167
0.683333
0.683333
0.683333
0.691667
0.683333
0.687500
0.687500
0.687500
0.691667
0.687500
0.687500
0.687500
0.687500
0.687500
0.683333
0.687500
0.679167
0.683333
0.683333
0.683333
0.679167
0.679167
0.679167
0.679167
0.679167
0.670833
0.679167
0.683333
0.679167
0.683333
0.683333
0.683333
0.683333
0.679167
0.683333
0.687500
0.679167
0.679167
0.683333
0.679167
0.679167
0.683333
0.679167
0.679167
0.687500
0.683333
0.508333
0.866667
0.687500
0.687500
0.683333
0.683333
0.512500
0.850000
0.683333
0.487500
0.833333
0.687500
0.683333
0.683333
0.683333
0.554167
0.495833
0.979167
0.687500
0.554167
0.779167
0.687500
0.629167
0.737500
0.683333
0.679167
0.679167
0.679167
0.679167
0.670833
0.675000
0.670833
0.675000
0.675000
0.670833
0.675000
0.666667
0.670833
0.662500
0.670833
0.666667
0.666667
0.662500
0.666667
0.662500
0.666667
0.670833
0.670833
0.670833
0.670833
0.670833
0.675000
0.679167
0.675000
0.683333
0.679167
0.679167
0.683333
0.679167
0.683333
0.687500
0.687500
0.691667
0.695833
0.691667
0.695833
0.691667
0.695833
0.695833
0.687500
0.695833
0.695833
0.691667
0.700000
0.691667
0.691667
0.687500
0.687500
0.687500
0.691667
0.691667
0.687500
0.695833
0.695833
0.695833
0.700000
0.695833
0.695833
0.700000
0.695833
0.700000
0.700000
0.695833
0.695833
0.695833
0.695833
0.691667
0.700000
0.695833
0.504167
0.887500
0.704167
0.704167
0.695833
0.695833
0.691667
0.691667
0.691667
0.687500
0.695833
0.691667
0.700000
0.695833
0.695833
0.691667
0.691667
0.691667
0.691667
0.687500
0.687500
0.687500
0.683333
0.687500
0.687500
0.683333
0.687500
0.687500
0.691667
0.691667
0.687500
0.695833
0.691667
0.704167
0.700000
0.691667
0.691667
0.691667
0.695833
0.691667
0.695833
0.687500
0.683333
0.687500
0.683333
0.683333
0.683333
0.683333
0.683333
0.683333
0.683333
0.683333
0.679167
0.679167
0.683333
0.541667
0.816667
0.687500
0.683333
0.683333
0.679167
0.683333
0.683333
0.683333
0.683333
0.683333
0.683333
0.683333
0.683333
0.679167
0.687500
0.683333
0.679167
0.683333
0.679167
0.683333
0.675000
0.687500
0.683333
0.683333
0.683333
0.687500
0.691667
0.695833
0.687500
0.691667
0.691667
0.687500
0.691667
0.691667
0.683333
0.691667
0.691667
0.691667
0.687500
0.687500
0.687500
0.687500
0.687500
0.683333
0.683333
0.687500
0.687500
0.687500
0.687500
0.683333
0.687500
0.683333
0.683333
0.683333
0.683333
0.683333
0.687500
0.683333
0.691667
0.687500
0.687500
0.687500
0.691667
0.687500
0.695833
0.691667
0.687500
0.683333
0.683333
0.683333
0.679167
0.683333
0.683333
0.683333
0.683333
0.687500
0.687500
0.691667
0.691667
0.687500
0.529167
0.850000
0.687500
0.687500
0.691667
0.687500
0.695833
0.691667
0.691667
0.691667
0.695833
0.695833
0.545833
0.841667
0.700000
0.687500
0.691667
0.687500
0.683333
0.687500
0.687500
0.683333
0.687500
0.687500
0.687500
0.687500
0.687500
0.687500
0.687500
0.683333
0.691667
0.683333
0.687500
0.683333
0.683333
0.687500
0.691667
0.687500
0.687500
0.691667
0.687500
0.425000
0.875000
0.716667
0.695833
0.695833
0.695833
0.695833
0.687500
0.687500
0.687500
0.691667
0.687500
0.683333
0.683333
0.683333
0.687500
0.683333
0.683333
0.687500
0.687500
0.691667
0.687500
0.687500
0.683333
0.687500
0.683333
0.687500
0.687500
0.687500
0.683333
0.687500
0.695833
0.691667
0.695833
0.695833
0.691667
0.695833
0.695833
0.695833
0.687500
0.687500
0.687500
0.687500
0.687500
0.687500
0.691667
0.683333
0.691667
0.691667
0.695833
0.691667
0.687500
0.687500
0.687500
0.687500
0.691667
0.695833
0.691667
0.695833
0.704167
0.704167
0.700000
0.708333
0.704167
0.708333
0.708333
0.704167
0.700000
0.704167
0.700000
0.708333
0.700000
0.704167
0.704167
0.704167
0.700000
0.700000
0.704167
0.700000
0.704167
0.704167
0.704167
0.704167
0.700000
0.695833
0.700000
0.695833
0.700000
0.695833
0.695833
0.691667
0.687500
0.691667
0.691667
0.691667
0.683333
0.691667
0.687500
0.691667
0.687500
0.691667
0.687500
0.691667
0.691667
0.687500
0.695833
0.687500
0.691667
0.691667
0.691667
0.687500
0.650000
0.729167
0.687500
0.691667
0.687500
0.695833
0.687500
0.691667
0.691667
0.695833
0.691667
0.691667
0.691667
0.691667
0.691667
0.495833
0.887500
0.691667
0.687500
0.687500
0.687500
0.683333
0.691667
0.683333
0.687500
0.687500
0.687500
0.687500
0.691667
0.691667
0.691667
0.695833
0.691667
0.691667
0.687500
0.691667
0.695833
0.687500
0.691667
0.691667
0.687500
0.687500
0.687500
0.683333
0.687500
0.683333
0.679167
0.683333
0.679167
0.687500
