0.825000
0.804167
0.929167
0.845833
1.133333
0.887500
1.450000
0.783333
1.645833
1.404167
0.933333
1.995833
1.708333
0.820833
1.141667
1.012500
1.400000
1.620833
1.537500
0.820833
0.866667
1.491667
1.733333
1.137500
0.841667
0.729167
0.908333
1.020833
1.495833
0.375000
1.325000
1.370833
1.262500
0.937500
1.412500
0.658333
1.058333
1.191667
1.466667
0.875000
1.004167
0.925000
1.600000
0.866667
0.712500
1.183333
1.125000
1.425000
1.162500
1.554167
1.362500
1.279167
0.612500
0.283333
1.412500
1.966667
1.187500
1.087500
0.766667
0.983333
1.133333
0.945833
0.766667
0.850000
1.216667
1.079167
1.387500
1.408333
1.262500
1.400000
1.395833
0.770833
1.183333
1.358333
1.150000
1.133333
0.979167
1.395833
0.766667
0.900000
1.062500
1.712500
1.195833
0.929167
1.225000
0.887500
0.804167
0.991667
1.200000
1.033333
0.912500
0.795833
0.800000
1.266667
1.800000
1.016667
0.754167
1.791667
1.337500
0.945833
0.891667
1.004167
1.687500
1.008333
0.754167
1.562500
1.708333
0.850000
1.291667
1.037500
1.054167
1.666667
0.983333
0.866667
0.812500
1.779167
1.729167
1.016667
1.104167
1.000000
1.087500
1.250000
0.862500
1.591667
0.866667
0.783333
0.954167
1.837500
0.758333
1.012500
0.766667
1.016667
1.062500
1.262500
1.279167
0.850000
0.929167
0.787500
0.850000
0.841667
0.833333
0.975000
1.191667
0.995833
0.766667
0.979167
1.666667
1.095833
1.758333
0.941667
1.175000
0.979167
1.016667
1.079167
1.708333
1.387500
0.850000
1.554167
1.175000
1.350000
1.104167
0.912500
1.079167
0.712500
0.783333
1.025000
1.779167
0.929167
0.887500
0.937500
1.758333
1.033333
1.070833
0.783333
0.937500
1.275000
0.770833
0.925000
1.687500
0.775000
1.404167
0.766667
1.145833
1.050000
1.275000
0.800000
1.316667
1.650000
1.025000
1.095833
0.995833
1.637500
1.225000
1.120833
1.237500
0.808333
0.883333
1.595833
0.954167
1.225000
0.970833
1.766667
0.770833
1.791667
0.783333
0.791667
0.950000
0.841667
1.358333
0.791667
0.795833
0.929167
0.912500
1.283333
1.166667
1.500000
0.791667
1.762500
1.229167
1.125000
0.862500
1.170833
0.808333
1.054167
1.466667
1.104167
1.337500
0.916667
1.458333
0.820833
0.858333
1.212500
1.879167
0.758333
0.745833
1.245833
0.866667
1.245833
0.808333
1.362500
0.783333
1.745833
1.029167
0.845833
0.908333
1.366667
0.775000
0.895833
0.775000
0.962500
1.633333
0.762500
0.820833
1.154167
1.783333
0.708333
1.241667
1.479167
0.829167
1.237500
0.900000
0.904167
1.000000
0.783333
0.954167
0.820833
1.241667
0.962500
0.983333
1.191667
1.425000
1.595833
0.900000
0.766667
0.795833
1.545833
1.029167
0.700000
1.208333
1.408333
0.700000
1.575000
0.337500
1.108333
1.604167
0.787500
1.220833
1.183333
1.000000
0.912500
1.020833
0.670833
0.912500
1.191667
1.608333
1.429167
1.020833
0.891667
1.462500
1.187500
1.000000
0.700000
1.375000
0.758333
1.075000
1.279167
1.837500
0.833333
1.837500
1.508333
1.691667
0.925000
0.770833
0.770833
1.208333
0.875000
1.162500
1.562500
1.333333
1.004167
1.070833
1.520833
1.270833
0.783333
0.825000
1.050000
1.829167
1.416667
1.062500
0.945833
0.891667
1.300000
0.741667
0.966667
1.095833
1.212500
1.383333
1.316667
0.762500
1.154167
1.391667
0.979167
1.229167
0.750000
1.241667
1.066667
0.962500
1.350000
0.683333
1.220833
1.004167
0.941667
0.825000
0.904167
0.712500
1.354167
1.170833
1.104167
0.895833
0.891667
0.691667
1.679167
1.391667
0.891667
1.079167
0.945833
1.112500
0.825000
1.087500
1.320833
1.212500
0.441667
1.091667
0.800000
1.266667
0.858333
1.641667
1.258333
1.037500
1.900000
0.779167
0.900000
1.254167
1.275000
0.879167
1.483333
0.808333
0.725000
0.745833
0.950000
0.975000
1.062500
1.179167
0.933333
0.704167
0.816667
1.625000
1.095833
1.733333
0.725000
0.925000
0.812500
0.675000
0.695833
0.795833
0.795833
0.995833
0.833333
1.562500
1.116667
0.725000
0.758333
1.287500
1.295833
1.220833
1.375000
0.779167
1.441667
0.900000
0.704167
0.383333
0.958333
1.216667
1.404167
1.204167
0.833333
1.066667
0.754167
1.237500
1.054167
1.458333
1.295833
0.904167
0.783333
1.104167
1.225000
1.491667
0.783333
0.758333
1.175000
0.941667
0.900000
0.841667
1.175000
1.404167
1.479167
0.837500
1.625000
0.770833
0.787500
0.775000
1.220833
0.729167
1.404167
0.954167
0.833333
1.033333
1.791667
0.887500
0.787500
1.262500
0.800000
1.070833
0.758333
1.025000
1.608333
0.716667
0.920833
0.687500
0.929167
0.725000
1.141667
1.779167
1.404167
1.150000
1.383333
0.966667
1.083333
0.837500
0.829167
0.775000
0.737500
0.787500
1.362500
0.345833
1.020833
1.270833
0.829167
1.191667
1.200000
1.033333
1.479167
1.241667
0.745833
1.275000
0.704167
0.766667
0.862500
1.162500
1.337500
0.854167
1.041667
0.841667
1.100000
0.704167
1.162500
1.037500
0.866667
1.325000
0.966667
0.837500
0.475000
0.754167
0.783333
1.166667
0.708333
0.645833
0.675000
0.695833
0.729167
1.316667
1.479167
1.245833
0.950000
0.912500
0.708333
1.045833
0.741667
1.425000
0.741667
1.175000
0.737500
0.841667
0.991667
0.895833
1.641667
0.650000
0.737500
0.883333
1.091667
0.983333
0.812500
1.262500
0.741667
0.808333
0.612500
1.275000
0.733333
1.050000
0.700000
0.654167
0.820833
0.687500
0.916667
0.958333
0.695833
1.512500
0.975000
1.150000
1.112500
0.787500
1.279167
0.820833
0.462500
0.800000
0.766667
0.870833
0.850000
0.812500
0.662500
0.750000
0.854167
1.212500
1.233333
1.241667
0.754167
0.775000
0.825000
0.679167
0.787500
1.075000
