0.554167
0.575000
0.729167
0.395833
0.295833
0.283333
0.587500
0.433333
0.737500
0.600000
0.616667
0.266667
0.275000
0.333333
0.237500
0.233333
0.320833
0.566667
0.570833
0.587500
0.345833
0.816667
0.195833
0.416667
0.212500
0.375000
0.595833
0.225000
0.383333
0.370833
0.204167
0.583333
0.583333
0.566667
0.558333
0.562500
0.866667
0.254167
0.558333
0.558333
0.350000
0.391667
0.362500
0.212500
0.325000
0.433333
0.095833
0.729167
0.325000
0.275000
0.233333
0.379167
0.325000
0.320833
0.229167
0.287500
0.504167
0.237500
0.479167
0.220833
0.654167
0.216667
0.312500
0.550000
0.562500
0.287500
0.279167
0.558333
0.420833
0.350000
0.466667
0.466667
0.437500
0.700000
0.570833
0.566667
0.541667
0.529167
0.541667
0.529167
0.533333
0.520833
0.550000
0.537500
0.554167
0.545833
0.575000
0.579167
0.562500
0.579167
0.608333
0.579167
0.575000
0.591667
0.579167
0.566667
1.154167
0.583333
1.175000
0.583333
0.575000
1.183333
0.566667
0.575000
1.154167
1.283333
0.945833
0.541667
0.529167
1.312500
0.850000
1.162500
0.587500
0.600000
0.808333
0.395833
0.600000
1.225000
0.591667
0.620833
0.625000
0.591667
0.620833
0.612500
0.575000
0.604167
0.616667
0.691667
0.495833
0.620833
0.608333
0.225000
0.354167
1.208333
0.570833
0.566667
0.570833
0.583333
0.583333
0.570833
0.587500
0.595833
0.562500
0.591667
0.591667
0.570833
0.808333
0.362500
1.154167
0.783333
0.391667
0.591667
0.575000
0.600000
1.200000
0.216667
0.375000
0.750000
0.183333
0.220833
0.587500
0.329167
0.241667
0.533333
0.529167
0.758333
0.300000
0.512500
1.020833
0.508333
0.995833
0.737500
0.837500
0.529167
0.533333
0.550000
0.566667
1.216667
0.491667
0.462500
0.308333
0.633333
0.662500
0.620833
0.658333
0.616667
0.612500
0.616667
0.608333
0.583333
0.579167
0.558333
0.587500
0.512500
0.545833
0.541667
0.537500
0.520833
0.537500
0.533333
0.525000
0.529167
1.108333
0.554167
0.575000
0.591667
0.579167
1.200000
0.591667
0.591667
0.587500
0.570833
0.745833
0.962500
0.558333
0.795833
0.395833
0.387500
0.195833
0.600000
0.620833
0.600000
0.620833
0.629167
0.608333
0.625000
0.629167
0.604167
0.616667
0.570833
0.820833
1.075000
0.616667
0.620833
0.654167
0.595833
0.637500
0.616667
0.583333
0.829167
0.400000
1.187500
0.604167
0.600000
0.591667
0.579167
0.562500
1.145833
0.541667
0.566667
1.145833
0.954167
0.208333
0.616667
1.237500
0.616667
0.600000
0.625000
0.604167
0.608333
0.591667
0.612500
1.208333
0.600000
0.608333
0.600000
1.179167
0.595833
0.337500
0.245833
0.558333
0.570833
0.466667
0.637500
0.541667
0.541667
0.537500
0.204167
0.879167
0.225000
0.337500
0.550000
0.558333
0.850000
0.604167
0.320833
0.587500
1.233333
0.829167
0.387500
1.275000
0.600000
0.620833
0.620833
0.595833
0.575000
0.579167
0.558333
0.545833
0.529167
0.754167
0.320833
0.520833
0.529167
1.033333
1.062500
1.083333
1.116667
0.570833
0.579167
1.166667
0.587500
1.787500
0.595833
1.820833
0.600000
0.595833
0.608333
0.612500
0.587500
0.591667
1.091667
0.700000
0.587500
0.770833
0.054167
0.341667
1.145833
0.562500
0.554167
0.570833
1.108333
0.008333
0.562500
1.158333
0.283333
0.866667
0.558333
0.575000
1.333333
1.000000
0.487500
1.133333
0.550000
1.116667
0.375000
0.387500
0.354167
0.537500
0.545833
0.545833
0.733333
0.362500
0.591667
0.508333
1.112500
0.937500
1.025000
0.262500
0.554167
1.133333
0.579167
0.595833
1.154167
1.179167
0.570833
0.575000
1.116667
0.537500
0.558333
1.125000
0.558333
1.158333
1.162500
0.595833
0.600000
0.604167
0.591667
0.929167
0.908333
1.433333
0.979167
0.595833
1.133333
0.545833
0.550000
0.533333
0.287500
0.241667
1.058333
0.704167
0.391667
1.108333
0.504167
0.637500
0.579167
0.587500
0.583333
0.604167
1.091667
0.716667
0.441667
0.804167
0.608333
0.600000
0.620833
0.641667
0.595833
0.612500
1.250000
1.200000
0.608333
0.604167
0.575000
0.579167
0.579167
0.562500
0.550000
0.558333
0.558333
0.550000
0.545833
0.545833
0.529167
1.095833
0.537500
0.550000
0.554167
0.575000
0.558333
0.575000
0.591667
0.604167
0.587500
0.612500
0.625000
0.841667
0.391667
0.633333
0.633333
0.595833
0.608333
0.620833
0.595833
0.575000
0.220833
0.366667
0.570833
0.562500
0.550000
0.562500
0.545833
0.558333
0.754167
0.341667
1.020833
0.725000
0.579167
0.816667
0.379167
0.600000
0.587500
0.616667
0.612500
0.587500
0.591667
0.625000
0.625000
0.604167
0.595833
0.583333
0.645833
0.533333
0.233333
0.350000
0.583333
0.608333
0.612500
0.595833
0.608333
1.262500
0.620833
1.275000
0.608333
0.620833
0.620833
0.616667
0.591667
0.600000
0.600000
0.583333
0.587500
0.604167
0.616667
0.600000
0.608333
0.629167
0.645833
0.616667
1.300000
0.629167
0.629167
0.654167
0.633333
0.620833
0.625000
0.612500
0.587500
0.566667
0.558333
0.570833
0.558333
0.558333
0.566667
0.595833
0.608333
0.616667
0.600000
1.279167
0.658333
0.616667
0.650000
0.645833
0.633333
0.608333
0.629167
0.620833
0.604167
0.591667
0.575000
0.595833
0.604167
0.595833
0.608333
0.645833
0.650000
0.633333
0.658333
0.675000
0.658333
0.654167
0.675000
0.675000
0.641667
0.650000
0.650000
0.620833
0.604167
0.637500
0.637500
0.620833
0.608333
0.666667
0.670833
0.654167
0.633333
0.679167
0.666667
0.625000
0.670833
0.654167
0.612500
0.629167
0.629167
0.620833
0.600000
0.604167
0.591667
0.579167
0.562500
0.562500
0.562500
0.570833
0.558333
0.575000
0.583333
0.595833
0.583333
0.600000
0.620833
0.637500
0.616667
0.645833
0.654167
0.633333
0.629167
0.658333
0.654167
0.625000
0.658333
0.650000
0.625000
0.633333
0.620833
0.595833
0.583333
0.579167
0.579167
0.595833
0.587500
0.600000
0.637500
0.650000
0.641667
0.916667
0.470833
0.658333
0.683333
0.691667
0.650000
0.662500
0.670833
0.654167
0.625000
0.666667
0.662500
0.629167
0.670833
0.675000
0.650000
0.645833
0.675000
0.662500
0.625000
0.654167
0.641667
0.616667
0.625000
0.629167
0.608333
0.600000
0.616667
0.604167
0.587500
0.595833
0.595833
1.141667
1.162500
0.570833
0.562500
0.550000
0.554167
0.558333
0.541667
0.537500
0.558333
0.550000
0.550000
0.550000
0.570833
0.587500
0.579167
0.591667
0.600000
0.608333
0.604167
0.608333
0.591667
0.595833
0.600000
0.604167
0.595833
0.595833
0.616667
0.620833
0.616667
0.604167
0.625000
0.620833
0.600000
0.591667
0.600000
0.595833
0.587500
0.579167
0.570833
0.558333
0.570833
0.570833
0.575000
0.579167
0.570833
0.583333
0.600000
0.604167
0.591667
0.591667
0.608333
0.370833
0.229167
0.558333
0.600000
0.866667
0.791667
0.625000
0.300000
0.262500
0.466667
0.091667
0.250000
0.300000
0.537500
0.266667
0.416667
0.379167
0.525000
0.516667
0.229167
0.295833
0.516667
0.537500
0.529167
0.566667
0.570833
0.575000
0.566667
0.570833
0.233333
0.583333
0.329167
0.575000
0.250000
0.679167
0.233333
0.854167
0.337500
0.758333
0.420833
0.570833
0.558333
0.570833
0.554167
0.529167
0.541667
0.533333
0.529167
0.520833
0.533333
0.537500
0.566667
0.558333
0.591667
0.608333
0.587500
0.608333
0.637500
0.604167
0.616667
0.245833
0.416667
0.237500
0.404167
0.233333
0.387500
0.654167
0.325000
0.320833
0.604167
0.633333
0.654167
0.616667
0.616667
0.654167
0.629167
1.245833
0.625000
0.591667
0.612500
0.595833
0.575000
0.583333
1.204167
0.595833
0.616667
0.645833
0.620833
0.620833
1.295833
0.616667
1.270833
0.800000
1.045833
0.629167
0.600000
1.254167
0.604167
0.620833
0.608333
0.600000
0.600000
0.616667
0.237500
0.200000
0.379167
0.391667
0.466667
0.729167
0.208333
0.354167
0.304167
0.258333
0.250000
0.495833
0.383333
0.545833
0.729167
0.391667
0.491667
0.641667
1.162500
1.162500
0.762500
0.416667
1.162500
1.195833
0.333333
0.245833
1.800000
0.595833
0.600000
0.600000
1.175000
1.220833
0.583333
0.229167
0.362500
1.170833
0.791667
0.354167
0.570833
1.125000
0.587500
0.562500
0.558333
0.558333
0.541667
0.554167
0.545833
0.679167
0.420833
0.554167
0.570833
0.587500
0.604167
0.629167
0.625000
1.270833
0.658333
0.629167
0.650000
0.645833
0.616667
0.625000
0.637500
0.641667
0.608333
0.654167
0.637500
0.629167
0.608333
0.650000
0.641667
0.633333
0.633333
0.658333
0.650000
0.625000
0.637500
0.616667
0.600000
0.600000
0.579167
0.591667
0.604167
0.616667
0.612500
0.637500
0.637500
0.625000
0.816667
1.033333
0.633333
0.620833
0.658333
0.654167
0.645833
0.870833
1.108333
0.637500
0.670833
0.658333
0.637500
0.650000
0.658333
0.650000
0.625000
0.662500
0.658333
0.625000
0.662500
0.650000
0.608333
0.620833
0.616667
0.625000
0.604167
0.845833
0.391667
0.608333
0.225000
0.387500
0.608333
0.629167
0.608333
0.600000
0.620833
0.629167
0.420833
1.441667
0.616667
1.237500
0.637500
0.620833
0.654167
0.654167
0.620833
0.620833
0.641667
0.616667
0.600000
0.616667
0.591667
0.579167
0.570833
0.570833
0.570833
0.579167
0.579167
0.595833
0.629167
0.650000
0.616667
0.650000
0.654167
0.625000
0.645833
0.633333
0.600000
0.600000
0.612500
0.454167
0.733333
1.200000
0.587500
0.591667
0.583333
0.575000
0.575000
0.591667
1.229167
0.612500
0.654167
1.283333
0.670833
0.675000
0.637500
1.308333
0.637500
0.620833
0.645833
0.641667
0.604167
0.625000
0.633333
0.625000
1.250000
0.633333
0.604167
1.237500
0.612500
1.204167
0.608333
0.591667
0.454167
0.725000
0.583333
0.570833
1.133333
1.091667
0.541667
0.533333
0.512500
0.529167
0.520833
0.508333
0.504167
0.504167
0.525000
0.525000
0.520833
0.520833
0.541667
0.550000
