0.791667
0.783333
0.791667
0.787500
0.795833
0.795833
0.795833
0.787500
0.791667
0.787500
0.787500
0.795833
0.787500
0.787500
0.783333
0.783333
0.787500
0.775000
0.779167
0.770833
0.770833
0.766667
0.775000
0.779167
0.775000
0.775000
0.775000
0.770833
0.779167
0.779167
0.775000
0.775000
0.775000
0.770833
0.779167
0.779167
0.783333
0.783333
0.783333
0.779167
0.783333
0.783333
0.787500
0.787500
0.783333
0.783333
0.783333
0.775000
0.779167
0.787500
0.787500
0.779167
0.775000
0.775000
0.779167
0.783333
0.783333
0.783333
0.779167
0.775000
0.779167
0.775000
0.775000
0.787500
0.779167
0.779167
0.779167
0.775000
0.775000
0.775000
0.783333
0.787500
0.787500
0.783333
0.783333
0.783333
0.787500
0.787500
0.791667
0.783333
0.787500
0.779167
0.779167
0.787500
0.779167
0.775000
0.775000
0.770833
0.766667
0.775000
0.775000
0.770833
0.770833
0.766667
0.770833
0.779167
0.775000
0.775000
0.770833
0.770833
0.775000
0.779167
0.775000
0.775000
0.775000
0.775000
0.770833
0.770833
0.775000
0.779167
0.775000
0.775000
0.775000
0.770833
0.775000
0.779167
0.779167
0.775000
0.775000
0.775000
0.775000
0.779167
0.779167
0.779167
0.775000
0.775000
0.770833
0.775000
0.775000
0.779167
0.775000
0.775000
0.770833
0.766667
0.770833
0.775000
0.775000
0.770833
0.775000
0.770833
0.770833
0.770833
0.766667
0.770833
0.766667
0.766667
0.770833
0.775000
0.775000
0.775000
0.770833
0.775000
0.770833
0.779167
0.779167
0.775000
0.770833
0.770833
0.770833
0.775000
0.783333
0.783333
0.783333
0.783333
0.783333
0.783333
0.783333
0.787500
0.787500
0.779167
0.779167
0.779167
0.775000
0.779167
0.787500
0.783333
0.779167
0.783333
0.779167
0.775000
0.779167
0.779167
0.783333
0.783333
0.775000
0.779167
0.783333
0.779167
0.787500
0.783333
0.783333
0.775000
0.775000
0.775000
0.770833
0.779167
0.775000
0.779167
0.770833
0.775000
0.770833
0.766667
0.770833
0.770833
0.775000
0.775000
0.770833
0.770833
0.766667
0.770833
0.779167
0.779167
0.770833
0.775000
0.770833
0.775000
0.775000
0.783333
0.783333
0.783333
0.775000
0.779167
0.775000
0.779167
0.783333
0.783333
0.779167
0.779167
0.779167
0.779167
0.775000
0.783333
0.783333
0.779167
0.775000
0.779167
0.775000
0.775000
0.775000
0.779167
0.779167
0.775000
0.775000
0.775000
0.770833
0.775000
0.775000
0.783333
0.783333
0.779167
0.775000
0.775000
0.775000
0.779167
0.783333
0.775000
0.779167
0.770833
0.775000
0.766667
0.770833
0.779167
0.775000
0.775000
0.775000
0.770833
0.770833
0.770833
0.779167
0.775000
0.775000
0.775000
1.479167
0.820833
0.766667
0.766667
0.766667
0.762500
0.762500
0.762500
0.762500
0.762500
0.766667
0.770833
0.766667
0.766667
0.766667
0.762500
0.766667
0.775000
0.770833
0.766667
0.766667
0.758333
0.766667
0.770833
0.770833
0.766667
0.766667
0.766667
0.762500
0.770833
0.770833
0.766667
0.766667
0.762500
0.766667
0.758333
0.762500
0.762500
0.770833
0.766667
0.762500
0.766667
0.758333
0.758333
0.762500
0.762500
0.762500
0.766667
0.770833
0.770833
0.766667
0.770833
0.766667
0.770833
0.766667
0.766667
0.775000
0.770833
0.491667
0.987500
0.820833
0.766667
0.766667
0.762500
0.766667
0.775000
0.770833
0.766667
0.762500
0.762500
0.762500
0.762500
0.758333
0.758333
0.762500
0.766667
0.758333
0.758333
0.758333
0.758333
0.758333
0.758333
0.766667
0.762500
0.762500
0.758333
0.762500
0.762500
0.758333
0.766667
0.766667
0.770833
0.762500
0.762500
0.762500
0.758333
0.762500
0.766667
0.766667
0.762500
0.766667
0.762500
0.762500
0.758333
0.762500
0.766667
0.766667
0.766667
0.762500
0.762500
0.762500
0.758333
0.766667
0.770833
0.770833
0.766667
0.766667
0.762500
0.766667
0.766667
0.775000
0.775000
0.770833
0.770833
0.766667
0.766667
0.766667
0.762500
0.766667
0.770833
0.770833
0.766667
0.766667
0.766667
0.766667
0.766667
0.762500
0.770833
0.775000
0.770833
0.766667
0.766667
0.762500
0.766667
0.770833
0.766667
0.766667
0.758333
0.758333
0.758333
0.758333
0.758333
0.775000
0.766667
0.766667
0.766667
0.762500
0.762500
0.766667
0.770833
0.775000
0.770833
0.762500
0.766667
0.762500
0.766667
0.766667
0.766667
0.762500
0.766667
1.495833
0.804167
0.758333
0.758333
0.758333
0.762500
0.566667
0.950000
0.766667
0.762500
0.758333
0.758333
0.754167
0.758333
0.766667
0.766667
0.766667
0.766667
0.766667
0.766667
0.766667
0.766667
0.770833
0.779167
0.775000
0.775000
0.770833
0.775000
0.766667
0.775000
0.775000
0.770833
0.783333
0.779167
0.779167
0.775000
0.775000
0.770833
0.779167
0.787500
0.779167
0.783333
0.779167
0.775000
0.779167
0.783333
0.783333
0.779167
0.779167
0.775000
0.775000
0.779167
0.783333
0.783333
0.775000
0.775000
0.775000
0.770833
0.770833
0.770833
0.766667
0.775000
0.775000
0.775000
0.775000
0.766667
0.770833
0.766667
0.766667
0.766667
0.762500
0.766667
0.766667
0.770833
0.762500
0.766667
0.766667
0.770833
0.762500
0.770833
0.770833
0.766667
0.775000
0.775000
0.779167
0.775000
0.775000
0.770833
0.775000
0.770833
0.779167
0.770833
0.775000
0.770833
0.775000
0.779167
0.779167
0.779167
0.779167
0.775000
0.779167
0.775000
0.775000
0.770833
0.775000
0.775000
0.775000
0.775000
0.766667
0.770833
0.762500
0.762500
0.762500
0.758333
0.758333
0.758333
0.758333
0.754167
0.762500
0.762500
0.762500
0.762500
0.758333
1.479167
0.795833
0.758333
0.766667
0.762500
0.762500
0.762500
0.754167
0.758333
0.758333
0.758333
0.766667
0.766667
0.766667
0.762500
0.762500
0.762500
0.758333
0.762500
0.770833
0.770833
0.770833
0.766667
0.766667
0.762500
0.762500
0.762500
0.770833
0.770833
0.766667
0.766667
0.766667
0.762500
0.762500
0.775000
0.770833
0.770833
0.766667
0.766667
0.766667
0.766667
0.762500
0.775000
0.775000
0.766667
0.766667
0.770833
0.766667
0.766667
0.766667
0.766667
0.770833
0.779167
0.775000
0.775000
0.762500
0.766667
0.766667
0.762500
0.770833
0.770833
0.775000
0.766667
0.770833
0.762500
0.766667
0.766667
0.762500
0.770833
0.770833
0.770833
0.770833
0.762500
0.766667
0.766667
0.766667
0.766667
0.770833
0.770833
0.762500
0.766667
0.762500
0.762500
0.762500
0.766667
0.775000
0.766667
0.766667
0.762500
0.762500
0.762500
0.758333
0.766667
0.766667
0.766667
0.762500
0.758333
0.762500
0.754167
0.758333
0.754167
0.762500
0.766667
0.770833
0.766667
0.762500
0.762500
0.766667
0.762500
0.770833
0.770833
0.775000
0.770833
0.766667
0.762500
0.766667
0.758333
0.766667
0.766667
0.770833
0.770833
0.766667
0.762500
0.762500
0.762500
0.766667
0.762500
0.775000
0.766667
0.766667
0.766667
0.766667
0.766667
0.770833
0.762500
0.775000
0.770833
0.770833
0.770833
0.762500
0.766667
0.766667
0.766667
0.775000
0.766667
0.766667
0.762500
0.766667
0.762500
0.762500
0.770833
0.766667
0.762500
0.762500
0.766667
0.766667
0.458333
0.858333
0.891667
0.787500
0.770833
0.766667
0.766667
0.762500
0.766667
0.766667
0.770833
0.766667
0.766667
0.762500
0.762500
0.762500
0.762500
0.762500
0.766667
0.770833
0.770833
0.770833
0.766667
0.766667
0.766667
0.766667
0.770833
0.766667
0.775000
0.770833
0.770833
0.770833
0.775000
0.766667
0.770833
0.779167
0.775000
0.775000
0.770833
0.770833
0.775000
0.775000
0.775000
0.787500
0.783333
0.779167
0.779167
0.779167
0.775000
0.775000
0.775000
0.775000
0.779167
0.779167
0.779167
0.775000
0.775000
0.770833
0.770833
0.766667
0.762500
0.770833
0.770833
0.775000
0.770833
0.775000
0.770833
0.770833
0.770833
0.775000
0.770833
0.775000
0.775000
0.775000
0.770833
0.766667
0.766667
0.770833
0.766667
0.775000
0.775000
0.779167
0.775000
0.775000
0.775000
