0.900000
0.908333
0.908333
0.887500
0.887500
0.900000
0.900000
0.891667
0.900000
0.545833
1.062500
0.945833
0.929167
0.937500
0.583333
1.066667
0.591667
1.079167
0.958333
0.950000
0.945833
0.950000
0.941667
0.941667
0.937500
0.912500
0.550000
1.058333
0.937500
0.933333
0.591667
1.075000
0.954167
0.945833
0.941667
0.945833
0.945833
0.937500
0.937500
0.933333
0.541667
1.062500
0.954167
0.579167
1.066667
0.941667
0.620833
1.070833
0.954167
0.941667
0.933333
0.929167
0.933333
0.558333
1.062500
0.954167
0.937500
0.933333
0.937500
0.937500
0.933333
0.937500
0.929167
0.916667
0.908333
0.925000
0.912500
0.920833
0.908333
0.904167
0.908333
0.916667
0.904167
0.895833
0.904167
0.912500
0.562500
1.075000
0.954167
0.941667
0.616667
1.070833
0.950000
0.550000
1.066667
0.945833
0.941667
0.937500
0.941667
0.929167
0.920833
0.904167
0.891667
0.541667
1.058333
0.933333
0.933333
0.933333
0.929167
0.570833
1.066667
0.945833
0.937500
0.945833
0.937500
0.937500
0.933333
0.937500
0.920833
0.908333
0.904167
0.895833
0.908333
0.908333
0.895833
0.554167
1.054167
0.950000
0.941667
0.600000
1.075000
0.950000
0.941667
0.941667
0.950000
0.937500
0.937500
0.933333
0.933333
0.925000
0.541667
1.054167
0.937500
0.941667
0.929167
0.929167
0.929167
0.920833
0.554167
1.054167
0.558333
1.058333
0.941667
0.937500
0.933333
0.929167
0.929167
0.933333
0.929167
0.920833
0.920833
0.541667
1.062500
0.933333
0.929167
0.929167
0.929167
0.925000
0.929167
0.925000
0.929167
0.929167
0.929167
0.920833
0.920833
0.579167
1.079167
0.950000
0.583333
1.079167
0.950000
0.950000
0.945833
0.937500
0.933333
0.933333
0.920833
0.916667
0.904167
0.895833
0.895833
0.558333
1.054167
1.070833
0.791667
0.920833
0.920833
0.916667
0.916667
0.895833
0.591667
1.054167
0.933333
0.933333
0.925000
0.929167
0.920833
0.912500
0.912500
0.908333
0.908333
0.891667
0.887500
0.550000
1.058333
0.945833
0.933333
0.933333
0.929167
0.920833
0.904167
0.891667
0.904167
0.908333
0.916667
0.895833
0.891667
0.583333
1.066667
0.950000
0.941667
0.941667
0.933333
0.937500
0.929167
0.933333
0.920833
0.916667
0.916667
0.895833
0.587500
1.062500
0.937500
0.929167
0.579167
1.050000
0.937500
0.925000
0.929167
0.925000
0.920833
0.904167
0.900000
0.887500
0.891667
0.595833
1.058333
0.941667
0.937500
0.579167
1.079167
0.950000
0.945833
0.950000
0.950000
0.941667
0.941667
0.933333
0.579167
1.075000
0.954167
0.937500
0.937500
0.929167
0.925000
0.908333
0.900000
0.891667
0.612500
1.062500
0.941667
0.937500
0.929167
0.929167
0.925000
0.925000
0.916667
0.912500
0.908333
0.879167
0.895833
0.908333
0.629167
1.066667
0.950000
0.575000
1.058333
0.945833
0.941667
0.937500
0.929167
0.587500
1.058333
0.937500
0.933333
0.925000
0.925000
0.925000
0.916667
0.908333
0.912500
0.908333
0.900000
0.891667
0.904167
0.562500
1.054167
0.941667
0.929167
0.929167
0.920833
0.920833
0.933333
0.925000
0.566667
1.062500
0.954167
0.941667
0.941667
0.941667
0.929167
0.933333
0.920833
0.912500
0.904167
0.908333
0.566667
1.062500
0.950000
0.941667
0.929167
0.929167
0.900000
0.895833
0.895833
0.900000
0.900000
0.900000
0.895833
0.908333
0.920833
0.912500
0.900000
0.904167
0.916667
0.916667
0.900000
0.912500
0.620833
1.079167
0.954167
0.945833
0.945833
0.591667
1.070833
0.958333
0.937500
0.937500
0.608333
1.020833
1.016667
0.941667
0.929167
0.920833
0.900000
0.900000
0.908333
0.908333
0.883333
0.895833
0.891667
0.591667
1.066667
0.941667
0.954167
0.941667
0.941667
0.933333
0.912500
0.908333
0.912500
0.591667
1.070833
0.950000
0.558333
1.070833
0.562500
1.075000
0.945833
0.941667
0.937500
0.933333
0.933333
0.920833
0.920833
0.916667
0.912500
0.895833
0.891667
0.900000
0.908333
0.895833
0.891667
0.900000
0.908333
0.595833
1.070833
0.954167
0.579167
1.070833
0.954167
0.945833
0.933333
0.929167
0.933333
0.912500
0.575000
1.066667
0.954167
0.937500
0.941667
0.929167
0.925000
0.929167
0.912500
0.904167
0.916667
0.904167
0.895833
0.891667
0.904167
0.912500
0.550000
1.066667
0.958333
0.945833
0.950000
0.945833
0.925000
0.920833
0.904167
0.908333
0.900000
0.887500
0.895833
0.900000
0.900000
0.895833
0.904167
0.591667
1.070833
0.945833
0.941667
0.941667
0.933333
0.637500
1.079167
0.579167
1.075000
0.954167
0.941667
0.941667
0.937500
0.937500
0.941667
0.937500
0.929167
0.912500
0.920833
0.916667
0.920833
0.912500
0.904167
0.900000
0.912500
0.908333
0.895833
0.895833
0.908333
0.554167
1.062500
0.950000
0.950000
0.950000
0.945833
0.941667
0.941667
0.937500
0.925000
0.566667
1.062500
0.933333
0.925000
0.920833
0.591667
1.058333
0.637500
1.075000
0.950000
0.941667
0.945833
0.954167
0.954167
0.941667
0.941667
0.941667
0.933333
0.937500
0.920833
0.908333
0.908333
0.912500
0.916667
0.916667
0.900000
0.554167
1.066667
0.950000
0.945833
0.941667
0.933333
0.937500
0.929167
0.908333
0.908333
0.912500
0.916667
0.912500
0.908333
0.895833
0.587500
0.587500
1.091667
0.966667
0.954167
0.958333
0.954167
0.579167
1.079167
0.958333
0.950000
0.941667
0.595833
1.083333
0.945833
0.941667
0.933333
0.933333
0.929167
0.929167
0.925000
0.887500
0.937500
0.912500
0.554167
1.070833
0.945833
0.945833
0.945833
0.941667
0.929167
0.916667
0.925000
0.916667
0.916667
0.904167
0.891667
0.904167
0.920833
0.925000
0.912500
0.908333
0.558333
1.079167
0.958333
0.954167
0.950000
0.937500
0.929167
0.912500
0.891667
0.900000
0.908333
0.912500
0.912500
0.895833
0.900000
0.908333
0.916667
0.908333
0.900000
0.908333
0.908333
0.562500
1.079167
0.954167
0.954167
0.937500
0.941667
0.937500
0.925000
0.925000
0.912500
0.916667
0.908333
0.916667
0.912500
0.570833
1.070833
0.950000
0.945833
0.937500
0.941667
0.925000
0.920833
0.908333
0.895833
0.887500
0.900000
0.904167
0.900000
0.558333
1.066667
0.954167
0.945833
0.591667
1.083333
0.966667
0.954167
0.954167
0.950000
0.941667
0.925000
0.925000
0.916667
0.904167
0.895833
0.904167
0.912500
0.900000
0.900000
0.887500
0.579167
1.070833
0.958333
0.945833
0.945833
0.937500
0.591667
1.087500
0.954167
0.954167
0.941667
0.933333
0.925000
0.912500
0.908333
0.912500
0.920833
0.912500
0.908333
0.929167
0.916667
0.908333
0.895833
0.891667
0.900000
0.900000
0.904167
0.879167
0.879167
0.904167
0.908333
0.908333
0.904167
0.895833
0.908333
0.570833
1.075000
0.954167
0.941667
0.937500
0.925000
0.916667
0.900000
0.895833
0.912500
0.604167
1.075000
0.954167
