0.675000
0.670833
0.666667
0.662500
0.545833
0.770833
0.650000
0.650000
0.658333
0.645833
0.650000
0.641667
0.650000
0.650000
0.645833
0.637500
0.650000
0.645833
0.645833
0.641667
0.650000
0.654167
0.645833
0.645833
0.645833
0.645833
0.645833
0.637500
0.641667
0.645833
0.641667
0.641667
0.645833
0.650000
0.645833
0.641667
0.650000
0.650000
0.641667
0.641667
0.645833
0.650000
0.641667
0.641667
0.650000
0.645833
0.641667
0.641667
0.645833
0.645833
0.637500
0.637500
0.641667
0.645833
0.637500
0.637500
0.641667
0.641667
0.641667
0.641667
0.641667
0.645833
0.645833
0.641667
0.645833
0.645833
0.650000
0.645833
0.641667
0.650000
0.650000
0.645833
0.645833
0.641667
0.650000
0.645833
0.641667
0.637500
0.645833
0.645833
0.641667
0.633333
0.641667
0.641667
0.637500
0.641667
0.641667
0.637500
0.641667
0.637500
0.637500
0.637500
0.700000
0.650000
0.570833
0.637500
0.329167
0.316667
0.637500
0.545833
0.454167
0.291667
0.645833
0.650000
0.645833
0.650000
0.654167
0.650000
0.645833
0.654167
0.654167
0.654167
0.654167
0.650000
0.654167
0.658333
0.645833
0.645833
0.645833
0.650000
0.650000
0.637500
0.641667
0.641667
0.645833
0.637500
0.637500
0.633333
0.637500
0.645833
0.633333
0.633333
0.633333
0.637500
0.637500
0.641667
0.637500
0.633333
0.637500
0.637500
0.641667
0.641667
0.629167
0.633333
0.637500
0.641667
0.641667
0.641667
0.641667
0.641667
0.650000
0.641667
0.641667
0.641667
0.637500
0.637500
0.641667
0.633333
0.633333
0.633333
0.629167
0.633333
0.629167
0.629167
0.641667
0.633333
0.629167
0.637500
0.645833
0.641667
0.641667
0.645833
0.654167
0.645833
0.641667
0.641667
0.650000
0.650000
0.641667
0.637500
0.641667
0.650000
0.641667
0.637500
0.641667
0.645833
0.645833
0.637500
0.637500
0.637500
0.645833
0.637500
0.637500
0.641667
0.645833
0.637500
0.637500
0.637500
0.645833
0.641667
0.637500
0.633333
0.641667
0.637500
0.633333
0.637500
0.637500
0.645833
0.637500
0.633333
0.637500
0.641667
0.637500
0.641667
0.645833
0.641667
0.641667
0.641667
0.641667
0.645833
0.650000
0.645833
0.645833
0.645833
0.650000
0.654167
0.645833
0.650000
0.654167
0.658333
0.654167
0.650000
0.654167
0.658333
0.650000
0.650000
0.654167
0.654167
0.650000
0.650000
0.645833
0.658333
0.645833
0.650000
0.650000
0.650000
0.650000
0.654167
0.650000
0.645833
0.650000
0.645833
0.650000
0.445833
0.204167
0.641667
0.650000
0.654167
0.662500
0.670833
0.666667
0.670833
0.666667
0.679167
0.675000
0.670833
0.341667
0.329167
0.675000
0.662500
0.666667
0.666667
0.662500
0.662500
0.670833
0.662500
0.662500
0.662500
0.670833
0.658333
0.658333
0.662500
0.662500
0.658333
0.654167
0.654167
0.658333
0.645833
0.645833
0.650000
0.650000
0.645833
0.641667
0.641667
0.650000
0.641667
0.641667
0.637500
0.641667
0.645833
0.637500
0.637500
0.641667
0.645833
0.637500
0.633333
0.641667
0.641667
0.637500
0.637500
0.641667
0.641667
0.637500
0.633333
0.641667
0.641667
0.637500
0.633333
0.641667
0.500000
0.770833
0.637500
0.637500
0.637500
0.641667
0.637500
0.641667
0.612500
0.679167
0.645833
0.654167
0.820833
0.475000
0.650000
0.662500
0.641667
0.650000
0.650000
0.650000
0.645833
0.650000
0.650000
0.645833
0.650000
0.645833
0.645833
0.654167
0.654167
0.325000
0.325000
0.650000
0.654167
0.654167
0.650000
0.650000
0.650000
0.512500
0.762500
0.658333
0.645833
0.654167
0.645833
0.637500
0.645833
0.650000
0.641667
0.641667
0.641667
0.645833
0.645833
0.650000
0.645833
0.650000
0.654167
0.650000
0.650000
0.650000
0.650000
0.650000
0.650000
0.658333
0.662500
0.654167
0.658333
0.662500
0.670833
0.666667
0.670833
0.666667
0.675000
0.666667
0.662500
0.662500
0.670833
0.662500
0.662500
0.662500
0.662500
0.658333
0.654167
0.645833
0.658333
0.650000
0.650000
0.641667
0.650000
0.650000
0.641667
0.637500
0.645833
0.641667
0.637500
0.637500
0.645833
0.641667
0.637500
0.641667
0.645833
0.637500
0.637500
0.637500
0.645833
0.637500
0.629167
0.633333
0.641667
0.629167
0.633333
0.629167
0.637500
0.629167
0.629167
0.629167
0.629167
0.629167
0.633333
0.629167
0.633333
0.629167
0.633333
0.633333
0.633333
0.633333
0.637500
0.641667
0.637500
0.637500
0.637500
0.641667
0.645833
0.654167
0.650000
0.658333
0.662500
0.666667
0.666667
0.658333
0.741667
0.579167
0.658333
0.654167
0.654167
0.650000
0.654167
0.658333
0.654167
0.650000
0.654167
0.654167
0.650000
0.645833
0.650000
0.650000
0.641667
0.641667
0.650000
0.645833
0.641667
0.637500
0.375000
0.329167
0.654167
0.366667
0.570833
0.895833
0.304167
0.720833
0.241667
0.708333
0.545833
0.308333
0.320833
0.637500
0.625000
0.620833
0.466667
0.795833
0.625000
0.625000
0.625000
0.633333
0.633333
0.625000
0.625000
0.629167
0.633333
0.629167
0.625000
0.629167
0.637500
0.629167
0.629167
0.625000
0.633333
0.637500
0.629167
0.629167
0.633333
0.633333
0.633333
0.625000
0.633333
0.637500
0.633333
0.629167
0.633333
0.633333
0.633333
0.629167
0.633333
0.633333
0.637500
0.633333
0.629167
0.633333
0.637500
0.633333
0.633333
0.600000
0.675000
0.633333
0.633333
0.633333
0.633333
0.641667
0.633333
0.633333
0.633333
0.629167
0.637500
0.641667
0.637500
0.633333
0.633333
0.633333
0.645833
0.633333
0.633333
0.637500
0.641667
0.633333
0.633333
0.637500
0.637500
0.637500
0.641667
0.633333
0.637500
0.641667
0.637500
0.633333
0.637500
0.641667
0.641667
0.641667
0.637500
0.641667
0.641667
0.650000
0.641667
0.641667
0.637500
0.641667
0.650000
0.637500
0.637500
0.637500
0.641667
0.645833
0.637500
0.637500
0.637500
0.641667
0.637500
0.637500
0.633333
0.637500
0.641667
0.633333
0.633333
0.633333
0.633333
0.637500
0.633333
0.629167
0.633333
0.487500
0.779167
0.637500
0.633333
0.633333
0.633333
0.633333
0.637500
0.645833
0.633333
0.637500
0.533333
0.745833
0.645833
0.633333
0.641667
0.645833
0.645833
0.641667
0.641667
0.650000
0.650000
0.637500
0.641667
0.641667
0.645833
0.645833
0.633333
0.637500
0.650000
0.637500
0.645833
0.629167
0.641667
0.645833
0.637500
0.429167
0.212500
0.633333
0.650000
0.887500
0.395833
0.450000
0.475000
0.345833
0.645833
0.633333
0.637500
1.304167
0.304167
0.320833
1.087500
0.175000
0.637500
0.645833
0.633333
0.637500
0.320833
0.275000
0.666667
0.641667
0.762500
0.508333
0.637500
0.645833
0.637500
0.633333
0.637500
0.641667
0.645833
0.633333
0.637500
0.816667
0.458333
0.645833
0.645833
0.637500
0.633333
0.216667
0.204167
0.220833
0.537500
0.383333
0.354167
1.275000
0.637500
0.637500
0.641667
0.637500
0.633333
0.641667
0.641667
0.637500
0.633333
0.641667
0.641667
0.641667
0.633333
0.637500
0.641667
0.641667
0.637500
0.633333
0.629167
0.554167
0.729167
0.637500
0.508333
0.304167
0.416667
0.250000
0.441667
0.483333
0.341667
0.291667
0.808333
0.516667
0.770833
0.641667
0.637500
0.650000
0.641667
0.637500
0.645833
0.645833
0.645833
0.637500
0.637500
0.650000
0.641667
0.637500
0.637500
0.650000
0.641667
0.641667
0.637500
0.650000
0.641667
0.637500
0.637500
0.645833
0.637500
0.637500
0.633333
0.641667
0.645833
0.637500
0.633333
0.633333
0.641667
0.633333
0.633333
0.604167
0.662500
0.633333
0.641667
0.637500
0.637500
0.637500
0.641667
0.641667
0.637500
0.633333
0.637500
0.637500
0.637500
0.629167
0.633333
0.637500
0.633333
0.629167
0.629167
0.641667
0.633333
0.404167
0.225000
0.629167
0.633333
0.637500
0.629167
0.629167
0.629167
0.641667
0.629167
0.633333
0.633333
0.637500
0.633333
0.629167
0.629167
0.629167
0.637500
0.629167
0.633333
0.629167
0.633333
0.641667
0.629167
0.633333
0.629167
0.637500
0.641667
0.633333
0.633333
0.633333
0.641667
0.220833
0.437500
0.387500
0.220833
0.637500
0.641667
0.633333
0.633333
0.637500
0.641667
0.637500
0.645833
0.641667
0.645833
0.641667
0.637500
0.641667
0.650000
0.637500
0.641667
0.637500
0.641667
0.645833
0.637500
0.637500
0.641667
0.645833
0.633333
0.633333
0.633333
0.637500
0.637500
0.629167
0.629167
0.633333
0.637500
0.633333
0.629167
0.629167
0.637500
0.633333
0.629167
0.633333
0.633333
0.637500
0.633333
0.629167
0.633333
0.629167
0.633333
0.637500
0.645833
0.633333
0.633333
0.633333
0.229167
0.408333
0.637500
0.329167
0.312500
0.641667
0.641667
0.633333
0.641667
0.641667
0.641667
0.637500
0.633333
0.637500
0.641667
0.645833
0.908333
0.512500
0.350000
0.533333
0.337500
0.537500
1.279167
0.633333
0.637500
0.637500
0.633333
0.633333
0.362500
0.900000
0.633333
0.629167
0.629167
0.312500
0.308333
0.287500
0.545833
0.437500
0.729167
0.529167
0.629167
0.633333
0.629167
0.620833
0.625000
0.633333
0.625000
0.625000
0.625000
0.633333
0.633333
0.625000
0.620833
0.625000
0.633333
0.629167
0.625000
0.616667
0.625000
0.633333
0.633333
0.645833
0.754167
0.125000
0.312500
0.441667
0.604167
0.266667
0.350000
0.758333
0.783333
0.637500
1.262500
1.266667
1.270833
0.725000
0.537500
0.645833
1.279167
0.637500
0.779167
1.658333
0.120833
0.637500
0.566667
0.854167
0.804167
0.454167
0.504167
0.487500
0.158333
0.633333
0.254167
1.100000
0.558333
1.266667
0.633333
1.283333
0.633333
1.025000
0.887500
0.641667
0.633333
1.275000
0.183333
0.225000
0.233333
0.637500
0.633333
1.275000
0.637500
0.345833
0.141667
0.783333
0.645833
0.304167
0.333333
0.358333
0.275000
0.641667
0.645833
0.204167
0.433333
0.533333
0.729167
0.641667
0.191667
0.445833
