0.595833
0.600000
0.595833
0.600000
0.600000
0.600000
0.595833
0.600000
0.595833
0.600000
0.595833
0.595833
0.595833
0.600000
0.600000
0.595833
0.600000
0.600000
0.600000
0.600000
0.600000
0.600000
0.595833
0.600000
0.604167
0.595833
0.600000
0.595833
0.604167
0.604167
0.595833
0.600000
0.595833
0.604167
0.600000
0.600000
0.604167
0.595833
0.600000
0.604167
0.595833
0.600000
0.604167
0.600000
0.604167
0.600000
0.600000
0.383333
0.820833
0.604167
0.600000
0.595833
0.600000
0.604167
0.595833
0.604167
0.600000
0.600000
0.600000
0.600000
0.600000
0.595833
0.600000
0.600000
0.600000
0.600000
0.604167
1.200000
0.608333
0.600000
0.604167
0.604167
0.604167
0.600000
0.604167
0.604167
0.604167
0.604167
0.600000
0.604167
0.604167
0.608333
0.604167
0.604167
0.604167
0.600000
0.608333
0.600000
0.604167
0.604167
0.608333
0.608333
0.604167
0.608333
0.608333
0.608333
0.387500
0.837500
0.616667
0.608333
0.616667
0.612500
0.608333
0.612500
0.608333
0.608333
0.612500
0.608333
0.604167
0.612500
0.608333
0.608333
0.604167
0.604167
0.608333
0.604167
0.608333
0.604167
0.604167
0.608333
0.604167
0.604167
0.600000
0.600000
0.604167
0.604167
0.600000
0.604167
0.600000
0.604167
0.604167
0.600000
0.604167
0.604167
0.604167
0.600000
0.600000
0.604167
0.604167
0.600000
0.600000
0.604167
0.600000
0.600000
0.604167
0.595833
0.600000
0.600000
0.600000
0.595833
0.600000
0.595833
0.595833
0.595833
0.600000
0.600000
0.595833
0.595833
0.600000
0.600000
0.595833
0.600000
0.600000
0.600000
0.600000
0.600000
0.600000
0.595833
0.600000
0.604167
0.595833
0.595833
0.595833
0.604167
0.600000
0.595833
0.600000
0.595833
0.600000
0.600000
0.595833
0.600000
0.600000
0.600000
0.600000
0.604167
0.600000
0.595833
0.604167
0.600000
0.600000
0.595833
0.595833
0.600000
0.600000
0.595833
0.600000
0.595833
0.595833
0.595833
0.595833
0.595833
0.600000
0.595833
0.595833
0.591667
0.591667
0.600000
0.600000
0.595833
0.595833
0.600000
0.595833
0.600000
0.595833
0.600000
0.595833
0.600000
0.595833
0.595833
0.600000
0.600000
0.600000
0.600000
0.595833
0.595833
0.600000
0.600000
0.600000
0.595833
0.595833
0.600000
0.595833
0.595833
0.595833
0.595833
0.595833
0.595833
0.595833
0.591667
0.591667
0.595833
0.595833
0.591667
0.591667
0.595833
0.595833
0.595833
0.595833
0.595833
0.595833
0.600000
0.604167
0.600000
0.600000
0.604167
0.604167
0.604167
0.600000
0.600000
0.604167
0.595833
0.604167
0.600000
0.595833
0.600000
0.600000
0.595833
0.595833
0.600000
0.595833
0.595833
0.600000
0.600000
0.595833
0.600000
0.595833
0.600000
0.604167
0.595833
0.600000
0.595833
0.600000
0.600000
0.595833
0.600000
0.595833
0.595833
0.595833
0.600000
0.595833
0.595833
0.600000
0.600000
0.595833
0.595833
0.595833
0.600000
0.595833
0.600000
0.595833
0.595833
0.604167
0.595833
0.600000
0.595833
0.591667
0.600000
0.595833
0.595833
0.600000
0.595833
0.595833
0.595833
0.595833
0.591667
0.600000
0.595833
0.595833
0.595833
0.591667
0.595833
0.595833
0.595833
0.595833
0.600000
0.595833
0.595833
0.595833
0.595833
0.595833
0.595833
0.600000
0.595833
0.595833
0.595833
0.600000
0.595833
0.600000
0.600000
0.600000
0.600000
0.600000
0.600000
0.595833
0.595833
0.600000
0.595833
0.591667
0.595833
0.591667
0.591667
0.591667
0.587500
0.591667
0.587500
0.587500
0.587500
0.587500
0.587500
0.587500
0.583333
0.587500
0.583333
0.587500
0.587500
0.583333
0.583333
0.587500
0.587500
0.587500
0.587500
0.587500
0.587500
0.591667
0.591667
0.591667
0.587500
0.587500
0.591667
0.591667
0.587500
0.587500
0.587500
0.591667
0.587500
0.591667
0.587500
0.591667
0.595833
0.591667
0.591667
0.591667
0.591667
0.591667
0.591667
0.591667
0.587500
0.595833
0.595833
0.595833
0.595833
0.595833
0.595833
0.600000
0.600000
0.595833
0.600000
0.600000
0.595833
0.595833
0.600000
0.595833
0.591667
0.591667
0.591667
0.591667
0.591667
0.587500
0.587500
0.587500
0.587500
0.587500
0.587500
0.583333
0.583333
0.583333
0.583333
0.583333
0.583333
0.579167
0.587500
0.583333
0.579167
0.583333
0.583333
0.583333
0.583333
0.579167
0.583333
0.583333
0.579167
0.583333
0.579167
0.583333
0.579167
0.583333
0.579167
0.579167
0.583333
0.579167
0.579167
0.579167
0.579167
0.583333
0.579167
0.579167
0.579167
0.575000
0.579167
0.579167
0.579167
0.575000
0.579167
0.575000
0.579167
0.575000
0.575000
0.575000
0.575000
0.575000
0.570833
0.575000
0.575000
0.575000
0.575000
0.575000
0.570833
0.570833
0.575000
0.575000
0.575000
0.575000
0.575000
0.579167
0.575000
0.575000
0.579167
0.575000
0.579167
0.579167
0.575000
0.579167
0.575000
0.575000
0.579167
0.579167
0.575000
0.575000
0.579167
0.579167
0.579167
0.575000
0.579167
0.579167
0.579167
0.579167
0.387500
0.770833
0.583333
0.579167
0.579167
0.575000
0.579167
0.575000
0.579167
0.579167
0.575000
0.579167
0.575000
0.579167
0.575000
0.575000
0.575000
0.579167
0.575000
0.575000
0.570833
0.575000
0.575000
0.579167
0.575000
0.570833
0.579167
0.575000
0.575000
0.575000
0.575000
0.391667
0.470833
0.537500
0.433333
0.504167
0.708333
0.645833
0.608333
0.587500
0.587500
0.579167
0.583333
0.575000
0.579167
0.575000
0.579167
0.575000
0.575000
0.575000
0.575000
0.575000
0.579167
0.579167
0.575000
0.575000
0.579167
0.575000
0.579167
0.579167
0.579167
0.579167
0.579167
0.579167
0.579167
0.579167
0.579167
0.579167
0.579167
0.579167
0.575000
0.579167
0.575000
0.575000
0.579167
0.575000
0.575000
0.579167
0.575000
0.575000
0.575000
0.575000
0.575000
0.575000
0.575000
0.579167
0.575000
0.575000
0.575000
0.570833
0.579167
0.575000
0.570833
0.575000
0.575000
0.575000
0.575000
0.575000
0.575000
0.570833
0.575000
0.575000
0.575000
0.575000
0.575000
0.575000
0.575000
0.575000
0.575000
0.579167
0.575000
0.570833
0.575000
0.570833
0.575000
0.575000
0.575000
0.575000
0.575000
0.575000
0.579167
0.575000
0.575000
0.575000
0.575000
0.579167
0.575000
0.579167
0.575000
0.579167
0.575000
0.579167
0.575000
0.575000
0.579167
0.575000
0.575000
0.575000
0.579167
0.575000
0.575000
0.575000
0.575000
0.575000
0.575000
0.575000
0.575000
0.579167
0.575000
0.575000
0.570833
0.575000
0.570833
0.575000
0.575000
0.570833
0.570833
0.575000
0.570833
0.570833
0.575000
0.575000
0.570833
0.575000
0.575000
0.575000
0.575000
0.575000
0.575000
0.575000
0.575000
0.575000
0.579167
0.575000
0.575000
0.570833
0.575000
0.570833
0.575000
0.570833
0.570833
0.570833
0.570833
0.570833
0.575000
0.570833
0.570833
0.570833
0.575000
0.570833
0.570833
0.575000
0.570833
0.570833
0.575000
0.570833
0.570833
0.575000
0.570833
0.450000
0.695833
0.570833
0.575000
0.570833
0.566667
0.575000
0.566667
0.575000
0.566667
0.570833
0.575000
0.570833
0.570833
0.566667
0.570833
0.566667
0.575000
0.570833
0.570833
0.570833
0.570833
0.575000
0.570833
0.575000
0.575000
0.575000
0.575000
0.575000
0.575000
0.575000
0.575000
0.575000
0.579167
0.575000
0.575000
0.579167
0.575000
0.575000
0.575000
0.575000
0.575000
0.575000
0.575000
0.575000
0.570833
0.575000
0.570833
0.575000
0.570833
0.575000
0.575000
0.570833
0.575000
0.570833
0.575000
0.570833
0.570833
0.575000
0.570833
0.570833
0.575000
0.570833
0.575000
0.566667
0.575000
0.575000
0.575000
0.575000
0.579167
0.579167
0.579167
0.579167
0.583333
0.583333
0.591667
0.583333
0.587500
0.583333
0.583333
0.583333
0.587500
0.579167
0.579167
0.583333
0.575000
0.579167
0.579167
0.583333
0.579167
0.583333
0.583333
0.579167
0.579167
0.575000
0.579167
0.579167
0.570833
0.575000
0.575000
0.575000
0.579167
0.575000
0.575000
0.575000
0.575000
0.575000
0.570833
0.233333
0.341667
0.575000
0.575000
0.575000
0.575000
0.579167
0.570833
0.570833
0.570833
0.570833
0.570833
0.575000
0.570833
0.579167
0.570833
0.575000
0.575000
0.575000
0.570833
0.570833
0.570833
0.570833
0.579167
0.575000
0.570833
0.575000
0.575000
0.575000
0.575000
0.570833
0.575000
0.570833
0.575000
0.575000
0.570833
0.575000
0.575000
0.570833
0.575000
0.570833
0.570833
0.570833
0.575000
0.570833
0.570833
0.379167
0.762500
0.575000
0.562500
0.570833
0.570833
0.566667
0.570833
0.575000
0.570833
0.570833
0.575000
0.575000
0.575000
0.575000
0.579167
0.566667
0.566667
0.570833
0.570833
0.570833
1.137500
0.579167
0.570833
0.570833
0.570833
0.570833
0.575000
0.566667
0.566667
0.562500
0.570833
0.566667
0.570833
0.570833
0.570833
0.575000
0.570833
0.575000
0.566667
0.575000
0.570833
0.570833
0.570833
0.570833
0.570833
0.570833
0.575000
0.566667
0.570833
0.570833
0.570833
0.566667
0.570833
0.566667
0.570833
0.566667
0.570833
0.566667
0.566667
0.570833
0.566667
0.566667
0.566667
0.566667
0.566667
0.566667
0.566667
0.566667
0.566667
0.570833
0.566667
0.566667
0.566667
0.566667
0.570833
0.566667
0.570833
0.570833
0.566667
0.566667
0.566667
0.570833
0.570833
0.566667
0.570833
0.566667
0.575000
0.570833
0.570833
0.566667
0.570833
0.575000
0.570833
0.566667
0.570833
0.566667
0.575000
0.570833
0.566667
0.570833
0.570833
0.570833
0.566667
0.570833
0.570833
0.570833
0.570833
0.570833
0.575000
0.566667
0.575000
0.570833
0.570833
0.570833
0.570833
0.575000
0.570833
0.570833
0.575000
0.570833
0.570833
0.575000
0.575000
0.575000
0.575000
0.575000
0.575000
0.575000
0.579167
0.575000
0.579167
0.579167
0.575000
0.579167
0.575000
0.437500
0.720833
0.583333
0.575000
0.575000
0.575000
0.579167
0.575000
0.575000
0.570833
0.575000
0.579167
0.570833
0.579167
0.570833
0.579167
0.575000
0.575000
0.575000
0.575000
0.575000
0.575000
0.575000
0.575000
0.575000
0.570833
0.579167
0.579167
0.575000
0.575000
0.575000
0.575000
0.575000
0.575000
0.579167
0.579167
0.575000
0.579167
0.575000
0.579167
0.579167
0.579167
0.579167
0.579167
0.579167
0.579167
0.583333
0.583333
0.579167
0.579167
0.583333
0.587500
0.583333
0.579167
0.583333
0.583333
0.587500
0.579167
0.583333
0.583333
0.579167
0.587500
0.583333
0.383333
0.783333
0.587500
0.579167
0.583333
0.579167
0.579167
0.583333
