1.012500
0.770833
0.866667
0.725000
0.779167
0.716667
0.804167
0.904167
0.870833
0.975000
0.858333
0.754167
0.808333
0.775000
0.750000
0.775000
0.750000
0.704167
1.008333
0.975000
1.087500
0.783333
0.833333
0.820833
0.795833
0.745833
0.725000
0.691667
0.825000
0.779167
0.812500
0.770833
0.866667
0.870833
0.854167
0.995833
0.654167
0.895833
1.066667
0.812500
0.783333
0.729167
0.954167
0.941667
0.962500
0.916667
0.862500
0.900000
0.900000
0.750000
0.975000
0.929167
0.783333
0.687500
0.795833
0.758333
0.933333
0.933333
0.875000
1.191667
0.937500
0.775000
0.775000
0.741667
0.845833
0.816667
1.091667
0.695833
1.045833
0.966667
0.766667
0.895833
0.783333
0.712500
0.920833
0.950000
0.950000
0.720833
1.016667
0.945833
0.845833
0.916667
0.962500
0.812500
0.983333
0.791667
0.775000
0.879167
0.866667
0.770833
1.016667
0.708333
0.695833
0.800000
0.950000
0.858333
1.029167
0.954167
0.920833
0.862500
0.791667
0.908333
0.829167
0.845833
0.879167
0.995833
0.804167
0.716667
0.866667
0.887500
0.733333
0.779167
0.758333
0.679167
0.795833
1.120833
0.920833
0.925000
0.979167
0.770833
0.662500
0.862500
0.720833
0.762500
0.750000
0.933333
0.750000
0.833333
0.691667
0.879167
0.858333
0.766667
0.762500
0.741667
0.708333
0.837500
0.762500
0.787500
0.820833
0.895833
0.737500
0.887500
1.045833
0.929167
0.708333
0.862500
0.812500
0.879167
0.933333
0.745833
0.675000
0.962500
0.820833
0.962500
0.729167
1.050000
0.825000
1.033333
0.766667
0.795833
0.975000
0.825000
0.675000
0.929167
0.908333
0.775000
0.850000
0.733333
0.991667
1.025000
0.837500
0.958333
0.662500
0.745833
0.804167
1.008333
0.758333
1.000000
0.920833
0.958333
0.850000
0.770833
0.775000
0.866667
0.750000
0.762500
1.195833
0.820833
0.770833
0.758333
0.725000
0.775000
0.716667
0.725000
0.691667
0.775000
0.766667
0.812500
0.833333
0.879167
0.925000
0.800000
0.970833
0.937500
0.979167
0.850000
0.745833
0.758333
0.733333
0.833333
0.879167
1.016667
0.833333
0.725000
0.750000
0.808333
1.250000
0.837500
1.033333
0.854167
0.762500
0.995833
0.833333
0.662500
0.958333
0.933333
0.854167
0.725000
0.837500
0.758333
0.895833
0.962500
0.937500
0.725000
0.987500
0.737500
0.987500
0.912500
0.687500
1.004167
0.745833
0.825000
0.745833
0.912500
0.725000
0.720833
0.762500
1.000000
0.945833
0.787500
1.050000
0.762500
0.816667
0.845833
0.950000
0.762500
0.704167
1.029167
0.883333
0.854167
0.987500
0.912500
0.912500
0.800000
0.720833
0.900000
0.987500
0.754167
0.970833
0.900000
0.970833
0.845833
0.966667
0.925000
0.775000
0.733333
1.016667
0.804167
0.837500
0.704167
1.029167
0.850000
0.775000
0.691667
1.050000
0.854167
0.737500
0.725000
0.695833
0.850000
0.912500
1.037500
0.808333
0.691667
0.862500
0.866667
1.037500
0.691667
0.900000
0.833333
0.850000
0.837500
0.854167
0.670833
0.916667
0.758333
0.991667
0.908333
0.737500
0.804167
0.687500
0.700000
0.854167
0.841667
0.775000
0.879167
0.820833
0.770833
0.733333
1.016667
0.887500
0.770833
0.766667
0.870833
0.879167
0.800000
0.920833
0.750000
0.825000
0.904167
0.887500
0.983333
0.995833
0.825000
0.945833
0.762500
0.883333
0.729167
0.716667
0.683333
1.050000
0.683333
0.970833
0.933333
0.958333
0.712500
0.820833
0.854167
0.766667
0.941667
0.920833
0.800000
0.704167
0.795833
0.700000
0.695833
0.845833
0.816667
0.862500
0.841667
0.812500
0.841667
1.004167
0.912500
0.691667
1.045833
0.791667
0.766667
0.945833
0.904167
0.812500
1.066667
0.958333
0.770833
1.091667
0.741667
0.920833
0.712500
0.675000
0.733333
1.037500
0.995833
0.812500
0.841667
0.879167
0.804167
0.770833
0.820833
0.820833
0.995833
0.950000
0.737500
0.670833
0.954167
0.891667
0.841667
0.804167
0.733333
0.762500
0.833333
0.762500
1.175000
0.904167
0.833333
0.912500
0.641667
0.737500
0.745833
0.675000
0.708333
0.662500
0.679167
0.895833
0.779167
0.670833
0.770833
0.750000
0.729167
0.770833
0.895833
0.900000
0.891667
0.912500
0.912500
0.908333
0.908333
0.862500
0.737500
1.000000
0.704167
0.850000
0.800000
1.083333
0.870833
0.820833
0.700000
0.854167
0.962500
0.745833
0.995833
0.916667
0.875000
0.779167
0.691667
0.704167
1.162500
0.845833
0.791667
1.037500
0.766667
0.704167
1.016667
0.754167
0.908333
0.841667
0.900000
0.733333
0.808333
0.770833
0.900000
0.841667
0.825000
0.875000
0.775000
1.008333
0.816667
0.770833
0.883333
0.812500
0.866667
0.854167
0.812500
0.875000
0.729167
0.700000
0.708333
0.716667
0.608333
0.758333
0.754167
0.720833
0.725000
0.950000
0.837500
0.920833
0.829167
0.708333
0.937500
0.808333
0.808333
0.737500
0.808333
0.787500
0.670833
0.666667
0.758333
0.883333
0.933333
0.833333
0.704167
0.962500
0.983333
0.925000
0.766667
0.941667
0.962500
0.904167
0.908333
0.658333
0.850000
0.795833
0.845833
0.895833
0.887500
0.725000
0.720833
0.650000
0.891667
0.858333
0.841667
0.770833
0.687500
0.770833
0.770833
0.804167
0.687500
0.854167
0.900000
0.866667
0.833333
0.733333
0.991667
1.070833
0.908333
0.804167
0.979167
0.929167
0.762500
1.037500
0.762500
0.937500
0.820833
0.912500
0.775000
0.766667
0.695833
0.704167
0.691667
0.729167
0.612500
0.620833
0.887500
0.766667
0.770833
0.741667
0.954167
0.937500
0.800000
0.883333
1.008333
0.929167
0.841667
0.787500
1.012500
0.966667
0.895833
0.837500
0.908333
0.737500
0.766667
0.758333
0.733333
0.737500
0.733333
0.675000
0.787500
0.841667
0.920833
0.800000
0.929167
0.779167
0.758333
0.729167
0.866667
0.825000
0.758333
0.891667
1.000000
0.866667
0.762500
0.741667
0.920833
0.679167
0.670833
0.929167
0.883333
0.775000
0.687500
0.691667
0.970833
0.937500
0.879167
0.770833
1.000000
0.800000
0.870833
1.025000
0.716667
0.745833
0.712500
0.920833
0.783333
0.700000
0.691667
0.708333
0.833333
0.720833
1.170833
0.783333
0.787500
0.712500
0.958333
0.641667
0.666667
0.916667
0.862500
0.708333
0.825000
0.916667
0.858333
0.679167
0.850000
0.795833
0.791667
0.762500
0.708333
0.783333
1.004167
0.937500
1.008333
0.637500
0.979167
0.854167
0.904167
0.779167
0.812500
0.770833
0.795833
0.850000
1.145833
0.870833
0.870833
0.750000
0.783333
0.795833
0.770833
0.662500
0.870833
0.708333
0.804167
0.675000
0.779167
0.700000
0.770833
0.741667
0.820833
0.812500
0.700000
0.758333
0.900000
0.925000
0.854167
0.916667
0.887500
0.975000
0.837500
0.775000
0.745833
0.708333
0.666667
0.683333
0.758333
0.850000
0.850000
0.925000
0.762500
0.775000
0.845833
0.887500
0.941667
0.875000
0.779167
0.737500
0.716667
0.745833
0.870833
0.750000
0.887500
0.704167
1.325000
0.758333
0.745833
0.775000
0.750000
0.770833
0.750000
0.925000
0.725000
0.687500
0.708333
0.887500
0.745833
0.704167
0.691667
1.100000
0.683333
0.875000
0.950000
0.791667
0.850000
0.795833
0.825000
1.008333
0.804167
1.008333
0.933333
0.833333
0.675000
0.912500
0.787500
0.966667
0.937500
0.941667
0.808333
0.725000
0.925000
0.620833
0.679167
0.720833
0.808333
0.829167
1.020833
0.691667
1.050000
0.758333
0.695833
0.687500
