0.550000
0.550000
0.550000
0.554167
0.550000
0.550000
0.554167
0.550000
0.550000
0.550000
0.554167
0.550000
0.550000
0.550000
0.554167
0.550000
0.550000
0.550000
0.554167
0.550000
0.550000
0.550000
0.545833
0.475000
0.629167
0.554167
0.550000
0.554167
0.550000
0.550000
0.550000
0.554167
0.550000
0.550000
0.550000
0.554167
0.550000
0.550000
0.550000
0.550000
0.550000
0.550000
0.550000
0.550000
0.550000
0.550000
0.550000
0.545833
0.495833
0.608333
0.550000
0.550000
0.554167
0.550000
0.550000
0.550000
0.550000
0.554167
0.550000
0.550000
0.550000
0.545833
0.550000
0.550000
0.550000
0.550000
0.550000
0.550000
0.550000
0.550000
0.550000
0.550000
0.550000
0.550000
0.550000
0.550000
0.550000
0.550000
0.550000
0.550000
0.550000
0.550000
0.554167
0.550000
0.550000
0.550000
0.550000
0.550000
0.550000
0.550000
0.554167
0.545833
0.554167
0.550000
0.550000
0.550000
0.541667
0.562500
0.545833
0.545833
0.554167
0.554167
0.550000
0.550000
0.554167
0.550000
0.550000
0.554167
0.550000
0.550000
0.550000
0.550000
0.550000
0.550000
0.550000
0.550000
0.550000
0.550000
0.545833
0.550000
0.550000
0.550000
0.550000
0.545833
0.545833
0.554167
0.550000
0.554167
0.550000
0.550000
0.550000
0.550000
0.550000
0.550000
0.550000
0.550000
0.550000
0.550000
0.550000
0.550000
0.545833
0.550000
0.550000
0.550000
0.550000
0.550000
0.550000
0.550000
0.550000
0.550000
0.550000
0.550000
0.550000
0.550000
0.550000
0.550000
0.550000
0.550000
0.550000
0.550000
0.495833
0.604167
0.550000
0.550000
0.554167
0.550000
0.550000
0.550000
0.550000
0.554167
0.550000
0.550000
0.550000
0.550000
0.554167
0.550000
0.550000
0.554167
0.550000
0.554167
0.550000
0.550000
0.554167
0.550000
0.554167
0.545833
0.545833
0.558333
0.554167
0.550000
0.554167
0.550000
0.554167
0.554167
0.550000
0.550000
0.554167
0.550000
0.554167
0.550000
0.550000
0.550000
0.554167
0.550000
0.550000
0.554167
0.550000
0.550000
0.550000
0.554167
0.550000
0.550000
0.550000
0.550000
0.550000
0.554167
0.550000
0.550000
0.550000
0.550000
0.550000
0.550000
0.550000
0.550000
0.554167
0.550000
0.550000
0.550000
0.550000
0.550000
0.554167
0.550000
0.550000
0.550000
0.554167
0.550000
0.550000
0.550000
0.554167
0.550000
0.550000
0.554167
0.545833
0.545833
0.554167
0.554167
0.554167
0.550000
0.554167
0.554167
0.550000
0.554167
0.550000
0.550000
0.554167
0.550000
0.550000
0.554167
0.550000
0.550000
0.550000
0.554167
0.545833
0.550000
0.554167
0.550000
0.554167
0.554167
0.550000
0.550000
0.554167
0.550000
0.550000
0.550000
0.554167
0.550000
0.550000
0.550000
0.550000
0.550000
0.550000
0.550000
0.554167
0.550000
0.550000
0.550000
0.550000
0.550000
0.550000
0.550000
0.550000
0.550000
0.554167
0.550000
0.550000
0.550000
0.550000
0.550000
0.554167
0.550000
0.550000
0.550000
0.554167
0.550000
0.550000
0.554167
0.550000
0.550000
0.554167
0.550000
0.550000
0.554167
0.550000
0.550000
0.550000
0.545833
0.554167
0.554167
0.550000
0.554167
0.554167
0.550000
0.554167
0.550000
0.550000
0.554167
0.550000
0.550000
0.554167
0.550000
0.550000
0.550000
0.550000
0.554167
0.550000
0.550000
0.550000
0.550000
0.554167
0.550000
0.550000
0.550000
0.554167
0.550000
0.554167
0.550000
0.550000
0.554167
0.550000
0.550000
0.554167
0.550000
0.554167
0.550000
0.554167
0.550000
0.554167
0.550000
0.554167
0.550000
0.554167
0.550000
0.554167
0.550000
0.554167
0.550000
0.554167
0.550000
0.550000
0.554167
0.550000
0.554167
0.550000
0.554167
0.550000
0.554167
0.550000
0.554167
0.550000
0.550000
0.550000
0.550000
0.454167
0.654167
0.554167
0.550000
0.554167
0.550000
0.554167
0.550000
0.550000
0.554167
0.550000
0.550000
0.554167
0.550000
0.550000
0.550000
0.554167
0.550000
0.550000
0.550000
0.550000
0.545833
0.454167
0.650000
0.554167
0.550000
0.550000
0.550000
0.554167
0.550000
0.550000
0.550000
0.550000
0.554167
0.550000
0.550000
0.550000
0.550000
0.550000
0.550000
0.550000
0.550000
0.550000
0.550000
0.550000
0.550000
0.550000
0.550000
0.550000
0.550000
0.550000
0.550000
0.550000
0.550000
0.550000
0.550000
0.550000
0.550000
0.550000
0.550000
0.550000
0.550000
0.550000
0.554167
0.550000
0.550000
0.550000
0.554167
0.550000
0.550000
0.550000
0.545833
0.554167
0.554167
0.550000
0.554167
0.550000
0.554167
0.550000
0.550000
0.554167
0.550000
0.550000
0.550000
0.550000
0.554167
0.550000
0.550000
0.550000
0.550000
0.550000
0.550000
0.550000
0.550000
0.550000
0.550000
0.550000
0.550000
0.550000
0.550000
0.550000
0.554167
0.550000
0.550000
0.550000
0.550000
0.550000
0.550000
0.554167
0.550000
0.550000
0.550000
0.550000
0.550000
0.554167
0.550000
0.550000
0.550000
0.550000
0.550000
0.554167
0.550000
0.550000
0.550000
0.554167
0.550000
0.550000
0.550000
0.554167
0.550000
0.554167
0.550000
0.554167
0.550000
0.554167
0.550000
0.554167
0.545833
0.545833
0.558333
0.554167
0.554167
0.550000
0.554167
0.550000
0.554167
0.554167
0.550000
0.550000
0.554167
0.550000
0.550000
0.554167
0.550000
0.550000
0.550000
0.550000
0.550000
0.550000
0.554167
0.550000
0.550000
0.554167
0.550000
0.550000
0.550000
0.550000
0.550000
0.550000
0.550000
0.550000
0.550000
0.550000
0.550000
0.550000
0.545833
0.550000
0.550000
0.550000
0.550000
0.550000
0.550000
0.550000
0.550000
0.537500
0.562500
0.550000
0.550000
0.550000
0.550000
0.550000
0.550000
0.550000
0.550000
0.550000
0.550000
0.554167
0.550000
0.554167
0.550000
0.554167
0.550000
0.554167
0.550000
0.550000
0.554167
0.550000
0.550000
0.554167
0.550000
0.550000
0.550000
0.550000
0.554167
0.550000
0.550000
0.550000
0.554167
0.550000
0.550000
0.550000
0.554167
0.550000
0.550000
0.554167
0.550000
0.550000
0.554167
0.545833
0.554167
0.554167
0.550000
0.554167
0.550000
0.554167
0.550000
0.554167
0.550000
0.550000
0.554167
0.550000
0.550000
0.554167
0.550000
0.550000
0.554167
0.550000
0.550000
0.554167
0.550000
0.550000
0.554167
0.550000
0.550000
0.554167
0.550000
0.554167
0.550000
0.554167
0.550000
0.554167
0.550000
0.554167
0.550000
0.554167
0.554167
0.550000
0.554167
0.550000
0.554167
0.554167
0.550000
0.554167
0.554167
0.554167
0.550000
0.554167
0.554167
0.554167
0.554167
0.550000
0.554167
0.554167
0.554167
0.554167
0.554167
0.554167
0.554167
0.554167
0.554167
0.554167
0.554167
0.554167
0.554167
0.554167
0.554167
0.554167
0.554167
0.554167
0.554167
0.550000
0.516667
0.591667
0.554167
0.558333
0.554167
0.554167
0.554167
0.558333
0.554167
0.554167
0.554167
0.554167
0.554167
0.554167
0.554167
0.554167
0.554167
0.554167
0.554167
0.550000
0.554167
0.554167
0.554167
0.554167
0.554167
0.554167
0.550000
0.554167
0.550000
0.550000
0.516667
0.595833
0.554167
0.554167
0.554167
0.554167
0.554167
0.550000
0.554167
0.554167
0.554167
0.550000
0.554167
0.554167
0.550000
0.554167
0.550000
0.554167
0.554167
0.550000
0.554167
0.550000
0.554167
0.550000
0.554167
0.550000
0.554167
0.550000
0.554167
0.550000
0.550000
0.550000
0.554167
0.554167
0.554167
0.554167
0.550000
0.554167
0.554167
0.550000
0.554167
0.554167
0.550000
0.550000
0.554167
0.550000
0.554167
0.550000
0.550000
0.554167
0.550000
0.554167
0.550000
0.550000
0.554167
0.550000
0.554167
0.550000
0.554167
0.550000
0.554167
0.550000
0.554167
0.554167
0.550000
0.554167
0.550000
0.554167
0.554167
0.550000
0.554167
0.550000
0.550000
0.558333
0.554167
0.554167
0.554167
0.554167
0.550000
0.554167
0.554167
0.554167
0.550000
0.554167
0.554167
0.550000
0.554167
0.554167
0.550000
0.554167
0.550000
0.554167
0.550000
0.554167
0.550000
0.554167
0.550000
0.554167
0.554167
0.500000
0.604167
0.550000
0.400000
0.708333
0.554167
0.520833
0.583333
0.554167
0.554167
0.550000
0.554167
0.554167
0.554167
0.554167
0.554167
0.550000
0.554167
0.554167
0.554167
0.554167
0.554167
0.550000
0.554167
0.558333
0.554167
0.554167
0.558333
0.554167
0.554167
0.554167
0.554167
0.554167
0.554167
0.554167
0.554167
0.554167
0.554167
0.554167
0.554167
0.550000
0.554167
0.554167
0.554167
0.554167
0.554167
0.554167
0.554167
0.554167
0.554167
0.550000
0.554167
0.554167
0.554167
0.554167
0.550000
0.558333
0.554167
0.554167
0.558333
0.554167
0.554167
0.554167
0.554167
0.554167
0.554167
0.554167
0.554167
0.554167
0.554167
0.554167
0.554167
0.554167
0.554167
0.554167
0.554167
0.554167
0.554167
0.554167
0.554167
0.558333
0.554167
0.554167
0.554167
0.554167
0.558333
0.554167
0.554167
0.554167
0.554167
0.558333
0.554167
0.554167
0.554167
0.554167
0.558333
0.554167
0.550000
0.512500
0.600000
0.554167
0.554167
0.554167
0.558333
0.554167
0.554167
0.554167
0.554167
0.554167
0.554167
0.554167
0.554167
0.554167
0.554167
0.554167
0.554167
0.554167
0.554167
0.550000
0.554167
0.554167
0.554167
0.550000
0.554167
0.554167
0.554167
0.554167
0.554167
0.554167
0.554167
0.554167
0.554167
0.554167
0.554167
0.554167
0.550000
0.554167
0.554167
0.554167
0.550000
0.554167
0.554167
0.554167
0.550000
0.554167
0.554167
0.554167
0.554167
0.550000
0.554167
0.554167
0.554167
0.554167
0.554167
0.550000
0.370833
0.737500
0.554167
0.554167
0.554167
0.554167
0.554167
0.554167
0.550000
0.554167
0.554167
0.554167
0.554167
0.554167
0.554167
0.554167
0.558333
0.554167
0.554167
0.554167
0.554167
0.554167
0.550000
0.550000
0.558333
0.558333
0.554167
0.558333
0.554167
0.558333
0.554167
0.554167
0.554167
0.554167
0.554167
0.554167
0.554167
0.554167
0.554167
0.554167
0.554167
0.554167
0.554167
0.550000
0.554167
0.554167
0.554167
0.554167
0.554167
0.550000
0.554167
0.554167
0.554167
0.554167
0.554167
0.554167
0.554167
0.554167
0.554167
0.554167
0.554167
0.554167
0.554167
0.554167
0.554167
0.554167
0.554167
0.554167
0.554167
0.554167
0.554167
0.554167
0.554167
0.554167
0.554167
0.554167
0.558333
0.554167
0.550000
0.462500
0.645833
0.558333
0.554167
0.558333
0.554167
0.554167
0.554167
0.558333
0.554167
0.554167
0.558333
0.554167
0.554167
0.554167
0.550000
0.554167
0.554167
0.554167
0.554167
0.554167
0.554167
0.550000
0.554167
0.554167
0.554167
0.554167
0.554167
0.550000
0.554167
0.554167
0.545833
0.500000
0.608333
0.554167
0.554167
0.554167
0.554167
0.554167
0.550000
0.554167
0.554167
0.554167
0.550000
0.554167
0.554167
0.550000
0.554167
0.550000
0.554167
0.550000
0.554167
0.554167
0.550000
0.554167
0.554167
0.550000
0.554167
0.554167
0.550000
0.554167
0.554167
0.554167
0.550000
0.554167
0.554167
0.554167
0.554167
0.554167
0.554167
0.554167
0.554167
0.554167
0.554167
0.554167
0.554167
0.554167
0.558333
0.554167
0.554167
0.558333
0.558333
0.554167
0.554167
