0.500000
0.487500
0.479167
0.654167
0.241667
0.512500
0.420833
0.491667
0.637500
0.937500
0.429167
0.466667
0.312500
0.562500
0.479167
0.450000
0.466667
0.445833
0.462500
0.462500
1.091667
0.295833
0.604167
0.170833
0.620833
0.683333
0.904167
0.320833
0.487500
0.333333
0.537500
0.962500
0.433333
0.308333
0.566667
0.454167
0.341667
1.204167
0.787500
0.458333
0.466667
0.466667
0.475000
0.970833
0.483333
0.437500
0.470833
0.445833
0.475000
0.525000
0.675000
0.883333
0.412500
0.466667
0.691667
0.458333
0.712500
0.266667
0.487500
0.462500
0.420833
0.400000
1.079167
0.333333
0.466667
0.441667
0.495833
0.512500
1.108333
0.341667
0.479167
0.654167
0.425000
0.583333
0.891667
0.295833
0.458333
0.450000
0.495833
0.470833
1.087500
0.270833
0.483333
0.466667
0.641667
0.337500
0.462500
1.087500
0.766667
0.458333
0.470833
0.495833
0.337500
1.208333
0.308333
0.387500
0.425000
0.512500
0.520833
1.100000
0.400000
0.470833
0.500000
0.645833
0.779167
0.466667
0.470833
1.125000
0.754167
0.487500
0.466667
0.470833
1.108333
0.308333
0.479167
0.554167
0.537500
0.491667
0.441667
0.929167
0.354167
0.475000
0.495833
0.466667
0.437500
0.470833
0.920833
0.450000
0.466667
0.925000
1.075000
0.520833
1.825000
0.533333
0.437500
1.108333
1.579167
0.433333
0.245833
0.545833
1.045833
0.712500
0.458333
0.491667
0.475000
0.287500
0.633333
0.466667
0.441667
0.458333
0.487500
0.329167
1.158333
0.925000
0.479167
0.337500
0.404167
0.354167
0.225000
0.366667
0.370833
0.520833
0.612500
0.425000
0.487500
0.662500
0.550000
0.487500
0.458333
1.395833
0.362500
0.566667
0.466667
1.079167
0.933333
0.287500
0.475000
0.466667
1.095833
0.775000
0.454167
0.458333
0.495833
0.462500
1.154167
0.912500
0.720833
0.466667
0.920833
0.487500
0.600000
0.320833
1.104167
0.295833
0.487500
0.412500
0.500000
0.470833
0.637500
0.275000
0.950000
0.866667
0.500000
0.475000
0.466667
0.483333
1.075000
0.316667
0.504167
0.404167
0.575000
1.433333
0.395833
0.929167
0.854167
0.508333
0.458333
0.487500
0.479167
1.087500
0.262500
0.387500
0.737500
0.462500
0.487500
0.250000
0.995833
0.470833
0.466667
0.437500
0.650000
0.920833
0.287500
0.479167
0.470833
0.458333
0.487500
1.079167
0.370833
0.495833
0.383333
0.537500
0.483333
1.158333
0.304167
0.550000
0.475000
0.541667
0.458333
0.962500
0.458333
0.362500
0.654167
0.541667
1.166667
0.954167
0.391667
0.550000
1.112500
0.208333
0.766667
0.345833
0.483333
1.195833
0.487500
0.175000
0.770833
0.466667
0.262500
0.758333
0.220833
0.591667
0.366667
0.491667
0.500000
0.516667
1.083333
0.329167
0.379167
0.454167
0.766667
0.550000
0.308333
0.454167
0.475000
1.075000
0.295833
0.466667
0.479167
0.479167
0.433333
0.704167
0.683333
0.529167
0.908333
1.095833
0.283333
0.487500
0.479167
0.483333
0.441667
0.925000
0.487500
0.520833
0.466667
0.483333
0.550000
0.508333
1.125000
0.312500
0.483333
1.133333
0.979167
0.329167
0.475000
0.525000
0.470833
0.479167
1.137500
0.291667
0.550000
0.466667
0.495833
0.504167
0.904167
0.529167
0.550000
0.504167
0.508333
0.500000
0.916667
0.454167
0.370833
0.879167
0.691667
0.525000
0.325000
0.450000
0.483333
0.483333
0.345833
0.479167
1.220833
0.287500
0.620833
0.183333
1.216667
0.462500
0.308333
0.479167
0.358333
1.216667
0.300000
0.483333
0.491667
0.462500
0.554167
0.662500
0.408333
0.300000
0.512500
0.525000
0.441667
0.429167
0.475000
0.687500
0.791667
0.495833
0.470833
0.483333
1.104167
0.775000
0.404167
0.487500
0.504167
0.475000
1.120833
0.291667
0.595833
0.437500
0.291667
0.491667
0.691667
0.229167
1.045833
0.504167
0.445833
0.612500
0.933333
0.333333
0.445833
0.483333
0.533333
0.470833
0.941667
0.891667
1.050000
0.533333
0.329167
0.475000
0.466667
0.483333
1.183333
0.245833
0.508333
0.495833
0.491667
0.458333
1.075000
0.312500
0.479167
0.454167
0.491667
0.475000
0.504167
1.112500
0.312500
0.483333
0.362500
0.662500
0.487500
1.083333
0.304167
0.529167
0.491667
0.491667
0.450000
1.141667
0.270833
0.450000
0.487500
0.479167
0.466667
0.733333
0.783333
0.487500
0.487500
0.470833
0.516667
0.470833
1.108333
0.212500
0.554167
0.495833
0.362500
0.350000
0.783333
0.708333
0.233333
0.554167
0.483333
0.466667
0.479167
0.658333
1.000000
0.766667
0.462500
0.620833
0.300000
0.500000
1.154167
0.329167
0.470833
0.366667
0.766667
0.512500
0.800000
0.483333
0.450000
0.537500
0.462500
0.754167
0.975000
0.504167
0.479167
0.450000
0.458333
0.679167
0.425000
0.458333
0.320833
0.491667
0.466667
0.633333
0.433333
0.379167
0.470833
0.475000
0.458333
1.087500
0.320833
0.458333
0.450000
0.491667
0.516667
1.125000
0.300000
0.466667
0.483333
0.350000
0.679167
0.616667
0.254167
0.504167
0.500000
0.495833
0.495833
1.125000
0.766667
0.479167
0.362500
0.662500
0.554167
1.129167
0.325000
0.450000
0.362500
0.775000
0.350000
0.512500
0.695833
0.745833
0.487500
0.466667
0.658333
0.533333
0.333333
0.720833
0.758333
0.487500
0.641667
0.366667
0.570833
0.466667
1.091667
0.791667
0.654167
0.341667
0.587500
1.120833
0.295833
0.237500
0.587500
0.662500
0.533333
1.166667
0.187500
0.470833
0.454167
0.550000
1.408333
0.475000
0.470833
0.475000
0.558333
0.495833
1.162500
0.320833
0.487500
0.479167
0.454167
0.520833
0.970833
0.475000
0.458333
1.062500
0.504167
0.275000
0.545833
0.483333
0.479167
0.458333
0.470833
0.479167
0.454167
0.550000
0.495833
1.445833
0.483333
0.445833
0.395833
1.000000
0.820833
0.370833
0.458333
0.487500
0.520833
1.104167
0.300000
0.458333
0.454167
0.512500
0.458333
0.687500
0.766667
0.441667
0.383333
0.404167
0.450000
0.545833
1.058333
0.333333
0.520833
0.429167
0.466667
0.470833
0.483333
1.091667
0.291667
0.508333
0.466667
0.575000
0.500000
0.479167
1.108333
0.287500
0.475000
0.470833
0.554167
0.550000
0.912500
0.483333
0.412500
0.395833
0.404167
0.583333
1.112500
0.920833
0.441667
0.387500
0.566667
0.533333
1.162500
0.333333
0.487500
0.466667
0.529167
0.491667
0.925000
0.491667
0.483333
0.508333
0.475000
1.395833
0.458333
0.458333
0.483333
0.512500
0.504167
0.954167
0.470833
0.466667
1.070833
0.325000
0.454167
0.458333
0.562500
1.070833
0.316667
0.470833
0.512500
0.504167
0.520833
1.116667
0.770833
0.483333
0.541667
0.516667
0.983333
0.325000
0.462500
0.412500
0.500000
1.141667
0.300000
0.470833
0.237500
0.466667
0.479167
0.050000
0.525000
0.462500
0.483333
0.366667
0.708333
0.454167
0.495833
0.462500
0.875000
0.195833
0.366667
1.058333
0.991667
0.495833
0.825000
1.175000
0.791667
0.379167
0.758333
0.479167
0.537500
0.758333
0.487500
0.520833
0.270833
0.666667
0.608333
0.925000
0.604167
1.787500
0.525000
0.441667
0.966667
0.466667
0.454167
0.312500
1.079167
0.466667
0.475000
0.295833
0.637500
0.295833
0.625000
0.466667
0.787500
1.425000
0.470833
0.662500
0.454167
0.516667
0.470833
0.458333
0.208333
0.558333
0.504167
0.675000
0.208333
1.150000
1.066667
0.516667
0.425000
0.433333
0.733333
0.500000
1.166667
1.137500
0.479167
0.475000
0.441667
0.579167
0.512500
0.495833
0.750000
0.708333
0.991667
0.558333
0.483333
0.158333
0.470833
0.679167
0.300000
1.116667
0.970833
0.470833
0.670833
0.745833
0.920833
0.454167
0.458333
1.041667
1.033333
1.137500
1.733333
0.504167
0.633333
0.775000
0.433333
0.516667
0.987500
0.829167
0.150000
1.904167
1.208333
0.345833
0.379167
1.254167
1.891667
0.587500
0.625000
1.387500
0.520833
1.150000
0.441667
0.941667
0.941667
1.470833
1.345833
2.066667
0.483333
0.837500
0.720833
0.495833
0.033333
0.720833
0.650000
0.387500
0.745833
0.333333
1.079167
0.479167
0.466667
0.812500
0.729167
0.462500
0.495833
0.450000
0.500000
0.466667
0.429167
0.541667
0.470833
0.429167
0.262500
0.691667
0.458333
0.583333
0.925000
0.320833
0.450000
0.441667
0.495833
1.112500
0.325000
0.470833
0.450000
0.466667
0.487500
0.341667
1.241667
0.450000
0.300000
0.662500
0.491667
0.445833
0.850000
0.412500
0.708333
0.283333
0.462500
0.483333
0.520833
0.920833
0.979167
0.841667
0.591667
1.162500
0.812500
0.445833
0.462500
0.537500
0.462500
1.116667
0.766667
0.470833
0.483333
0.479167
1.100000
0.287500
0.475000
0.470833
0.462500
1.187500
0.404167
0.766667
0.720833
0.404167
0.354167
0.800000
0.929167
0.400000
0.979167
1.120833
0.891667
0.733333
0.495833
1.554167
0.270833
0.737500
0.308333
1.133333
0.808333
0.483333
0.845833
1.304167
0.245833
0.537500
0.629167
0.383333
1.120833
1.116667
0.758333
0.941667
0.437500
0.191667
0.820833
0.458333
0.587500
0.970833
0.300000
0.187500
0.550000
0.220833
0.595833
0.495833
0.479167
0.712500
0.329167
0.425000
1.054167
0.841667
0.450000
0.962500
0.745833
0.416667
1.083333
0.208333
0.608333
0.966667
0.408333
0.441667
0.595833
0.454167
1.125000
0.370833
0.479167
0.437500
0.475000
0.395833
0.900000
0.458333
0.962500
0.491667
0.491667
1.137500
0.295833
0.495833
0.354167
0.679167
0.508333
1.154167
0.295833
0.470833
0.500000
0.575000
1.141667
0.320833
0.487500
0.420833
0.370833
0.595833
0.362500
0.533333
0.633333
0.612500
1.045833
0.816667
0.504167
0.475000
1.125000
0.329167
0.470833
0.375000
0.658333
0.483333
1.204167
0.295833
0.408333
0.412500
1.070833
0.850000
0.441667
0.837500
0.587500
1.129167
0.279167
0.470833
0.475000
0.275000
0.391667
0.454167
0.570833
0.429167
0.495833
0.950000
0.479167
0.487500
0.416667
0.933333
0.325000
0.591667
0.700000
0.275000
0.645833
0.891667
0.570833
1.095833
0.270833
0.512500
0.879167
0.737500
0.387500
0.866667
1.187500
0.958333
0.554167
0.487500
0.758333
0.625000
0.425000
0.495833
0.891667
0.462500
0.304167
1.200000
0.958333
0.466667
0.466667
0.466667
0.641667
0.533333
0.666667
0.770833
0.387500
1.200000
0.466667
1.445833
0.100000
0.862500
0.429167
0.912500
0.308333
0.391667
0.450000
