0.533333
0.537500
0.533333
0.533333
0.537500
0.529167
0.533333
0.533333
0.529167
0.541667
0.537500
0.533333
0.537500
0.529167
0.533333
0.537500
0.537500
0.537500
0.541667
0.554167
0.545833
0.545833
0.550000
0.550000
0.537500
0.541667
0.541667
1.083333
0.541667
0.537500
0.529167
0.529167
0.529167
0.525000
0.529167
0.529167
0.525000
0.537500
0.529167
0.529167
0.533333
0.545833
0.537500
0.537500
0.537500
0.541667
0.554167
0.558333
0.550000
0.545833
0.545833
0.545833
0.550000
0.541667
0.545833
0.541667
0.541667
0.212500
0.337500
0.545833
0.554167
0.562500
0.570833
0.554167
0.562500
0.558333
0.545833
0.554167
0.550000
0.550000
0.545833
0.541667
0.541667
0.529167
0.537500
0.533333
0.533333
0.525000
0.525000
0.529167
0.525000
0.520833
0.529167
0.537500
0.529167
0.529167
0.529167
0.533333
0.537500
0.541667
0.533333
0.554167
0.575000
0.579167
0.570833
0.558333
0.554167
0.550000
0.541667
0.537500
0.545833
0.554167
0.541667
0.687500
0.408333
0.550000
1.270833
0.287500
0.633333
0.525000
0.529167
0.525000
0.529167
0.520833
0.520833
0.516667
0.520833
0.520833
0.529167
0.520833
0.520833
1.041667
0.520833
0.525000
0.529167
0.520833
0.533333
0.529167
0.533333
0.537500
0.537500
0.537500
0.533333
0.533333
0.533333
0.537500
0.537500
0.529167
0.529167
0.537500
0.537500
0.545833
0.558333
0.550000
0.562500
0.608333
0.591667
0.579167
0.575000
0.566667
0.550000
0.550000
0.550000
0.550000
0.545833
0.537500
0.550000
0.537500
0.533333
0.529167
0.529167
0.529167
0.520833
0.533333
0.533333
0.529167
0.537500
0.537500
0.529167
0.525000
0.533333
1.070833
1.066667
0.537500
0.675000
0.408333
0.545833
0.541667
0.545833
0.741667
0.350000
0.545833
0.212500
0.333333
0.545833
0.541667
1.100000
0.537500
0.545833
0.545833
0.279167
0.254167
0.529167
1.066667
0.525000
0.529167
0.529167
0.520833
0.533333
0.525000
0.520833
0.525000
0.525000
0.525000
0.525000
0.520833
0.516667
0.525000
0.525000
0.533333
0.537500
0.537500
0.537500
0.541667
0.550000
0.550000
0.541667
0.537500
0.529167
0.537500
0.541667
0.537500
0.533333
0.537500
0.533333
0.541667
0.550000
0.545833
0.545833
1.104167
0.554167
0.562500
0.900000
0.225000
0.545833
0.541667
0.541667
0.558333
0.558333
0.887500
0.191667
0.600000
0.275000
0.691667
0.741667
0.300000
0.508333
0.516667
0.512500
1.025000
0.516667
1.025000
0.516667
0.516667
0.516667
0.520833
1.050000
0.520833
0.529167
0.533333
0.541667
0.545833
1.091667
0.566667
0.575000
0.570833
0.562500
0.558333
0.558333
0.550000
1.079167
0.520833
0.529167
0.533333
0.525000
0.529167
0.533333
0.529167
0.545833
0.554167
0.541667
0.541667
0.554167
0.562500
0.558333
0.558333
0.550000
0.529167
0.529167
0.541667
0.541667
0.545833
1.066667
0.533333
0.533333
0.525000
0.529167
0.529167
1.208333
0.383333
0.233333
0.300000
0.525000
0.525000
0.529167
0.270833
0.250000
0.529167
0.533333
0.533333
0.533333
1.070833
0.529167
0.533333
0.541667
0.537500
0.537500
0.541667
0.537500
0.554167
0.550000
0.550000
0.545833
0.545833
0.554167
0.558333
0.550000
0.558333
0.600000
0.637500
0.616667
0.600000
0.362500
0.225000
0.570833
1.129167
0.562500
0.554167
0.545833
0.537500
0.533333
0.533333
0.529167
0.525000
0.525000
0.520833
0.533333
0.529167
0.533333
0.533333
0.529167
0.537500
0.541667
0.541667
0.541667
0.541667
0.545833
0.541667
0.554167
0.554167
0.545833
0.566667
0.575000
0.587500
0.591667
0.562500
1.104167
0.550000
0.554167
0.550000
0.550000
0.545833
0.862500
0.245833
1.141667
0.562500
0.550000
0.550000
0.537500
0.541667
0.541667
0.537500
0.545833
0.545833
0.545833
0.550000
0.375000
0.170833
0.558333
0.554167
0.554167
0.545833
0.545833
0.558333
0.558333
0.558333
0.558333
0.558333
0.558333
0.137500
0.433333
1.108333
0.762500
0.358333
0.558333
0.550000
0.550000
0.566667
0.566667
0.570833
0.566667
0.554167
0.558333
0.570833
0.562500
0.558333
0.550000
1.095833
0.537500
0.541667
0.537500
0.533333
0.533333
0.533333
0.545833
0.533333
0.533333
0.541667
0.537500
0.537500
0.533333
0.533333
0.533333
0.537500
0.541667
0.550000
0.545833
0.541667
0.554167
0.562500
0.554167
0.545833
0.558333
0.554167
1.087500
1.095833
0.545833
0.537500
0.537500
0.541667
0.550000
0.545833
0.558333
1.091667
1.120833
0.566667
0.554167
0.566667
0.554167
0.541667
0.545833
0.554167
0.545833
0.541667
0.545833
0.537500
0.533333
0.529167
0.533333
0.537500
0.533333
0.529167
0.533333
0.537500
0.545833
0.554167
0.541667
0.541667
0.541667
0.537500
0.545833
0.541667
0.541667
0.537500
0.537500
0.541667
0.545833
0.083333
0.454167
0.416667
0.120833
0.545833
0.541667
0.541667
0.550000
0.550000
0.329167
0.216667
0.537500
0.537500
0.537500
0.541667
0.529167
0.533333
0.529167
1.062500
0.533333
0.533333
0.529167
0.529167
0.533333
0.541667
1.095833
0.545833
0.558333
0.554167
0.550000
0.554167
0.566667
0.587500
0.587500
0.579167
0.579167
0.562500
0.545833
0.550000
0.554167
0.554167
0.550000
0.554167
0.295833
0.262500
0.566667
0.566667
0.554167
0.554167
0.550000
0.550000
0.550000
0.545833
0.541667
0.541667
0.545833
1.075000
0.545833
0.541667
0.537500
0.533333
0.537500
0.533333
0.537500
0.287500
0.258333
0.545833
0.537500
0.537500
0.537500
0.545833
0.537500
0.537500
0.541667
0.545833
0.550000
0.545833
1.108333
0.562500
0.566667
0.966667
0.733333
0.554167
0.550000
0.545833
0.541667
0.545833
0.545833
0.545833
0.537500
0.541667
0.550000
0.550000
1.087500
0.550000
1.104167
0.545833
0.545833
0.575000
0.612500
0.600000
0.587500
0.579167
0.562500
0.558333
0.562500
0.566667
0.558333
0.545833
0.550000
0.537500
0.545833
0.533333
0.537500
0.533333
0.541667
0.537500
0.537500
0.537500
0.550000
0.541667
0.545833
0.545833
0.541667
0.558333
0.591667
0.579167
0.566667
0.566667
0.566667
0.566667
0.562500
0.562500
0.558333
0.554167
0.558333
0.566667
0.575000
0.583333
0.587500
0.583333
0.562500
0.550000
0.575000
0.579167
0.570833
1.125000
0.558333
0.558333
0.262500
0.287500
0.541667
0.541667
0.545833
0.550000
0.537500
0.541667
0.541667
1.100000
0.554167
0.562500
0.558333
0.554167
0.550000
0.554167
1.137500
0.566667
0.558333
0.562500
1.125000
1.129167
0.554167
0.566667
0.570833
0.566667
0.562500
0.570833
0.575000
0.575000
0.579167
0.591667
0.591667
0.608333
0.600000
0.716667
0.450000
1.120833
0.558333
0.545833
0.550000
0.545833
0.541667
0.541667
1.091667
0.545833
0.545833
0.558333
0.545833
0.545833
0.295833
0.808333
0.562500
0.587500
0.612500
0.587500
0.591667
0.570833
0.566667
0.566667
0.579167
0.587500
0.575000
0.562500
0.558333
0.554167
0.545833
0.541667
0.537500
0.545833
0.541667
0.545833
0.550000
0.541667
0.570833
0.562500
0.558333
0.558333
0.558333
0.550000
0.554167
0.558333
0.562500
0.562500
0.575000
0.562500
0.575000
0.600000
0.604167
0.591667
0.595833
0.600000
0.570833
0.562500
0.558333
0.550000
0.558333
0.550000
0.550000
0.550000
0.550000
0.554167
0.554167
0.554167
0.550000
0.554167
0.558333
0.566667
0.554167
0.562500
0.587500
0.587500
0.587500
0.600000
0.570833
0.566667
0.554167
0.550000
1.095833
0.545833
0.550000
0.554167
0.541667
0.550000
1.087500
0.545833
0.541667
0.550000
0.558333
1.116667
0.570833
0.570833
0.562500
1.112500
0.541667
0.541667
0.554167
0.541667
0.545833
0.545833
0.554167
0.550000
0.562500
0.558333
0.554167
0.562500
0.566667
0.566667
0.591667
0.591667
0.587500
0.579167
0.579167
0.587500
0.570833
0.566667
0.566667
0.570833
0.570833
0.558333
0.558333
0.562500
0.558333
0.554167
0.558333
0.558333
0.583333
0.570833
0.566667
0.562500
0.362500
0.200000
0.545833
0.550000
0.554167
0.545833
0.545833
0.545833
0.541667
0.541667
0.541667
0.558333
0.570833
0.562500
0.554167
0.566667
0.558333
0.575000
0.566667
0.579167
0.583333
0.583333
0.570833
1.041667
0.100000
0.562500
0.562500
0.566667
0.558333
0.575000
0.591667
0.937500
0.258333
0.579167
0.566667
0.562500
0.558333
0.550000
0.541667
0.541667
0.545833
0.541667
0.541667
0.541667
0.545833
0.545833
0.541667
0.550000
0.550000
0.558333
0.566667
0.570833
0.558333
0.562500
0.558333
0.570833
0.575000
0.587500
0.654167
0.650000
0.358333
0.245833
0.587500
0.570833
0.558333
0.454167
0.283333
0.375000
0.545833
0.545833
0.537500
0.545833
0.541667
0.550000
0.545833
0.545833
0.541667
0.545833
1.120833
0.570833
0.570833
0.562500
0.575000
0.583333
1.191667
0.583333
0.600000
0.404167
0.191667
0.587500
0.250000
0.337500
0.600000
0.533333
0.229167
0.258333
0.675000
0.554167
0.550000
0.550000
0.537500
0.545833
0.550000
0.666667
0.150000
0.262500
0.554167
0.566667
0.541667
0.541667
0.533333
0.537500
0.537500
0.537500
0.537500
0.541667
0.545833
0.545833
0.545833
0.550000
0.550000
0.550000
0.550000
0.550000
0.550000
0.554167
1.104167
0.545833
0.554167
0.558333
0.570833
0.554167
0.704167
0.425000
0.575000
0.570833
0.583333
1.125000
0.554167
0.550000
0.575000
0.550000
0.550000
0.545833
0.554167
0.537500
0.533333
0.529167
0.537500
0.533333
0.529167
0.520833
0.533333
0.533333
0.541667
0.537500
0.533333
0.541667
0.537500
0.537500
0.537500
0.533333
0.416667
0.650000
0.541667
0.541667
0.545833
0.537500
0.554167
0.575000
0.575000
0.558333
0.562500
0.562500
0.545833
0.541667
0.537500
0.533333
0.529167
0.520833
0.525000
0.525000
0.516667
0.520833
0.516667
0.520833
0.525000
0.533333
0.533333
0.533333
0.545833
0.558333
0.562500
0.554167
0.558333
0.570833
0.454167
0.333333
0.891667
0.541667
0.533333
0.533333
0.525000
0.533333
0.525000
0.533333
0.541667
0.529167
0.537500
0.533333
0.550000
0.541667
0.537500
0.533333
0.545833
0.529167
0.533333
0.541667
1.083333
0.570833
0.583333
0.583333
0.579167
0.558333
0.562500
0.566667
0.570833
0.562500
0.537500
0.233333
0.854167
1.079167
0.541667
0.541667
1.058333
0.533333
0.529167
0.537500
1.045833
0.550000
0.562500
0.554167
0.558333
0.537500
0.550000
0.562500
0.566667
0.550000
0.537500
0.533333
0.529167
0.266667
0.275000
0.545833
0.550000
0.533333
0.533333
0.537500
0.529167
0.529167
0.529167
0.533333
0.537500
0.533333
0.525000
0.537500
0.554167
0.575000
0.570833
0.541667
0.537500
0.537500
0.533333
0.533333
0.525000
0.520833
0.516667
0.520833
0.525000
0.525000
0.533333
0.529167
0.525000
0.541667
0.554167
0.545833
0.545833
0.537500
0.554167
0.550000
0.550000
0.575000
0.729167
0.383333
0.566667
0.570833
0.562500
0.550000
0.462500
0.616667
0.541667
0.533333
