0.829167
0.683333
0.808333
1.379167
1.187500
1.158333
1.195833
1.283333
0.645833
1.175000
1.145833
1.133333
1.133333
0.737500
0.987500
0.866667
0.608333
1.179167
0.854167
0.862500
1.400000
1.187500
1.437500
1.258333
0.829167
0.850000
1.200000
0.862500
1.141667
1.129167
0.879167
0.658333
0.762500
0.841667
1.129167
1.179167
1.370833
0.875000
0.908333
0.812500
1.400000
1.183333
1.116667
0.645833
1.104167
1.175000
1.145833
1.133333
0.654167
0.854167
1.391667
0.654167
1.104167
0.850000
0.887500
0.862500
0.891667
1.162500
1.158333
1.141667
0.633333
1.125000
1.125000
0.625000
1.129167
0.645833
0.837500
0.845833
0.720833
0.729167
0.633333
0.283333
0.762500
0.083333
0.516667
0.491667
0.733333
0.183333
0.204167
0.270833
0.754167
0.545833
0.429167
0.341667
0.170833
0.304167
0.500000
0.191667
0.466667
0.591667
0.600000
0.233333
0.420833
0.670833
0.845833
0.679167
0.408333
0.670833
0.820833
0.383333
0.566667
0.504167
0.600000
0.654167
0.233333
0.733333
0.200000
0.641667
0.520833
0.554167
0.391667
0.170833
0.429167
0.420833
0.550000
0.800000
0.833333
0.629167
1.275000
0.487500
1.095833
0.637500
1.087500
0.608333
0.695833
1.004167
0.616667
1.104167
0.766667
0.341667
0.591667
0.241667
0.850000
1.441667
0.262500
1.366667
0.787500
0.670833
0.950000
0.841667
1.270833
0.745833
0.654167
1.279167
1.262500
0.941667
0.533333
0.637500
0.483333
0.287500
1.162500
1.125000
0.695833
0.558333
0.620833
0.441667
0.975000
0.858333
0.470833
0.429167
0.454167
0.616667
0.583333
0.587500
0.666667
0.425000
0.708333
0.937500
0.725000
0.516667
0.583333
1.112500
0.850000
0.300000
0.279167
0.479167
0.445833
0.395833
0.141667
1.075000
0.737500
0.633333
0.625000
0.587500
1.179167
0.616667
0.533333
1.091667
0.608333
0.666667
0.333333
0.266667
0.400000
0.895833
0.750000
0.487500
0.950000
0.504167
0.795833
0.600000
0.429167
0.666667
0.466667
0.195833
0.516667
0.554167
0.791667
0.383333
0.195833
0.729167
0.275000
0.250000
0.645833
0.620833
0.362500
0.262500
0.679167
0.308333
0.379167
0.695833
0.533333
0.337500
0.770833
1.175000
0.816667
0.358333
0.387500
0.333333
0.283333
0.658333
0.629167
0.512500
0.391667
0.512500
1.404167
1.691667
1.437500
0.291667
0.558333
0.866667
0.612500
0.850000
0.829167
0.850000
0.833333
0.662500
0.800000
1.116667
0.508333
0.487500
0.095833
0.566667
0.062500
0.704167
0.591667
0.162500
0.787500
0.558333
0.425000
0.175000
0.400000
0.445833
0.250000
0.350000
1.608333
0.762500
0.420833
0.416667
0.300000
0.533333
0.637500
0.291667
0.483333
0.295833
0.629167
0.325000
0.341667
0.204167
0.200000
0.212500
0.625000
0.425000
0.279167
0.366667
0.416667
0.808333
0.266667
0.716667
0.525000
0.858333
0.195833
0.691667
0.850000
0.854167
0.241667
0.258333
0.600000
0.416667
0.387500
0.754167
0.262500
0.404167
0.612500
0.200000
0.687500
0.791667
0.362500
0.220833
0.850000
0.220833
0.500000
0.595833
1.133333
0.412500
1.045833
0.337500
0.470833
0.420833
0.729167
0.879167
0.516667
1.020833
1.108333
0.233333
1.233333
0.854167
1.308333
1.416667
0.654167
1.170833
0.525000
1.120833
0.804167
0.608333
0.566667
0.204167
0.333333
0.620833
0.295833
0.516667
0.616667
0.825000
1.129167
0.620833
0.312500
0.491667
0.545833
0.454167
0.195833
0.729167
0.695833
0.612500
0.858333
0.825000
0.600000
1.045833
0.945833
0.870833
0.875000
0.795833
0.620833
1.083333
0.620833
1.162500
1.079167
0.625000
1.604167
0.691667
1.341667
0.629167
0.837500
0.650000
0.816667
0.866667
1.087500
0.620833
0.800000
0.870833
0.620833
1.308333
0.895833
0.841667
0.600000
0.691667
0.987500
1.166667
1.116667
0.487500
0.587500
0.291667
0.304167
1.220833
0.612500
0.337500
0.275000
0.495833
0.287500
0.787500
0.333333
0.858333
0.229167
0.229167
0.858333
0.687500
0.516667
1.083333
1.804167
1.200000
1.670833
1.966667
2.179167
0.987500
0.600000
0.587500
0.616667
1.125000
0.633333
0.520833
0.829167
0.866667
0.950000
0.783333
0.829167
0.975000
0.825000
0.304167
0.437500
0.325000
0.304167
1.137500
0.616667
0.704167
0.320833
0.679167
0.337500
0.795833
0.458333
0.691667
1.220833
0.512500
0.895833
0.800000
0.650000
0.812500
0.850000
1.108333
0.904167
0.712500
1.004167
0.391667
1.037500
0.925000
0.525000
0.858333
0.337500
0.445833
0.254167
0.387500
0.233333
0.637500
0.495833
0.237500
0.262500
0.654167
1.083333
0.695833
0.508333
0.941667
0.208333
1.258333
0.725000
0.312500
0.270833
1.195833
0.520833
1.587500
0.637500
0.633333
0.554167
0.116667
0.820833
0.762500
0.525000
0.916667
0.337500
0.391667
0.208333
0.329167
0.329167
0.700000
0.458333
0.279167
0.291667
0.454167
0.870833
0.229167
0.541667
0.825000
0.304167
0.466667
0.375000
0.366667
0.195833
0.666667
0.495833
0.362500
0.800000
0.745833
1.333333
0.900000
1.420833
0.275000
0.345833
0.358333
0.866667
0.300000
0.512500
0.816667
0.750000
0.504167
1.166667
1.241667
1.100000
1.150000
0.800000
0.312500
0.495833
0.554167
1.087500
0.645833
0.795833
0.654167
0.804167
1.112500
1.233333
1.083333
0.558333
1.120833
1.175000
0.516667
0.370833
0.862500
0.991667
0.845833
0.654167
1.175000
1.179167
0.770833
1.395833
0.362500
0.545833
1.095833
0.604167
0.783333
0.708333
0.545833
0.804167
0.350000
0.600000
1.187500
0.733333
0.645833
1.033333
0.625000
1.645833
0.629167
0.916667
0.762500
1.075000
1.125000
0.650000
1.045833
0.608333
1.404167
0.754167
0.966667
1.087500
0.650000
1.400000
0.929167
1.070833
0.608333
0.845833
0.633333
1.079167
0.854167
0.845833
1.112500
0.808333
0.845833
0.879167
0.833333
0.520833
0.362500
1.075000
0.633333
0.845833
0.895833
1.104167
0.650000
0.787500
0.875000
0.837500
0.900000
1.079167
0.625000
1.141667
1.408333
0.654167
1.083333
1.091667
0.866667
0.641667
1.100000
1.216667
0.529167
1.225000
0.779167
0.854167
0.633333
0.854167
0.937500
0.412500
0.216667
0.375000
0.237500
0.541667
0.658333
0.370833
0.437500
0.287500
0.466667
0.254167
0.637500
0.433333
0.320833
0.558333
0.287500
0.579167
0.879167
0.395833
0.258333
0.200000
0.558333
0.654167
0.295833
0.358333
0.275000
0.729167
0.304167
0.620833
0.970833
0.791667
0.625000
0.770833
0.845833
0.991667
0.995833
0.616667
0.587500
0.920833
0.483333
0.358333
0.545833
0.179167
0.679167
0.562500
0.229167
0.895833
0.241667
0.237500
0.475000
0.250000
0.516667
1.091667
0.537500
0.416667
0.379167
0.637500
0.308333
0.504167
0.650000
0.437500
0.545833
0.362500
0.254167
1.220833
0.529167
0.470833
0.366667
0.237500
0.345833
0.745833
0.370833
0.529167
0.966667
0.879167
0.708333
1.116667
0.625000
1.233333
1.087500
0.529167
0.966667
0.225000
0.670833
0.950000
0.920833
0.620833
0.866667
0.720833
0.712500
1.008333
0.704167
1.129167
0.679167
0.458333
0.545833
0.866667
0.529167
0.566667
0.350000
0.291667
1.075000
0.495833
0.270833
0.437500
0.929167
0.716667
1.129167
0.950000
0.708333
1.020833
0.466667
0.562500
0.858333
0.741667
0.687500
0.566667
0.566667
0.550000
1.166667
0.741667
0.637500
1.062500
0.595833
0.833333
0.966667
0.891667
1.016667
0.862500
0.962500
0.558333
0.837500
0.287500
1.037500
0.691667
0.404167
0.720833
0.812500
0.508333
1.075000
0.466667
0.166667
0.600000
1.150000
1.220833
1.325000
0.520833
1.012500
0.362500
0.625000
0.412500
0.783333
1.112500
0.845833
0.650000
0.600000
0.508333
1.112500
0.920833
0.804167
0.595833
1.087500
0.679167
1.029167
0.666667
0.775000
0.804167
0.883333
1.133333
1.150000
1.137500
0.625000
1.100000
0.645833
0.845833
0.850000
1.416667
0.641667
1.100000
0.891667
0.816667
0.891667
0.825000
0.854167
1.158333
1.133333
0.887500
1.108333
0.558333
1.187500
1.129167
0.675000
0.512500
0.808333
0.866667
0.879167
0.933333
0.545833
1.133333
1.050000
0.775000
0.920833
0.845833
0.941667
0.558333
1.087500
0.850000
1.420833
0.854167
0.820833
0.904167
0.866667
1.083333
1.116667
0.679167
1.054167
1.125000
1.075000
0.983333
0.725000
0.925000
1.116667
0.658333
1.154167
1.037500
0.654167
0.362500
0.345833
0.420833
0.220833
0.350000
0.495833
0.295833
0.250000
0.195833
0.279167
0.183333
0.258333
0.491667
0.608333
0.291667
0.537500
0.633333
0.162500
0.920833
0.191667
0.720833
0.800000
0.366667
0.504167
0.254167
0.400000
0.425000
0.608333
0.620833
0.958333
