1.091667
1.087500
1.087500
1.087500
0.970833
1.187500
1.087500
1.091667
1.083333
1.091667
1.087500
1.087500
1.087500
1.087500
1.087500
1.087500
1.087500
1.091667
1.083333
1.091667
1.087500
1.087500
1.087500
1.087500
1.087500
1.091667
1.083333
1.091667
1.083333
1.091667
1.087500
1.087500
1.087500
1.087500
1.087500
1.091667
1.083333
1.087500
1.091667
1.083333
1.091667
1.087500
1.087500
1.087500
1.087500
1.091667
1.083333
1.091667
1.083333
1.087500
1.091667
1.087500
1.087500
1.087500
1.087500
1.091667
1.083333
1.091667
1.083333
1.091667
1.087500
1.087500
1.087500
1.087500
1.087500
1.087500
1.087500
1.091667
1.083333
1.091667
1.087500
1.087500
1.087500
1.087500
1.087500
1.087500
1.091667
1.083333
1.091667
1.087500
1.087500
1.087500
1.087500
1.087500
1.087500
1.087500
1.087500
1.091667
1.083333
1.087500
1.091667
1.087500
1.087500
1.087500
1.087500
1.091667
1.083333
1.087500
1.091667
1.087500
1.087500
1.087500
1.087500
1.087500
1.087500
1.087500
1.091667
1.083333
1.091667
1.083333
1.091667
1.087500
1.087500
0.862500
1.191667
1.087500
1.091667
1.083333
1.091667
1.087500
1.087500
1.087500
1.087500
1.087500
1.091667
1.083333
1.087500
1.091667
1.087500
1.087500
1.087500
1.087500
1.087500
1.087500
1.091667
1.083333
1.087500
1.091667
1.087500
1.087500
1.087500
1.087500
1.087500
1.087500
1.087500
1.091667
1.083333
1.091667
1.087500
1.087500
1.087500
1.087500
1.087500
1.091667
1.083333
1.091667
1.083333
1.091667
1.087500
1.087500
1.087500
1.087500
1.087500
1.087500
1.091667
1.083333
1.087500
1.091667
1.087500
1.087500
1.087500
1.087500
1.091667
1.083333
1.087500
1.091667
0.941667
1.183333
1.091667
1.083333
1.091667
1.083333
1.091667
1.087500
1.087500
1.087500
1.087500
1.087500
1.091667
1.083333
1.087500
1.091667
1.087500
1.087500
1.087500
1.087500
1.087500
1.087500
1.087500
1.087500
1.091667
1.083333
1.087500
1.091667
1.087500
1.087500
1.087500
1.087500
1.091667
1.083333
1.087500
1.091667
1.083333
1.091667
1.087500
1.087500
1.087500
1.087500
1.087500
1.087500
1.087500
1.091667
1.087500
1.087500
1.087500
1.087500
1.087500
1.087500
1.087500
1.091667
1.083333
1.091667
1.087500
1.087500
1.087500
1.087500
1.087500
1.087500
1.087500
1.087500
1.087500
1.091667
1.087500
1.087500
1.087500
1.087500
1.087500
1.087500
1.087500
1.087500
1.087500
1.091667
1.083333
1.091667
1.087500
1.091667
1.091667
1.095833
1.087500
1.087500
1.087500
1.091667
1.083333
1.091667
0.762500
1.187500
1.091667
1.083333
1.091667
1.083333
1.091667
1.087500
1.087500
1.087500
1.087500
1.087500
1.091667
1.083333
1.091667
1.083333
1.091667
1.087500
1.087500
1.087500
1.087500
1.087500
1.087500
1.087500
1.091667
1.083333
1.091667
1.087500
1.087500
1.087500
1.087500
1.087500
1.087500
1.087500
1.091667
1.083333
1.091667
1.087500
1.087500
1.087500
1.087500
1.087500
1.087500
1.087500
1.091667
1.083333
1.087500
1.091667
1.087500
1.087500
1.087500
1.087500
1.087500
1.087500
1.008333
1.166667
1.087500
1.091667
1.087500
1.087500
1.087500
1.087500
1.091667
1.083333
1.087500
1.091667
1.083333
1.091667
1.087500
1.087500
1.087500
1.087500
1.087500
1.091667
1.079167
1.091667
1.091667
1.087500
1.087500
1.087500
1.087500
1.087500
1.087500
1.091667
1.083333
1.091667
1.087500
1.087500
1.087500
1.087500
1.087500
0.679167
1.183333
1.091667
1.087500
1.087500
1.087500
0.758333
1.183333
1.091667
1.083333
1.091667
1.087500
1.087500
1.087500
1.087500
1.087500
1.087500
1.087500
1.104167
1.070833
1.087500
1.091667
1.087500
1.087500
1.087500
1.087500
1.091667
0.779167
1.183333
1.091667
1.087500
1.087500
1.087500
1.087500
1.087500
1.087500
1.091667
1.083333
1.087500
1.091667
1.087500
1.087500
1.087500
1.087500
0.866667
1.191667
1.083333
1.087500
1.091667
1.087500
1.087500
1.087500
1.087500
1.091667
1.083333
1.091667
1.083333
1.087500
1.091667
1.087500
1.087500
1.087500
1.087500
1.091667
1.083333
1.091667
1.087500
1.087500
1.087500
1.087500
1.087500
1.087500
1.087500
1.091667
1.087500
1.087500
1.083333
1.091667
1.087500
0.983333
1.183333
1.087500
1.091667
1.083333
1.087500
1.091667
1.087500
1.087500
1.087500
1.087500
1.087500
1.087500
1.087500
1.091667
1.083333
1.087500
1.091667
1.087500
1.087500
1.087500
1.087500
1.087500
1.087500
1.087500
1.091667
1.083333
1.091667
1.087500
1.087500
1.087500
0.979167
1.187500
1.087500
1.091667
1.087500
1.083333
1.091667
1.087500
1.087500
1.087500
1.087500
1.087500
1.087500
1.087500
1.091667
1.087500
1.087500
1.087500
1.087500
1.087500
1.087500
1.087500
1.091667
1.083333
1.091667
1.087500
1.087500
1.087500
1.087500
0.750000
1.195833
1.083333
1.091667
1.087500
1.087500
1.087500
1.087500
1.087500
1.091667
1.083333
1.091667
1.104167
1.070833
1.087500
1.087500
1.087500
1.087500
1.087500
1.087500
1.091667
1.083333
1.087500
1.091667
1.087500
1.087500
1.087500
1.087500
1.087500
1.087500
1.091667
1.083333
1.091667
1.087500
1.087500
1.087500
1.087500
1.087500
1.087500
1.087500
1.087500
1.091667
1.083333
1.091667
1.087500
1.087500
1.087500
1.087500
1.087500
1.091667
1.083333
1.087500
1.091667
1.087500
1.087500
1.087500
1.087500
1.087500
1.087500
1.087500
1.091667
1.083333
1.087500
1.091667
1.087500
1.104167
1.070833
1.087500
1.087500
1.087500
1.087500
1.091667
1.083333
1.087500
1.091667
1.087500
1.087500
1.087500
1.087500
1.087500
