0.758333
0.754167
0.758333
0.754167
0.754167
0.745833
0.754167
0.758333
0.758333
0.758333
0.754167
0.758333
0.762500
0.766667
0.762500
0.762500
0.762500
0.758333
0.766667
0.762500
0.762500
0.766667
0.762500
0.758333
0.750000
0.750000
0.754167
0.754167
0.745833
0.754167
0.758333
0.758333
0.762500
0.762500
0.754167
0.758333
0.762500
0.762500
0.762500
0.762500
0.758333
0.754167
0.504167
0.254167
0.762500
0.750000
0.745833
0.750000
0.750000
0.750000
0.733333
0.745833
0.900000
0.187500
0.558333
1.066667
0.270833
0.375000
0.470833
0.379167
0.983333
0.375000
0.358333
0.720833
0.258333
0.470833
0.516667
0.212500
0.862500
0.100000
0.612500
0.633333
0.666667
0.725000
0.716667
0.716667
0.716667
0.716667
0.720833
0.725000
0.725000
0.720833
0.229167
0.491667
0.604167
0.854167
0.725000
0.729167
0.725000
0.729167
0.841667
0.291667
0.325000
1.158333
0.291667
0.729167
0.720833
0.720833
0.733333
0.733333
0.733333
0.733333
0.725000
0.725000
0.737500
0.729167
0.725000
0.729167
0.737500
0.720833
0.900000
0.558333
0.720833
0.725000
0.733333
0.733333
0.733333
0.729167
0.729167
0.733333
0.741667
0.737500
0.737500
0.737500
0.741667
0.745833
0.741667
0.745833
0.745833
0.745833
0.741667
0.741667
0.750000
0.758333
0.754167
0.754167
0.754167
0.758333
0.754167
0.758333
0.754167
0.750000
0.750000
0.745833
0.754167
0.754167
0.750000
0.745833
0.741667
0.745833
0.754167
0.745833
0.741667
0.741667
0.750000
0.750000
0.754167
0.733333
0.445833
0.316667
0.758333
0.350000
0.408333
0.745833
0.745833
0.758333
0.750000
0.750000
1.504167
0.754167
0.833333
0.662500
0.750000
0.754167
0.750000
0.745833
0.750000
0.754167
0.750000
0.750000
0.754167
0.754167
0.750000
0.754167
0.754167
0.754167
0.750000
0.754167
0.758333
0.754167
0.750000
0.750000
0.750000
0.750000
0.750000
0.754167
0.758333
0.754167
0.758333
0.762500
0.758333
0.754167
0.754167
0.770833
0.766667
0.762500
0.758333
0.758333
0.758333
0.762500
0.750000
0.762500
0.754167
0.754167
0.758333
0.750000
0.745833
0.545833
0.254167
0.316667
0.383333
0.600000
0.879167
0.729167
0.729167
0.654167
0.441667
0.362500
0.354167
0.620833
0.883333
0.608333
0.395833
0.345833
0.366667
0.704167
0.350000
0.745833
0.333333
0.254167
0.445833
0.704167
0.700000
0.191667
0.516667
0.700000
0.704167
0.429167
0.262500
0.262500
0.433333
0.704167
0.700000
0.695833
0.700000
0.695833
0.700000
0.700000
0.700000
0.704167
0.704167
0.708333
0.708333
0.712500
0.716667
0.725000
0.725000
0.725000
0.725000
0.737500
0.737500
0.741667
0.737500
0.737500
0.745833
0.745833
0.733333
0.745833
0.587500
0.316667
0.575000
0.608333
0.350000
0.433333
0.408333
0.454167
0.554167
0.866667
0.508333
0.191667
0.866667
0.358333
0.237500
0.204167
0.458333
0.608333
0.683333
0.195833
0.470833
0.241667
0.416667
0.291667
0.708333
0.708333
0.712500
0.566667
0.816667
0.725000
0.716667
0.725000
0.725000
0.725000
0.729167
0.729167
0.729167
0.737500
0.733333
0.737500
0.737500
0.733333
0.741667
0.741667
0.741667
0.737500
0.741667
0.745833
0.745833
0.745833
0.750000
0.745833
0.758333
0.758333
0.754167
0.750000
0.750000
0.758333
0.754167
0.758333
0.754167
0.758333
0.762500
0.758333
0.758333
0.762500
0.762500
0.766667
0.762500
0.762500
0.762500
0.762500
0.766667
0.762500
0.770833
0.762500
0.766667
0.762500
0.762500
0.762500
0.762500
0.766667
0.762500
0.762500
0.758333
0.766667
0.762500
0.758333
0.762500
0.754167
0.754167
0.754167
0.745833
0.745833
0.741667
0.750000
0.745833
0.741667
0.741667
0.745833
0.750000
0.750000
0.745833
0.745833
0.750000
0.754167
0.754167
0.750000
0.750000
0.750000
0.758333
0.758333
0.754167
0.750000
0.750000
0.758333
0.754167
0.754167
0.754167
0.750000
0.758333
0.754167
0.754167
0.754167
0.750000
0.754167
0.754167
0.754167
0.750000
0.754167
0.750000
0.754167
0.758333
0.754167
0.754167
0.754167
0.754167
0.762500
0.758333
0.766667
0.762500
0.758333
0.754167
0.766667
0.762500
0.758333
0.762500
0.762500
0.758333
0.762500
0.770833
0.762500
0.766667
0.762500
0.758333
0.762500
0.766667
0.775000
0.762500
0.762500
0.762500
0.762500
0.758333
0.758333
0.758333
0.762500
0.758333
0.754167
0.754167
0.754167
0.758333
0.762500
0.762500
0.754167
0.758333
0.758333
0.766667
0.762500
0.762500
0.762500
0.758333
0.754167
0.762500
0.758333
0.762500
0.754167
0.754167
0.758333
0.762500
0.762500
0.762500
0.758333
0.758333
0.754167
0.762500
0.762500
0.762500
0.762500
0.754167
0.758333
0.766667
0.766667
0.770833
0.762500
0.762500
0.762500
0.762500
0.766667
0.762500
0.762500
0.758333
0.758333
0.758333
0.766667
0.766667
0.770833
0.762500
0.766667
0.762500
0.770833
0.770833
0.775000
0.775000
0.762500
0.766667
0.762500
0.766667
0.762500
0.766667
0.762500
0.762500
0.766667
0.766667
0.770833
0.775000
0.766667
0.762500
0.762500
0.766667
0.758333
0.762500
0.750000
0.283333
0.579167
0.383333
0.183333
0.487500
0.333333
0.216667
0.529167
0.729167
0.270833
0.470833
0.254167
0.562500
0.279167
0.554167
0.545833
0.725000
0.616667
0.104167
0.287500
0.229167
0.912500
0.316667
0.291667
0.875000
0.637500
0.704167
0.704167
0.695833
0.691667
0.704167
0.495833
0.195833
0.700000
0.683333
0.700000
0.695833
0.700000
0.691667
0.687500
0.704167
0.695833
0.550000
0.845833
0.437500
0.266667
0.695833
0.700000
0.700000
0.720833
0.695833
0.675000
0.233333
0.650000
0.204167
0.337500
0.183333
0.400000
0.420833
1.270833
1.204167
0.704167
0.850000
1.383333
1.262500
0.570833
1.525000
0.141667
1.245833
2.075000
0.691667
1.275000
0.637500
1.229167
0.441667
0.100000
0.654167
1.004167
0.654167
0.166667
0.429167
1.033333
0.691667
1.408333
1.404167
0.712500
0.716667
0.716667
0.720833
0.716667
0.725000
0.729167
0.729167
0.729167
0.725000
0.729167
0.741667
0.733333
0.733333
0.729167
0.733333
0.741667
0.741667
0.741667
0.733333
0.741667
0.750000
0.741667
0.741667
0.741667
0.750000
0.241667
0.500000
0.729167
0.733333
0.733333
0.725000
0.708333
0.729167
0.716667
0.729167
0.712500
0.720833
0.712500
0.729167
0.725000
0.708333
0.720833
0.708333
0.729167
0.708333
0.716667
0.700000
0.704167
0.725000
0.708333
0.708333
0.691667
0.720833
0.708333
0.704167
0.687500
0.716667
0.695833
0.716667
0.704167
0.687500
0.712500
0.262500
0.437500
0.425000
0.525000
0.458333
0.700000
0.679167
0.712500
0.391667
0.408333
0.587500
0.683333
0.704167
0.700000
0.700000
0.700000
0.700000
0.712500
0.712500
0.716667
0.720833
0.716667
0.720833
0.733333
0.729167
0.729167
0.729167
0.729167
0.741667
0.733333
0.733333
0.733333
0.729167
0.733333
0.737500
0.733333
0.733333
0.729167
0.737500
0.745833
0.745833
0.741667
0.741667
0.741667
0.754167
0.745833
0.750000
0.745833
0.750000
0.754167
0.750000
0.754167
0.758333
0.750000
0.762500
0.762500
0.762500
0.758333
0.750000
0.770833
0.762500
0.762500
0.762500
0.745833
0.770833
0.754167
0.762500
0.750000
0.745833
0.750000
0.758333
0.762500
0.750000
0.758333
0.745833
0.766667
0.754167
0.762500
0.754167
0.766667
0.750000
0.770833
0.762500
0.770833
0.758333
0.766667
0.750000
0.758333
0.758333
0.750000
0.750000
0.745833
0.745833
0.754167
0.750000
0.750000
0.750000
0.741667
0.754167
0.750000
0.750000
0.745833
0.729167
0.750000
0.745833
0.741667
0.737500
0.737500
0.733333
0.737500
0.737500
0.737500
0.733333
0.729167
0.729167
0.737500
0.733333
0.729167
0.729167
0.720833
0.729167
0.729167
0.729167
0.733333
0.720833
0.725000
0.737500
0.729167
0.733333
0.725000
0.725000
0.725000
0.733333
0.729167
0.729167
0.725000
0.725000
0.725000
0.733333
0.729167
0.729167
0.729167
0.725000
0.733333
0.733333
0.733333
0.729167
0.737500
0.729167
0.733333
0.737500
0.737500
0.737500
0.733333
0.729167
0.733333
0.737500
0.733333
0.737500
0.733333
0.733333
0.741667
0.745833
0.741667
0.741667
0.741667
0.733333
0.745833
0.750000
0.745833
0.741667
0.733333
0.741667
0.737500
0.741667
0.754167
0.741667
0.733333
0.733333
0.737500
0.745833
0.741667
0.741667
0.737500
0.737500
0.737500
0.745833
0.741667
0.741667
0.741667
0.741667
0.737500
0.754167
0.741667
0.741667
0.741667
0.737500
0.737500
0.741667
0.741667
0.741667
0.737500
0.733333
0.741667
0.758333
0.745833
0.741667
0.733333
0.733333
0.737500
0.754167
0.750000
0.733333
0.733333
0.754167
0.750000
