0.695833
0.708333
0.708333
0.700000
0.716667
0.712500
0.704167
0.700000
0.712500
0.704167
0.700000
0.691667
0.708333
0.704167
0.687500
0.683333
0.700000
0.695833
0.675000
0.679167
0.679167
0.679167
0.666667
0.675000
0.679167
0.679167
0.666667
0.691667
0.691667
0.691667
0.683333
0.704167
0.704167
0.695833
0.695833
0.708333
0.708333
0.708333
0.700000
0.716667
0.712500
0.708333
0.700000
0.716667
0.712500
0.704167
0.700000
0.720833
0.712500
0.712500
0.691667
0.704167
0.704167
0.687500
0.683333
0.695833
0.691667
0.679167
0.687500
0.691667
0.679167
0.675000
0.691667
0.687500
0.679167
0.687500
0.691667
0.687500
0.683333
0.695833
0.700000
0.691667
0.687500
0.708333
0.708333
0.695833
0.712500
0.708333
0.716667
0.595833
0.833333
0.720833
0.725000
0.716667
0.712500
0.725000
0.725000
0.712500
0.704167
0.720833
0.712500
0.691667
0.687500
0.695833
0.695833
0.675000
0.683333
0.687500
0.683333
0.675000
0.683333
0.683333
0.687500
0.675000
0.687500
0.691667
0.691667
0.679167
0.695833
0.691667
0.691667
0.679167
0.700000
0.695833
0.687500
0.704167
0.700000
0.700000
0.691667
0.708333
0.708333
0.700000
0.695833
0.716667
0.712500
0.704167
0.700000
0.720833
0.712500
0.704167
0.695833
0.695833
0.700000
0.679167
0.675000
0.687500
0.683333
0.666667
0.679167
0.683333
0.679167
0.666667
0.683333
0.683333
0.675000
0.679167
0.691667
0.687500
0.679167
0.687500
0.691667
0.695833
0.683333
0.700000
0.695833
0.695833
0.683333
0.704167
0.695833
0.691667
0.687500
0.691667
0.683333
0.700000
0.700000
0.691667
0.687500
0.700000
0.704167
0.695833
0.683333
0.516667
0.891667
0.691667
0.683333
0.679167
0.683333
0.683333
0.666667
0.679167
0.670833
0.662500
0.658333
0.679167
0.666667
0.666667
0.658333
0.675000
0.670833
0.675000
0.666667
0.675000
0.679167
0.679167
0.670833
0.679167
0.691667
0.691667
0.683333
0.695833
0.700000
0.704167
0.695833
0.708333
0.708333
0.704167
0.700000
0.712500
0.708333
0.691667
0.695833
0.704167
0.700000
0.691667
0.687500
0.479167
0.941667
0.695833
0.679167
0.691667
0.691667
0.679167
0.670833
0.691667
0.679167
0.683333
0.670833
0.687500
0.687500
0.687500
0.683333
0.687500
0.700000
0.700000
0.691667
0.708333
0.708333
0.704167
0.700000
0.716667
0.712500
0.708333
0.708333
0.716667
0.716667
0.708333
0.704167
0.720833
0.716667
0.700000
0.700000
0.720833
0.704167
0.679167
0.687500
0.687500
0.679167
0.670833
0.687500
0.679167
0.662500
0.683333
0.679167
0.662500
0.666667
0.600000
0.762500
0.666667
0.662500
0.691667
0.679167
0.666667
0.662500
0.645833
0.654167
0.683333
0.658333
0.658333
0.695833
0.700000
0.704167
0.670833
0.712500
0.712500
0.495833
0.929167
0.745833
0.720833
0.716667
0.537500
0.904167
0.725000
0.712500
0.700000
0.687500
0.695833
0.691667
0.683333
0.675000
0.691667
0.683333
0.520833
0.841667
0.654167
0.687500
0.670833
0.670833
0.670833
0.666667
0.679167
0.675000
0.662500
0.670833
0.679167
0.683333
0.679167
0.687500
0.683333
0.687500
0.700000
0.704167
0.704167
0.704167
0.720833
0.729167
0.733333
0.725000
0.745833
0.745833
0.741667
0.733333
0.745833
0.745833
0.729167
0.725000
0.737500
0.733333
0.716667
0.720833
0.729167
0.725000
0.700000
0.712500
0.712500
0.712500
0.695833
0.695833
0.704167
0.695833
0.679167
0.533333
0.850000
0.687500
0.670833
0.675000
0.683333
0.679167
0.670833
0.683333
0.687500
0.687500
0.679167
0.695833
0.700000
0.695833
0.691667
0.704167
0.704167
0.712500
0.700000
0.716667
0.712500
0.712500
0.704167
0.712500
0.591667
0.850000
0.704167
0.708333
0.708333
0.712500
0.704167
0.691667
0.712500
0.708333
0.700000
0.695833
0.695833
0.708333
0.704167
0.691667
0.691667
0.704167
0.695833
0.679167
0.700000
0.691667
0.683333
0.675000
0.691667
0.687500
0.679167
0.670833
0.695833
0.687500
0.683333
0.679167
0.695833
0.691667
0.687500
0.687500
0.704167
0.700000
0.704167
0.695833
0.708333
0.708333
0.708333
0.704167
0.712500
0.712500
0.708333
0.541667
0.908333
0.716667
0.708333
0.695833
0.708333
0.708333
0.704167
0.687500
0.695833
0.695833
0.487500
0.908333
0.691667
0.675000
0.662500
0.670833
0.666667
0.662500
0.658333
0.670833
0.666667
0.670833
0.662500
0.670833
0.679167
0.675000
0.666667
0.679167
0.683333
0.687500
0.675000
0.691667
0.695833
0.658333
0.700000
0.654167
0.700000
0.662500
0.695833
0.658333
0.695833
0.695833
0.700000
0.695833
0.691667
0.437500
0.941667
0.704167
0.691667
0.683333
0.691667
0.666667
0.666667
0.529167
0.816667
0.675000
0.658333
0.670833
0.675000
0.658333
0.662500
0.666667
0.675000
0.662500
0.666667
0.666667
0.679167
0.662500
0.670833
0.670833
0.679167
0.666667
0.683333
0.679167
0.675000
0.670833
0.687500
0.683333
0.687500
0.683333
0.687500
0.683333
0.691667
0.695833
0.700000
0.691667
0.700000
0.712500
0.708333
0.695833
0.691667
0.708333
0.700000
0.687500
0.679167
0.695833
0.687500
0.670833
0.679167
0.687500
0.683333
0.666667
0.670833
0.683333
0.679167
0.670833
0.666667
0.679167
0.679167
0.675000
0.670833
0.687500
0.687500
0.687500
0.683333
0.695833
0.695833
0.695833
0.691667
0.691667
0.704167
0.704167
0.704167
0.691667
0.708333
0.708333
0.683333
0.700000
0.700000
0.679167
0.687500
0.687500
0.675000
0.675000
0.687500
0.666667
0.670833
0.662500
0.662500
0.645833
0.650000
0.654167
0.654167
0.650000
0.637500
0.654167
0.650000
0.650000
0.641667
0.650000
0.645833
0.641667
0.645833
0.650000
0.650000
0.641667
0.650000
0.658333
0.658333
0.662500
0.662500
0.670833
0.662500
0.670833
0.675000
0.679167
0.679167
0.679167
0.675000
0.662500
0.595833
0.741667
0.666667
0.650000
0.662500
0.662500
0.662500
0.658333
0.645833
0.666667
0.658333
0.658333
0.641667
0.654167
0.658333
0.658333
0.641667
0.658333
0.658333
0.491667
0.837500
0.654167
0.650000
0.658333
0.658333
0.658333
0.654167
0.658333
0.666667
0.670833
0.670833
0.675000
0.683333
0.687500
0.679167
0.683333
0.691667
0.687500
0.683333
0.691667
0.695833
0.687500
0.687500
0.691667
0.687500
0.683333
0.691667
0.700000
0.700000
0.687500
0.700000
0.708333
0.704167
0.708333
0.704167
0.687500
0.708333
0.700000
0.695833
0.700000
0.691667
0.687500
0.691667
0.695833
0.691667
0.691667
0.687500
0.683333
0.687500
0.679167
0.679167
0.679167
0.679167
0.666667
0.683333
0.679167
0.683333
0.687500
0.670833
0.687500
0.691667
0.691667
0.691667
0.691667
0.687500
0.675000
0.666667
0.683333
0.483333
0.870833
0.666667
0.670833
0.650000
0.666667
0.658333
0.662500
0.641667
0.658333
0.654167
0.658333
0.654167
0.662500
0.650000
0.654167
0.670833
0.670833
0.675000
0.675000
0.679167
0.670833
0.675000
0.691667
0.695833
0.691667
0.687500
0.683333
0.679167
0.666667
0.683333
0.675000
0.683333
0.675000
0.679167
0.670833
0.662500
0.666667
0.670833
0.658333
0.666667
0.641667
0.666667
0.662500
0.658333
0.662500
0.654167
0.662500
0.658333
0.654167
0.562500
0.762500
0.666667
0.654167
1.329167
0.654167
0.662500
0.654167
0.654167
0.654167
0.650000
0.654167
0.654167
0.654167
1.320833
0.650000
0.645833
0.641667
0.645833
0.633333
0.645833
0.645833
0.629167
0.654167
0.658333
0.654167
0.666667
0.645833
0.662500
0.662500
0.658333
0.662500
0.666667
0.483333
0.858333
0.670833
0.666667
0.662500
0.662500
0.662500
0.666667
0.658333
0.662500
0.675000
0.658333
0.666667
0.670833
0.658333
0.675000
0.670833
0.658333
0.662500
0.675000
0.666667
0.662500
0.666667
0.670833
0.670833
0.666667
0.666667
0.675000
0.654167
0.670833
0.666667
0.662500
0.658333
0.666667
0.662500
0.654167
0.662500
0.666667
0.666667
0.654167
0.666667
0.662500
0.662500
0.666667
0.666667
0.662500
0.658333
0.662500
0.645833
0.658333
0.658333
0.658333
0.662500
0.645833
0.666667
0.666667
0.666667
0.670833
0.670833
0.675000
0.666667
0.679167
0.670833
0.662500
0.658333
0.675000
0.662500
0.654167
0.662500
0.662500
0.654167
0.650000
0.650000
0.658333
0.641667
0.654167
0.641667
0.645833
0.645833
0.650000
0.650000
0.637500
0.658333
0.662500
0.662500
0.658333
0.670833
0.675000
0.679167
0.666667
0.683333
0.683333
0.675000
0.679167
0.691667
0.691667
0.675000
0.691667
0.691667
0.691667
0.687500
0.687500
0.683333
0.679167
0.683333
0.670833
0.691667
0.691667
0.679167
0.683333
0.695833
0.691667
0.683333
0.700000
0.695833
0.683333
0.691667
0.700000
0.695833
0.691667
0.708333
0.695833
0.687500
0.704167
0.479167
0.920833
0.704167
0.695833
0.683333
0.695833
0.695833
0.687500
0.687500
0.691667
0.695833
0.683333
0.700000
0.695833
0.700000
0.695833
0.704167
0.708333
0.708333
0.708333
0.687500
0.691667
