0.520833
0.525000
0.520833
0.520833
0.516667
0.525000
0.529167
0.533333
0.516667
0.525000
0.525000
0.533333
0.537500
0.554167
0.541667
0.545833
0.550000
0.562500
0.566667
0.558333
0.550000
0.541667
0.545833
0.545833
0.545833
0.537500
0.529167
0.550000
0.550000
0.562500
0.554167
0.545833
0.558333
0.566667
0.583333
0.612500
0.587500
0.587500
0.595833
0.595833
0.583333
0.558333
0.545833
0.545833
0.545833
0.545833
0.537500
0.533333
0.537500
0.541667
0.537500
0.554167
0.562500
0.554167
0.570833
0.600000
0.587500
0.575000
0.287500
0.262500
0.245833
0.316667
0.550000
0.550000
0.541667
0.533333
0.525000
0.520833
0.525000
0.520833
0.525000
0.520833
0.512500
0.520833
0.516667
0.529167
0.516667
0.525000
0.529167
0.529167
0.520833
0.520833
0.525000
0.529167
0.533333
0.529167
0.525000
0.525000
0.529167
0.537500
0.537500
0.529167
0.533333
0.545833
0.550000
1.125000
0.550000
0.550000
0.566667
0.562500
0.550000
0.545833
0.537500
0.554167
0.566667
1.104167
0.287500
0.262500
0.541667
0.550000
0.541667
0.529167
0.550000
0.562500
0.562500
0.570833
0.570833
0.550000
0.545833
0.554167
0.545833
0.541667
0.537500
0.533333
0.541667
0.550000
0.541667
0.679167
0.412500
0.945833
0.841667
0.620833
0.587500
0.579167
0.579167
0.570833
0.558333
0.550000
0.787500
0.329167
0.575000
0.583333
1.158333
0.558333
0.558333
0.558333
0.566667
0.566667
0.554167
0.554167
0.541667
0.545833
1.091667
0.545833
1.079167
1.087500
1.091667
1.100000
0.562500
0.575000
1.129167
0.570833
1.145833
0.562500
0.570833
0.591667
0.587500
0.587500
0.591667
0.579167
0.600000
0.591667
0.583333
0.575000
0.554167
1.112500
0.554167
0.545833
0.537500
0.541667
0.550000
0.545833
0.550000
0.554167
0.550000
0.550000
0.562500
0.558333
1.108333
0.566667
0.583333
0.579167
0.575000
0.570833
0.554167
0.550000
0.562500
0.554167
0.562500
0.566667
0.550000
0.550000
0.550000
0.562500
0.575000
0.558333
0.554167
0.570833
0.558333
0.554167
0.554167
0.566667
0.575000
0.866667
0.250000
0.550000
0.554167
1.112500
1.120833
0.550000
0.579167
0.587500
0.583333
0.587500
0.562500
0.570833
1.116667
0.554167
0.541667
0.541667
0.541667
0.550000
0.270833
1.362500
0.545833
0.554167
0.558333
0.554167
0.562500
0.562500
0.579167
0.595833
0.612500
0.608333
0.583333
0.579167
0.562500
0.558333
0.554167
0.550000
0.558333
0.545833
0.541667
0.566667
0.470833
0.100000
0.562500
0.562500
0.554167
0.545833
0.541667
0.545833
0.333333
0.216667
0.554167
0.550000
0.550000
0.554167
0.562500
0.554167
0.562500
0.562500
0.579167
0.229167
0.354167
0.716667
0.512500
0.612500
0.587500
0.579167
0.570833
0.562500
0.558333
0.550000
0.554167
0.554167
0.545833
0.550000
0.541667
0.545833
0.545833
0.545833
0.545833
0.550000
0.545833
0.554167
0.554167
0.558333
0.566667
0.558333
0.558333
0.570833
0.558333
0.562500
0.566667
0.562500
0.579167
0.579167
0.304167
0.270833
0.604167
0.625000
0.612500
0.608333
0.587500
0.579167
0.587500
0.591667
0.575000
0.566667
0.554167
0.545833
1.070833
0.533333
0.529167
0.520833
0.533333
0.537500
0.533333
0.537500
0.541667
0.545833
0.541667
0.537500
0.545833
0.545833
0.545833
0.545833
0.558333
0.554167
0.550000
0.562500
1.125000
0.570833
0.595833
0.616667
0.633333
0.595833
0.587500
0.587500
1.129167
0.562500
0.554167
0.554167
0.800000
0.300000
0.550000
0.541667
0.545833
0.545833
0.545833
0.554167
0.554167
0.558333
0.550000
0.558333
0.575000
0.566667
0.566667
0.558333
0.562500
0.570833
0.575000
0.562500
0.554167
0.558333
0.558333
0.566667
0.579167
0.570833
0.562500
0.566667
0.575000
1.150000
0.566667
0.570833
0.579167
0.591667
0.579167
0.595833
0.650000
0.662500
0.616667
0.591667
0.579167
0.570833
0.570833
0.566667
1.104167
0.554167
0.554167
0.558333
0.558333
0.558333
0.562500
0.566667
0.579167
0.587500
0.575000
0.579167
0.583333
0.662500
0.708333
0.666667
0.645833
0.600000
0.579167
0.570833
0.570833
0.562500
0.570833
0.541667
0.550000
0.550000
0.554167
0.554167
0.541667
0.541667
0.537500
0.550000
0.216667
0.325000
0.537500
0.537500
0.541667
0.541667
0.537500
0.537500
0.537500
0.545833
0.537500
0.545833
0.550000
0.545833
0.550000
0.554167
0.545833
0.541667
0.558333
0.583333
0.600000
0.579167
0.566667
0.566667
0.570833
0.562500
0.558333
0.554167
0.550000
0.550000
0.550000
0.554167
0.550000
0.554167
0.562500
0.566667
0.587500
0.575000
0.579167
0.579167
0.579167
0.583333
0.575000
0.591667
0.645833
0.683333
0.595833
0.579167
0.583333
0.583333
0.570833
0.558333
0.545833
0.533333
0.537500
0.541667
0.537500
0.529167
0.529167
0.533333
0.533333
0.529167
0.541667
0.537500
0.537500
0.537500
0.541667
0.537500
0.545833
0.545833
0.545833
0.554167
0.550000
0.554167
0.558333
0.566667
0.220833
0.354167
0.570833
0.595833
0.608333
0.587500
0.591667
0.587500
0.579167
0.570833
0.566667
0.550000
0.550000
0.550000
0.545833
0.554167
0.558333
0.562500
0.554167
0.558333
0.570833
0.570833
0.570833
0.566667
0.562500
0.575000
0.558333
0.579167
0.579167
0.637500
0.762500
0.708333
0.666667
0.645833
0.600000
0.587500
0.579167
0.575000
0.566667
0.562500
0.570833
0.604167
0.591667
0.579167
0.570833
0.575000
0.566667
0.566667
0.558333
0.554167
0.541667
0.541667
0.545833
0.541667
0.550000
0.562500
0.550000
0.566667
1.133333
0.570833
0.566667
1.141667
0.570833
0.570833
0.570833
0.575000
0.575000
0.291667
0.283333
0.270833
0.295833
0.575000
0.229167
0.350000
0.362500
0.237500
0.491667
0.679167
0.575000
0.558333
0.558333
0.566667
0.554167
0.554167
0.545833
0.550000
0.541667
0.550000
0.545833
0.545833
0.541667
0.541667
0.545833
0.545833
0.550000
0.545833
0.545833
0.208333
0.341667
0.558333
0.545833
0.550000
0.558333
0.558333
0.558333
0.554167
0.550000
0.558333
0.554167
0.545833
0.541667
1.075000
0.550000
0.545833
0.537500
0.541667
0.545833
0.550000
0.545833
0.541667
0.554167
0.575000
0.583333
0.570833
0.558333
0.554167
0.562500
0.262500
0.295833
0.550000
0.541667
0.545833
0.554167
0.550000
0.541667
0.550000
0.550000
0.541667
0.545833
0.545833
0.554167
0.545833
0.545833
0.558333
0.550000
0.554167
0.554167
0.554167
0.562500
0.558333
0.554167
0.545833
0.558333
0.558333
0.554167
0.554167
0.554167
0.558333
0.562500
0.570833
0.583333
0.575000
1.191667
0.600000
0.587500
0.587500
0.575000
0.570833
0.595833
0.600000
0.595833
0.570833
0.579167
0.566667
0.545833
0.545833
0.545833
0.537500
0.554167
0.541667
0.545833
0.550000
0.541667
0.554167
0.566667
0.570833
0.562500
0.575000
0.575000
0.566667
0.570833
0.579167
0.600000
0.616667
0.591667
0.570833
0.558333
0.554167
0.558333
0.191667
0.354167
0.554167
0.550000
0.558333
0.550000
0.545833
0.550000
0.550000
0.558333
0.566667
0.558333
0.550000
0.550000
0.550000
0.554167
0.558333
0.566667
0.575000
1.050000
0.204167
0.604167
0.587500
0.575000
0.570833
0.570833
0.558333
0.554167
0.554167
0.550000
0.554167
0.554167
0.554167
0.550000
0.554167
0.250000
0.308333
0.554167
0.550000
0.550000
0.550000
1.112500
0.550000
0.550000
0.554167
0.545833
0.558333
1.129167
0.566667
0.562500
0.570833
0.587500
0.587500
0.587500
0.837500
0.391667
0.612500
0.629167
0.620833
0.587500
0.575000
0.570833
0.570833
0.558333
0.545833
0.541667
1.079167
0.533333
0.537500
1.079167
0.537500
0.541667
0.537500
0.541667
0.545833
0.545833
0.554167
0.550000
0.558333
0.550000
1.112500
0.554167
0.558333
0.566667
0.562500
0.562500
0.562500
0.566667
0.558333
0.570833
0.562500
0.570833
0.570833
0.566667
0.583333
0.579167
0.245833
0.316667
0.587500
0.629167
0.658333
0.629167
0.600000
0.579167
0.245833
0.320833
0.570833
0.554167
0.545833
0.550000
0.545833
0.550000
0.541667
0.541667
1.083333
0.537500
0.537500
0.541667
1.079167
0.550000
0.558333
0.545833
0.566667
0.554167
0.358333
0.191667
0.558333
0.566667
0.562500
0.850000
0.291667
0.579167
0.575000
1.158333
0.566667
0.579167
0.579167
1.158333
0.575000
0.579167
0.583333
0.579167
1.129167
0.600000
0.595833
0.587500
0.570833
0.566667
0.566667
0.554167
1.091667
0.541667
0.545833
0.545833
0.545833
0.558333
0.554167
1.137500
0.587500
0.591667
0.587500
0.566667
0.558333
0.558333
0.554167
0.545833
1.100000
0.550000
0.545833
0.545833
0.312500
0.237500
0.545833
0.550000
0.558333
0.554167
0.562500
1.116667
1.112500
0.562500
0.562500
0.566667
0.570833
0.566667
0.979167
0.754167
0.583333
0.566667
0.558333
0.562500
0.750000
0.366667
0.554167
0.558333
0.558333
0.575000
1.158333
1.158333
0.554167
0.591667
0.641667
1.029167
0.191667
0.125000
1.029167
0.579167
0.583333
0.579167
0.545833
0.550000
0.554167
1.087500
0.537500
0.545833
0.562500
0.575000
0.558333
0.566667
0.566667
0.545833
0.533333
0.537500
0.529167
0.537500
0.533333
0.525000
0.525000
0.533333
0.525000
0.533333
0.541667
0.545833
0.541667
0.545833
0.541667
0.554167
0.550000
0.558333
0.550000
0.233333
0.316667
0.566667
0.912500
0.216667
0.558333
0.562500
0.575000
0.562500
0.562500
0.566667
0.562500
0.550000
0.550000
0.550000
0.554167
0.558333
0.558333
0.541667
0.550000
0.550000
0.562500
0.554167
0.545833
0.541667
0.545833
0.554167
0.541667
0.545833
0.545833
0.550000
0.566667
0.570833
0.558333
0.562500
0.575000
0.591667
0.587500
0.562500
0.562500
0.212500
0.354167
0.558333
0.283333
0.816667
0.525000
0.545833
0.541667
0.533333
0.529167
0.541667
0.541667
0.537500
0.533333
0.541667
0.558333
0.550000
0.541667
0.545833
0.554167
0.550000
0.558333
0.550000
0.541667
0.554167
0.558333
0.562500
0.550000
0.550000
0.270833
0.283333
0.375000
0.254167
0.470833
0.533333
0.554167
0.558333
0.554167
0.291667
0.508333
0.287500
0.558333
0.579167
0.704167
0.962500
0.541667
0.541667
0.533333
0.520833
0.529167
0.520833
1.062500
0.525000
0.533333
0.533333
0.537500
0.541667
0.558333
0.541667
0.545833
0.566667
0.579167
0.575000
0.566667
0.579167
1.104167
0.566667
0.554167
0.566667
0.570833
0.550000
0.545833
0.533333
0.537500
0.545833
0.537500
0.537500
1.079167
0.550000
0.545833
0.541667
0.541667
0.558333
0.558333
0.566667
1.133333
0.862500
0.254167
0.575000
0.575000
1.129167
0.558333
0.545833
0.558333
0.570833
0.566667
0.883333
0.229167
0.533333
0.537500
0.533333
0.541667
0.537500
0.558333
