0.479167
0.466667
1.429167
0.470833
0.483333
0.650000
0.741667
0.500000
0.466667
0.466667
0.470833
0.475000
1.083333
0.300000
0.516667
0.470833
0.454167
0.629167
0.525000
0.304167
0.458333
0.470833
1.087500
0.333333
0.470833
0.475000
0.475000
0.466667
1.120833
0.279167
0.495833
0.479167
0.470833
1.120833
0.775000
0.479167
0.462500
0.475000
0.454167
0.841667
0.600000
0.470833
0.466667
0.479167
0.462500
1.095833
0.325000
0.479167
0.466667
0.466667
1.108333
0.775000
0.470833
0.420833
0.625000
1.166667
0.400000
0.420833
0.387500
0.979167
0.683333
0.391667
0.404167
0.454167
0.391667
0.875000
0.783333
0.433333
0.437500
0.400000
0.420833
0.866667
0.829167
0.429167
0.420833
0.425000
0.416667
0.850000
0.525000
0.458333
0.483333
0.495833
0.566667
0.854167
0.466667
0.450000
0.841667
0.570833
0.312500
0.616667
0.879167
0.325000
0.641667
0.295833
0.433333
0.508333
1.237500
0.591667
0.450000
0.758333
0.466667
0.641667
0.437500
0.875000
0.300000
0.612500
0.450000
0.275000
0.462500
0.650000
0.441667
0.300000
0.454167
0.437500
0.454167
0.995833
0.320833
0.441667
0.454167
0.562500
0.920833
0.454167
0.454167
0.454167
0.462500
0.462500
0.745833
0.487500
0.491667
0.654167
0.458333
0.275000
0.245833
0.687500
0.533333
0.470833
0.462500
1.087500
0.333333
0.487500
0.479167
0.654167
0.441667
1.170833
0.320833
0.541667
0.554167
0.766667
0.441667
0.429167
1.312500
0.450000
0.412500
0.433333
0.850000
0.483333
0.433333
0.454167
0.445833
0.583333
0.933333
0.766667
0.491667
0.466667
0.658333
0.475000
0.233333
0.662500
0.283333
0.541667
0.395833
0.612500
0.791667
0.525000
0.462500
0.466667
0.475000
1.120833
0.312500
0.479167
0.300000
0.645833
0.150000
0.787500
0.354167
0.600000
0.479167
0.470833
0.470833
1.083333
0.350000
0.479167
0.462500
0.475000
0.650000
0.229167
0.212500
0.300000
0.487500
0.545833
0.487500
0.437500
0.833333
0.475000
0.441667
0.412500
0.441667
0.425000
0.516667
0.791667
0.554167
0.295833
0.491667
0.479167
0.487500
1.104167
0.295833
0.495833
0.495833
0.433333
1.104167
0.491667
0.325000
0.441667
0.433333
0.820833
0.916667
0.425000
0.445833
0.404167
0.850000
0.637500
0.304167
0.441667
0.487500
0.725000
0.704167
1.058333
0.375000
0.329167
1.512500
0.700000
0.433333
1.108333
0.387500
1.108333
0.379167
1.091667
0.387500
1.079167
0.383333
1.437500
1.408333
1.070833
1.775000
1.091667
1.000000
1.729167
1.595833
1.466667
2.804167
1.000000
1.037500
1.016667
1.045833
1.854167
1.083333
2.837500
2.933333
2.595833
2.433333
0.304167
3.183333
0.320833
1.604167
1.079167
1.845833
1.445833
1.745833
1.162500
1.016667
2.079167
0.391667
1.133333
0.975000
1.012500
1.875000
1.037500
2.995833
0.487500
1.716667
1.204167
1.716667
1.283333
0.325000
1.358333
1.379167
1.395833
0.316667
2.058333
0.387500
1.387500
2.350000
0.991667
1.366667
1.233333
1.220833
2.641667
0.316667
1.483333
1.350000
1.337500
1.358333
1.312500
0.341667
2.633333
0.370833
0.341667
1.458333
1.366667
1.291667
0.304167
1.533333
3.412500
1.941667
1.291667
2.612500
2.358333
3.454167
3.470833
4.862500
0.870833
0.887500
0.437500
0.841667
0.745833
0.904167
1.695833
0.583333
0.866667
1.212500
1.229167
0.895833
0.370833
1.004167
1.370833
0.775000
1.791667
2.162500
0.312500
0.937500
0.779167
0.987500
0.595833
1.820833
0.791667
0.575000
1.675000
0.591667
0.062500
1.350000
1.120833
0.337500
0.954167
1.758333
0.433333
0.337500
0.779167
0.737500
0.820833
1.175000
0.879167
0.212500
0.308333
1.533333
0.404167
0.829167
1.408333
0.454167
0.279167
0.441667
0.929167
1.075000
0.275000
0.479167
0.441667
1.216667
0.570833
0.162500
1.037500
0.466667
1.158333
1.437500
0.833333
1.445833
0.500000
1.325000
0.437500
0.987500
0.812500
0.854167
0.695833
0.758333
0.425000
0.337500
0.583333
1.137500
1.562500
0.725000
1.287500
0.391667
0.320833
1.041667
1.662500
0.429167
0.337500
0.758333
1.170833
0.787500
0.720833
1.208333
1.100000
0.537500
0.445833
0.529167
1.508333
0.287500
0.441667
0.441667
0.425000
0.450000
1.054167
0.908333
0.462500
0.458333
0.458333
0.887500
0.758333
0.662500
0.750000
1.170833
0.679167
0.854167
0.762500
0.937500
1.045833
0.870833
1.266667
1.379167
1.208333
1.275000
0.737500
1.891667
0.600000
0.504167
1.691667
1.137500
0.804167
0.379167
1.250000
0.741667
0.425000
0.337500
1.016667
1.516667
0.445833
0.350000
0.904167
0.550000
0.312500
1.325000
0.770833
0.429167
0.337500
0.354167
1.079167
1.625000
0.741667
1.445833
0.350000
0.158333
0.841667
0.733333
1.716667
0.583333
1.462500
0.891667
0.587500
1.454167
0.512500
0.712500
0.700000
1.012500
0.325000
0.554167
0.629167
0.195833
1.104167
1.025000
0.575000
0.333333
1.295833
0.241667
0.333333
0.508333
0.575000
0.754167
0.775000
0.858333
0.400000
0.345833
1.137500
0.195833
0.733333
0.537500
0.316667
0.495833
0.408333
0.725000
0.562500
0.291667
0.425000
0.425000
0.683333
0.583333
0.837500
0.879167
1.025000
0.641667
0.400000
0.345833
0.904167
0.587500
0.516667
0.287500
0.408333
0.766667
0.670833
0.404167
0.470833
0.933333
0.820833
0.820833
0.441667
0.333333
0.479167
0.712500
0.420833
0.287500
1.004167
1.116667
0.529167
0.212500
0.533333
0.570833
1.616667
0.645833
0.775000
0.683333
0.712500
0.379167
0.520833
0.945833
1.170833
0.708333
0.745833
0.537500
0.983333
0.362500
1.029167
0.420833
0.400000
0.883333
0.670833
0.283333
0.533333
0.304167
0.529167
1.016667
0.445833
0.441667
0.483333
0.279167
0.495833
1.237500
0.779167
0.462500
0.495833
0.908333
0.783333
1.016667
1.791667
0.920833
0.595833
0.362500
0.441667
0.679167
1.525000
1.270833
1.270833
1.083333
1.062500
1.091667
0.941667
0.604167
1.595833
0.979167
0.833333
0.633333
1.820833
1.854167
0.437500
1.320833
0.441667
0.450000
0.441667
0.454167
0.912500
0.904167
0.462500
0.454167
0.462500
0.458333
0.470833
0.462500
0.470833
0.466667
0.470833
0.950000
0.458333
0.466667
0.237500
0.525000
0.658333
1.083333
0.608333
0.404167
1.070833
0.666667
0.383333
1.087500
0.454167
1.029167
0.670833
1.633333
0.541667
0.495833
0.416667
0.675000
1.308333
1.383333
1.083333
0.570833
0.354167
1.208333
0.433333
0.329167
0.800000
0.191667
0.741667
0.583333
0.529167
0.379167
0.854167
1.383333
0.550000
1.033333
0.745833
0.841667
0.550000
1.216667
0.383333
0.425000
0.487500
0.854167
1.254167
0.920833
1.541667
1.400000
0.437500
0.341667
0.741667
0.791667
1.716667
0.645833
0.337500
1.225000
1.441667
0.333333
0.433333
0.387500
0.404167
0.391667
0.979167
0.679167
0.220833
1.187500
0.450000
1.145833
0.433333
0.850000
0.858333
0.837500
0.841667
0.833333
0.770833
0.516667
0.395833
0.987500
1.275000
0.320833
0.562500
1.025000
1.087500
0.858333
0.762500
0.679167
0.158333
1.158333
1.408333
0.450000
0.191667
0.420833
0.679167
1.220833
0.341667
0.437500
0.612500
0.279167
0.429167
1.033333
0.700000
0.441667
0.450000
0.408333
0.620833
0.729167
0.450000
0.466667
0.483333
0.420833
1.095833
0.279167
0.437500
0.454167
0.445833
0.441667
0.895833
0.425000
0.433333
0.429167
0.454167
0.391667
1.016667
0.700000
0.433333
0.408333
0.450000
1.008333
0.191667
0.633333
0.225000
0.404167
0.304167
1.116667
0.391667
0.325000
0.429167
0.633333
0.225000
1.079167
0.083333
1.091667
0.470833
0.750000
0.500000
0.620833
0.408333
0.379167
0.241667
0.775000
0.466667
0.691667
0.625000
0.825000
0.416667
0.275000
0.220833
0.983333
0.562500
0.691667
0.441667
0.670833
0.620833
0.420833
0.750000
0.795833
0.462500
0.562500
0.820833
0.391667
0.670833
0.895833
1.350000
0.387500
0.208333
0.491667
0.329167
1.108333
0.354167
0.629167
0.666667
0.966667
0.620833
1.058333
0.591667
1.470833
0.258333
0.266667
1.220833
0.362500
1.095833
0.566667
