0.837500
0.829167
0.825000
0.825000
0.829167
0.829167
0.825000
0.820833
0.825000
0.833333
0.820833
0.820833
0.820833
0.820833
0.833333
0.820833
0.820833
0.820833
0.833333
0.825000
0.829167
0.816667
0.829167
0.833333
0.820833
0.808333
0.812500
0.816667
0.820833
0.816667
0.816667
0.812500
0.816667
0.812500
0.833333
0.829167
0.829167
0.833333
0.833333
0.850000
0.845833
0.850000
0.841667
0.850000
0.850000
0.854167
0.850000
0.841667
0.862500
0.850000
0.845833
0.833333
0.841667
0.520833
1.033333
0.854167
0.825000
0.829167
0.825000
0.566667
1.037500
0.845833
0.845833
0.845833
0.837500
0.837500
0.854167
0.845833
0.845833
0.600000
1.025000
0.887500
0.854167
0.845833
0.841667
0.841667
0.850000
0.850000
0.525000
1.150000
0.875000
0.866667
0.858333
0.845833
0.845833
0.854167
0.833333
0.837500
0.858333
0.854167
0.866667
0.845833
0.837500
0.858333
0.858333
0.845833
0.841667
0.854167
0.854167
0.845833
0.841667
0.841667
0.837500
0.829167
0.625000
0.937500
0.879167
0.829167
0.820833
0.816667
0.816667
0.804167
0.825000
0.816667
0.812500
0.808333
0.795833
0.808333
0.808333
0.808333
0.800000
0.800000
0.804167
0.804167
0.804167
0.808333
0.804167
0.800000
0.808333
0.570833
0.991667
0.825000
0.804167
0.812500
0.791667
0.804167
0.808333
0.808333
0.804167
0.775000
0.775000
0.783333
0.795833
0.800000
0.808333
0.779167
0.804167
0.579167
0.979167
0.620833
0.975000
0.808333
0.804167
0.800000
0.812500
0.808333
0.804167
0.812500
0.808333
0.795833
0.800000
0.579167
0.991667
0.833333
0.800000
0.804167
0.804167
0.541667
1.000000
0.854167
0.816667
0.808333
0.804167
0.800000
0.791667
0.808333
0.841667
0.783333
0.825000
0.666667
0.962500
0.820833
0.804167
0.808333
0.804167
0.829167
0.804167
0.816667
0.591667
1.020833
0.858333
0.812500
0.825000
0.804167
0.816667
0.808333
0.808333
0.816667
0.812500
0.804167
0.650000
0.941667
0.850000
0.808333
0.783333
0.791667
0.795833
0.837500
0.800000
0.770833
0.820833
0.795833
0.795833
0.795833
0.812500
0.800000
0.808333
0.791667
0.816667
0.812500
0.812500
0.804167
0.808333
0.833333
0.825000
0.612500
0.970833
0.808333
0.825000
0.816667
0.620833
0.979167
0.800000
0.829167
0.812500
0.691667
0.916667
0.795833
0.812500
0.808333
0.808333
0.795833
0.800000
0.820833
0.808333
0.804167
0.800000
0.800000
0.812500
0.808333
0.800000
0.804167
0.800000
0.800000
0.820833
0.808333
0.500000
1.141667
0.816667
0.804167
0.620833
0.962500
0.816667
0.800000
0.800000
0.816667
0.820833
0.808333
0.804167
0.808333
0.825000
0.812500
0.825000
0.812500
0.812500
0.812500
0.816667
0.804167
0.804167
0.804167
0.808333
0.654167
0.950000
0.800000
0.800000
0.812500
0.800000
0.808333
0.804167
0.804167
0.808333
0.808333
0.808333
0.591667
0.983333
0.808333
0.820833
0.812500
0.808333
0.808333
0.641667
0.970833
0.791667
0.804167
0.808333
0.812500
0.783333
0.791667
0.808333
0.812500
0.808333
0.808333
0.804167
0.791667
0.795833
0.787500
0.775000
0.775000
0.770833
0.770833
0.779167
0.791667
0.791667
0.791667
0.795833
0.800000
0.816667
0.812500
0.804167
0.791667
0.787500
0.800000
0.783333
0.766667
0.800000
0.804167
0.808333
0.770833
0.779167
0.816667
0.783333
0.812500
0.766667
0.804167
0.808333
0.804167
0.766667
0.800000
0.795833
0.791667
0.804167
0.791667
0.629167
0.933333
0.812500
0.795833
0.808333
0.787500
0.808333
0.808333
0.787500
0.800000
0.804167
0.800000
0.791667
0.791667
0.808333
0.795833
0.791667
0.795833
0.800000
0.800000
0.804167
0.804167
0.795833
0.800000
0.808333
0.812500
0.804167
0.800000
0.808333
0.800000
0.816667
0.808333
0.804167
0.800000
0.795833
0.804167
0.529167
1.083333
0.795833
0.787500
0.812500
0.600000
0.958333
0.795833
0.783333
0.804167
0.795833
0.791667
0.787500
0.787500
0.787500
0.795833
0.791667
0.787500
0.787500
0.787500
0.808333
0.804167
0.800000
0.804167
0.800000
0.808333
0.800000
0.804167
0.808333
0.808333
0.808333
0.804167
0.800000
0.808333
0.812500
0.812500
0.804167
1.600000
0.800000
0.791667
0.787500
0.783333
0.783333
0.800000
0.791667
0.787500
0.787500
0.791667
0.787500
0.791667
0.791667
0.787500
0.791667
0.808333
0.804167
0.800000
0.791667
0.820833
0.820833
0.808333
0.804167
0.812500
0.779167
0.791667
0.808333
0.812500
0.829167
0.804167
0.766667
0.816667
0.816667
0.837500
0.804167
0.779167
0.820833
0.820833
0.829167
0.804167
0.791667
0.825000
0.820833
0.837500
0.795833
0.804167
0.825000
0.833333
0.837500
0.787500
0.804167
0.833333
0.829167
0.833333
0.845833
0.800000
0.812500
0.829167
0.833333
0.845833
0.800000
0.812500
0.833333
0.829167
0.833333
0.837500
0.800000
0.804167
0.804167
0.816667
0.929167
0.958333
0.654167
0.575000
0.950000
0.820833
0.641667
0.979167
0.766667
0.870833
0.820833
0.820833
0.816667
0.825000
0.808333
0.795833
0.816667
0.820833
0.833333
0.779167
0.808333
0.825000
0.825000
0.837500
0.791667
0.787500
0.816667
0.816667
0.820833
0.829167
0.775000
0.804167
0.820833
0.508333
0.883333
1.020833
0.829167
0.808333
0.808333
0.800000
0.804167
0.816667
0.812500
0.812500
0.804167
0.800000
0.820833
0.812500
0.808333
0.804167
0.800000
0.825000
0.820833
0.816667
0.816667
0.804167
0.829167
0.829167
0.829167
0.829167
0.820833
0.820833
0.829167
0.837500
0.825000
0.816667
0.816667
0.820833
0.825000
0.820833
0.825000
0.820833
0.820833
0.841667
0.829167
0.820833
0.825000
0.825000
0.837500
0.833333
0.829167
0.825000
0.816667
0.841667
0.833333
0.825000
0.820833
0.816667
0.833333
0.829167
0.816667
0.816667
0.812500
0.833333
0.820833
0.820833
0.816667
0.812500
0.820833
0.837500
0.833333
0.829167
0.825000
0.820833
0.825000
0.820833
0.816667
0.816667
0.808333
0.825000
0.812500
0.812500
0.808333
0.812500
0.820833
0.820833
0.820833
0.816667
0.812500
0.820833
0.825000
0.816667
0.816667
0.804167
0.820833
0.808333
0.812500
0.816667
0.808333
0.804167
0.795833
0.808333
0.808333
0.825000
0.787500
0.804167
0.529167
1.087500
0.887500
0.783333
0.800000
1.612500
0.845833
0.787500
0.570833
0.975000
0.800000
0.800000
0.804167
0.812500
0.812500
0.804167
0.816667
0.641667
0.954167
0.816667
0.795833
0.812500
0.808333
0.804167
0.804167
0.808333
0.808333
0.795833
0.808333
0.795833
0.804167
0.795833
0.800000
0.804167
0.804167
0.795833
0.795833
0.795833
0.800000
0.779167
0.791667
0.812500
0.816667
0.791667
0.775000
0.825000
0.795833
0.783333
0.804167
0.783333
0.520833
1.050000
0.791667
0.875000
0.762500
0.783333
0.808333
0.812500
0.820833
0.816667
0.787500
0.800000
0.812500
0.816667
0.804167
0.795833
0.816667
0.804167
0.791667
0.804167
0.808333
0.825000
0.808333
0.800000
0.791667
0.808333
0.812500
0.804167
0.812500
0.808333
0.808333
0.800000
0.808333
0.808333
0.804167
0.804167
0.795833
0.812500
0.808333
0.808333
0.804167
0.800000
0.800000
0.816667
0.812500
0.812500
0.804167
0.804167
0.808333
0.816667
0.808333
0.804167
0.804167
0.800000
0.812500
0.808333
0.804167
0.804167
0.795833
0.808333
0.745833
0.870833
0.808333
0.800000
0.808333
0.812500
0.808333
0.808333
0.816667
0.812500
0.812500
0.825000
0.825000
0.820833
0.804167
0.820833
0.820833
0.820833
0.825000
0.791667
0.825000
0.529167
1.091667
0.829167
0.804167
