1.587500
1.704167
0.720833
1.095833
1.933333
1.241667
1.366667
0.850000
1.045833
0.779167
1.162500
1.770833
1.758333
0.729167
1.054167
1.283333
0.891667
1.783333
1.412500
0.933333
1.037500
0.850000
1.962500
1.412500
1.208333
0.729167
1.141667
0.808333
1.200000
1.854167
1.045833
1.270833
1.287500
1.550000
2.091667
1.479167
0.825000
1.545833
1.112500
1.391667
0.987500
1.025000
1.387500
1.475000
1.454167
0.945833
0.775000
1.341667
0.862500
1.895833
1.720833
1.225000
1.091667
1.704167
2.154167
1.091667
1.320833
1.258333
1.658333
1.204167
1.758333
1.962500
1.079167
1.000000
0.983333
1.145833
1.404167
1.529167
0.629167
1.112500
0.845833
2.075000
1.679167
1.466667
1.420833
0.795833
1.679167
1.345833
0.741667
1.333333
0.754167
1.879167
1.950000
0.875000
0.737500
1.279167
1.537500
1.462500
1.179167
2.104167
0.720833
1.154167
1.100000
0.887500
0.991667
0.787500
1.116667
0.870833
2.033333
1.620833
1.062500
1.195833
0.862500
2.083333
0.754167
1.362500
2.154167
1.983333
1.162500
0.908333
0.929167
1.316667
1.133333
1.475000
1.941667
1.079167
0.983333
1.083333
0.858333
2.216667
1.866667
1.787500
1.000000
1.479167
0.916667
1.445833
1.120833
1.279167
1.795833
0.845833
1.008333
1.862500
1.162500
1.158333
1.129167
1.345833
1.875000
1.283333
1.358333
1.116667
1.037500
0.908333
1.687500
0.800000
0.987500
0.733333
1.041667
1.108333
1.037500
0.850000
1.391667
1.070833
0.895833
0.962500
2.033333
1.275000
1.308333
1.112500
1.495833
0.916667
1.187500
1.841667
0.958333
1.062500
1.333333
2.200000
1.250000
1.658333
1.379167
1.183333
0.875000
1.245833
1.004167
1.587500
1.016667
1.300000
0.783333
1.533333
1.450000
1.183333
1.095833
2.087500
1.525000
0.958333
0.812500
1.641667
0.970833
1.633333
2.187500
1.895833
1.204167
1.187500
1.287500
1.612500
1.925000
1.191667
1.370833
1.145833
1.116667
1.420833
0.995833
1.758333
0.891667
1.554167
0.870833
1.516667
1.091667
1.662500
2.004167
1.362500
1.825000
0.758333
1.412500
0.916667
1.429167
1.645833
1.583333
0.775000
0.920833
1.729167
1.370833
1.433333
1.666667
0.829167
1.058333
1.620833
2.058333
0.820833
1.570833
1.541667
0.758333
0.741667
0.954167
1.104167
1.454167
1.037500
2.191667
1.208333
1.225000
0.925000
0.833333
1.341667
2.208333
1.333333
0.791667
1.050000
1.233333
1.366667
0.833333
1.150000
0.666667
1.191667
1.175000
1.366667
1.979167
1.500000
2.158333
1.279167
1.041667
1.475000
1.158333
0.945833
1.562500
1.000000
0.841667
1.183333
0.837500
1.062500
0.666667
1.191667
1.329167
1.391667
1.054167
0.958333
0.975000
1.420833
1.612500
1.766667
1.691667
0.775000
1.066667
1.066667
1.379167
1.229167
1.183333
1.066667
1.445833
0.816667
0.891667
1.108333
1.516667
1.250000
0.841667
1.275000
0.904167
1.200000
1.116667
1.620833
1.312500
2.154167
1.583333
0.966667
0.887500
1.091667
1.316667
1.725000
0.995833
1.833333
1.120833
0.933333
1.704167
0.991667
1.508333
1.066667
1.595833
1.212500
1.241667
1.337500
1.033333
0.912500
0.925000
1.245833
1.941667
1.541667
1.379167
2.241667
1.075000
1.875000
0.850000
1.041667
1.429167
0.791667
0.795833
1.995833
1.858333
1.137500
0.804167
0.808333
1.670833
1.275000
0.895833
0.800000
0.841667
1.812500
2.220833
0.770833
1.995833
1.687500
0.958333
1.095833
0.975000
1.625000
1.233333
1.812500
1.520833
1.550000
0.933333
0.991667
1.362500
1.241667
1.254167
1.362500
0.720833
1.062500
1.829167
1.733333
2.125000
0.825000
1.083333
1.579167
1.379167
1.045833
2.008333
0.854167
1.241667
1.441667
1.800000
1.270833
1.570833
1.233333
1.112500
1.058333
1.208333
1.404167
1.208333
1.754167
1.595833
1.704167
0.904167
1.816667
0.925000
0.791667
1.883333
0.970833
1.354167
1.320833
1.520833
1.425000
0.708333
1.212500
0.716667
1.754167
1.000000
0.979167
1.687500
1.129167
0.833333
0.845833
0.991667
1.487500
0.825000
0.933333
1.895833
1.816667
0.800000
1.841667
0.912500
0.937500
1.041667
1.187500
0.954167
0.979167
1.358333
0.975000
1.141667
1.325000
0.833333
1.045833
0.691667
0.987500
0.862500
1.262500
0.737500
0.779167
0.879167
1.820833
2.029167
1.050000
1.145833
1.016667
1.150000
1.029167
1.350000
1.250000
1.337500
1.229167
0.995833
1.495833
1.495833
1.100000
0.979167
1.037500
0.766667
1.608333
1.150000
0.875000
1.004167
1.033333
1.183333
0.691667
1.175000
1.095833
1.016667
1.337500
0.945833
1.100000
0.691667
1.016667
1.591667
1.112500
1.066667
1.141667
1.083333
0.804167
1.470833
0.862500
0.791667
1.258333
1.891667
0.833333
0.887500
1.212500
0.741667
1.054167
1.729167
0.758333
0.833333
0.795833
0.800000
0.720833
0.662500
1.187500
0.845833
0.854167
1.262500
1.487500
