0.391667
0.662500
0.675000
0.383333
0.258333
1.058333
0.566667
0.550000
0.583333
0.562500
0.566667
0.566667
0.566667
0.566667
0.566667
0.570833
0.566667
0.570833
0.562500
0.570833
0.566667
0.562500
0.566667
0.495833
0.625000
0.558333
0.375000
0.187500
0.566667
0.758333
0.225000
0.729167
0.633333
0.500000
0.566667
0.400000
0.216667
0.345833
0.737500
0.420833
0.720833
0.562500
0.570833
0.550000
0.591667
0.570833
0.575000
0.579167
0.570833
0.570833
0.570833
0.575000
0.570833
0.575000
0.558333
0.558333
0.554167
0.579167
0.570833
0.566667
0.575000
0.575000
0.566667
0.595833
0.579167
0.537500
0.604167
0.570833
0.566667
0.570833
0.570833
0.570833
0.566667
0.570833
0.562500
0.579167
0.570833
0.566667
0.570833
0.570833
0.570833
0.566667
0.570833
0.408333
0.795833
0.525000
0.354167
0.441667
0.429167
0.554167
1.141667
1.066667
1.345833
0.295833
0.616667
0.204167
0.208333
0.245833
1.645833
0.908333
0.450000
0.266667
0.487500
0.225000
0.312500
0.916667
0.233333
0.212500
0.520833
0.658333
0.870833
0.241667
0.479167
0.737500
0.379167
0.433333
0.400000
0.229167
0.429167
0.783333
0.258333
0.637500
1.175000
0.425000
0.925000
0.445833
0.420833
1.145833
1.033333
0.354167
0.420833
0.675000
0.420833
0.475000
0.850000
1.079167
1.087500
1.945833
1.925000
0.333333
1.083333
0.229167
0.400000
6.029167
1.675000
0.691667
0.216667
0.433333
0.366667
0.404167
0.854167
1.016667
0.687500
0.341667
0.766667
0.900000
0.608333
0.550000
0.358333
1.320833
0.537500
0.791667
1.820833
0.629167
0.208333
0.462500
0.133333
0.433333
0.462500
0.208333
0.604167
0.408333
0.425000
0.395833
0.458333
0.554167
0.566667
0.270833
1.008333
0.487500
0.654167
0.445833
1.204167
1.125000
5.820833
2.275000
2.275000
2.279167
2.858333
0.575000
0.562500
0.575000
0.566667
0.241667
0.887500
0.562500
0.737500
0.279167
0.983333
0.270833
0.237500
0.208333
0.320833
0.412500
0.245833
0.891667
0.575000
0.554167
0.587500
0.570833
0.570833
0.579167
0.575000
0.575000
0.625000
0.516667
0.537500
0.579167
0.604167
0.575000
0.575000
0.575000
0.570833
0.570833
0.570833
0.545833
0.604167
0.250000
0.320833
0.570833
1.733333
4.608333
0.379167
0.670833
0.737500
0.595833
0.391667
0.566667
0.570833
0.558333
0.570833
0.566667
0.562500
0.508333
0.762500
0.495833
0.500000
0.766667
0.800000
0.479167
0.437500
0.554167
0.487500
0.512500
0.208333
0.220833
0.441667
0.512500
0.362500
0.766667
0.337500
0.554167
1.112500
0.462500
0.608333
0.450000
0.595833
0.425000
0.275000
0.387500
0.141667
0.608333
0.441667
0.362500
0.287500
0.475000
1.516667
2.733333
18.395833
0.895833
5.033333
0.391667
0.787500
0.475000
0.445833
1.175000
1.408333
1.670833
1.666667
1.666667
2.204167
0.550000
0.550000
0.579167
1.666667
1.112500
0.562500
0.354167
0.250000
0.833333
0.391667
0.670833
0.112500
0.250000
0.370833
0.825000
0.275000
0.212500
0.829167
0.845833
0.991667
1.133333
1.112500
1.629167
1.708333
0.558333
0.554167
0.558333
0.541667
0.541667
0.579167
0.558333
0.550000
0.554167
0.558333
0.775000
0.495833
0.395833
0.595833
0.333333
0.337500
0.508333
0.591667
1.433333
2.129167
0.391667
0.262500
0.304167
0.270833
0.675000
0.287500
0.545833
0.408333
0.445833
0.262500
0.466667
0.616667
0.537500
0.787500
0.266667
0.354167
0.333333
0.895833
0.987500
0.337500
0.237500
0.612500
0.295833
0.479167
0.445833
0.787500
0.387500
0.516667
0.387500
0.575000
0.320833
0.220833
0.254167
0.350000
0.658333
0.362500
0.316667
0.533333
0.262500
0.491667
0.300000
0.754167
0.750000
0.625000
0.450000
0.470833
1.020833
0.316667
0.820833
0.429167
0.462500
0.229167
0.266667
0.825000
67.462500
0.783333
1.066667
3.370833
4.254167
2.550000
0.466667
0.258333
0.233333
0.583333
0.241667
3.129167
1.141667
0.258333
0.504167
0.554167
1.054167
0.604167
0.433333
0.816667
0.470833
0.925000
0.287500
0.458333
0.512500
0.779167
0.354167
0.233333
0.666667
4.295833
1.075000
5.695833
2.166667
2.912500
0.383333
0.220833
2.604167
1.095833
2.258333
0.220833
1.537500
0.254167
0.545833
1.395833
2.091667
1.475000
0.633333
0.362500
0.433333
0.229167
0.295833
0.545833
1.129167
0.395833
0.450000
0.858333
1.050000
1.050000
1.579167
1.583333
0.529167
0.529167
0.529167
2.562500
2.095833
0.504167
0.637500
0.541667
0.525000
0.529167
1.054167
0.529167
1.045833
1.045833
1.075000
0.529167
1.591667
0.533333
1.595833
1.058333
0.529167
0.533333
0.529167
0.529167
0.533333
0.533333
0.529167
0.529167
1.066667
0.537500
1.029167
0.466667
0.187500
0.283333
0.337500
0.533333
0.437500
0.662500
0.483333
0.425000
0.820833
0.116667
0.537500
0.608333
0.587500
0.941667
1.150000
1.070833
1.075000
1.604167
1.608333
1.620833
0.537500
0.537500
0.541667
0.541667
0.537500
0.541667
0.541667
1.083333
0.429167
0.550000
1.187500
0.545833
0.541667
1.083333
0.541667
0.545833
1.079167
0.545833
0.541667
0.545833
0.541667
0.541667
1.091667
0.545833
1.091667
0.737500
0.354167
0.387500
0.329167
1.908333
1.075000
0.595833
0.358333
0.420833
0.358333
0.679167
0.416667
0.250000
0.870833
0.545833
0.233333
0.912500
0.287500
0.279167
0.495833
0.804167
0.529167
0.537500
0.395833
0.550000
0.354167
0.366667
0.941667
0.329167
0.391667
0.937500
0.275000
0.275000
0.920833
0.216667
0.916667
0.650000
1.175000
1.666667
1.662500
1.662500
0.716667
2.058333
0.558333
0.558333
0.558333
1.675000
0.562500
0.562500
0.550000
0.550000
1.145833
0.566667
1.125000
1.125000
0.566667
0.558333
1.125000
0.558333
0.562500
0.558333
0.562500
0.562500
0.558333
0.545833
0.554167
0.587500
0.562500
0.562500
0.562500
0.562500
0.562500
0.562500
0.562500
0.562500
0.562500
0.562500
0.562500
0.558333
0.566667
0.566667
0.554167
0.550000
0.583333
0.562500
0.566667
0.562500
0.566667
0.558333
0.566667
0.566667
0.562500
0.562500
0.566667
0.566667
0.566667
0.566667
0.562500
0.566667
0.554167
0.550000
0.587500
0.562500
0.566667
0.566667
0.562500
0.566667
0.566667
0.566667
0.562500
0.566667
0.566667
0.566667
0.558333
0.562500
0.566667
0.566667
0.562500
0.562500
0.566667
0.566667
0.562500
0.566667
0.562500
0.558333
0.554167
0.591667
0.562500
0.566667
0.566667
0.566667
0.566667
0.562500
0.566667
0.562500
0.687500
0.445833
0.566667
0.562500
0.562500
0.562500
0.562500
0.545833
0.550000
0.591667
0.562500
0.533333
0.195833
0.333333
0.562500
0.354167
0.841667
0.562500
0.458333
0.679167
0.558333
0.562500
0.566667
0.566667
0.562500
0.562500
0.570833
0.566667
0.562500
0.550000
0.483333
0.841667
0.412500
0.550000
0.566667
0.562500
0.566667
0.566667
0.562500
0.570833
0.562500
0.562500
0.566667
0.562500
0.754167
0.262500
0.670833
0.775000
0.525000
0.379167
0.550000
0.591667
0.566667
0.562500
0.745833
0.350000
0.604167
0.558333
0.566667
0.566667
0.566667
0.566667
0.316667
0.816667
0.566667
0.562500
0.554167
0.454167
0.545833
0.620833
0.608333
0.608333
0.570833
0.566667
0.554167
0.554167
0.587500
0.570833
0.566667
0.566667
0.566667
0.566667
0.566667
0.570833
0.566667
0.566667
0.566667
0.566667
0.570833
0.566667
0.566667
0.558333
0.562500
0.554167
0.591667
0.566667
0.566667
0.566667
0.570833
0.570833
0.566667
0.570833
0.570833
0.570833
0.570833
0.566667
0.575000
0.570833
0.575000
0.570833
0.575000
0.570833
0.570833
0.562500
0.562500
0.566667
0.600000
0.575000
