0.850000
0.525000
0.970833
0.875000
0.516667
0.954167
0.879167
0.854167
0.841667
0.520833
0.991667
0.891667
0.516667
0.616667
0.479167
0.558333
0.725000
0.975000
0.883333
0.529167
0.979167
0.904167
0.516667
0.950000
0.875000
0.516667
0.262500
1.616667
0.325000
0.191667
0.237500
0.570833
0.187500
0.533333
0.387500
0.541667
0.283333
0.783333
0.170833
0.570833
0.370833
0.591667
0.275000
0.404167
0.925000
0.308333
0.412500
0.791667
0.254167
0.487500
0.683333
0.295833
0.008333
0.720833
0.112500
0.795833
0.808333
0.708333
0.470833
0.229167
0.295833
0.708333
0.087500
0.658333
0.450000
0.612500
0.620833
0.283333
0.404167
0.425000
0.508333
0.029167
0.366667
1.179167
0.883333
0.504167
1.016667
0.912500
0.516667
0.279167
0.266667
0.454167
0.250000
0.295833
0.491667
0.241667
0.487500
0.700000
0.275000
0.345833
0.291667
0.316667
0.200000
0.225000
0.629167
0.170833
0.508333
0.429167
0.329167
0.733333
0.362500
0.525000
0.279167
0.275000
0.500000
0.270833
0.312500
0.491667
0.566667
0.370833
0.541667
1.029167
0.916667
0.512500
0.995833
0.883333
0.512500
0.979167
1.504167
0.904167
0.516667
1.004167
1.525000
1.554167
0.908333
0.508333
1.029167
0.925000
0.533333
1.033333
1.566667
0.520833
1.037500
0.920833
0.520833
1.033333
0.929167
0.525000
1.037500
0.925000
0.516667
1.037500
0.929167
0.525000
1.045833
0.929167
0.520833
1.037500
0.937500
0.520833
1.041667
0.916667
0.516667
1.037500
0.920833
0.516667
1.041667
0.933333
0.529167
1.045833
0.933333
0.516667
1.050000
0.920833
0.354167
1.204167
1.025000
0.420833
1.025000
0.520833
1.070833
0.929167
0.545833
1.045833
0.958333
0.520833
1.045833
0.937500
0.516667
1.050000
0.912500
0.512500
1.029167
0.925000
0.520833
1.050000
0.937500
0.525000
1.025000
0.912500
0.900000
0.516667
1.016667
0.887500
0.512500
1.016667
0.900000
0.529167
1.020833
0.908333
0.525000
1.029167
0.912500
0.520833
1.037500
0.908333
0.529167
1.037500
0.925000
0.533333
1.041667
0.925000
0.520833
1.037500
0.925000
0.525000
1.041667
0.920833
0.529167
1.037500
0.925000
0.529167
1.033333
0.925000
0.533333
1.037500
0.929167
0.529167
1.020833
0.916667
0.525000
1.020833
0.908333
0.520833
1.029167
0.912500
0.516667
1.029167
0.908333
0.533333
1.016667
0.925000
0.533333
1.041667
0.925000
0.529167
1.045833
0.937500
0.529167
1.050000
0.941667
0.533333
1.058333
0.987500
0.533333
1.054167
0.950000
0.516667
1.050000
0.912500
0.525000
1.012500
0.520833
1.020833
0.904167
0.525000
1.016667
0.912500
0.520833
1.037500
0.920833
0.525000
1.029167
0.937500
0.525000
1.037500
0.933333
0.529167
1.054167
0.937500
0.529167
1.054167
0.962500
0.525000
1.033333
0.962500
0.516667
1.062500
0.945833
0.529167
1.054167
0.958333
0.525000
1.054167
0.945833
0.512500
1.045833
0.900000
0.520833
1.041667
0.533333
1.054167
0.925000
0.525000
1.041667
0.937500
0.529167
1.050000
0.941667
0.533333
1.070833
0.945833
0.520833
1.062500
0.958333
0.529167
1.050000
0.966667
0.533333
1.066667
0.941667
0.520833
1.050000
0.937500
0.533333
1.112500
0.845833
0.512500
1.045833
0.929167
0.504167
1.037500
0.929167
0.516667
1.054167
0.916667
0.520833
1.033333
0.904167
0.529167
1.016667
0.916667
0.516667
1.012500
0.912500
0.525000
0.583333
1.350000
0.879167
0.525000
0.991667
0.904167
0.370833
0.470833
0.154167
0.375000
1.075000
0.320833
0.554167
0.679167
0.308333
0.554167
0.800000
0.720833
1.229167
0.916667
0.279167
0.766667
0.437500
0.154167
1.229167
0.562500
0.829167
0.504167
1.020833
0.916667
0.516667
0.995833
0.912500
0.512500
1.004167
0.887500
0.854167
0.525000
0.979167
0.912500
0.516667
1.020833
0.912500
0.520833
1.000000
0.712500
0.554167
0.429167
0.712500
0.429167
1.100000
0.254167
0.645833
0.516667
1.045833
0.804167
0.520833
0.995833
0.875000
0.491667
0.320833
0.645833
0.716667
0.329167
1.008333
0.225000
0.241667
0.858333
0.958333
0.562500
0.954167
0.891667
0.837500
0.825000
0.850000
0.837500
0.575000
0.475000
0.466667
0.845833
0.812500
0.816667
0.516667
0.920833
1.425000
1.662500
1.550000
2.220833
0.820833
0.620833
1.033333
0.716667
0.779167
0.575000
0.429167
0.470833
0.800000
0.783333
0.766667
0.358333
1.054167
0.637500
0.929167
0.762500
0.758333
0.541667
0.612500
0.258333
0.520833
0.866667
0.787500
0.754167
0.762500
0.737500
0.479167
0.854167
1.362500
0.787500
0.758333
0.754167
0.462500
0.866667
0.741667
0.745833
0.587500
0.845833
0.500000
0.862500
0.487500
0.870833
0.754167
0.750000
1.291667
0.512500
0.845833
0.487500
0.858333
0.533333
0.841667
0.775000
0.483333
0.854167
1.358333
1.270833
0.854167
1.345833
0.758333
0.516667
0.845833
0.587500
0.883333
0.541667
0.754167
0.737500
1.266667
0.750000
1.279167
0.741667
1.275000
0.741667
1.270833
0.545833
0.779167
0.733333
0.445833
0.850000
0.758333
0.729167
1.316667
0.750000
0.762500
1.150000
0.887500
1.295833
0.766667
1.275000
0.500000
0.879167
0.775000
0.766667
1.287500
0.800000
0.775000
0.750000
0.675000
0.345833
0.320833
0.670833
0.112500
0.845833
0.229167
0.775000
0.275000
0.804167
0.362500
0.879167
0.954167
0.779167
1.316667
0.800000
1.316667
0.787500
1.320833
0.779167
1.341667
0.808333
0.800000
0.804167
0.808333
0.500000
0.916667
0.833333
0.829167
0.595833
1.079167
0.570833
0.187500
0.425000
0.391667
0.712500
0.883333
0.416667
0.145833
0.254167
0.383333
0.225000
0.195833
0.204167
0.591667
0.120833
0.495833
0.279167
0.679167
0.850000
0.262500
0.312500
0.633333
0.329167
0.475000
0.362500
0.562500
0.562500
0.379167
0.833333
0.495833
0.933333
0.862500
0.837500
0.812500
0.500000
0.958333
0.887500
0.566667
1.004167
0.895833
0.616667
1.025000
0.895833
0.895833
0.895833
0.616667
1.033333
0.975000
0.916667
0.520833
1.000000
0.933333
0.875000
0.845833
0.508333
0.987500
0.858333
0.500000
0.979167
0.870833
0.583333
0.987500
0.887500
0.575000
1.000000
0.879167
0.337500
1.133333
0.883333
0.541667
0.962500
0.554167
0.958333
0.879167
0.570833
1.004167
0.875000
0.545833
0.483333
0.500000
0.354167
0.529167
0.495833
0.987500
0.875000
0.329167
0.791667
0.366667
0.891667
0.525000
1.008333
0.345833
0.570833
0.608333
0.800000
0.233333
0.916667
0.625000
1.062500
0.912500
0.895833
0.504167
0.995833
0.891667
0.329167
1.200000
0.929167
1.754167
0.579167
1.029167
0.929167
0.570833
1.037500
1.458333
1.029167
0.925000
0.720833
0.820833
0.900000
0.583333
1.025000
0.883333
0.525000
1.000000
0.866667
0.550000
1.004167
0.929167
0.616667
1.045833
0.916667
0.245833
0.354167
1.025000
0.916667
0.500000
0.616667
0.612500
0.691667
0.583333
1.025000
0.908333
0.295833
1.208333
0.912500
0.533333
0.983333
0.883333
0.541667
0.862500
0.112500
0.587500
0.291667
0.550000
0.962500
0.887500
0.516667
0.979167
0.970833
0.450000
0.270833
0.716667
0.370833
0.495833
0.520833
0.854167
0.583333
0.450000
0.458333
0.287500
0.683333
0.333333
0.516667
0.529167
0.962500
0.870833
0.516667
0.958333
0.258333
0.583333
0.829167
0.804167
0.583333
0.941667
0.858333
0.512500
0.945833
0.866667
0.579167
0.995833
0.891667
0.583333
1.004167
0.895833
0.529167
0.983333
0.900000
0.525000
0.987500
0.916667
0.554167
1.004167
0.912500
0.541667
1.020833
0.916667
0.516667
1.004167
0.908333
0.579167
1.033333
0.908333
0.533333
1.008333
0.912500
0.575000
1.041667
0.912500
0.545833
1.025000
0.925000
0.541667
1.037500
0.925000
0.541667
1.041667
0.925000
0.533333
1.033333
0.920833
0.533333
1.033333
0.916667
0.600000
0.316667
0.704167
0.887500
0.529167
0.566667
0.579167
0.220833
0.545833
0.587500
0.662500
0.337500
0.383333
0.366667
0.704167
0.054167
0.229167
0.720833
0.895833
0.550000
1.008333
0.900000
0.558333
1.020833
0.895833
0.537500
1.025000
0.895833
0.512500
1.004167
0.220833
0.808333
0.387500
1.012500
0.904167
0.354167
0.333333
0.858333
0.233333
0.670833
0.266667
0.270833
0.308333
0.775000
0.291667
0.541667
0.579167
0.912500
0.379167
0.537500
0.766667
0.975000
0.533333
