0.629167
0.645833
0.650000
0.400000
0.254167
0.662500
0.658333
0.654167
0.658333
0.658333
0.654167
0.641667
0.645833
0.654167
0.650000
0.645833
0.650000
0.658333
0.658333
0.379167
0.270833
0.658333
0.654167
0.650000
0.650000
0.554167
0.229167
0.500000
0.654167
0.641667
0.550000
0.741667
0.645833
0.641667
0.645833
0.637500
0.637500
0.641667
0.650000
0.637500
0.645833
0.654167
0.650000
0.637500
0.658333
0.654167
0.645833
0.645833
0.654167
0.654167
0.650000
0.412500
1.879167
2.583333
0.495833
0.470833
0.650000
0.604167
0.462500
0.375000
0.462500
0.700000
0.491667
0.404167
0.400000
0.662500
0.283333
0.370833
0.650000
0.225000
0.416667
0.391667
0.266667
0.312500
0.912500
0.725000
0.845833
0.466667
0.645833
0.650000
0.641667
0.641667
0.650000
0.650000
0.641667
0.645833
0.645833
0.645833
0.645833
0.641667
0.279167
0.366667
0.645833
0.641667
0.641667
0.645833
0.654167
0.645833
0.645833
0.650000
0.654167
0.645833
0.641667
0.650000
0.641667
0.525000
0.479167
0.912500
0.633333
0.633333
0.625000
0.629167
0.633333
0.254167
0.383333
0.629167
1.475000
0.670833
0.250000
0.212500
0.912500
0.500000
0.387500
0.395833
0.683333
0.383333
0.204167
0.358333
0.304167
0.604167
0.379167
0.504167
0.712500
0.645833
0.645833
0.441667
0.833333
0.504167
1.254167
0.254167
0.095833
1.175000
0.458333
0.258333
0.395833
0.300000
0.237500
0.445833
0.441667
1.225000
0.525000
0.395833
0.208333
0.837500
0.616667
0.416667
0.620833
0.604167
0.220833
1.275000
1.270833
1.283333
1.266667
0.645833
0.645833
0.645833
0.633333
0.637500
0.645833
0.641667
0.637500
0.641667
0.650000
0.645833
0.641667
0.637500
0.641667
0.645833
0.637500
0.712500
0.562500
0.637500
0.641667
0.254167
0.387500
0.625000
0.675000
0.250000
0.366667
0.329167
0.391667
0.520833
0.641667
0.262500
0.370833
0.645833
1.275000
0.641667
0.637500
0.633333
0.645833
0.645833
0.637500
0.645833
0.641667
0.641667
0.637500
0.637500
0.641667
0.733333
0.537500
0.637500
0.637500
0.391667
0.870833
0.420833
0.216667
0.316667
0.325000
0.625000
0.645833
0.633333
0.316667
0.329167
0.516667
0.741667
0.650000
0.637500
0.629167
0.629167
0.633333
0.637500
0.633333
0.641667
0.454167
0.583333
1.025000
0.225000
0.904167
0.641667
0.633333
0.795833
0.295833
0.900000
0.483333
0.700000
0.629167
0.637500
0.633333
0.625000
1.066667
0.445833
0.266667
1.491667
1.170833
0.637500
0.641667
0.645833
0.637500
0.633333
0.645833
0.637500
0.637500
0.637500
0.641667
0.350000
1.037500
0.404167
0.766667
0.395833
0.854167
0.670833
0.691667
0.725000
1.137500
1.266667
1.283333
1.266667
1.375000
1.804167
0.637500
0.637500
0.633333
0.637500
0.633333
0.620833
0.633333
0.633333
0.575000
0.683333
0.637500
0.633333
0.641667
0.629167
0.629167
0.637500
0.637500
0.641667
0.629167
0.633333
0.637500
0.637500
0.637500
0.625000
0.637500
0.633333
0.633333
0.629167
0.620833
0.629167
0.629167
0.625000
0.633333
0.562500
0.466667
1.479167
0.629167
0.633333
0.637500
0.637500
0.629167
0.637500
0.641667
0.637500
0.629167
0.637500
0.637500
0.637500
0.641667
0.266667
0.825000
0.800000
0.637500
0.625000
0.629167
0.637500
0.637500
0.533333
0.837500
0.525000
0.637500
0.629167
0.637500
0.637500
0.641667
0.633333
0.650000
0.645833
0.637500
0.645833
0.504167
0.366667
0.287500
0.766667
0.654167
0.758333
0.379167
0.216667
0.520833
0.283333
0.233333
0.829167
0.654167
0.645833
0.650000
0.654167
0.658333
0.645833
0.829167
0.466667
0.654167
0.641667
0.537500
0.920833
0.241667
0.233333
0.641667
0.220833
0.850000
0.858333
0.637500
0.637500
0.641667
0.645833
0.862500
0.666667
0.204167
0.825000
0.645833
0.633333
0.629167
0.641667
0.650000
0.641667
0.637500
0.650000
0.645833
0.650000
0.637500
0.650000
0.650000
0.645833
0.641667
0.650000
0.645833
0.637500
0.645833
0.641667
0.637500
0.641667
0.645833
0.645833
0.262500
0.379167
0.650000
0.645833
0.650000
0.658333
0.654167
0.650000
0.641667
0.641667
0.633333
0.645833
0.566667
0.537500
0.362500
0.675000
0.495833
0.329167
0.358333
0.525000
0.450000
0.841667
0.641667
0.633333
0.545833
0.737500
0.279167
0.358333
0.566667
0.712500
0.641667
0.450000
0.937500
0.525000
0.633333
0.641667
0.645833
0.633333
0.629167
0.641667
0.641667
0.629167
0.637500
0.312500
0.962500
0.629167
0.637500
0.637500
1.133333
0.433333
0.316667
0.541667
1.133333
0.308333
0.354167
0.216667
0.645833
0.633333
1.258333
0.641667
0.637500
0.633333
0.645833
0.654167
1.283333
0.645833
0.645833
0.633333
0.650000
0.637500
0.633333
0.641667
0.637500
0.287500
0.370833
0.262500
0.379167
0.641667
0.650000
0.641667
0.737500
0.345833
1.400000
0.462500
0.462500
0.608333
0.470833
1.279167
0.641667
0.425000
0.054167
0.650000
0.354167
0.450000
0.395833
0.250000
0.191667
0.420833
0.350000
0.795833
0.279167
0.566667
0.704167
0.337500
0.675000
0.537500
0.437500
0.812500
0.687500
0.212500
0.804167
0.512500
0.366667
0.295833
1.091667
0.841667
1.179167
1.058333
1.679167
0.350000
1.412500
0.587500
1.033333
1.066667
1.187500
1.875000
0.658333
1.891667
1.925000
0.241667
0.466667
0.487500
1.712500
2.175000
1.916667
1.279167
0.641667
0.637500
0.641667
0.641667
0.633333
0.320833
0.383333
0.362500
0.841667
0.633333
0.629167
0.641667
0.633333
0.641667
0.637500
0.637500
0.629167
0.645833
0.629167
0.633333
0.629167
0.641667
0.229167
0.404167
0.637500
0.625000
0.633333
0.633333
0.633333
0.625000
0.620833
0.637500
0.633333
0.616667
0.633333
0.637500
0.625000
0.633333
0.637500
0.625000
0.633333
0.633333
0.633333
0.625000
0.637500
0.637500
0.804167
0.341667
0.412500
0.370833
0.795833
0.320833
0.333333
0.204167
0.212500
0.495833
0.912500
0.329167
0.858333
0.645833
0.641667
0.650000
0.650000
0.654167
0.645833
0.654167
0.654167
0.637500
0.645833
0.266667
0.250000
0.783333
0.650000
0.654167
0.654167
0.650000
0.650000
0.650000
0.645833
0.766667
0.508333
0.645833
0.645833
0.641667
0.650000
0.650000
0.654167
0.645833
0.654167
0.654167
0.658333
0.650000
0.650000
0.270833
0.375000
0.658333
0.616667
0.416667
0.258333
0.287500
0.358333
0.279167
0.270833
0.245833
0.245833
1.458333
1.037500
0.612500
0.779167
0.387500
1.179167
0.445833
1.058333
0.416667
0.233333
0.454167
0.350000
0.641667
0.133333
0.233333
0.220833
0.625000
0.520833
0.895833
0.787500
0.641667
0.616667
0.400000
0.770833
0.295833
1.141667
0.650000
1.066667
0.200000
0.537500
0.625000
0.933333
0.700000
1.104167
1.287500
1.283333
0.641667
0.633333
0.633333
0.641667
0.637500
0.629167
0.641667
0.645833
0.433333
0.595833
0.262500
0.279167
0.837500
0.200000
0.550000
0.500000
0.241667
0.266667
0.387500
0.279167
0.712500
2.054167
0.250000
0.220833
0.612500
0.545833
0.262500
0.720833
0.225000
1.037500
0.612500
1.266667
0.629167
0.237500
0.345833
0.350000
0.312500
0.729167
0.212500
0.550000
0.525000
0.220833
0.466667
1.037500
0.620833
1.229167
1.245833
1.237500
1.254167
0.629167
1.875000
0.633333
0.766667
0.566667
0.679167
0.429167
0.841667
0.408333
0.408333
0.950000
0.479167
0.779167
0.504167
1.345833
0.670833
1.258333
0.633333
0.633333
0.620833
0.629167
0.629167
0.629167
0.575000
0.741667
0.625000
2.958333
0.650000
0.233333
0.512500
0.362500
0.312500
0.575000
0.258333
0.512500
0.487500
0.704167
0.583333
0.266667
0.275000
0.316667
0.350000
0.229167
0.195833
0.350000
0.512500
0.612500
0.320833
0.325000
0.637500
0.633333
0.625000
0.637500
0.637500
0.637500
0.633333
0.645833
0.641667
0.637500
0.633333
0.645833
0.629167
0.633333
0.645833
0.645833
0.645833
0.812500
0.491667
0.450000
0.345833
0.912500
0.225000
0.416667
0.220833
0.300000
0.345833
0.633333
0.525000
0.750000
0.316667
0.958333
0.629167
0.633333
0.633333
0.637500
0.641667
0.650000
0.637500
0.633333
0.645833
0.637500
0.645833
0.629167
0.637500
0.641667
0.641667
0.637500
0.637500
0.466667
0.408333
0.604167
0.437500
0.208333
0.362500
0.708333
0.537500
0.575000
0.416667
0.204167
0.275000
0.354167
0.208333
0.641667
0.645833
0.629167
0.645833
0.637500
0.629167
0.637500
0.641667
0.645833
0.529167
0.745833
0.641667
0.633333
0.645833
0.645833
0.637500
0.654167
0.650000
0.641667
0.270833
0.387500
0.650000
0.737500
0.550000
0.645833
0.637500
0.645833
0.650000
0.645833
0.633333
0.645833
0.645833
0.633333
0.641667
0.645833
0.637500
0.641667
0.645833
0.637500
0.641667
0.645833
0.645833
0.641667
0.654167
0.650000
0.650000
0.654167
0.654167
0.837500
0.454167
0.645833
0.641667
0.641667
0.637500
0.641667
0.645833
0.237500
0.291667
1.550000
2.762500
0.433333
0.229167
0.250000
0.645833
0.641667
1.270833
1.266667
0.641667
0.591667
1.033333
0.729167
1.262500
0.291667
0.491667
0.250000
0.537500
0.508333
0.445833
0.475000
0.633333
0.791667
0.520833
0.312500
0.362500
0.229167
0.237500
0.308333
0.345833
0.937500
0.408333
0.858333
0.216667
0.208333
0.512500
0.358333
0.420833
0.420833
0.195833
0.416667
0.329167
0.479167
0.275000
0.683333
0.300000
0.445833
0.554167
0.950000
10.895833
0.820833
0.458333
0.945833
1.154167
0.258333
1.112500
0.470833
0.979167
0.220833
0.650000
0.400000
0.379167
0.483333
1.408333
1.866667
1.575000
0.479167
0.350000
2.020833
0.650000
