0.241667
0.629167
0.620833
0.616667
0.625000
0.616667
0.637500
0.250000
0.375000
0.616667
0.625000
0.629167
1.241667
0.625000
0.620833
0.620833
0.629167
0.629167
0.625000
0.579167
0.675000
0.625000
0.633333
0.633333
0.625000
0.625000
0.633333
0.633333
0.620833
0.625000
0.625000
0.625000
0.637500
0.629167
0.620833
0.833333
0.333333
0.716667
0.241667
0.350000
0.658333
0.312500
0.312500
0.625000
0.629167
0.916667
0.970833
0.629167
0.629167
0.633333
0.537500
0.675000
0.316667
0.970833
0.629167
0.633333
0.620833
0.629167
0.825000
0.429167
0.220833
0.416667
0.625000
0.595833
0.350000
0.300000
0.629167
0.629167
1.012500
0.237500
0.620833
0.637500
0.625000
0.625000
0.625000
0.629167
0.633333
0.945833
0.312500
0.625000
0.625000
0.637500
0.620833
0.629167
0.325000
0.295833
0.645833
0.637500
0.625000
0.629167
0.629167
0.633333
0.637500
1.258333
0.625000
0.625000
0.358333
0.275000
0.625000
0.620833
0.620833
0.625000
0.625000
0.629167
0.616667
0.620833
0.262500
0.329167
0.229167
0.425000
0.625000
0.633333
0.633333
0.620833
0.770833
0.483333
0.645833
0.629167
0.629167
0.633333
0.641667
0.641667
0.641667
1.270833
0.637500
0.641667
0.525000
1.383333
1.275000
0.637500
0.633333
0.720833
0.550000
0.337500
0.300000
0.645833
0.637500
1.266667
0.645833
1.287500
1.283333
0.558333
0.275000
0.233333
0.220833
0.641667
0.645833
0.641667
0.641667
0.645833
1.287500
0.637500
0.637500
0.641667
1.291667
0.637500
0.516667
0.766667
0.645833
1.283333
0.637500
1.287500
0.641667
0.637500
0.637500
0.637500
0.641667
0.633333
0.637500
1.287500
0.637500
1.275000
1.287500
0.637500
0.645833
0.320833
0.283333
1.320833
1.283333
1.287500
0.637500
0.637500
1.400000
1.170833
0.645833
0.645833
0.570833
0.354167
0.362500
0.325000
0.325000
0.295833
0.800000
0.191667
0.629167
0.262500
0.395833
0.654167
0.641667
0.641667
0.654167
0.641667
1.287500
0.650000
0.645833
0.650000
1.295833
0.650000
0.650000
0.654167
1.370833
0.433333
1.158333
0.287500
0.645833
0.645833
0.658333
0.641667
0.650000
0.650000
0.466667
1.004167
1.133333
0.241667
0.412500
0.383333
0.933333
0.891667
0.404167
0.654167
0.650000
0.495833
0.491667
0.304167
0.362500
0.287500
0.645833
0.712500
0.570833
0.654167
0.650000
0.716667
0.575000
0.650000
0.658333
0.650000
0.641667
0.645833
0.650000
0.645833
0.645833
0.641667
0.637500
0.304167
0.833333
0.795833
0.645833
1.275000
0.254167
0.391667
0.537500
0.408333
0.350000
0.645833
0.650000
0.645833
0.650000
0.650000
0.650000
0.645833
0.645833
0.645833
0.641667
0.645833
0.645833
0.650000
0.645833
0.641667
0.641667
0.654167
0.645833
0.445833
0.195833
0.654167
0.650000
0.641667
0.266667
0.379167
0.495833
0.791667
0.645833
0.420833
0.229167
0.579167
0.733333
0.645833
0.758333
0.358333
0.825000
0.645833
0.650000
0.645833
0.691667
0.595833
0.641667
0.645833
0.650000
0.650000
0.308333
0.337500
0.787500
1.145833
1.300000
0.645833
0.475000
0.158333
0.412500
0.408333
0.475000
1.175000
0.466667
0.958333
1.150000
0.975000
1.125000
1.300000
0.562500
0.737500
1.304167
0.654167
1.541667
0.425000
0.200000
0.454167
0.666667
0.658333
1.308333
0.654167
1.045833
0.258333
0.658333
0.858333
0.262500
0.183333
0.516667
0.129167
0.500000
0.287500
0.254167
0.254167
0.483333
0.700000
0.762500
0.641667
0.787500
0.866667
0.283333
0.645833
1.283333
1.291667
0.729167
0.495833
0.379167
0.358333
0.170833
1.137500
0.666667
0.662500
0.666667
0.195833
0.470833
0.662500
0.662500
0.662500
0.658333
1.079167
0.250000
0.850000
0.466667
0.654167
0.820833
0.504167
0.850000
0.479167
0.866667
0.229167
1.016667
1.825000
0.654167
0.337500
0.966667
0.991667
0.320833
0.645833
1.300000
0.725000
0.570833
0.654167
1.295833
0.650000
0.658333
0.662500
1.308333
0.354167
0.300000
0.500000
0.420833
0.329167
0.533333
0.829167
0.366667
0.504167
0.220833
0.312500
0.550000
0.654167
0.929167
1.020833
0.658333
1.308333
1.304167
1.308333
0.245833
1.058333
1.000000
0.591667
0.362500
0.658333
0.654167
0.650000
1.308333
0.600000
0.712500
1.100000
0.491667
0.362500
1.483333
0.479167
0.645833
0.370833
0.475000
0.470833
0.654167
0.233333
0.420833
0.650000
0.512500
0.975000
0.829167
0.945833
0.270833
0.379167
0.645833
0.875000
0.425000
0.237500
0.412500
0.650000
0.741667
0.562500
0.325000
0.325000
0.279167
0.370833
0.658333
0.654167
0.654167
0.658333
0.654167
0.658333
0.654167
0.320833
0.333333
0.662500
0.658333
0.383333
0.150000
0.400000
0.291667
0.312500
0.533333
0.400000
0.275000
0.529167
0.741667
0.391667
0.929167
0.575000
0.658333
1.158333
0.145833
1.545833
0.362500
0.391667
0.533333
0.429167
0.808333
0.404167
0.433333
0.375000
0.883333
0.725000
0.937500
0.466667
0.833333
0.645833
0.650000
0.620833
1.345833
1.295833
0.650000
1.295833
0.820833
0.462500
0.420833
0.395833
1.595833
0.216667
0.666667
0.291667
0.762500
0.362500
0.616667
1.029167
1.329167
0.779167
1.329167
0.125000
1.175000
0.787500
1.308333
0.666667
1.300000
0.654167
0.650000
0.745833
0.466667
0.766667
0.658333
0.495833
0.150000
0.275000
0.375000
0.654167
0.650000
0.645833
1.283333
0.641667
0.645833
0.650000
0.650000
0.645833
0.650000
0.650000
0.654167
0.658333
0.654167
0.654167
0.654167
0.658333
0.654167
0.216667
0.445833
0.654167
0.658333
0.658333
0.662500
0.666667
0.662500
0.820833
1.170833
0.708333
0.620833
0.241667
0.425000
0.662500
0.650000
0.329167
0.325000
0.654167
0.658333
0.650000
0.654167
0.645833
0.650000
0.654167
0.658333
0.650000
0.416667
0.233333
0.275000
0.241667
0.300000
0.316667
0.808333
0.658333
0.650000
0.645833
0.645833
0.650000
0.645833
0.650000
0.654167
0.208333
0.437500
0.645833
0.650000
0.641667
0.304167
0.341667
0.650000
0.654167
0.645833
0.650000
0.650000
0.766667
0.529167
0.362500
0.287500
0.654167
0.650000
0.329167
0.316667
0.237500
0.645833
0.366667
0.341667
0.537500
0.225000
0.254167
0.650000
0.654167
0.650000
0.654167
0.650000
0.650000
0.662500
0.495833
0.166667
0.654167
0.650000
0.654167
0.658333
0.241667
0.416667
0.662500
0.450000
0.212500
0.658333
0.841667
0.479167
0.658333
0.662500
0.662500
0.658333
0.662500
0.654167
0.662500
0.658333
0.662500
0.662500
0.658333
0.662500
0.658333
0.662500
0.666667
0.266667
0.391667
0.658333
0.279167
0.379167
0.270833
0.237500
0.804167
0.650000
0.754167
0.541667
0.645833
0.654167
0.650000
0.645833
0.645833
0.645833
0.645833
0.650000
0.641667
0.645833
0.645833
0.345833
0.350000
0.604167
0.466667
0.525000
0.429167
0.383333
0.137500
0.608333
0.266667
0.283333
0.354167
0.445833
0.812500
0.875000
0.250000
0.654167
0.650000
0.654167
0.645833
0.645833
0.641667
0.645833
0.645833
0.650000
0.650000
0.645833
0.637500
0.645833
0.641667
0.625000
0.666667
0.645833
0.641667
0.637500
0.637500
0.633333
0.370833
0.508333
0.229167
0.820833
0.645833
0.516667
0.529167
0.345833
1.200000
0.654167
0.512500
0.141667
0.654167
0.654167
0.658333
0.670833
0.658333
0.666667
0.654167
0.658333
1.333333
0.516667
0.504167
0.300000
0.658333
0.654167
0.650000
0.641667
0.650000
0.645833
0.645833
0.658333
0.650000
0.650000
0.845833
0.437500
0.641667
0.641667
0.645833
0.637500
0.641667
0.641667
0.637500
0.641667
0.650000
0.637500
0.516667
0.641667
0.391667
0.366667
0.645833
0.641667
0.641667
0.637500
0.645833
0.645833
0.641667
0.645833
0.641667
0.650000
0.650000
0.650000
0.645833
1.291667
0.654167
0.654167
0.654167
0.641667
0.645833
0.650000
1.033333
0.270833
0.354167
0.295833
0.654167
0.645833
0.912500
0.383333
0.520833
0.487500
0.287500
0.283333
0.370833
0.650000
0.645833
0.266667
0.620833
0.395833
0.645833
0.637500
0.966667
0.320833
0.650000
0.641667
0.308333
0.337500
0.404167
0.241667
0.650000
0.641667
0.216667
0.733333
0.350000
0.650000
0.266667
0.533333
0.487500
0.650000
0.650000
0.645833
1.287500
0.395833
0.250000
0.333333
0.650000
0.312500
0.320833
0.325000
0.741667
0.541667
0.645833
0.316667
0.333333
0.737500
0.400000
0.316667
0.516667
0.591667
1.083333
0.595833
0.262500
0.241667
0.400000
1.095833
0.520833
0.316667
0.750000
0.758333
0.550000
0.787500
0.441667
1.037500
0.387500
0.595833
0.254167
0.620833
0.391667
0.633333
1.204167
0.520833
0.770833
0.420833
0.870833
1.041667
1.304167
0.233333
0.645833
1.304167
0.645833
1.575000
0.200000
0.804167
1.300000
1.270833
0.754167
0.545833
0.470833
0.629167
0.200000
0.200000
0.845833
0.254167
0.212500
0.441667
0.654167
0.654167
0.325000
0.633333
0.662500
0.337500
0.562500
1.395833
1.291667
1.308333
1.287500
0.645833
1.833333
0.754167
1.312500
0.537500
1.400000
0.787500
0.870833
0.587500
0.383333
0.475000
0.508333
0.962500
1.300000
0.487500
0.212500
0.904167
0.345833
0.450000
0.279167
0.445833
0.200000
0.300000
0.695833
0.266667
0.225000
0.966667
0.641667
0.637500
1.266667
1.270833
0.641667
0.645833
0.641667
0.637500
0.641667
0.641667
0.645833
0.645833
0.654167
0.654167
0.650000
0.654167
0.650000
0.654167
0.654167
0.325000
0.333333
0.658333
0.654167
0.650000
0.654167
0.658333
0.654167
0.658333
0.658333
1.958333
0.662500
0.441667
0.329167
0.729167
0.491667
0.329167
0.283333
0.400000
0.312500
0.654167
0.225000
0.320833
0.470833
0.366667
0.729167
0.550000
0.620833
0.525000
0.687500
0.787500
0.337500
0.458333
0.425000
0.366667
0.379167
0.650000
0.937500
0.204167
0.258333
0.237500
