0.929167
0.541667
1.033333
0.925000
0.533333
1.008333
0.929167
0.541667
1.033333
0.916667
0.529167
1.012500
0.925000
0.895833
0.879167
0.529167
1.016667
0.929167
0.537500
1.016667
0.920833
0.529167
1.016667
0.912500
0.541667
1.012500
0.933333
0.529167
1.020833
0.912500
0.875000
0.870833
0.533333
1.008333
0.904167
0.866667
0.858333
0.537500
1.004167
0.916667
0.537500
0.995833
0.908333
0.520833
1.020833
0.941667
0.541667
1.033333
0.954167
0.562500
1.037500
0.958333
0.566667
1.041667
0.950000
0.525000
1.045833
0.954167
0.562500
1.066667
0.966667
0.595833
1.070833
0.958333
0.550000
1.054167
0.962500
0.325000
0.970833
0.241667
0.916667
0.529167
0.945833
1.004167
0.570833
1.050000
0.941667
0.525000
1.045833
0.966667
0.550000
1.062500
0.966667
0.562500
1.054167
0.979167
0.554167
1.070833
0.958333
0.570833
1.058333
0.987500
0.541667
1.062500
0.975000
0.562500
1.062500
0.958333
0.558333
1.050000
0.975000
0.516667
1.045833
0.950000
0.529167
1.050000
0.933333
0.904167
0.891667
0.550000
1.058333
0.945833
0.533333
1.050000
0.950000
0.529167
1.045833
0.945833
0.520833
1.041667
0.941667
0.541667
1.041667
0.945833
0.537500
1.041667
0.954167
0.533333
1.045833
0.950000
0.529167
1.041667
0.937500
0.529167
1.029167
0.950000
0.529167
1.050000
0.954167
0.541667
1.045833
0.941667
0.525000
1.045833
0.958333
0.537500
1.050000
0.958333
0.545833
1.050000
0.958333
0.537500
1.062500
0.958333
0.529167
0.704167
1.062500
1.000000
0.520833
1.041667
0.954167
0.537500
1.045833
0.945833
0.520833
1.045833
0.945833
0.908333
0.891667
0.525000
1.016667
0.920833
0.883333
0.866667
0.545833
1.004167
0.920833
0.891667
0.879167
0.537500
1.041667
0.950000
0.537500
1.041667
0.950000
0.579167
1.054167
0.954167
0.525000
1.025000
0.937500
0.545833
1.037500
0.933333
0.525000
1.020833
0.950000
0.537500
1.033333
0.945833
1.529167
0.966667
0.541667
1.050000
0.970833
0.562500
1.062500
0.983333
0.520833
1.062500
0.962500
0.541667
1.054167
0.991667
0.520833
1.058333
0.962500
0.529167
1.058333
0.958333
0.545833
1.062500
0.975000
0.533333
1.062500
0.970833
0.545833
1.079167
0.970833
0.529167
1.045833
0.958333
0.908333
0.900000
0.529167
1.037500
0.950000
0.537500
1.041667
0.941667
0.554167
1.054167
0.954167
0.933333
0.525000
1.033333
0.945833
0.529167
1.033333
0.545833
1.041667
0.975000
0.541667
1.058333
0.970833
0.533333
1.058333
0.958333
0.533333
1.041667
0.983333
0.533333
1.054167
0.975000
0.533333
1.050000
0.970833
0.529167
1.058333
0.966667
0.533333
1.045833
0.962500
0.545833
1.054167
0.541667
1.062500
0.954167
0.541667
1.050000
0.975000
0.533333
1.054167
0.954167
0.525000
1.045833
0.950000
0.525000
1.041667
0.950000
0.908333
0.895833
0.554167
1.037500
0.933333
0.895833
0.545833
1.029167
0.937500
0.900000
0.887500
0.533333
1.025000
0.937500
0.537500
1.037500
0.937500
0.558333
1.041667
0.937500
0.891667
0.591667
1.041667
0.941667
0.529167
1.029167
0.929167
0.904167
0.520833
1.016667
0.937500
0.900000
0.887500
0.883333
0.604167
1.037500
0.929167
0.887500
0.870833
0.545833
1.029167
0.937500
0.550000
1.020833
0.929167
0.525000
1.033333
0.937500
0.529167
1.025000
0.962500
0.554167
1.029167
0.920833
0.900000
0.541667
1.041667
0.941667
0.533333
1.004167
0.925000
1.483333
0.904167
0.875000
0.541667
0.991667
0.912500
0.883333
0.870833
0.550000
0.995833
0.933333
0.550000
1.004167
0.925000
0.537500
1.012500
0.929167
0.895833
0.870833
0.870833
0.550000
1.012500
0.908333
0.875000
0.525000
1.000000
0.920833
0.529167
0.995833
0.912500
0.545833
1.012500
0.916667
0.887500
0.879167
0.595833
1.025000
0.916667
0.883333
0.541667
1.004167
0.920833
0.529167
0.995833
0.912500
0.525000
1.008333
0.933333
0.541667
1.012500
0.925000
0.537500
1.016667
0.941667
0.541667
1.012500
0.933333
0.537500
1.037500
0.937500
0.545833
1.025000
0.950000
0.541667
1.041667
0.925000
0.525000
1.012500
0.933333
0.529167
1.029167
0.925000
0.550000
1.020833
0.929167
1.495833
0.920833
0.887500
0.875000
0.566667
1.012500
0.920833
0.883333
0.875000
0.533333
0.991667
0.912500
1.487500
0.916667
0.904167
0.895833
0.879167
0.558333
1.020833
0.937500
0.545833
1.033333
0.929167
0.529167
1.025000
0.937500
0.529167
1.029167
0.941667
0.550000
1.037500
0.950000
0.545833
1.033333
0.945833
1.525000
0.950000
0.541667
1.029167
0.937500
0.537500
1.050000
0.933333
1.516667
0.958333
0.537500
1.058333
0.941667
1.512500
0.945833
0.529167
1.041667
0.933333
0.529167
1.045833
0.950000
0.541667
1.033333
0.941667
0.908333
0.537500
1.045833
0.933333
0.895833
0.891667
0.541667
1.029167
0.933333
0.895833
0.883333
0.887500
0.545833
1.033333
0.933333
0.537500
1.020833
0.937500
0.545833
1.016667
0.920833
0.537500
1.020833
0.920833
0.533333
1.008333
0.933333
1.462500
0.904167
0.883333
0.545833
1.016667
0.916667
0.541667
1.004167
0.920833
0.525000
1.000000
0.908333
0.887500
0.541667
0.995833
0.916667
0.887500
0.541667
0.991667
0.916667
0.887500
0.533333
0.991667
0.912500
0.537500
1.008333
0.933333
0.545833
1.020833
0.937500
0.550000
1.037500
0.941667
1.504167
0.937500
0.558333
1.045833
0.937500
1.500000
0.941667
0.575000
1.045833
0.945833
0.575000
1.070833
0.962500
0.579167
1.075000
0.950000
0.566667
1.058333
0.954167
0.558333
1.050000
0.941667
0.583333
1.045833
0.954167
0.541667
1.045833
0.941667
1.525000
0.933333
0.895833
0.875000
0.566667
1.029167
0.929167
0.533333
1.016667
0.925000
0.529167
1.012500
0.916667
1.475000
0.916667
0.887500
0.883333
0.862500
0.858333
0.545833
1.320833
0.545833
1.029167
0.937500
0.591667
1.041667
0.941667
0.566667
1.025000
0.687500
1.095833
0.533333
1.037500
0.937500
0.558333
1.050000
0.958333
0.558333
1.029167
0.925000
0.575000
1.037500
0.937500
0.545833
1.033333
0.945833
0.612500
1.058333
0.933333
0.533333
1.016667
0.933333
0.562500
1.045833
0.945833
0.587500
1.041667
0.941667
0.550000
1.037500
0.937500
0.579167
1.050000
0.933333
0.545833
1.025000
0.925000
0.529167
1.016667
0.916667
0.879167
0.870833
0.541667
0.995833
0.900000
0.866667
0.537500
0.979167
0.916667
0.887500
0.525000
0.995833
0.916667
0.516667
1.000000
0.916667
0.879167
0.520833
0.987500
0.920833
0.525000
1.000000
0.916667
0.891667
0.537500
1.008333
0.920833
0.541667
1.004167
0.925000
0.525000
1.020833
0.925000
0.537500
1.004167
0.925000
0.525000
1.012500
0.916667
0.529167
0.991667
0.925000
0.883333
0.854167
0.858333
0.529167
0.987500
0.908333
0.862500
0.845833
0.520833
0.975000
0.887500
0.850000
0.533333
0.966667
0.900000
0.875000
0.579167
1.000000
0.520833
0.983333
0.912500
0.895833
1.462500
0.912500
0.887500
0.541667
1.004167
0.908333
0.541667
0.995833
0.908333
0.529167
1.012500
0.916667
0.541667
1.000000
0.929167
0.545833
1.012500
0.920833
0.533333
1.004167
0.929167
0.550000
