0.495833
1.145833
0.487500
0.666667
0.458333
0.670833
0.437500
0.754167
0.487500
0.479167
0.641667
0.979167
0.475000
0.433333
0.591667
0.487500
0.458333
1.333333
0.462500
0.500000
0.666667
0.445833
1.029167
0.579167
0.487500
0.504167
0.629167
0.487500
0.525000
0.595833
0.487500
1.087500
0.479167
0.483333
0.629167
0.454167
1.141667
0.304167
0.612500
0.470833
0.445833
0.450000
0.425000
0.691667
0.475000
0.504167
0.466667
0.491667
0.579167
0.479167
0.475000
0.491667
0.504167
0.637500
0.487500
0.950000
0.637500
0.470833
0.500000
0.487500
0.612500
0.866667
0.604167
0.516667
0.612500
0.495833
0.508333
1.133333
0.579167
0.533333
0.491667
0.637500
0.429167
0.854167
0.783333
0.483333
0.483333
0.504167
0.475000
1.195833
0.429167
0.441667
0.500000
0.604167
0.404167
0.383333
0.966667
0.475000
0.404167
0.629167
0.437500
0.683333
1.000000
0.616667
0.454167
0.650000
0.500000
0.620833
1.170833
0.462500
0.695833
0.437500
1.050000
0.487500
0.470833
0.508333
0.629167
0.491667
0.458333
0.637500
1.012500
0.620833
0.487500
0.679167
0.437500
0.991667
0.612500
0.487500
0.670833
0.420833
0.383333
0.395833
0.979167
0.545833
0.437500
0.420833
0.550000
0.404167
0.358333
0.637500
0.512500
0.512500
0.629167
0.462500
0.529167
0.620833
1.100000
0.500000
0.683333
0.458333
0.670833
0.925000
0.641667
0.487500
0.483333
0.625000
0.491667
1.233333
0.645833
0.458333
0.675000
0.429167
1.170833
0.475000
0.487500
0.645833
0.475000
0.683333
0.462500
1.050000
0.554167
0.487500
0.654167
0.454167
0.504167
1.095833
0.475000
0.425000
0.458333
0.512500
0.508333
1.158333
0.500000
0.479167
0.633333
0.504167
0.491667
1.162500
0.516667
0.487500
0.525000
0.466667
0.504167
1.179167
0.533333
0.579167
0.466667
0.545833
0.491667
1.066667
0.570833
0.454167
0.554167
0.454167
0.566667
0.491667
0.658333
0.491667
0.554167
0.558333
1.150000
0.491667
0.687500
0.445833
1.129167
0.500000
0.637500
0.504167
0.662500
1.154167
0.504167
0.575000
0.554167
0.487500
0.670833
0.995833
0.633333
0.495833
0.504167
0.425000
0.629167
0.833333
0.600000
0.541667
0.579167
0.475000
0.683333
0.991667
0.616667
0.466667
0.537500
0.629167
0.458333
1.145833
0.466667
0.437500
0.583333
0.529167
0.500000
0.504167
1.125000
0.475000
0.425000
0.658333
0.495833
0.462500
0.625000
1.108333
0.487500
0.429167
0.550000
0.445833
1.225000
0.491667
0.500000
0.575000
0.483333
0.591667
0.491667
0.570833
1.387500
0.570833
0.458333
0.420833
0.375000
1.208333
0.425000
0.462500
0.429167
0.562500
1.191667
0.358333
0.408333
0.383333
0.429167
0.366667
0.383333
0.583333
0.441667
0.408333
0.379167
0.379167
1.162500
0.383333
0.387500
0.425000
0.483333
0.495833
0.875000
0.479167
0.520833
0.591667
0.429167
0.404167
1.070833
0.570833
0.387500
0.612500
0.554167
0.533333
1.550000
0.375000
0.391667
0.387500
0.462500
0.375000
0.554167
1.416667
0.358333
0.545833
0.841667
0.908333
1.150000
0.387500
0.337500
0.454167
0.445833
0.466667
0.779167
0.500000
0.462500
0.487500
0.495833
0.495833
0.920833
0.433333
0.491667
0.404167
1.566667
1.016667
0.395833
0.479167
0.641667
0.362500
1.066667
1.395833
0.720833
0.641667
0.633333
1.179167
1.445833
0.391667
0.425000
1.091667
0.404167
1.175000
0.404167
1.141667
0.862500
0.520833
0.441667
0.425000
1.604167
0.425000
0.583333
0.483333
0.650000
0.783333
0.383333
0.454167
0.450000
0.995833
0.779167
0.629167
0.791667
0.370833
0.479167
0.908333
0.216667
1.204167
0.420833
0.666667
1.241667
0.433333
0.425000
0.366667
1.058333
1.070833
0.983333
0.833333
0.420833
0.704167
0.395833
1.737500
0.420833
0.545833
1.170833
0.420833
0.950000
0.362500
0.737500
0.662500
0.441667
0.812500
0.720833
0.358333
0.337500
0.650000
0.370833
0.787500
1.183333
0.400000
0.504167
0.529167
1.445833
0.420833
0.941667
0.333333
0.545833
0.591667
0.379167
0.762500
1.258333
0.850000
0.625000
1.504167
1.087500
0.416667
1.166667
0.412500
0.583333
0.983333
1.341667
0.520833
0.479167
0.416667
0.370833
0.479167
0.762500
1.066667
1.004167
1.670833
0.433333
0.995833
0.408333
0.504167
0.625000
1.358333
0.470833
1.204167
0.645833
1.233333
0.345833
0.929167
0.600000
0.950000
0.933333
0.379167
0.454167
1.291667
1.025000
0.416667
0.912500
1.670833
1.595833
0.504167
0.516667
0.441667
0.366667
0.537500
1.020833
0.329167
0.375000
0.483333
0.420833
1.162500
1.075000
1.008333
0.979167
0.416667
1.216667
0.433333
1.195833
0.412500
1.583333
1.170833
0.412500
1.575000
1.575000
1.587500
1.583333
1.562500
1.579167
1.579167
1.554167
1.566667
2.487500
2.412500
3.270833
0.412500
2.204167
2.425000
2.537500
2.504167
2.487500
2.508333
2.466667
2.433333
2.500000
3.908333
1.037500
2.579167
1.058333
4.037500
2.683333
4.075000
4.191667
5.283333
1.545833
1.037500
0.962500
0.983333
0.958333
0.400000
1.170833
1.370833
1.170833
0.937500
0.400000
0.462500
0.387500
0.475000
0.391667
0.470833
1.604167
1.029167
0.445833
0.366667
0.504167
1.104167
0.966667
0.404167
0.312500
0.404167
0.420833
0.483333
0.520833
0.470833
0.450000
0.725000
0.537500
0.412500
0.437500
0.404167
0.420833
1.362500
0.466667
0.491667
0.462500
1.083333
0.262500
0.429167
0.512500
0.483333
0.554167
0.575000
0.883333
0.333333
0.462500
0.462500
0.595833
0.462500
0.379167
0.854167
1.004167
1.000000
0.975000
0.991667
0.400000
1.191667
0.962500
0.416667
0.562500
0.520833
0.783333
0.416667
0.579167
0.537500
0.987500
0.962500
0.920833
0.425000
0.741667
0.216667
0.379167
0.466667
0.404167
0.558333
0.954167
0.716667
0.395833
0.391667
0.575000
1.016667
0.954167
0.941667
0.445833
1.408333
0.887500
0.395833
0.670833
0.466667
0.412500
0.433333
0.395833
0.829167
0.395833
0.387500
0.545833
0.683333
0.662500
0.725000
0.404167
0.487500
0.400000
0.395833
0.495833
1.054167
0.308333
0.454167
0.479167
0.541667
0.483333
0.933333
0.550000
0.525000
0.583333
0.500000
0.445833
0.504167
1.116667
0.308333
0.441667
0.637500
0.462500
0.404167
1.329167
0.466667
0.591667
0.641667
0.462500
0.458333
0.637500
1.570833
0.783333
0.700000
0.645833
0.795833
1.162500
0.387500
0.329167
0.433333
0.450000
0.383333
0.408333
0.437500
0.412500
0.850000
0.454167
0.412500
0.370833
0.495833
0.425000
1.245833
1.104167
1.012500
0.966667
0.995833
0.391667
0.475000
0.404167
1.166667
1.004167
0.416667
0.554167
0.462500
1.187500
0.479167
0.716667
0.358333
1.291667
1.029167
0.400000
0.462500
0.820833
0.383333
0.483333
0.420833
0.870833
1.108333
0.400000
0.475000
0.391667
0.850000
0.450000
0.500000
0.404167
0.600000
0.462500
0.658333
0.562500
0.483333
0.404167
0.441667
0.408333
0.458333
0.587500
1.366667
0.454167
0.466667
0.408333
0.566667
0.466667
1.141667
0.333333
0.450000
0.475000
0.387500
0.383333
0.595833
0.470833
0.520833
0.979167
1.070833
1.033333
1.012500
1.000000
0.395833
0.875000
0.370833
1.287500
0.987500
0.404167
1.175000
0.962500
0.391667
1.150000
0.420833
1.175000
0.425000
0.887500
1.141667
0.950000
0.416667
0.566667
0.900000
0.904167
1.075000
0.412500
0.495833
0.383333
1.204167
0.391667
0.908333
1.033333
0.412500
0.466667
0.866667
0.400000
0.758333
0.579167
0.379167
1.083333
0.416667
0.479167
0.966667
0.400000
0.812500
0.408333
0.383333
0.825000
0.395833
0.529167
0.458333
0.425000
0.408333
0.583333
0.516667
0.533333
0.487500
0.537500
0.425000
0.662500
0.616667
0.862500
0.450000
0.450000
1.025000
1.070833
0.983333
0.958333
0.462500
0.716667
0.362500
0.387500
0.675000
0.387500
1.333333
0.400000
0.416667
0.395833
0.400000
0.583333
0.495833
0.537500
0.433333
0.579167
0.441667
0.429167
0.645833
0.516667
1.070833
0.279167
0.416667
0.516667
0.470833
0.408333
0.637500
0.916667
0.450000
0.604167
0.495833
0.595833
0.504167
0.575000
0.866667
0.704167
0.495833
0.562500
0.370833
0.887500
0.962500
0.516667
0.412500
0.454167
0.512500
0.470833
0.991667
0.679167
0.425000
0.441667
0.466667
0.512500
1.154167
0.787500
0.412500
0.420833
0.533333
0.470833
0.979167
0.620833
0.495833
0.433333
0.508333
0.483333
0.433333
0.550000
0.850000
0.395833
0.604167
0.437500
0.362500
0.416667
0.383333
0.445833
0.395833
0.525000
0.479167
0.825000
0.508333
0.520833
0.450000
0.383333
0.391667
1.300000
0.366667
0.408333
0.412500
0.433333
0.400000
0.408333
0.479167
0.512500
0.495833
0.429167
0.479167
0.604167
0.620833
1.037500
0.604167
0.650000
0.429167
0.404167
