0.670833
0.670833
0.675000
0.670833
0.675000
0.670833
0.670833
0.679167
0.679167
0.679167
0.679167
0.675000
0.679167
0.679167
0.679167
0.679167
0.675000
0.679167
0.679167
0.683333
0.679167
0.679167
0.679167
0.675000
0.679167
0.670833
0.670833
0.666667
0.662500
0.662500
0.666667
0.662500
0.666667
0.666667
0.666667
0.666667
0.670833
0.666667
0.670833
0.675000
0.670833
0.670833
0.670833
0.670833
0.675000
0.675000
0.670833
0.675000
0.670833
0.670833
0.662500
0.575000
0.745833
0.658333
0.662500
0.658333
0.658333
0.670833
0.670833
0.666667
0.666667
0.666667
0.670833
0.670833
0.666667
0.679167
0.691667
0.683333
0.687500
0.679167
0.679167
0.683333
0.687500
0.679167
0.679167
0.679167
0.679167
0.683333
0.679167
0.683333
0.687500
0.679167
0.683333
0.683333
0.687500
0.683333
0.679167
0.675000
0.679167
0.675000
0.670833
0.675000
0.670833
0.675000
0.670833
0.675000
0.670833
0.487500
0.845833
0.670833
0.670833
0.666667
0.670833
0.666667
0.666667
0.662500
0.679167
0.666667
0.670833
0.683333
0.670833
0.683333
0.679167
0.683333
0.683333
0.683333
0.683333
0.679167
0.675000
0.666667
0.666667
0.658333
0.662500
0.658333
0.658333
0.654167
0.658333
0.662500
0.675000
0.670833
0.675000
0.675000
0.675000
0.679167
0.679167
0.679167
0.683333
0.683333
0.679167
0.679167
0.679167
0.683333
0.679167
0.679167
0.679167
0.675000
0.675000
0.675000
0.675000
0.675000
0.675000
0.675000
0.670833
0.675000
0.675000
0.670833
0.675000
0.666667
0.666667
0.670833
0.666667
0.670833
0.670833
0.670833
0.670833
0.666667
0.675000
0.670833
0.670833
0.666667
0.666667
0.666667
0.666667
0.662500
0.658333
0.662500
0.658333
0.658333
0.658333
0.662500
0.658333
0.662500
0.666667
0.658333
0.666667
0.662500
0.666667
0.666667
0.662500
0.666667
0.662500
0.662500
0.670833
0.662500
0.662500
0.670833
0.662500
0.666667
0.666667
0.670833
0.666667
0.670833
0.666667
0.504167
0.837500
0.670833
0.670833
0.670833
0.675000
0.670833
0.675000
0.670833
0.670833
0.670833
0.670833
0.670833
0.670833
0.670833
0.675000
0.675000
0.670833
0.675000
0.679167
0.670833
0.675000
0.679167
0.675000
0.679167
0.679167
0.679167
0.679167
0.679167
0.679167
0.675000
0.670833
0.670833
0.675000
0.670833
0.675000
0.670833
0.670833
0.675000
0.679167
0.679167
0.675000
0.679167
0.679167
0.675000
0.679167
0.683333
0.687500
0.687500
0.691667
0.691667
0.691667
0.695833
0.691667
0.691667
0.687500
0.683333
0.683333
0.687500
0.687500
0.683333
0.683333
0.687500
0.687500
0.687500
0.691667
0.687500
0.691667
0.687500
0.695833
0.687500
0.691667
0.695833
0.700000
0.695833
0.704167
0.695833
0.704167
0.704167
0.704167
0.700000
0.700000
0.695833
0.700000
0.687500
0.691667
0.687500
0.687500
0.683333
0.683333
0.679167
0.679167
0.675000
0.675000
0.679167
0.675000
0.675000
0.679167
0.683333
0.687500
0.687500
0.683333
0.695833
0.695833
0.695833
0.695833
0.695833
0.687500
0.687500
0.691667
0.687500
0.687500
0.683333
0.687500
0.683333
0.687500
0.687500
0.687500
0.683333
0.683333
0.687500
0.687500
0.683333
0.687500
0.683333
0.679167
0.683333
0.679167
0.679167
0.679167
0.683333
0.687500
0.687500
0.687500
0.695833
0.691667
0.691667
0.691667
0.691667
0.691667
0.687500
0.687500
0.687500
0.679167
0.679167
0.679167
0.679167
0.679167
0.675000
0.679167
0.679167
0.675000
0.679167
0.679167
0.679167
0.687500
0.683333
0.683333
0.683333
0.683333
0.679167
0.683333
0.679167
0.683333
0.683333
0.683333
0.683333
0.683333
0.687500
0.687500
0.687500
0.683333
0.691667
0.687500
0.691667
0.691667
0.691667
0.700000
0.695833
0.700000
0.695833
0.695833
0.700000
0.695833
0.691667
0.691667
0.687500
0.695833
0.691667
0.695833
0.695833
0.700000
0.700000
0.704167
0.704167
0.700000
0.704167
0.704167
0.708333
0.700000
0.695833
0.695833
0.695833
0.691667
0.691667
0.691667
0.691667
0.687500
0.687500
0.691667
0.691667
0.687500
0.687500
0.683333
0.679167
0.683333
0.683333
0.683333
0.679167
0.687500
0.687500
0.695833
0.687500
0.695833
0.691667
0.700000
0.691667
0.695833
0.687500
0.691667
0.683333
0.691667
0.687500
0.691667
0.691667
0.695833
0.691667
0.695833
0.700000
0.700000
0.700000
0.700000
0.700000
0.700000
0.708333
0.700000
0.708333
0.700000
0.704167
0.700000
0.691667
0.695833
0.687500
0.683333
0.687500
0.683333
0.691667
0.691667
0.691667
0.695833
0.695833
0.695833
0.695833
0.708333
0.700000
0.704167
0.704167
0.695833
0.700000
0.704167
0.695833
0.695833
0.691667
0.700000
0.700000
0.704167
0.704167
0.520833
0.891667
0.704167
0.695833
0.695833
0.695833
0.675000
0.708333
0.695833
0.691667
0.691667
0.683333
1.370833
0.687500
0.687500
0.683333
0.687500
0.679167
0.691667
0.687500
0.608333
0.645833
0.825000
0.729167
0.720833
0.712500
0.708333
0.708333
0.700000
0.695833
0.691667
0.695833
0.691667
0.687500
0.679167
0.700000
0.691667
0.687500
0.687500
0.683333
0.675000
0.666667
0.662500
0.670833
0.658333
0.658333
0.662500
0.662500
0.654167
0.654167
0.658333
0.654167
0.654167
0.658333
0.650000
0.654167
0.650000
0.654167
0.658333
0.654167
0.654167
0.654167
0.654167
0.654167
0.654167
0.650000
0.658333
0.658333
0.658333
0.654167
0.650000
0.658333
0.654167
0.658333
0.650000
0.654167
0.658333
0.662500
0.658333
0.654167
0.654167
0.658333
0.658333
0.658333
0.658333
0.662500
0.658333
0.662500
0.658333
0.666667
0.662500
0.666667
0.662500
0.658333
0.666667
0.666667
0.662500
0.662500
0.662500
0.666667
0.666667
0.670833
0.670833
0.670833
0.666667
0.683333
0.675000
0.675000
0.679167
0.679167
0.679167
0.670833
0.683333
0.679167
0.612500
0.733333
0.679167
0.670833
0.679167
0.675000
0.675000
0.679167
0.670833
0.679167
0.679167
0.675000
0.679167
0.675000
0.679167
0.679167
0.675000
0.675000
0.675000
0.670833
0.675000
0.670833
0.666667
0.666667
0.670833
0.666667
0.666667
0.670833
0.666667
0.670833
0.670833
0.670833
0.666667
0.670833
0.670833
0.666667
0.666667
0.666667
0.662500
0.666667
0.662500
0.666667
0.662500
0.662500
0.658333
0.662500
0.666667
0.666667
0.666667
0.670833
0.666667
0.666667
0.670833
0.666667
0.670833
0.662500
0.666667
0.666667
0.670833
0.666667
0.666667
0.666667
0.666667
0.670833
0.666667
0.666667
0.666667
0.670833
0.670833
0.666667
0.670833
0.670833
0.675000
0.675000
0.675000
0.675000
0.675000
0.679167
0.683333
0.679167
0.683333
0.679167
0.679167
0.679167
0.679167
0.679167
0.670833
0.675000
0.675000
0.670833
0.670833
0.670833
0.670833
0.679167
0.675000
0.679167
0.675000
0.679167
0.683333
0.683333
0.679167
0.683333
0.679167
0.679167
0.675000
0.675000
0.675000
0.670833
0.675000
0.679167
0.679167
0.679167
0.683333
0.679167
0.679167
0.679167
0.675000
0.679167
0.670833
0.675000
0.675000
0.675000
0.675000
0.670833
0.670833
0.666667
0.675000
0.666667
0.670833
0.666667
0.666667
0.662500
0.666667
0.666667
0.662500
0.662500
0.666667
0.670833
0.666667
0.666667
0.662500
0.662500
0.670833
0.666667
0.666667
0.670833
0.666667
0.675000
0.675000
0.675000
0.675000
0.675000
0.675000
0.675000
0.675000
0.679167
0.679167
0.675000
0.683333
0.683333
0.687500
0.687500
0.683333
0.683333
0.687500
0.683333
0.687500
0.683333
0.683333
0.691667
0.683333
0.687500
0.683333
0.683333
0.679167
0.683333
0.683333
0.679167
0.679167
0.675000
0.679167
0.683333
0.683333
0.683333
0.683333
0.683333
0.683333
0.675000
0.679167
0.670833
0.670833
0.666667
0.670833
0.666667
0.662500
0.662500
0.662500
0.670833
0.662500
0.662500
0.658333
0.662500
0.491667
0.833333
0.666667
0.666667
0.662500
0.670833
0.666667
0.666667
0.670833
0.662500
0.670833
0.670833
0.670833
0.670833
0.666667
0.670833
0.675000
0.670833
0.670833
0.670833
0.670833
0.679167
0.679167
0.675000
0.670833
0.675000
0.675000
0.670833
0.675000
0.679167
0.670833
0.675000
0.683333
0.683333
0.687500
0.683333
0.687500
0.683333
0.687500
0.679167
0.683333
0.679167
0.675000
0.683333
0.679167
0.675000
0.679167
0.679167
0.679167
0.687500
0.683333
0.691667
0.687500
0.691667
0.691667
0.687500
0.691667
0.687500
0.683333
0.683333
0.683333
0.687500
0.687500
0.691667
0.691667
0.704167
0.695833
0.691667
0.695833
0.691667
0.695833
0.691667
0.683333
0.687500
0.679167
0.675000
0.683333
0.675000
0.675000
0.683333
0.679167
0.679167
0.683333
0.675000
0.675000
0.670833
0.670833
0.679167
0.670833
0.675000
0.670833
0.666667
0.666667
0.675000
0.670833
0.666667
0.670833
0.675000
0.679167
0.679167
0.679167
0.679167
0.675000
0.683333
0.675000
0.675000
0.675000
0.670833
0.670833
0.675000
0.670833
0.675000
0.675000
0.679167
0.679167
0.683333
0.691667
0.687500
0.687500
0.687500
0.691667
0.691667
0.683333
