0.470833
0.470833
0.162500
0.454167
0.320833
0.395833
0.400000
0.483333
0.558333
0.054167
0.729167
0.754167
0.229167
0.670833
0.329167
0.629167
0.266667
0.541667
0.358333
0.495833
0.433333
0.287500
0.358333
0.370833
0.366667
0.458333
0.225000
0.454167
0.254167
0.762500
0.204167
0.433333
0.529167
0.500000
0.279167
0.229167
0.575000
0.375000
0.833333
0.125000
0.629167
0.329167
0.562500
0.379167
0.304167
0.520833
0.129167
0.829167
0.429167
0.808333
0.408333
0.387500
0.633333
0.325000
0.850000
0.079167
1.070833
0.258333
0.579167
0.891667
0.045833
0.637500
0.320833
0.370833
0.245833
0.341667
0.612500
0.329167
0.479167
0.408333
0.366667
0.341667
0.291667
0.950000
0.508333
0.337500
0.520833
0.550000
0.366667
0.583333
0.816667
0.133333
0.395833
0.291667
0.645833
0.558333
0.204167
0.745833
0.387500
0.291667
0.270833
0.483333
0.462500
0.337500
0.591667
0.491667
0.133333
0.316667
0.195833
0.204167
0.562500
0.395833
0.350000
0.162500
0.570833
0.558333
0.400000
0.383333
0.375000
0.066667
0.491667
0.358333
0.233333
0.337500
0.929167
0.345833
0.429167
0.166667
0.520833
0.408333
0.450000
0.429167
0.437500
0.333333
0.108333
0.204167
0.375000
0.333333
0.125000
0.329167
0.387500
0.062500
0.554167
0.345833
0.412500
0.245833
0.258333
0.537500
0.395833
0.600000
0.325000
0.700000
0.279167
0.516667
0.429167
0.950000
0.950000
0.616667
0.337500
0.945833
0.454167
0.283333
0.491667
0.375000
0.245833
0.450000
0.179167
0.412500
0.195833
0.400000
0.254167
0.633333
0.283333
0.245833
0.712500
0.304167
0.654167
0.645833
0.287500
0.950000
0.933333
0.583333
1.287500
0.329167
0.595833
0.945833
0.954167
0.945833
0.275000
0.670833
0.454167
0.491667
0.175000
0.329167
0.441667
0.925000
0.691667
0.266667
0.933333
0.933333
0.766667
1.191667
0.275000
0.587500
0.479167
0.445833
0.945833
0.958333
0.920833
0.912500
0.920833
1.491667
0.341667
1.625000
1.395833
0.475000
0.662500
0.195833
0.345833
0.254167
0.666667
0.937500
1.000000
0.887500
0.779167
0.420833
0.233333
0.454167
0.941667
0.462500
0.483333
0.175000
0.183333
0.400000
0.491667
0.620833
0.916667
0.933333
0.929167
0.933333
1.116667
0.762500
1.950000
0.854167
0.658333
1.866667
0.275000
0.950000
0.941667
1.341667
0.525000
0.904167
1.516667
1.241667
2.058333
0.566667
1.145833
0.833333
1.062500
0.650000
0.250000
0.991667
0.925000
0.941667
0.541667
0.391667
1.325000
0.545833
0.945833
0.579167
0.900000
0.408333
0.929167
0.929167
0.904167
0.550000
0.345833
0.920833
0.916667
1.462500
0.375000
0.925000
0.916667
0.675000
0.254167
0.908333
0.887500
0.908333
0.912500
0.316667
0.591667
0.912500
0.395833
0.454167
0.966667
0.679167
1.087500
0.258333
0.650000
0.904167
0.920833
0.912500
0.937500
0.954167
0.958333
0.954167
0.308333
0.629167
0.950000
0.941667
0.954167
1.854167
0.408333
0.566667
0.950000
0.945833
1.433333
0.437500
0.770833
1.108333
1.125000
1.733333
1.000000
1.495833
0.341667
0.937500
0.291667
0.654167
0.929167
0.941667
1.883333
0.229167
0.712500
0.945833
0.929167
0.950000
0.625000
0.320833
0.941667
0.308333
0.633333
0.750000
1.133333
0.275000
0.675000
0.412500
0.525000
0.345833
0.595833
0.545833
0.400000
0.941667
0.933333
0.554167
0.400000
0.941667
0.945833
0.391667
0.404167
1.016667
1.054167
0.441667
0.445833
0.945833
0.383333
0.554167
0.716667
1.312500
0.450000
0.345833
0.433333
0.912500
0.570833
0.945833
1.054167
0.858333
0.295833
0.654167
0.950000
0.945833
0.941667
0.945833
0.345833
0.212500
0.933333
0.216667
0.345833
0.525000
0.220833
0.491667
0.429167
0.591667
0.391667
0.591667
0.333333
0.383333
0.570833
0.283333
0.420833
0.241667
0.279167
0.670833
0.754167
0.487500
0.250000
0.412500
0.600000
0.354167
0.787500
0.158333
0.637500
0.316667
0.312500
0.637500
0.941667
0.958333
0.962500
0.958333
0.958333
0.958333
0.962500
0.929167
0.945833
0.954167
0.929167
0.933333
0.595833
0.662500
0.329167
0.279167
0.375000
0.787500
0.658333
0.220833
0.454167
0.320833
0.945833
0.950000
0.933333
0.945833
0.962500
0.966667
0.966667
1.183333
0.766667
0.970833
0.979167
0.962500
0.954167
0.950000
0.950000
0.966667
0.950000
0.958333
0.991667
0.991667
0.991667
0.991667
0.970833
0.995833
1.012500
1.008333
0.991667
0.983333
1.008333
1.012500
1.004167
0.975000
0.991667
1.008333
1.008333
1.004167
0.975000
0.987500
1.008333
1.004167
0.962500
0.979167
0.995833
0.991667
0.720833
0.266667
0.958333
0.970833
0.333333
0.641667
0.958333
0.950000
0.954167
0.966667
0.950000
0.958333
0.941667
0.929167
0.954167
0.920833
0.941667
0.954167
0.954167
0.941667
0.937500
0.312500
0.641667
0.500000
0.429167
1.045833
0.587500
0.275000
0.937500
0.945833
0.662500
0.450000
0.412500
0.425000
0.387500
0.466667
0.487500
0.433333
0.416667
0.208333
1.025000
0.454167
0.541667
0.445833
0.683333
0.262500
0.987500
0.408333
0.358333
1.108333
1.029167
0.875000
0.362500
0.704167
0.479167
0.487500
0.295833
0.645833
0.954167
0.950000
0.950000
0.925000
0.937500
0.962500
0.958333
0.958333
0.937500
0.962500
0.975000
0.975000
0.945833
0.962500
0.987500
0.979167
0.954167
0.962500
0.991667
0.983333
0.945833
0.970833
0.987500
0.979167
0.945833
0.970833
0.983333
0.970833
0.950000
0.966667
0.950000
0.962500
0.958333
0.929167
0.950000
0.966667
0.958333
0.400000
0.537500
0.354167
0.591667
0.454167
0.620833
0.233333
0.637500
0.325000
0.200000
0.420833
0.462500
0.387500
0.370833
0.687500
0.258333
0.679167
0.725000
0.225000
0.737500
0.216667
0.816667
0.650000
0.416667
0.941667
0.945833
0.920833
0.583333
0.358333
0.966667
0.958333
0.945833
0.958333
0.983333
0.987500
0.987500
0.962500
0.983333
1.000000
0.995833
0.995833
0.970833
0.983333
1.000000
0.995833
0.983333
0.970833
0.970833
0.983333
0.950000
0.958333
0.987500
0.991667
0.983333
0.312500
0.645833
0.983333
0.995833
1.000000
0.991667
0.962500
0.991667
0.983333
0.983333
0.983333
0.958333
0.970833
0.991667
0.979167
0.954167
0.966667
0.991667
0.983333
0.966667
0.958333
0.979167
0.983333
0.979167
0.945833
0.962500
0.966667
0.966667
0.950000
0.941667
0.937500
0.950000
0.929167
0.937500
0.966667
0.970833
0.950000
0.958333
0.991667
0.995833
0.983333
0.966667
0.991667
0.995833
0.983333
0.966667
0.995833
0.995833
0.991667
0.962500
0.991667
0.995833
0.975000
0.950000
0.991667
0.975000
0.970833
0.945833
0.266667
0.695833
0.979167
0.966667
0.941667
0.970833
0.966667
0.966667
0.312500
0.629167
0.962500
0.366667
0.587500
0.245833
0.416667
0.287500
0.366667
0.612500
0.308333
0.337500
0.320833
0.537500
0.316667
0.112500
0.162500
0.325000
0.450000
0.150000
0.875000
0.500000
0.104167
0.358333
0.479167
0.212500
0.300000
0.079167
0.304167
0.591667
0.508333
0.454167
0.408333
0.345833
0.237500
0.516667
0.429167
1.058333
0.137500
0.725000
0.254167
0.708333
0.520833
0.516667
0.408333
0.216667
0.233333
0.516667
0.225000
0.229167
0.575000
0.854167
0.350000
0.387500
0.675000
0.591667
0.350000
0.283333
0.870833
1.133333
0.558333
0.116667
0.308333
0.700000
0.754167
0.504167
0.458333
0.920833
0.937500
0.958333
1.262500
0.750000
1.420833
0.116667
0.441667
0.629167
0.537500
0.420833
0.550000
0.395833
0.550000
0.383333
0.925000
1.041667
0.883333
0.733333
1.470833
0.370833
0.804167
0.283333
1.291667
0.775000
0.754167
1.154167
0.879167
0.629167
1.212500
1.237500
0.445833
0.458333
1.333333
0.900000
0.233333
0.637500
0.866667
1.795833
0.875000
1.816667
0.312500
0.154167
0.279167
0.566667
0.329167
0.120833
0.858333
1.095833
0.916667
0.941667
0.958333
0.916667
0.775000
0.162500
1.058333
0.370833
0.354167
0.433333
0.445833
0.291667
0.879167
0.470833
0.229167
0.258333
0.250000
0.570833
0.183333
0.362500
0.325000
0.212500
0.283333
0.345833
0.337500
0.420833
0.270833
0.291667
0.954167
0.962500
0.979167
0.975000
0.950000
0.970833
0.979167
0.970833
0.941667
0.954167
0.975000
0.962500
0.941667
0.950000
0.970833
0.975000
0.941667
0.958333
0.983333
0.975000
0.945833
0.962500
0.983333
0.983333
0.941667
0.962500
0.970833
0.958333
0.941667
0.975000
0.970833
0.950000
0.950000
0.979167
0.970833
0.945833
0.962500
0.979167
0.970833
0.950000
0.945833
0.712500
0.350000
0.441667
0.425000
0.295833
0.637500
0.916667
0.920833
0.916667
0.458333
0.437500
0.358333
0.587500
0.316667
0.629167
0.958333
0.929167
0.966667
0.995833
0.958333
0.933333
0.962500
0.966667
0.962500
0.941667
0.975000
0.962500
0.941667
0.975000
0.975000
0.937500
