1.245833
0.895833
1.483333
1.566667
1.225000
1.208333
1.341667
1.304167
0.887500
0.937500
0.904167
1.920833
0.975000
0.904167
1.004167
1.533333
0.820833
1.737500
1.316667
1.266667
1.066667
1.770833
0.970833
1.075000
1.200000
1.470833
0.925000
0.904167
1.304167
1.333333
1.854167
1.195833
1.558333
1.087500
1.612500
1.820833
1.483333
1.170833
1.329167
2.233333
1.575000
1.300000
1.537500
1.416667
1.283333
1.841667
0.775000
0.820833
1.412500
1.437500
2.137500
1.100000
1.187500
1.708333
1.308333
0.979167
1.150000
1.283333
1.508333
1.208333
1.095833
1.520833
0.820833
1.441667
0.816667
1.300000
1.291667
1.133333
1.204167
1.029167
1.945833
1.570833
1.158333
1.041667
1.637500
1.358333
1.187500
1.875000
0.825000
1.733333
0.979167
2.037500
1.241667
1.083333
1.745833
1.212500
1.995833
0.979167
1.545833
1.041667
1.125000
1.091667
1.129167
1.491667
0.883333
1.612500
1.379167
1.333333
1.445833
1.279167
1.983333
0.970833
1.083333
1.066667
1.816667
0.820833
1.037500
1.329167
1.095833
1.379167
1.095833
1.166667
0.887500
0.937500
1.091667
1.008333
1.387500
2.175000
1.470833
1.008333
1.300000
1.075000
1.275000
0.954167
1.862500
1.312500
0.933333
1.079167
1.633333
1.525000
0.954167
1.875000
1.929167
1.712500
0.991667
1.429167
0.991667
1.433333
1.050000
1.583333
1.345833
0.854167
2.112500
1.466667
1.166667
1.154167
0.862500
1.229167
1.204167
1.341667
0.987500
1.154167
0.937500
2.070833
1.404167
1.700000
1.766667
1.166667
0.866667
0.866667
1.979167
1.133333
1.108333
1.445833
1.012500
0.920833
2.300000
1.179167
1.091667
1.712500
2.233333
0.908333
1.083333
0.883333
0.970833
1.483333
0.845833
1.608333
1.108333
1.141667
1.558333
1.479167
1.391667
1.487500
1.195833
1.050000
1.008333
1.229167
1.704167
1.475000
1.062500
2.000000
1.066667
1.587500
1.145833
1.941667
2.045833
0.841667
0.908333
1.141667
0.916667
2.154167
1.045833
1.850000
0.875000
1.625000
1.983333
1.450000
0.904167
1.487500
1.383333
1.254167
1.883333
1.008333
1.625000
1.695833
1.041667
2.116667
1.033333
1.508333
1.229167
1.087500
0.779167
0.866667
1.679167
1.962500
1.583333
1.445833
1.475000
1.479167
1.391667
1.137500
1.216667
1.362500
2.100000
1.329167
1.008333
0.925000
1.000000
0.987500
0.862500
1.637500
1.600000
1.979167
0.900000
0.975000
1.987500
1.162500
1.054167
1.679167
1.350000
1.354167
1.229167
1.095833
0.966667
1.820833
2.225000
1.433333
1.466667
1.650000
1.283333
2.037500
1.695833
1.708333
1.054167
1.341667
0.920833
0.979167
1.016667
1.095833
2.158333
1.850000
1.437500
1.408333
1.662500
1.483333
1.275000
0.950000
0.912500
1.320833
0.904167
1.020833
1.208333
1.054167
0.904167
1.466667
2.241667
1.220833
1.083333
2.037500
0.900000
1.679167
1.725000
2.054167
1.054167
0.816667
1.166667
1.737500
0.945833
1.179167
1.216667
1.604167
1.554167
1.258333
1.412500
1.483333
1.866667
1.762500
1.308333
1.383333
1.025000
1.879167
1.491667
1.654167
1.920833
1.637500
0.925000
1.266667
0.787500
1.133333
1.662500
1.200000
0.912500
1.400000
1.304167
0.995833
2.091667
1.670833
1.612500
1.487500
0.875000
1.745833
1.833333
1.741667
1.629167
1.112500
1.120833
0.937500
1.812500
1.875000
1.379167
1.800000
1.366667
1.395833
0.966667
1.308333
1.854167
2.029167
0.866667
1.795833
1.200000
0.941667
1.616667
1.191667
1.458333
1.841667
1.391667
0.916667
0.987500
1.087500
1.387500
1.962500
1.279167
1.150000
1.425000
0.829167
0.937500
1.762500
0.916667
1.154167
2.141667
0.945833
0.854167
1.262500
1.779167
0.820833
0.945833
1.800000
1.283333
1.133333
1.570833
2.070833
0.920833
1.170833
1.166667
2.070833
1.708333
1.291667
0.900000
1.654167
1.791667
0.904167
1.604167
1.520833
1.120833
1.504167
0.962500
0.958333
0.916667
0.941667
1.262500
1.741667
1.258333
0.937500
0.991667
1.475000
1.600000
1.037500
0.737500
1.154167
1.187500
1.141667
0.895833
1.212500
1.841667
1.908333
2.070833
1.166667
1.008333
1.479167
1.104167
1.658333
0.908333
1.125000
1.600000
1.587500
1.395833
0.916667
0.825000
1.879167
1.204167
1.358333
1.391667
1.395833
2.295833
1.516667
1.608333
0.904167
1.350000
0.983333
1.741667
1.487500
1.370833
1.108333
1.200000
1.000000
1.104167
0.954167
1.479167
1.212500
0.954167
1.333333
1.770833
1.062500
0.891667
1.083333
1.150000
1.200000
1.804167
1.687500
1.162500
1.345833
1.116667
1.104167
2.033333
1.470833
