1.270833
1.233333
1.191667
1.233333
1.283333
1.187500
1.183333
1.291667
1.266667
1.183333
1.283333
1.316667
1.245833
1.108333
1.170833
1.183333
1.150000
1.191667
1.175000
1.095833
1.133333
1.204167
1.141667
1.183333
1.270833
1.204167
1.287500
1.295833
1.216667
1.208333
1.220833
1.241667
1.304167
1.375000
1.312500
1.266667
1.350000
1.325000
1.408333
1.370833
1.341667
1.316667
1.316667
1.270833
1.245833
1.262500
1.266667
1.266667
1.308333
1.279167
1.258333
1.337500
1.383333
1.412500
1.370833
1.358333
1.300000
1.316667
1.275000
1.237500
1.225000
1.233333
1.225000
1.237500
1.258333
1.262500
1.258333
1.308333
1.325000
1.295833
1.350000
1.366667
1.262500
1.258333
1.266667
1.262500
1.300000
1.312500
1.254167
1.329167
1.316667
1.279167
1.325000
1.350000
1.275000
1.325000
1.262500
1.270833
1.325000
1.279167
1.229167
1.254167
1.220833
1.187500
1.229167
1.208333
1.245833
1.291667
1.254167
1.225000
1.337500
1.383333
1.320833
1.312500
1.329167
1.320833
1.312500
1.304167
1.287500
1.312500
1.270833
1.266667
1.350000
1.337500
1.270833
1.341667
1.320833
1.270833
1.333333
1.329167
1.237500
1.300000
1.283333
1.233333
1.270833
1.229167
1.166667
1.262500
1.333333
1.258333
1.208333
1.262500
1.275000
1.220833
1.245833
1.250000
1.200000
1.254167
1.245833
1.225000
1.291667
1.266667
1.262500
1.250000
1.304167
1.254167
1.200000
1.266667
1.254167
1.225000
1.279167
1.254167
1.204167
1.287500
1.337500
1.262500
1.266667
1.300000
1.266667
1.237500
1.283333
1.266667
1.179167
1.233333
1.258333
1.212500
1.233333
1.266667
1.350000
1.283333
1.312500
1.291667
1.254167
1.266667
1.250000
1.237500
1.250000
1.262500
1.220833
1.279167
1.254167
1.187500
1.237500
1.237500
1.162500
1.175000
1.195833
1.179167
1.216667
1.250000
1.220833
1.262500
1.295833
1.304167
1.341667
1.345833
1.316667
1.325000
1.291667
1.300000
1.341667
1.325000
1.316667
1.350000
1.316667
1.291667
1.300000
1.283333
1.262500
1.283333
1.275000
1.245833
1.300000
1.283333
1.237500
1.241667
1.279167
1.258333
1.275000
1.295833
1.275000
1.258333
1.283333
1.250000
1.287500
1.304167
1.283333
1.229167
1.245833
1.245833
1.208333
1.245833
1.250000
1.225000
1.225000
1.262500
1.266667
1.258333
1.291667
1.287500
1.250000
1.287500
1.279167
1.241667
1.250000
1.258333
1.220833
1.245833
1.245833
1.233333
1.250000
1.275000
1.266667
1.275000
1.295833
1.325000
1.262500
1.295833
1.254167
1.225000
1.329167
1.291667
1.229167
1.245833
1.287500
1.200000
1.133333
1.183333
1.150000
1.150000
1.245833
1.204167
1.166667
1.304167
1.308333
1.237500
1.400000
1.345833
1.300000
1.345833
1.308333
1.295833
1.320833
1.341667
1.279167
1.283333
1.295833
1.233333
1.262500
1.254167
1.266667
1.320833
1.287500
1.237500
1.254167
1.258333
1.233333
1.283333
1.233333
1.208333
1.279167
1.312500
1.287500
1.220833
1.262500
1.283333
1.216667
1.262500
1.229167
1.241667
1.316667
1.300000
1.241667
1.308333
1.320833
1.329167
1.258333
1.350000
1.316667
1.233333
1.316667
1.337500
1.216667
1.258333
1.283333
1.183333
1.208333
1.287500
1.241667
1.254167
1.362500
1.295833
1.229167
1.275000
1.295833
1.229167
1.237500
1.262500
1.266667
1.195833
1.308333
1.291667
1.200000
1.250000
1.300000
1.262500
1.254167
1.258333
1.258333
1.212500
1.250000
1.229167
1.175000
1.237500
1.258333
1.195833
1.241667
1.275000
1.270833
1.216667
1.262500
1.300000
1.266667
1.250000
1.254167
1.216667
1.166667
1.250000
1.233333
1.200000
1.162500
1.220833
1.200000
1.133333
1.120833
1.079167
1.091667
1.133333
1.066667
1.087500
1.095833
1.108333
1.154167
1.179167
1.170833
1.195833
1.200000
1.200000
1.245833
1.275000
1.295833
1.341667
1.354167
1.375000
1.312500
1.295833
1.229167
1.362500
1.350000
1.291667
1.350000
1.304167
1.262500
1.308333
1.287500
1.200000
1.241667
1.254167
1.225000
1.312500
1.333333
1.275000
1.329167
1.379167
1.316667
1.358333
1.383333
1.354167
1.329167
1.395833
1.304167
1.229167
1.283333
1.291667
1.195833
1.270833
1.237500
1.175000
1.220833
1.279167
1.250000
1.162500
1.200000
1.191667
1.158333
1.187500
1.216667
1.166667
1.212500
1.329167
1.283333
1.212500
1.350000
1.350000
1.308333
1.370833
1.333333
1.295833
1.320833
1.300000
1.245833
1.229167
1.250000
1.237500
1.212500
1.241667
1.287500
1.204167
1.212500
1.254167
1.245833
1.200000
1.266667
1.275000
1.258333
1.204167
1.304167
1.287500
1.225000
1.341667
1.304167
1.266667
1.262500
1.262500
1.208333
1.154167
1.179167
1.187500
1.137500
1.241667
1.179167
1.154167
1.262500
1.279167
1.245833
1.358333
1.383333
1.312500
1.383333
1.383333
1.279167
1.425000
1.337500
